0 0.25833333333333336 0.26484375 0.05 0.0265625
0 0.3125 0.276171875 0.06666666666666667 0.03984375
0 0.34652777777777777 0.284375 0.05138888888888889 0.028125
0 0.3277777777777778 0.2421875 0.04027777777777778 0.01796875
0 0.41041666666666665 0.3140625 0.04722222222222222 0.028125
0 0.5729166666666666 0.496875 0.06944444444444445 0.0328125
0 0.5923611111111111 0.53203125 0.05694444444444444 0.03515625
0 0.36666666666666664 0.232421875 0.041666666666666664 0.01875
0 0.6319444444444444 0.5421875 0.07777777777777778 0.04140625
0 0.66875 0.562109375 0.07361111111111111 0.03828125
0 0.39861111111111114 0.225 0.043055555555555555 0.0203125
0 0.7034722222222223 0.526953125 0.05138888888888889 0.03125
0 0.6965277777777777 0.328515625 0.03333333333333333 0.01953125
0 0.7993055555555556 0.434375 0.059722222222222225 0.03203125
0 0.6652777777777777 0.26875 0.04722222222222222 0.0234375
0 0.6145833333333334 0.198046875 0.044444444444444446 0.021875
0 0.7902777777777777 0.413671875 0.0625 0.03515625
0 0.8680555555555556 0.4890625 0.05277777777777778 0.028125
0 0.8402777777777778 0.44609375 0.0625 0.03359375
0 0.9277777777777778 0.536328125 0.05138888888888889 0.028125
0 0.9048611111111111 0.47890625 0.05555555555555555 0.02890625
0 0.6722222222222223 0.180859375 0.06111111111111111 0.03515625
0 0.9277777777777778 0.445703125 0.04861111111111111 0.02421875
0 0.8756944444444444 0.353125 0.0625 0.03359375
0 0.74375 0.181640625 0.06527777777777778 0.0359375
0 0.73125 0.1578125 0.06388888888888888 0.03359375