0 0.7583333333333333 0.155078125 0.034722222222222224 0.01953125
0 0.8409722222222222 0.159765625 0.025 0.0140625
0 0.7305555555555555 0.16796875 0.041666666666666664 0.02890625
0 0.8722222222222222 0.301171875 0.043055555555555555 0.02421875
0 0.88125 0.3171875 0.04861111111111111 0.02265625
0 0.85625 0.3625 0.03333333333333333 0.01328125
0 0.13680555555555557 0.4109375 0.03333333333333333 0.0265625
0 0.7548611111111111 0.451171875 0.03888888888888889 0.01875
0 0.4354166666666667 0.4421875 0.0375 0.02421875
0 0.7888888888888889 0.453515625 0.03888888888888889 0.015625
0 0.875 0.469140625 0.03333333333333333 0.01875
0 0.45416666666666666 0.454296875 0.03194444444444444 0.01328125
0 0.9576388888888889 0.491796875 0.04722222222222222 0.02890625
0 0.2520833333333333 0.478515625 0.04722222222222222 0.025
0 0.4979166666666667 0.503125 0.02361111111111111 0.01484375
0 0.8993055555555556 0.521484375 0.03194444444444444 0.01875
0 0.7194444444444444 0.52109375 0.05694444444444444 0.03046875
0 0.8340277777777778 0.53046875 0.04583333333333333 0.0265625
0 0.6909722222222222 0.528125 0.03888888888888889 0.01796875
0 0.7944444444444444 0.540625 0.03611111111111111 0.0234375
0 0.65625 0.53046875 0.018055555555555554 0.00859375
0 0.5590277777777778 0.53828125 0.05 0.0296875
0 0.8986111111111111 0.5640625 0.05277777777777778 0.0296875
0 0.5423611111111111 0.573828125 0.030555555555555555 0.02265625
0 0.5284722222222222 0.602734375 0.05138888888888889 0.0296875
0 0.6652777777777777 0.62578125 0.04722222222222222 0.02421875
0 0.8020833333333334 0.64453125 0.04722222222222222 0.02109375