0 0.40208333333333335 0.093359375 0.07083333333333333 0.04765625
0 0.16805555555555557 0.25625 0.06388888888888888 0.02734375
0 0.17083333333333334 0.28359375 0.05555555555555555 0.0328125
0 0.13472222222222222 0.281640625 0.030555555555555555 0.01796875
0 0.1909722222222222 0.3671875 0.06527777777777778 0.0359375
0 0.24027777777777778 0.434765625 0.0625 0.03125
0 0.6055555555555555 0.466015625 0.059722222222222225 0.03671875
0 0.18541666666666667 0.457421875 0.058333333333333334 0.0328125
0 0.6513888888888889 0.480078125 0.06666666666666667 0.03671875
0 0.29583333333333334 0.475390625 0.05694444444444444 0.0296875
0 0.24722222222222223 0.4796875 0.05277777777777778 0.0359375
0 0.20555555555555555 0.496875 0.08055555555555556 0.04140625
0 0.6909722222222222 0.51796875 0.05416666666666667 0.02578125
0 0.9451388888888889 0.548046875 0.06805555555555555 0.03671875
0 0.3020833333333333 0.533984375 0.05694444444444444 0.0234375
0 0.6041666666666666 0.548828125 0.05694444444444444 0.02890625
0 0.2375 0.563671875 0.05694444444444444 0.03046875
0 0.6319444444444444 0.58515625 0.09305555555555556 0.04453125
0 0.3229166666666667 0.650390625 0.05555555555555555 0.03203125