0 0.33194444444444443 0.9078125 0.04861111111111111 0.02578125
0 0.3951388888888889 0.88984375 0.04722222222222222 0.0265625
0 0.3972222222222222 0.838671875 0.05138888888888889 0.0234375
0 0.3770833333333333 0.819921875 0.03333333333333333 0.0203125
0 0.5 0.82421875 0.05416666666666667 0.028125
0 0.4638888888888889 0.81484375 0.03888888888888889 0.02578125
0 0.32083333333333336 0.79921875 0.05277777777777778 0.0296875
0 0.5326388888888889 0.792578125 0.04861111111111111 0.03046875
0 0.49375 0.79140625 0.04027777777777778 0.025
0 0.45 0.776171875 0.04583333333333333 0.03515625
0 0.50625 0.765234375 0.05138888888888889 0.025
0 0.4791666666666667 0.763671875 0.04027777777777778 0.0203125
0 0.4048611111111111 0.754296875 0.03888888888888889 0.02421875
0 0.37430555555555556 0.71875 0.03333333333333333 0.01875
0 0.575 0.7328125 0.05416666666666667 0.02890625
0 0.49722222222222223 0.729296875 0.025 0.0140625
0 0.39861111111111114 0.711328125 0.04861111111111111 0.02734375
0 0.48680555555555555 0.708984375 0.020833333333333332 0.0140625
0 0.5590277777777778 0.70859375 0.06111111111111111 0.0265625
0 0.4173611111111111 0.692578125 0.044444444444444446 0.0234375
0 0.29930555555555555 0.675390625 0.05416666666666667 0.03359375
0 0.35625 0.6796875 0.04583333333333333 0.02578125
0 0.4756944444444444 0.685546875 0.034722222222222224 0.01953125
0 0.27361111111111114 0.63984375 0.05277777777777778 0.0296875
0 0.4722222222222222 0.6578125 0.02638888888888889 0.02265625
0 0.5263888888888889 0.64375 0.027777777777777776 0.01796875
0 0.43819444444444444 0.620703125 0.05694444444444444 0.0296875
0 0.5083333333333333 0.623828125 0.034722222222222224 0.02265625
0 0.37430555555555556 0.6078125 0.041666666666666664 0.02421875
0 0.6083333333333333 0.624609375 0.05 0.0296875
0 0.4618055555555556 0.6046875 0.06111111111111111 0.0328125
0 0.42777777777777776 0.60078125 0.029166666666666667 0.01796875
0 0.28958333333333336 0.58671875 0.02638888888888889 0.015625
0 0.6805555555555556 0.5828125 0.04722222222222222 0.01953125
0 0.30416666666666664 0.517578125 0.05416666666666667 0.0296875
0 0.7020833333333333 0.555859375 0.04027777777777778 0.025
0 0.6305555555555555 0.5453125 0.03611111111111111 0.0203125
0 0.6618055555555555 0.532421875 0.04861111111111111 0.0265625
0 0.6111111111111112 0.530078125 0.03611111111111111 0.0203125
0 0.7305555555555555 0.519140625 0.05 0.0234375
0 0.7041666666666667 0.490625 0.03333333333333333 0.01875
0 0.8993055555555556 0.50546875 0.04583333333333333 0.02578125
0 0.4354166666666667 0.462109375 0.02361111111111111 0.01796875
0 0.30416666666666664 0.450390625 0.04027777777777778 0.0171875
0 0.5486111111111112 0.4703125 0.03611111111111111 0.021875
0 0.2611111111111111 0.43984375 0.03611111111111111 0.02109375
0 0.5097222222222222 0.453515625 0.034722222222222224 0.01953125
0 0.3972222222222222 0.439453125 0.04027777777777778 0.02109375
0 0.06111111111111111 0.396484375 0.04722222222222222 0.021875
0 0.79375 0.4625 0.05138888888888889 0.021875
0 0.6520833333333333 0.43515625 0.04583333333333333 0.02421875
0 0.6097222222222223 0.3890625 0.05 0.0234375
0 0.48055555555555557 0.341796875 0.041666666666666664 0.021875
0 0.19930555555555557 0.31640625 0.027777777777777776 0.01328125
0 0.8284722222222223 0.371875 0.04583333333333333 0.025
0 0.8756944444444444 0.374609375 0.03194444444444444 0.02265625
0 0.7847222222222222 0.330078125 0.04861111111111111 0.02890625
0 0.76875 0.319921875 0.03611111111111111 0.01953125
0 0.45902777777777776 0.275 0.058333333333333334 0.03359375
0 0.46458333333333335 0.21953125 0.05277777777777778 0.03671875
0 0.3638888888888889 0.201953125 0.05694444444444444 0.03359375
0 0.9659722222222222 0.249609375 0.05277777777777778 0.03046875
0 0.21944444444444444 0.162890625 0.019444444444444445 0.01953125
0 0.42986111111111114 0.121484375 0.06527777777777778 0.03671875
0 0.4666666666666667 0.028125 0.0875 0.0484375