0 0.4638888888888889 0.201171875 0.05138888888888889 0.02890625
0 0.7597222222222222 0.37109375 0.059722222222222225 0.03359375
0 0.8708333333333333 0.50625 0.08333333333333333 0.046875
0 0.8326388888888889 0.526171875 0.05555555555555555 0.03125
0 0.7756944444444445 0.514453125 0.0625 0.03515625
0 0.6048611111111111 0.436328125 0.0763888888888889 0.04296875
0 0.8090277777777778 0.554296875 0.044444444444444446 0.025
0 0.8444444444444444 0.655078125 0.043055555555555555 0.02421875
0 0.4888888888888889 0.503125 0.06527777777777778 0.03671875
0 0.44375 0.54140625 0.07916666666666666 0.04453125
0 0.3416666666666667 0.4890625 0.05138888888888889 0.02890625
0 0.19930555555555557 0.440625 0.0625 0.03515625
0 0.2125 0.457421875 0.043055555555555555 0.02421875
0 0.6666666666666666 0.748046875 0.04861111111111111 0.02734375
0 0.30486111111111114 0.55234375 0.0375 0.02109375
0 0.3284722222222222 0.58828125 0.04861111111111111 0.02734375
0 0.6277777777777778 0.762890625 0.03888888888888889 0.021875
0 0.1486111111111111 0.53359375 0.044444444444444446 0.025
0 0.1597222222222222 0.576953125 0.059722222222222225 0.03359375
0 0.11319444444444444 0.5515625 0.0625 0.03515625
0 0.2986111111111111 0.6640625 0.08194444444444444 0.04609375
0 0.4305555555555556 0.75625 0.05138888888888889 0.02890625