0 0.9472222222222222 0.406640625 0.058333333333333334 0.03515625
0 0.9833333333333333 0.47265625 0.030555555555555555 0.0296875
0 0.9069444444444444 0.391015625 0.044444444444444446 0.028125
0 0.9097222222222222 0.415234375 0.05 0.03046875
0 0.8847222222222222 0.42421875 0.0625 0.03046875
0 0.8631944444444445 0.403515625 0.06944444444444445 0.03828125
0 0.9465277777777777 0.535546875 0.06111111111111111 0.03125
0 0.8305555555555556 0.426171875 0.03611111111111111 0.028125
0 0.8090277777777778 0.415234375 0.030555555555555555 0.0234375
0 0.79375 0.441015625 0.07222222222222222 0.03828125
0 0.7729166666666667 0.397265625 0.022222222222222223 0.015625
0 0.7541666666666667 0.375390625 0.025 0.02109375
0 0.7569444444444444 0.42421875 0.05277777777777778 0.02734375
0 0.81875 0.510546875 0.04583333333333333 0.02578125
0 0.7229166666666667 0.399609375 0.05694444444444444 0.028125
0 0.7909722222222222 0.5265625 0.05138888888888889 0.02890625
0 0.7805555555555556 0.511328125 0.04583333333333333 0.0234375
0 0.7506944444444444 0.53515625 0.08194444444444444 0.03671875
0 0.7583333333333333 0.55859375 0.05694444444444444 0.028125
0 0.7354166666666667 0.579296875 0.03888888888888889 0.015625
0 0.5638888888888889 0.34765625 0.05694444444444444 0.028125
0 0.6597222222222222 0.515234375 0.05 0.03046875
0 0.6798611111111111 0.565234375 0.06388888888888888 0.0359375
0 0.5715277777777777 0.463671875 0.06527777777777778 0.03671875
0 0.55625 0.43203125 0.029166666666666667 0.01953125
0 0.6159722222222223 0.5859375 0.04722222222222222 0.01953125
0 0.5152777777777777 0.449609375 0.058333333333333334 0.0328125
0 0.5916666666666667 0.573828125 0.05416666666666667 0.03125
0 0.5284722222222222 0.52109375 0.04027777777777778 0.021875
0 0.45625 0.44375 0.04027777777777778 0.02421875
0 0.5298611111111111 0.56171875 0.04722222222222222 0.02109375
0 0.4895833333333333 0.57109375 0.06666666666666667 0.0375
0 0.5027777777777778 0.601953125 0.05555555555555555 0.0328125
0 0.4479166666666667 0.569921875 0.03194444444444444 0.02421875
0 0.4708333333333333 0.60625 0.02361111111111111 0.009375
0 0.44166666666666665 0.587890625 0.05138888888888889 0.03125
0 0.2951388888888889 0.4109375 0.059722222222222225 0.0296875
0 0.4534722222222222 0.628125 0.0375 0.021875
0 0.30069444444444443 0.43359375 0.05138888888888889 0.02890625
0 0.3909722222222222 0.69765625 0.034722222222222224 0.02265625
0 0.27152777777777776 0.623828125 0.034722222222222224 0.0171875
0 0.16666666666666666 0.49375 0.058333333333333334 0.0328125
0 0.052083333333333336 0.43046875 0.07083333333333333 0.03828125
0 0.027083333333333334 0.459375 0.05416666666666667 0.040625
0 0.03125 0.496484375 0.04861111111111111 0.0265625
0 0.016666666666666666 0.48359375 0.03333333333333333 0.025
0 0.22291666666666668 0.850390625 0.04722222222222222 0.0265625