0 0.48125 0.84140625 0.030555555555555555 0.0140625
0 0.4166666666666667 0.83125 0.020833333333333332 0.01484375
0 0.4423611111111111 0.820703125 0.029166666666666667 0.02265625
0 0.34791666666666665 0.817578125 0.03333333333333333 0.01953125
0 0.4548611111111111 0.790625 0.02361111111111111 0.0140625
0 0.30972222222222223 0.79140625 0.05277777777777778 0.04140625
0 0.5159722222222223 0.779296875 0.016666666666666666 0.0109375
0 0.41388888888888886 0.785546875 0.030555555555555555 0.01640625
0 0.26180555555555557 0.79921875 0.013888888888888888 0.01328125
0 0.44305555555555554 0.77734375 0.020833333333333332 0.01484375
0 0.5222222222222223 0.762890625 0.03194444444444444 0.01875
0 0.49444444444444446 0.7640625 0.029166666666666667 0.01953125
0 0.3506944444444444 0.77890625 0.034722222222222224 0.0203125
0 0.43680555555555556 0.761328125 0.02638888888888889 0.01796875
0 0.32083333333333336 0.765234375 0.034722222222222224 0.02109375
0 0.29583333333333334 0.76953125 0.027777777777777776 0.0109375
0 0.38263888888888886 0.746875 0.015277777777777777 0.01171875
0 0.225 0.714453125 0.03611111111111111 0.01796875
0 0.1840277777777778 0.7125 0.016666666666666666 0.01015625
0 0.4861111111111111 0.671484375 0.025 0.0140625
0 0.5548611111111111 0.660546875 0.030555555555555555 0.0171875
0 0.6958333333333333 0.641015625 0.03194444444444444 0.01796875
0 0.6611111111111111 0.63671875 0.029166666666666667 0.01953125
0 0.21875 0.674609375 0.02361111111111111 0.0125
0 0.7 0.621484375 0.020833333333333332 0.009375
0 0.6708333333333333 0.61953125 0.03333333333333333 0.01640625
0 0.3263888888888889 0.65234375 0.041666666666666664 0.0203125
0 0.45208333333333334 0.631640625 0.02638888888888889 0.01640625
0 0.5659722222222222 0.616015625 0.0375 0.0203125
0 0.3902777777777778 0.634375 0.0375 0.02265625
0 0.49236111111111114 0.60234375 0.018055555555555554 0.00859375
0 0.17708333333333334 0.62421875 0.019444444444444445 0.01484375
0 0.5104166666666666 0.576171875 0.03333333333333333 0.01953125
0 0.43194444444444446 0.57109375 0.02638888888888889 0.01328125
0 0.4597222222222222 0.565625 0.019444444444444445 0.015625
0 0.5444444444444444 0.496484375 0.05416666666666667 0.03203125
0 0.5326388888888889 0.465625 0.03333333333333333 0.01796875
0 0.41875 0.466796875 0.027777777777777776 0.0234375
0 0.21597222222222223 0.482421875 0.04861111111111111 0.02265625
0 0.5152777777777777 0.441796875 0.025 0.01328125
0 0.30625 0.4578125 0.03333333333333333 0.025
0 0.1125 0.469921875 0.018055555555555554 0.009375
0 0.5347222222222222 0.41875 0.018055555555555554 0.01171875
0 0.2326388888888889 0.44921875 0.030555555555555555 0.015625
0 0.7375 0.392578125 0.018055555555555554 0.01640625
0 0.5347222222222222 0.40078125 0.03194444444444444 0.02265625
0 0.7944444444444444 0.3703125 0.02638888888888889 0.015625
0 0.41041666666666665 0.401171875 0.030555555555555555 0.0203125
0 0.47291666666666665 0.38828125 0.0375 0.01875
0 0.44722222222222224 0.38046875 0.041666666666666664 0.0234375
0 0.6756944444444445 0.35 0.019444444444444445 0.01796875
0 0.17291666666666666 0.4046875 0.020833333333333332 0.0078125
0 0.1527777777777778 0.397265625 0.030555555555555555 0.01640625
0 0.7638888888888888 0.32734375 0.030555555555555555 0.0140625
0 0.6145833333333334 0.333203125 0.0375 0.025
0 0.925 0.298046875 0.03194444444444444 0.01875
0 0.13125 0.38046875 0.016666666666666666 0.01171875
0 0.1875 0.367578125 0.027777777777777776 0.0140625
0 0.8375 0.29140625 0.03194444444444444 0.01875
0 0.16527777777777777 0.366015625 0.018055555555555554 0.00703125
0 0.9104166666666667 0.273046875 0.044444444444444446 0.02734375
0 0.6208333333333333 0.30234375 0.03333333333333333 0.02265625
0 0.04791666666666667 0.368359375 0.025 0.015625
0 0.6743055555555556 0.291015625 0.025 0.0125
0 0.049305555555555554 0.341796875 0.025 0.0125
0 0.027777777777777776 0.3421875 0.02638888888888889 0.01484375
0 0.06666666666666667 0.333984375 0.020833333333333332 0.0203125
0 0.12013888888888889 0.32734375 0.03333333333333333 0.0171875
0 0.10208333333333333 0.315234375 0.03888888888888889 0.0203125