0 0.1 0.337890625 0.027777777777777776 0.01796875
0 0.12638888888888888 0.31328125 0.016666666666666666 0.0109375
0 0.14027777777777778 0.30546875 0.02361111111111111 0.0140625
0 0.12152777777777778 0.376953125 0.04722222222222222 0.02578125
0 0.17916666666666667 0.344140625 0.05694444444444444 0.03046875
0 0.20208333333333334 0.3328125 0.0625 0.034375
0 0.24861111111111112 0.3609375 0.075 0.04140625
0 0.29305555555555557 0.3296875 0.06388888888888888 0.0359375
0 0.1909722222222222 0.412109375 0.059722222222222225 0.03203125
0 0.24583333333333332 0.416015625 0.05694444444444444 0.03203125
0 0.3236111111111111 0.363671875 0.058333333333333334 0.0328125
0 0.31319444444444444 0.3796875 0.027777777777777776 0.015625
0 0.29930555555555555 0.40078125 0.05416666666666667 0.03046875
0 0.3840277777777778 0.365625 0.06666666666666667 0.03828125
0 0.42777777777777776 0.355078125 0.04722222222222222 0.028125
0 0.34375 0.43671875 0.07777777777777778 0.04453125
0 0.4423611111111111 0.374609375 0.043055555555555555 0.02421875
0 0.3763888888888889 0.45546875 0.05555555555555555 0.03125
0 0.3326388888888889 0.509375 0.059722222222222225 0.03359375
0 0.45416666666666666 0.4390625 0.06527777777777778 0.03671875
0 0.5125 0.387890625 0.04722222222222222 0.02734375
0 0.5368055555555555 0.38671875 0.02361111111111111 0.0140625
0 0.48819444444444443 0.43203125 0.041666666666666664 0.02578125
0 0.4201388888888889 0.50234375 0.059722222222222225 0.03359375
0 0.5618055555555556 0.3984375 0.059722222222222225 0.03125
0 0.45069444444444445 0.490234375 0.04722222222222222 0.0265625
0 0.5236111111111111 0.4390625 0.05555555555555555 0.0328125
0 0.5451388888888888 0.433203125 0.04861111111111111 0.02734375
0 0.58125 0.395703125 0.022222222222222223 0.0125
0 0.4305555555555556 0.552734375 0.04027777777777778 0.02265625
0 0.5520833333333334 0.475390625 0.05416666666666667 0.03046875
0 0.36666666666666664 0.61953125 0.0375 0.021875
0 0.40208333333333335 0.608203125 0.05694444444444444 0.03203125
0 0.5756944444444444 0.490234375 0.04861111111111111 0.0265625
0 0.5986111111111111 0.50703125 0.05555555555555555 0.0296875
0 0.4840277777777778 0.597265625 0.04722222222222222 0.0265625
0 0.4618055555555556 0.62734375 0.044444444444444446 0.025
0 0.5458333333333333 0.61171875 0.04583333333333333 0.028125
0 0.5833333333333334 0.598046875 0.0375 0.02109375
0 0.6361111111111111 0.57890625 0.06666666666666667 0.0375
0 0.47638888888888886 0.70703125 0.058333333333333334 0.03203125
0 0.5486111111111112 0.653125 0.04583333333333333 0.02734375
0 0.6111111111111112 0.646484375 0.044444444444444446 0.0234375
0 0.8430555555555556 0.56015625 0.03333333333333333 0.01875
0 0.8590277777777777 0.569140625 0.05416666666666667 0.0296875
0 0.8118055555555556 0.603125 0.0375 0.01953125
0 0.7951388888888888 0.616796875 0.030555555555555555 0.01796875
0 0.89375 0.589453125 0.034722222222222224 0.0171875
0 0.8034722222222223 0.679296875 0.034722222222222224 0.01953125