0 0.004861111111111111 0.43828125 0.009722222222222222 0.03125
0 0.05694444444444444 0.373046875 0.016666666666666666 0.009375
0 0.019444444444444445 0.444140625 0.03888888888888889 0.02421875
0 0.03819444444444445 0.43359375 0.05416666666666667 0.03046875
0 0.010416666666666666 0.516015625 0.020833333333333332 0.03984375
0 0.09444444444444444 0.4359375 0.044444444444444446 0.02265625
0 0.04861111111111111 0.49375 0.06388888888888888 0.0390625
0 0.49027777777777776 0.193359375 0.03611111111111111 0.0203125
0 0.5125 0.18046875 0.03611111111111111 0.02109375
0 0.09444444444444444 0.544140625 0.0375 0.02109375
0 0.16180555555555556 0.512890625 0.09444444444444444 0.05
0 0.19027777777777777 0.4625 0.02361111111111111 0.01328125
0 0.06875 0.591796875 0.04027777777777778 0.02265625
0 0.30069444444444443 0.434375 0.05138888888888889 0.02890625
0 0.2569444444444444 0.47265625 0.03611111111111111 0.02265625
0 0.32430555555555557 0.438671875 0.03194444444444444 0.01875
0 0.32013888888888886 0.45703125 0.05138888888888889 0.02890625
0 0.2076388888888889 0.56796875 0.058333333333333334 0.0328125
0 0.6027777777777777 0.223828125 0.034722222222222224 0.01953125
0 0.11180555555555556 0.673046875 0.06805555555555555 0.040625
0 0.20277777777777778 0.590234375 0.044444444444444446 0.025
0 0.5618055555555556 0.27421875 0.034722222222222224 0.0203125
0 0.32569444444444445 0.49765625 0.05694444444444444 0.03203125
0 0.24583333333333332 0.574609375 0.059722222222222225 0.034375
0 0.5715277777777777 0.299609375 0.043055555555555555 0.025
0 0.6340277777777777 0.266796875 0.04583333333333333 0.0265625
0 0.2701388888888889 0.579296875 0.027777777777777776 0.015625
0 0.25416666666666665 0.60546875 0.03888888888888889 0.01796875
0 0.6847222222222222 0.309765625 0.0375 0.02109375
0 0.34652777777777777 0.63125 0.03888888888888889 0.02265625
0 0.7256944444444444 0.314453125 0.05138888888888889 0.03046875
0 0.6458333333333334 0.384375 0.03888888888888889 0.0234375
0 0.5097222222222222 0.515625 0.05138888888888889 0.0296875
0 0.49722222222222223 0.536328125 0.04861111111111111 0.02734375
0 0.5222222222222223 0.5515625 0.043055555555555555 0.025
0 0.35833333333333334 0.720703125 0.03333333333333333 0.01796875
0 0.5652777777777778 0.537890625 0.030555555555555555 0.01953125
0 0.7791666666666667 0.376953125 0.041666666666666664 0.025
0 0.3972222222222222 0.719140625 0.058333333333333334 0.03203125
0 0.7423611111111111 0.468359375 0.07083333333333333 0.0390625
0 0.8305555555555556 0.40703125 0.034722222222222224 0.0203125
0 0.8798611111111111 0.398828125 0.04861111111111111 0.02578125
0 0.7972222222222223 0.482421875 0.06527777777777778 0.0359375
0 0.9145833333333333 0.38984375 0.05277777777777778 0.03125
0 0.8034722222222223 0.5 0.043055555555555555 0.02421875
0 0.6145833333333334 0.702734375 0.09166666666666666 0.05
0 0.6354166666666666 0.6828125 0.04583333333333333 0.0234375
0 0.9805555555555555 0.424609375 0.03611111111111111 0.03046875