0 0.3368055555555556 0.95 0.06805555555555555 0.0359375
0 0.28055555555555556 0.930078125 0.0375 0.02421875
0 0.3527777777777778 0.91484375 0.07361111111111111 0.03984375
0 0.4305555555555556 0.91875 0.06805555555555555 0.03203125
0 0.29375 0.8421875 0.07777777777777778 0.04609375
0 0.5034722222222222 0.784375 0.03611111111111111 0.02578125
0 0.5520833333333334 0.780078125 0.04722222222222222 0.03203125
0 0.3013888888888889 0.746875 0.06805555555555555 0.0375
0 0.3111111111111111 0.712890625 0.06111111111111111 0.040625
0 0.27708333333333335 0.70234375 0.07083333333333333 0.04453125
0 0.6625 0.630859375 0.07361111111111111 0.04140625
0 0.4652777777777778 0.6 0.05694444444444444 0.03203125
0 0.43125 0.601171875 0.025 0.01640625
0 0.7180555555555556 0.61640625 0.04861111111111111 0.02734375
0 0.4527777777777778 0.563671875 0.0625 0.03046875
0 0.4284722222222222 0.554296875 0.03333333333333333 0.02109375
0 0.5048611111111111 0.554296875 0.05694444444444444 0.02890625
0 0.6416666666666667 0.55 0.08333333333333333 0.04140625
0 0.45416666666666666 0.51875 0.0625 0.02890625
0 0.6993055555555555 0.537890625 0.05 0.02421875
0 0.6458333333333334 0.52421875 0.043055555555555555 0.025
0 0.4986111111111111 0.4953125 0.06805555555555555 0.028125
0 0.5569444444444445 0.490625 0.022222222222222223 0.021875
0 0.8333333333333334 0.515625 0.05416666666666667 0.02734375
0 0.7451388888888889 0.496484375 0.06527777777777778 0.03828125
0 0.8041666666666667 0.503515625 0.02638888888888889 0.0203125
0 0.4361111111111111 0.45859375 0.03333333333333333 0.01953125
0 0.4388888888888889 0.43046875 0.075 0.04375
0 0.6944444444444444 0.473046875 0.019444444444444445 0.0140625
0 0.6215277777777778 0.43359375 0.059722222222222225 0.03984375
0 0.29930555555555555 0.37890625 0.08055555555555556 0.04375
0 0.6652777777777777 0.422265625 0.04861111111111111 0.03515625
0 0.5027777777777778 0.3984375 0.058333333333333334 0.0296875
0 0.7104166666666667 0.401953125 0.04027777777777778 0.0296875
0 0.5229166666666667 0.376953125 0.05416666666666667 0.0234375
0 0.6819444444444445 0.373828125 0.05555555555555555 0.034375
0 0.6652777777777777 0.35 0.02638888888888889 0.01875
0 0.7354166666666667 0.35625 0.04722222222222222 0.02421875
0 0.7777777777777778 0.35390625 0.05138888888888889 0.02578125
0 0.8479166666666667 0.3375 0.06805555555555555 0.03046875
0 0.9347222222222222 0.3484375 0.05138888888888889 0.025
0 0.2951388888888889 0.2625 0.07083333333333333 0.03828125
0 0.13541666666666666 0.203125 0.075 0.03671875
0 0.71875 0.2421875 0.0763888888888889 0.040625
0 0.7729166666666667 0.239453125 0.07361111111111111 0.0453125
0 0.9270833333333334 0.253125 0.05138888888888889 0.03984375