0 0.49027777777777776 0.16484375 0.06527777777777778 0.034375
0 0.5583333333333333 0.216015625 0.075 0.0421875
0 0.5604166666666667 0.24140625 0.07777777777777778 0.04375
0 0.2604166666666667 0.25546875 0.05138888888888889 0.02421875
0 0.5763888888888888 0.560546875 0.04722222222222222 0.0265625
0 0.5583333333333333 0.543359375 0.043055555555555555 0.025
0 0.5305555555555556 0.559375 0.05138888888888889 0.028125
0 0.5375 0.5953125 0.06944444444444445 0.040625
0 0.49930555555555556 0.57734375 0.034722222222222224 0.0171875
0 0.46875 0.56171875 0.06388888888888888 0.0359375
0 0.42291666666666666 0.55390625 0.05138888888888889 0.0296875
0 0.4013888888888889 0.550390625 0.05555555555555555 0.03125
0 0.4548611111111111 0.590625 0.05277777777777778 0.03046875
0 0.48055555555555557 0.61796875 0.059722222222222225 0.034375
0 0.14097222222222222 0.3953125 0.07916666666666666 0.04375
0 0.16944444444444445 0.41015625 0.04861111111111111 0.025
0 0.4534722222222222 0.64453125 0.06944444444444445 0.0390625
0 0.41875 0.63671875 0.059722222222222225 0.03359375
0 0.09097222222222222 0.409765625 0.06527777777777778 0.0375
0 0.1076388888888889 0.431640625 0.08888888888888889 0.05
0 0.0375 0.371875 0.06805555555555555 0.0390625
0 0.35 0.6015625 0.04722222222222222 0.02890625
0 0.06458333333333334 0.40234375 0.05694444444444444 0.0296875
0 0.37222222222222223 0.7109375 0.08055555555555556 0.0453125
0 0.26458333333333334 0.652734375 0.044444444444444446 0.02734375
0 0.28055555555555556 0.69296875 0.07361111111111111 0.0421875
0 0.38472222222222224 0.787109375 0.0625 0.0375
0 0.2798611111111111 0.729296875 0.07222222222222222 0.040625
0 0.16805555555555557 0.64609375 0.058333333333333334 0.03515625
0 0.3236111111111111 0.7765625 0.075 0.04140625
0 0.1840277777777778 0.691796875 0.06111111111111111 0.03515625
0 0.3055555555555556 0.802734375 0.06805555555555555 0.03984375