0 0.7854166666666667 0.21953125 0.03888888888888889 0.02421875
0 0.7069444444444445 0.205859375 0.075 0.04296875
0 0.8423611111111111 0.253515625 0.07222222222222222 0.040625
0 0.6715277777777777 0.205078125 0.07222222222222222 0.040625
0 0.7916666666666666 0.305078125 0.075 0.03984375
0 0.6583333333333333 0.312890625 0.0763888888888889 0.0453125
0 0.7402777777777778 0.348828125 0.058333333333333334 0.03046875
0 0.6652777777777777 0.35078125 0.0625 0.034375
0 0.6361111111111111 0.378515625 0.05416666666666667 0.0296875
0 0.7145833333333333 0.429296875 0.04027777777777778 0.025
0 0.5576388888888889 0.375390625 0.02638888888888889 0.0140625
0 0.51875 0.368359375 0.04583333333333333 0.02578125
0 0.4576388888888889 0.36484375 0.06111111111111111 0.03125
0 0.7055555555555556 0.462109375 0.06944444444444445 0.03828125
0 0.5430555555555555 0.421875 0.07777777777777778 0.04296875
0 0.8284722222222223 0.57578125 0.03194444444444444 0.0203125
0 0.4798611111111111 0.459765625 0.044444444444444446 0.02578125
0 0.31180555555555556 0.41328125 0.043055555555555555 0.025
0 0.3527777777777778 0.4328125 0.05138888888888889 0.02890625
0 0.4284722222222222 0.505859375 0.04027777777777778 0.02109375
0 0.29583333333333334 0.4671875 0.041666666666666664 0.02578125
0 0.5979166666666667 0.604296875 0.06527777777777778 0.034375
0 0.41597222222222224 0.56328125 0.08055555555555556 0.04765625
0 0.3402777777777778 0.57265625 0.04027777777777778 0.0234375
0 0.5034722222222222 0.666796875 0.04583333333333333 0.03125
0 0.5361111111111111 0.699609375 0.04027777777777778 0.021875
0 0.43472222222222223 0.670703125 0.05 0.02578125
0 0.375 0.68125 0.05 0.03046875
0 0.29097222222222224 0.66015625 0.06666666666666667 0.0375
0 0.45694444444444443 0.710546875 0.03888888888888889 0.021875
0 0.6194444444444445 0.8296875 0.06805555555555555 0.040625
0 0.4041666666666667 0.808203125 0.03333333333333333 0.01953125