0 0.9354166666666667 0.36640625 0.044444444444444446 0.0375
0 0.925 0.43046875 0.07916666666666666 0.04140625
0 0.8354166666666667 0.349609375 0.07361111111111111 0.0390625
0 0.8402777777777778 0.369921875 0.06111111111111111 0.03125
0 0.8618055555555556 0.437890625 0.05277777777777778 0.0328125
0 0.8305555555555556 0.455859375 0.06527777777777778 0.040625
0 0.8 0.431640625 0.07777777777777778 0.0453125
0 0.7875 0.4015625 0.05416666666666667 0.028125
0 0.7604166666666666 0.419140625 0.06111111111111111 0.0375
0 0.7125 0.383203125 0.06111111111111111 0.0390625
0 0.6430555555555556 0.33515625 0.06388888888888888 0.03984375
0 0.7520833333333333 0.577734375 0.07361111111111111 0.04296875
0 0.6347222222222222 0.405078125 0.06805555555555555 0.03828125
0 0.7409722222222223 0.6203125 0.06944444444444445 0.04140625
0 0.5909722222222222 0.33671875 0.06388888888888888 0.040625
0 0.5854166666666667 0.3921875 0.06527777777777778 0.04140625
0 0.5520833333333334 0.37109375 0.07361111111111111 0.0359375
0 0.5694444444444444 0.40546875 0.0375 0.0234375
0 0.4284722222222222 0.402734375 0.06388888888888888 0.03359375
0 0.3993055555555556 0.3484375 0.0625 0.03984375
0 0.4326388888888889 0.455859375 0.07222222222222222 0.04140625
0 0.3875 0.43828125 0.06944444444444445 0.0390625
0 0.4131944444444444 0.492578125 0.03194444444444444 0.02265625
0 0.375 0.50390625 0.075 0.046875
0 0.2923611111111111 0.33671875 0.03611111111111111 0.02421875
0 0.2743055555555556 0.325 0.025 0.021875
0 0.25972222222222224 0.443359375 0.06527777777777778 0.040625
0 0.4131944444444444 0.79609375 0.03888888888888889 0.0203125
0 0.2076388888888889 0.46953125 0.05555555555555555 0.034375
0 0.28541666666666665 0.672265625 0.05694444444444444 0.0265625
0 0.23333333333333334 0.56953125 0.059722222222222225 0.0390625
0 0.17916666666666667 0.524609375 0.08055555555555556 0.04375
0 0.08402777777777778 0.464453125 0.05138888888888889 0.0265625
0 0.15625 0.67890625 0.0625 0.0421875
0 0.05486111111111111 0.5421875 0.04861111111111111 0.028125