0 0.4708333333333333 0.9 0.05416666666666667 0.0328125
0 0.5194444444444445 0.911328125 0.05416666666666667 0.03359375
0 0.5465277777777777 0.88359375 0.05138888888888889 0.02578125
0 0.0125 0.6140625 0.025 0.021875
0 0.6513888888888889 0.833203125 0.06944444444444445 0.0390625
0 0.4548611111111111 0.752734375 0.0625 0.03359375
0 0.6277777777777778 0.80546875 0.07361111111111111 0.04140625
0 0.6277777777777778 0.784765625 0.06111111111111111 0.034375
0 0.6694444444444444 0.795703125 0.07222222222222222 0.03984375
0 0.13194444444444445 0.56484375 0.03611111111111111 0.01953125
0 0.28541666666666665 0.598046875 0.05694444444444444 0.03125
0 0.7069444444444445 0.762890625 0.044444444444444446 0.0234375
0 0.5333333333333333 0.681640625 0.05 0.0296875
0 0.7347222222222223 0.75625 0.05555555555555555 0.03046875
0 0.6798611111111111 0.732421875 0.034722222222222224 0.01953125
0 0.3902777777777778 0.613671875 0.04722222222222222 0.0265625
0 0.3715277777777778 0.605859375 0.03888888888888889 0.021875
0 0.15694444444444444 0.519921875 0.043055555555555555 0.0234375
0 0.6243055555555556 0.685546875 0.04583333333333333 0.02578125
0 0.17777777777777778 0.509765625 0.0375 0.021875
0 0.6534722222222222 0.6921875 0.043055555555555555 0.025
0 0.13819444444444445 0.492578125 0.0375 0.01875
0 0.3854166666666667 0.584765625 0.05 0.02734375
0 0.022222222222222223 0.43984375 0.044444444444444446 0.0234375
0 0.46597222222222223 0.61328125 0.043055555555555555 0.0234375
0 0.5243055555555556 0.62109375 0.05416666666666667 0.0296875
0 0.4409722222222222 0.57890625 0.044444444444444446 0.0234375
0 0.11458333333333333 0.438671875 0.0375 0.021875
0 0.3104166666666667 0.51171875 0.04722222222222222 0.02578125
0 0.45416666666666666 0.56640625 0.03888888888888889 0.021875
0 0.3388888888888889 0.51171875 0.04027777777777778 0.021875
0 0.07708333333333334 0.39765625 0.05277777777777778 0.02890625
0 0.3701388888888889 0.516015625 0.03888888888888889 0.02109375
0 0.13194444444444445 0.419921875 0.04722222222222222 0.025
0 0.3076388888888889 0.484375 0.03611111111111111 0.02109375
0 0.7083333333333334 0.6328125 0.0375 0.01875
0 0.6666666666666666 0.610546875 0.03888888888888889 0.02265625
0 0.1451388888888889 0.384765625 0.043055555555555555 0.02421875
0 0.1701388888888889 0.37578125 0.05138888888888889 0.0296875
0 0.3138888888888889 0.379296875 0.05138888888888889 0.02734375
0 0.32222222222222224 0.362109375 0.027777777777777776 0.0171875
0 0.95625 0.58671875 0.05416666666666667 0.03046875
0 0.34097222222222223 0.342578125 0.059722222222222225 0.03203125
0 0.3159722222222222 0.32265625 0.05 0.0296875
0 0.7347222222222223 0.4875 0.041666666666666664 0.0265625
0 0.7861111111111111 0.499609375 0.059722222222222225 0.0359375
0 0.9513888888888888 0.56953125 0.05138888888888889 0.02578125