0 0.625 0.12734375 0.041666666666666664 0.02734375
0 0.6881944444444444 0.183203125 0.04861111111111111 0.028125
0 0.6326388888888889 0.17265625 0.04027777777777778 0.02265625
0 0.6388888888888888 0.210546875 0.05277777777777778 0.02890625
0 0.6638888888888889 0.241015625 0.044444444444444446 0.02421875
0 0.6472222222222223 0.233203125 0.043055555555555555 0.02265625
0 0.6833333333333333 0.26171875 0.04861111111111111 0.02734375
0 0.6138888888888889 0.25859375 0.05138888888888889 0.028125
0 0.6111111111111112 0.271875 0.05138888888888889 0.02890625
0 0.5743055555555555 0.261328125 0.05555555555555555 0.03125
0 0.6944444444444444 0.362109375 0.04722222222222222 0.0265625
0 0.45625 0.178515625 0.0375 0.0203125
0 0.525 0.2296875 0.02638888888888889 0.0125
0 0.5506944444444445 0.26015625 0.05 0.028125
0 0.5590277777777778 0.303515625 0.05138888888888889 0.02890625
0 0.4895833333333333 0.28359375 0.04722222222222222 0.0265625
0 0.5534722222222223 0.3546875 0.05277777777777778 0.03046875
0 0.4965277777777778 0.314453125 0.043055555555555555 0.02421875
0 0.6659722222222222 0.445703125 0.03194444444444444 0.01796875
0 0.9006944444444445 0.644140625 0.05277777777777778 0.02890625
0 0.7576388888888889 0.537890625 0.05 0.028125
0 0.875 0.63125 0.05277777777777778 0.02890625
0 0.5277777777777778 0.365625 0.05416666666666667 0.03046875
0 0.8340277777777778 0.59765625 0.041666666666666664 0.025
0 0.8236111111111111 0.626953125 0.03611111111111111 0.021875
0 0.8416666666666667 0.65390625 0.0375 0.0203125
0 0.7215277777777778 0.584765625 0.06666666666666667 0.0375
0 0.7472222222222222 0.608203125 0.04861111111111111 0.02734375
0 0.45208333333333334 0.3890625 0.03888888888888889 0.0234375
0 0.8243055555555555 0.687890625 0.03888888888888889 0.02265625
0 0.35 0.3421875 0.05694444444444444 0.0328125
0 0.7076388888888889 0.61484375 0.029166666666666667 0.01796875
0 0.3451388888888889 0.35625 0.027777777777777776 0.015625
0 0.41875 0.453515625 0.05416666666666667 0.03046875
0 0.19305555555555556 0.300390625 0.07777777777777778 0.04375
0 0.5972222222222222 0.61484375 0.027777777777777776 0.015625
0 0.6743055555555556 0.70390625 0.10277777777777777 0.0578125
0 0.5215277777777778 0.592578125 0.05694444444444444 0.03359375
0 0.6680555555555555 0.7625 0.06805555555555555 0.03515625
0 0.5861111111111111 0.71484375 0.09166666666666666 0.0515625
0 0.6180555555555556 0.7546875 0.10694444444444444 0.0625
0 0.09236111111111112 0.3484375 0.04583333333333333 0.0265625
0 0.05138888888888889 0.348046875 0.04861111111111111 0.02734375
0 0.5555555555555556 0.759765625 0.07777777777777778 0.04453125
0 0.4875 0.760546875 0.09027777777777778 0.05234375
0 0.43125 0.787890625 0.08611111111111111 0.05078125