0 0.2520833333333333 0.17421875 0.03888888888888889 0.02890625
0 0.17430555555555555 0.25546875 0.0375 0.02890625
0 0.29791666666666666 0.13515625 0.05 0.0296875
0 0.27847222222222223 0.15859375 0.059722222222222225 0.03671875
0 0.2013888888888889 0.257421875 0.06666666666666667 0.0375
0 0.31180555555555556 0.14921875 0.05138888888888889 0.02734375
0 0.19791666666666666 0.2875 0.0625 0.0359375
0 0.07569444444444444 0.429296875 0.0625 0.04609375
0 0.15763888888888888 0.36640625 0.0875 0.04765625
0 0.03819444444444445 0.488671875 0.06944444444444445 0.0390625
0 0.20902777777777778 0.303515625 0.04027777777777778 0.021875
0 0.2590277777777778 0.269140625 0.06805555555555555 0.03671875
0 0.07430555555555556 0.4734375 0.044444444444444446 0.02734375
0 0.03888888888888889 0.55859375 0.07777777777777778 0.0453125
0 0.0625 0.535546875 0.07916666666666666 0.03984375
0 0.31180555555555556 0.282421875 0.06666666666666667 0.0375
0 0.22847222222222222 0.376953125 0.06666666666666667 0.03671875
0 0.16597222222222222 0.490234375 0.0875 0.04609375
0 0.1951388888888889 0.466796875 0.0763888888888889 0.0421875
0 0.2222222222222222 0.45625 0.04583333333333333 0.02578125
0 0.2916666666666667 0.38515625 0.05 0.02890625
0 0.13680555555555557 0.569921875 0.0625 0.03671875
0 0.2611111111111111 0.48828125 0.058333333333333334 0.03359375
0 0.37430555555555556 0.412890625 0.0625 0.03671875
0 0.3277777777777778 0.471875 0.06666666666666667 0.040625
0 0.6 0.238671875 0.04722222222222222 0.0296875
0 0.43680555555555556 0.432421875 0.05555555555555555 0.0296875
0 0.20347222222222222 0.70859375 0.08194444444444444 0.046875
0 0.40347222222222223 0.51953125 0.1 0.0578125
0 0.6423611111111112 0.255859375 0.06527777777777778 0.0375
0 0.31666666666666665 0.6109375 0.07222222222222222 0.04296875
0 0.30277777777777776 0.662890625 0.06527777777777778 0.03671875
0 0.5361111111111111 0.42421875 0.06805555555555555 0.0390625
0 0.3798611111111111 0.58515625 0.04722222222222222 0.02421875
0 0.47638888888888886 0.495703125 0.06944444444444445 0.040625
0 0.25833333333333336 0.723046875 0.06111111111111111 0.03515625
0 0.4201388888888889 0.5546875 0.06805555555555555 0.0421875
0 0.2916666666666667 0.6953125 0.07083333333333333 0.03984375
0 0.36944444444444446 0.627734375 0.08333333333333333 0.0453125
0 0.2708333333333333 0.73828125 0.07083333333333333 0.0328125
0 0.37430555555555556 0.65234375 0.059722222222222225 0.03046875
0 0.63125 0.378125 0.043055555555555555 0.02265625
0 0.4597222222222222 0.609765625 0.0875 0.0453125
0 0.6381944444444444 0.40703125 0.05416666666666667 0.0328125
0 0.5381944444444444 0.54921875 0.0375 0.01953125
0 0.7229166666666667 0.4203125 0.05555555555555555 0.03125
0 0.5645833333333333 0.591796875 0.06111111111111111 0.0328125
0 0.4701388888888889 0.69609375 0.06805555555555555 0.0390625
0 0.4708333333333333 0.72265625 0.058333333333333334 0.0328125
0 0.6590277777777778 0.572265625 0.05694444444444444 0.034375
0 0.5923611111111111 0.65703125 0.075 0.03984375
0 0.9118055555555555 0.309375 0.041666666666666664 0.0171875
0 0.8645833333333334 0.377734375 0.07916666666666666 0.04609375
0 0.6451388888888889 0.640234375 0.06666666666666667 0.03671875
0 0.5284722222222222 0.76328125 0.05555555555555555 0.02421875
0 0.5048611111111111 0.79375 0.0763888888888889 0.04609375
0 0.5833333333333334 0.715234375 0.06805555555555555 0.03671875
0 0.6222222222222222 0.69453125 0.03333333333333333 0.02109375
0 0.6104166666666667 0.745703125 0.03888888888888889 0.0171875
0 0.5715277777777777 0.805859375 0.08333333333333333 0.0453125
0 0.8534722222222222 0.498828125 0.058333333333333334 0.0328125
0 0.79375 0.58359375 0.06527777777777778 0.0375
0 0.6680555555555555 0.720703125 0.059722222222222225 0.03046875
0 0.8173611111111111 0.643359375 0.044444444444444446 0.0265625
0 0.8645833333333334 0.635546875 0.08888888888888889 0.0515625
0 0.7972222222222223 0.7078125 0.08611111111111111 0.04609375
0 0.7243055555555555 0.77890625 0.04861111111111111 0.02890625