0 0.9951388888888889 0.573046875 0.006944444444444444 0.03359375
0 0.9888888888888889 0.53984375 0.019444444444444445 0.01875
0 0.8923611111111112 0.200390625 0.059722222222222225 0.0328125
0 0.9902777777777778 0.661328125 0.016666666666666666 0.03984375
0 0.9631944444444445 0.58125 0.059722222222222225 0.03125
0 0.9125 0.45234375 0.075 0.0375
0 0.9576388888888889 0.6671875 0.06666666666666667 0.04296875
0 0.9333333333333333 0.63828125 0.08194444444444444 0.04375
0 0.8326388888888889 0.198828125 0.05 0.01875
0 0.8986111111111111 0.502734375 0.06805555555555555 0.04140625
0 0.9013888888888889 0.55859375 0.059722222222222225 0.0359375
0 0.8527777777777777 0.533984375 0.04027777777777778 0.01328125
0 0.875 0.6421875 0.05 0.0359375
0 0.8680555555555556 0.69609375 0.06666666666666667 0.03515625
0 0.8527777777777777 0.659375 0.044444444444444446 0.02734375
0 0.8458333333333333 0.626953125 0.03333333333333333 0.0140625
0 0.7680555555555556 0.473828125 0.043055555555555555 0.02109375
0 0.7944444444444444 0.58828125 0.03333333333333333 0.02734375
0 0.6493055555555556 0.279296875 0.08472222222222223 0.04609375
0 0.7118055555555556 0.479296875 0.034722222222222224 0.01328125
0 0.6180555555555556 0.234765625 0.07222222222222222 0.04765625
0 0.63125 0.569921875 0.04722222222222222 0.028125
0 0.6229166666666667 0.62265625 0.0625 0.03671875
0 0.5722222222222222 0.491015625 0.030555555555555555 0.0234375
0 0.6083333333333333 0.722265625 0.06527777777777778 0.03203125
0 0.5347222222222222 0.452734375 0.06944444444444445 0.03828125
0 0.5645833333333333 0.533203125 0.04027777777777778 0.034375
0 0.5826388888888889 0.6421875 0.04027777777777778 0.01484375
0 0.5402777777777777 0.676171875 0.06944444444444445 0.04375
0 0.5222222222222223 0.568359375 0.04583333333333333 0.025
0 0.4423611111111111 0.52265625 0.027777777777777776 0.0265625
0 0.40555555555555556 0.510546875 0.06527777777777778 0.03671875
0 0.3701388888888889 0.527734375 0.04722222222222222 0.0203125
0 0.32569444444444445 0.635546875 0.08055555555555556 0.0484375
0 0.30972222222222223 0.587890625 0.06527777777777778 0.0390625
0 0.26319444444444445 0.6109375 0.05555555555555555 0.02109375
0 0.11944444444444445 0.537890625 0.05277777777777778 0.0375
0 0.07291666666666667 0.501171875 0.058333333333333334 0.0328125
0 0.10208333333333333 0.651171875 0.03333333333333333 0.01953125
0 0.02013888888888889 0.462890625 0.04027777777777778 0.04765625