0 0.7506944444444444 0.23671875 0.06111111111111111 0.034375
0 0.9430555555555555 0.3875 0.059722222222222225 0.0328125
0 0.9152777777777777 0.36796875 0.07083333333333333 0.03984375
0 0.7291666666666666 0.229296875 0.06944444444444445 0.040625
0 0.6868055555555556 0.21796875 0.075 0.04296875
0 0.8631944444444445 0.356640625 0.07777777777777778 0.04375
0 0.7125 0.25859375 0.07361111111111111 0.04296875
0 0.7993055555555556 0.326171875 0.029166666666666667 0.01484375
0 0.8145833333333333 0.369921875 0.08194444444444444 0.04609375
0 0.8395833333333333 0.396484375 0.08472222222222223 0.0453125
0 0.8958333333333334 0.437109375 0.0763888888888889 0.04375
0 0.7826388888888889 0.348046875 0.0625 0.03515625
0 0.5722222222222222 0.19765625 0.06527777777777778 0.0375
0 0.9604166666666667 0.5203125 0.0763888888888889 0.046875
0 0.7534722222222222 0.359765625 0.03333333333333333 0.01953125
0 0.8520833333333333 0.459765625 0.075 0.0421875
0 0.7659722222222223 0.4046875 0.06805555555555555 0.034375
0 0.8833333333333333 0.4984375 0.05694444444444444 0.0296875
0 0.7875 0.4515625 0.08611111111111111 0.0484375
0 0.7486111111111111 0.428125 0.07777777777777778 0.04296875
0 0.8215277777777777 0.515234375 0.08611111111111111 0.04765625
0 0.6673611111111111 0.402734375 0.075 0.0421875
0 0.6347222222222222 0.398046875 0.05416666666666667 0.02890625
0 0.42569444444444443 0.244921875 0.0625 0.034375
0 0.3902777777777778 0.23203125 0.0763888888888889 0.0421875
0 0.37083333333333335 0.214453125 0.05 0.0265625
0 0.4888888888888889 0.33203125 0.058333333333333334 0.03359375
0 0.34652777777777777 0.226953125 0.04861111111111111 0.0265625
0 0.7402777777777778 0.533984375 0.04722222222222222 0.025
0 0.5826388888888889 0.4515625 0.08333333333333333 0.04609375
0 0.7013888888888888 0.536328125 0.04861111111111111 0.02734375
0 0.43125 0.33984375 0.06805555555555555 0.03671875
0 0.48125 0.366796875 0.03611111111111111 0.0203125
0 0.7215277777777778 0.593359375 0.0625 0.03359375
0 0.6958333333333333 0.579296875 0.06805555555555555 0.03671875
0 0.4826388888888889 0.433984375 0.0625 0.03671875
0 0.37916666666666665 0.357421875 0.06111111111111111 0.0359375
0 0.6027777777777777 0.555078125 0.08055555555555556 0.04453125
0 0.24305555555555555 0.2796875 0.06527777777777778 0.0375
0 0.56875 0.5359375 0.06805555555555555 0.0375
0 0.5395833333333333 0.5296875 0.059722222222222225 0.03203125
0 0.3638888888888889 0.390625 0.05277777777777778 0.03125
0 0.4340277777777778 0.446875 0.043055555555555555 0.025
0 0.6430555555555556 0.6140625 0.05555555555555555 0.03203125
0 0.5333333333333333 0.5703125 0.05 0.02734375
0 0.4798611111111111 0.55234375 0.04583333333333333 0.0234375
0 0.39652777777777776 0.50546875 0.0625 0.0359375
0 0.47430555555555554 0.57109375 0.0625 0.0359375
0 0.625 0.748828125 0.07361111111111111 0.04140625
0 0.34791666666666665 0.537109375 0.059722222222222225 0.0328125
0 0.5944444444444444 0.730078125 0.043055555555555555 0.025
0 0.42916666666666664 0.6296875 0.08888888888888889 0.04921875
0 0.5118055555555555 0.687890625 0.07361111111111111 0.04140625
0 0.5159722222222223 0.714453125 0.059722222222222225 0.0359375
0 0.5715277777777777 0.762890625 0.05555555555555555 0.03046875
0 0.5430555555555555 0.74453125 0.06111111111111111 0.0359375
0 0.3458333333333333 0.60859375 0.07777777777777778 0.04375
0 0.42569444444444443 0.6640625 0.06666666666666667 0.0390625
0 0.5833333333333334 0.791015625 0.07083333333333333 0.0390625
0 0.47430555555555554 0.709765625 0.0763888888888889 0.04375
0 0.23125 0.523046875 0.0625 0.034375
0 0.46875 0.726171875 0.043055555555555555 0.025
0 0.12361111111111112 0.4859375 0.04722222222222222 0.025
0 0.4111111111111111 0.722265625 0.07777777777777778 0.0421875
0 0.12222222222222222 0.5171875 0.04861111111111111 0.02890625
0 0.3993055555555556 0.783984375 0.06527777777777778 0.03515625
0 0.3145833333333333 0.7234375 0.058333333333333334 0.0328125
0 0.40208333333333335 0.8046875 0.06527777777777778 0.0359375
0 0.05625 0.5515625 0.05694444444444444 0.03203125
0 0.18888888888888888 0.6984375 0.05555555555555555 0.0328125
0 0.2708333333333333 0.769921875 0.05416666666666667 0.03046875
0 0.39444444444444443 0.87265625 0.07083333333333333 0.040625
0 0.24375 0.761328125 0.06111111111111111 0.0359375
0 0.3111111111111111 0.81953125 0.05694444444444444 0.03671875