0 0.1673611111111111 0.287109375 0.06805555555555555 0.03828125
0 0.10486111111111111 0.40625 0.05138888888888889 0.03359375
0 0.11319444444444444 0.4328125 0.06111111111111111 0.034375
0 0.20416666666666666 0.344140625 0.06388888888888888 0.03359375
0 0.18125 0.4125 0.06111111111111111 0.03125
0 0.27361111111111114 0.3265625 0.07222222222222222 0.04296875
0 0.2881944444444444 0.35390625 0.06944444444444445 0.040625
0 0.18680555555555556 0.490234375 0.05 0.02421875
0 0.29375 0.39609375 0.04027777777777778 0.0234375
0 0.27569444444444446 0.466015625 0.06805555555555555 0.03984375
0 0.32708333333333334 0.409765625 0.03611111111111111 0.015625
0 0.17777777777777778 0.603515625 0.04861111111111111 0.02734375
0 0.24583333333333332 0.5609375 0.058333333333333334 0.03359375
0 0.34375 0.471875 0.0763888888888889 0.04296875
0 0.4708333333333333 0.302734375 0.041666666666666664 0.021875
0 0.3590277777777778 0.447265625 0.04583333333333333 0.0265625
0 0.425 0.375 0.06944444444444445 0.0421875
0 0.4583333333333333 0.323046875 0.044444444444444446 0.02890625
0 0.5659722222222222 0.2203125 0.06666666666666667 0.03125
0 0.3972222222222222 0.426171875 0.04583333333333333 0.01953125
0 0.5458333333333333 0.2390625 0.058333333333333334 0.03359375
0 0.4888888888888889 0.3453125 0.06944444444444445 0.03828125
0 0.44375 0.403515625 0.059722222222222225 0.040625
0 0.47152777777777777 0.373828125 0.05694444444444444 0.03125
0 0.4930555555555556 0.3859375 0.041666666666666664 0.02734375
0 0.4284722222222222 0.530078125 0.06527777777777778 0.034375
0 0.5534722222222223 0.365234375 0.041666666666666664 0.02265625
0 0.5743055555555555 0.351171875 0.0625 0.03359375
0 0.4076388888888889 0.555078125 0.04722222222222222 0.02578125
0 0.4388888888888889 0.5453125 0.05694444444444444 0.0328125
0 0.4875 0.475390625 0.043055555555555555 0.02578125
0 0.6354166666666666 0.36796875 0.058333333333333334 0.03671875
0 0.48125 0.580859375 0.06944444444444445 0.0421875
0 0.46597222222222223 0.607421875 0.058333333333333334 0.03125
0 0.6013888888888889 0.446875 0.06527777777777778 0.03359375
0 0.5111111111111111 0.609375 0.05555555555555555 0.02734375
0 0.49930555555555556 0.63046875 0.06111111111111111 0.034375
0 0.46111111111111114 0.687109375 0.06388888888888888 0.034375
0 0.6236111111111111 0.513671875 0.04722222222222222 0.02578125
0 0.6847222222222222 0.459765625 0.0625 0.0359375
0 0.7243055555555555 0.399609375 0.04583333333333333 0.02890625
0 0.4618055555555556 0.7375 0.04583333333333333 0.02265625
0 0.7722222222222223 0.353515625 0.06111111111111111 0.03828125
0 0.7090277777777778 0.44140625 0.05555555555555555 0.03203125
0 0.7666666666666667 0.376171875 0.059722222222222225 0.034375
0 0.75625 0.40859375 0.059722222222222225 0.034375
0 0.7534722222222222 0.4421875 0.06944444444444445 0.03828125
0 0.5784722222222223 0.65546875 0.043055555555555555 0.0203125
0 0.5722222222222222 0.702734375 0.06111111111111111 0.03359375
0 0.8111111111111111 0.433203125 0.05 0.0328125
0 0.8840277777777777 0.4578125 0.0625 0.03125
0 0.8222222222222222 0.53828125 0.05 0.03046875
0 0.8791666666666667 0.51953125 0.07916666666666666 0.04140625
0 0.9701388888888889 0.44921875 0.043055555555555555 0.02109375
0 0.9916666666666667 0.434375 0.013888888888888888 0.01875
0 0.8604166666666667 0.6890625 0.05555555555555555 0.0265625
0 0.7805555555555556 0.827734375 0.02638888888888889 0.02265625