0 0.08263888888888889 0.44765625 0.04722222222222222 0.0234375
0 0.08125 0.4640625 0.0375 0.015625
0 0.08541666666666667 0.47890625 0.044444444444444446 0.0125
0 0.15763888888888888 0.40703125 0.03333333333333333 0.0265625
0 0.1625 0.50859375 0.022222222222222223 0.015625
0 0.21805555555555556 0.509375 0.05555555555555555 0.02421875
0 0.20972222222222223 0.54375 0.02638888888888889 0.025
0 0.22569444444444445 0.48671875 0.04861111111111111 0.02265625
0 0.23958333333333334 0.421875 0.04583333333333333 0.0265625
0 0.24583333333333332 0.44296875 0.05277777777777778 0.025
0 0.23402777777777778 0.561328125 0.02361111111111111 0.01171875
0 0.2826388888888889 0.471484375 0.044444444444444446 0.02578125
0 0.3326388888888889 0.498046875 0.041666666666666664 0.0265625
0 0.33055555555555555 0.478125 0.029166666666666667 0.0203125
0 0.3763888888888889 0.416796875 0.05 0.0265625
0 0.37569444444444444 0.51328125 0.019444444444444445 0.0078125
0 0.40555555555555556 0.454296875 0.034722222222222224 0.02421875
0 0.4076388888888889 0.620703125 0.018055555555555554 0.01328125
0 0.4215277777777778 0.591796875 0.030555555555555555 0.0125
0 0.4722222222222222 0.51640625 0.041666666666666664 0.0125
0 0.4951388888888889 0.43046875 0.04722222222222222 0.02265625
0 0.5041666666666667 0.469921875 0.05555555555555555 0.0234375
0 0.5208333333333334 0.38203125 0.03333333333333333 0.0140625
0 0.5284722222222222 0.528515625 0.034722222222222224 0.01953125
0 0.5354166666666667 0.58125 0.04027777777777778 0.02578125
0 0.5722222222222222 0.568359375 0.034722222222222224 0.021875
0 0.6048611111111111 0.445703125 0.04027777777777778 0.02265625
0 0.6236111111111111 0.330078125 0.03611111111111111 0.0171875
0 0.6194444444444445 0.53828125 0.04722222222222222 0.02578125
0 0.6236111111111111 0.421875 0.03333333333333333 0.03046875
0 0.6388888888888888 0.315625 0.03333333333333333 0.0140625
0 0.6395833333333333 0.45546875 0.044444444444444446 0.0265625
0 0.6756944444444445 0.440234375 0.044444444444444446 0.01640625
0 0.6708333333333333 0.459765625 0.022222222222222223 0.00859375
0 0.7006944444444444 0.440625 0.020833333333333332 0.015625
0 0.7590277777777777 0.736328125 0.02638888888888889 0.01953125
0 0.7868055555555555 0.543359375 0.027777777777777776 0.015625
0 0.7895833333333333 0.5875 0.03611111111111111 0.025
0 0.8013888888888889 0.439453125 0.02638888888888889 0.01484375
0 0.8006944444444445 0.564453125 0.030555555555555555 0.02265625
0 0.8375 0.562890625 0.027777777777777776 0.02109375
0 0.86875 0.592578125 0.041666666666666664 0.02734375
0 0.8847222222222222 0.365625 0.034722222222222224 0.0140625
0 0.9208333333333333 0.378515625 0.03333333333333333 0.02109375
0 0.9416666666666667 0.716796875 0.06805555555555555 0.0359375