0 0.99375 0.31171875 0.009722222222222222 0.0234375
0 0.975 0.3515625 0.027777777777777776 0.01171875
0 0.9395833333333333 0.36640625 0.030555555555555555 0.01015625
0 0.8541666666666666 0.419921875 0.025 0.01875
0 0.8409722222222222 0.455859375 0.029166666666666667 0.021875
0 0.8131944444444444 0.537109375 0.025 0.01171875
0 0.80625 0.516015625 0.03333333333333333 0.01953125
0 0.7854166666666667 0.535546875 0.0375 0.01953125
0 0.8145833333333333 0.405859375 0.015277777777777777 0.01015625
0 0.8402777777777778 0.249609375 0.030555555555555555 0.0125
0 0.7770833333333333 0.52109375 0.03333333333333333 0.01953125
0 0.8173611111111111 0.316796875 0.03194444444444444 0.01953125
0 0.7826388888888889 0.39765625 0.03611111111111111 0.01796875
0 0.7611111111111111 0.4625 0.043055555555555555 0.021875
0 0.7819444444444444 0.36015625 0.044444444444444446 0.0234375
0 0.7541666666666667 0.36484375 0.03888888888888889 0.02109375
0 0.6833333333333333 0.437890625 0.03194444444444444 0.0140625
0 0.6826388888888889 0.387890625 0.0375 0.0234375
0 0.5756944444444444 0.78671875 0.027777777777777776 0.00390625
0 0.5201388888888889 0.77421875 0.05694444444444444 0.02265625
0 0.5986111111111111 0.39921875 0.02361111111111111 0.01171875
0 0.5604166666666667 0.469140625 0.02638888888888889 0.01796875
0 0.5638888888888889 0.411328125 0.016666666666666666 0.0109375
0 0.5458333333333333 0.45625 0.027777777777777776 0.01796875
0 0.5111111111111111 0.44296875 0.019444444444444445 0.0140625
0 0.49444444444444446 0.455859375 0.034722222222222224 0.02109375
0 0.46597222222222223 0.58359375 0.020833333333333332 0.01484375
0 0.49930555555555556 0.273046875 0.043055555555555555 0.025
0 0.46319444444444446 0.45 0.034722222222222224 0.02109375
0 0.46805555555555556 0.318359375 0.043055555555555555 0.02265625
0 0.42569444444444443 0.46171875 0.04583333333333333 0.02109375
0 0.47291666666666665 0.219921875 0.029166666666666667 0.01015625
0 0.3888888888888889 0.587109375 0.022222222222222223 0.01796875
0 0.44722222222222224 0.285546875 0.03194444444444444 0.01875
0 0.38958333333333334 0.462890625 0.041666666666666664 0.0203125
0 0.35833333333333334 0.616015625 0.03194444444444444 0.01875
0 0.36736111111111114 0.425390625 0.03611111111111111 0.02109375
0 0.38055555555555554 0.387890625 0.015277777777777777 0.00859375
0 0.35 0.4109375 0.03888888888888889 0.01796875
0 0.31805555555555554 0.5421875 0.034722222222222224 0.0140625
0 0.35555555555555557 0.260546875 0.030555555555555555 0.01953125
0 0.28055555555555556 0.5984375 0.029166666666666667 0.01328125
0 0.3458333333333333 0.27265625 0.03888888888888889 0.0234375
0 0.34791666666666665 0.24921875 0.0375 0.02109375
0 0.28680555555555554 0.50546875 0.034722222222222224 0.0171875
0 0.23402777777777778 0.682421875 0.06111111111111111 0.02421875
0 0.28402777777777777 0.46015625 0.04027777777777778 0.0265625
0 0.2861111111111111 0.412890625 0.05277777777777778 0.025
0 0.23125 0.637109375 0.030555555555555555 0.009375
0 0.3159722222222222 0.2390625 0.030555555555555555 0.01328125
0 0.29791666666666666 0.26640625 0.04027777777777778 0.03359375
0 0.23194444444444445 0.513671875 0.05138888888888889 0.01875
0 0.1909722222222222 0.6796875 0.022222222222222223 0.01640625
0 0.22916666666666666 0.247265625 0.03611111111111111 0.02578125
0 0.23125 0.234375 0.029166666666666667 0.015625
0 0.23333333333333334 0.203515625 0.02361111111111111 0.0109375
0 0.21944444444444444 0.22109375 0.027777777777777776 0.01328125