0 0.30972222222222223 0.840234375 0.05694444444444444 0.03359375
0 0.32430555555555557 0.851171875 0.05277777777777778 0.02890625
0 0.42083333333333334 0.82890625 0.03333333333333333 0.02109375
0 0.42430555555555555 0.8140625 0.04027777777777778 0.02265625
0 0.4534722222222222 0.830078125 0.059722222222222225 0.03359375
0 0.42986111111111114 0.804296875 0.03194444444444444 0.021875
0 0.12986111111111112 0.50625 0.03194444444444444 0.01484375
0 0.4465277777777778 0.7859375 0.04583333333333333 0.02734375
0 0.46875 0.80390625 0.04583333333333333 0.02734375
0 0.4888888888888889 0.7765625 0.059722222222222225 0.034375
0 0.35694444444444445 0.6484375 0.04583333333333333 0.025
0 0.4875 0.75859375 0.05277777777777778 0.02890625
0 0.38055555555555554 0.634765625 0.05138888888888889 0.0296875
0 0.5979166666666667 0.691796875 0.05555555555555555 0.03203125
0 0.9590277777777778 0.66015625 0.058333333333333334 0.02890625
0 0.9520833333333333 0.635546875 0.09305555555555556 0.05234375