0 0.9805555555555555 0.46484375 0.03611111111111111 0.034375
0 0.9798611111111111 0.493359375 0.0375 0.03515625
0 0.9375 0.344921875 0.04583333333333333 0.02578125
0 0.9375 0.480078125 0.044444444444444446 0.02890625
0 0.8951388888888889 0.475390625 0.06527777777777778 0.034375
0 0.8805555555555555 0.498046875 0.05416666666666667 0.0234375
0 0.8472222222222222 0.402734375 0.05277777777777778 0.02578125
0 0.8791666666666667 0.53671875 0.058333333333333334 0.02890625
0 0.8069444444444445 0.393359375 0.03888888888888889 0.0265625
0 0.7576388888888889 0.37890625 0.02638888888888889 0.0140625
0 0.75625 0.437109375 0.04027777777777778 0.02109375
0 0.7715277777777778 0.54296875 0.03194444444444444 0.01796875
0 0.7027777777777777 0.4015625 0.04027777777777778 0.015625
0 0.7631944444444444 0.626953125 0.04861111111111111 0.02421875
0 0.6951388888888889 0.444140625 0.04861111111111111 0.03046875
0 0.6645833333333333 0.380859375 0.058333333333333334 0.0421875
0 0.6645833333333333 0.51484375 0.059722222222222225 0.03515625
0 0.675 0.550390625 0.03194444444444444 0.0171875
0 0.5888888888888889 0.396484375 0.05555555555555555 0.03125
0 0.6270833333333333 0.544140625 0.05555555555555555 0.03046875
0 0.5854166666666667 0.417578125 0.044444444444444446 0.0296875
0 0.5680555555555555 0.4734375 0.04861111111111111 0.03046875
0 0.5798611111111112 0.56875 0.03611111111111111 0.0265625
0 0.4875 0.43359375 0.06388888888888888 0.03515625
0 0.4701388888888889 0.40703125 0.059722222222222225 0.0328125
0 0.4513888888888889 0.4484375 0.03333333333333333 0.01953125
0 0.43333333333333335 0.480078125 0.030555555555555555 0.0234375
0 0.45694444444444443 0.6453125 0.05694444444444444 0.0296875
0 0.4423611111111111 0.620703125 0.05555555555555555 0.0296875
0 0.2548611111111111 0.6 0.06388888888888888 0.03515625
0 0.2048611111111111 0.690234375 0.06805555555555555 0.03515625
0 0.14583333333333334 0.672265625 0.07777777777777778 0.040625
0 0.009722222222222222 0.275390625 0.019444444444444445 0.02421875