0 0.04583333333333333 0.3875 0.04027777777777778 0.03828125
0 0.003472222222222222 0.519140625 0.006944444444444444 0.01484375
0 0.006944444444444444 0.53515625 0.013888888888888888 0.021875
0 0.08680555555555555 0.358203125 0.08472222222222223 0.04296875
0 0.003472222222222222 0.590234375 0.006944444444444444 0.01796875
0 0.01597222222222222 0.56171875 0.03194444444444444 0.0203125
0 0.010416666666666666 0.63125 0.020833333333333332 0.01875
0 0.008333333333333333 0.6453125 0.016666666666666666 0.0171875
0 0.10208333333333333 0.408203125 0.034722222222222224 0.02109375
0 0.07152777777777777 0.491796875 0.025 0.0171875
0 0.13333333333333333 0.385546875 0.07361111111111111 0.03828125
0 0.11666666666666667 0.447265625 0.03194444444444444 0.01640625
0 0.10833333333333334 0.485546875 0.041666666666666664 0.01875
0 0.1875 0.28203125 0.0375 0.01640625
0 0.1125 0.50078125 0.04722222222222222 0.02578125
0 0.15625 0.408984375 0.04583333333333333 0.02265625
0 0.21597222222222223 0.228125 0.02638888888888889 0.01796875
0 0.21736111111111112 0.268359375 0.03194444444444444 0.01796875
0 0.175 0.3921875 0.03194444444444444 0.01796875
0 0.125 0.524609375 0.022222222222222223 0.00859375
0 0.16527777777777777 0.433203125 0.03194444444444444 0.01796875
0 0.1375 0.503515625 0.02361111111111111 0.01796875
0 0.18055555555555555 0.416796875 0.03333333333333333 0.02109375
0 0.0763888888888889 0.70390625 0.03611111111111111 0.02109375
0 0.15763888888888888 0.485546875 0.029166666666666667 0.01328125
0 0.26458333333333334 0.203125 0.030555555555555555 0.0265625
0 0.08194444444444444 0.7234375 0.0375 0.02265625
0 0.1909722222222222 0.4390625 0.029166666666666667 0.01640625
0 0.1763888888888889 0.47734375 0.02361111111111111 0.01640625
0 0.25555555555555554 0.33671875 0.08194444444444444 0.0421875
0 0.2701388888888889 0.27578125 0.05555555555555555 0.028125
0 0.21180555555555555 0.435546875 0.029166666666666667 0.015625
0 0.2152777777777778 0.42421875 0.02638888888888889 0.0125
0 0.22291666666666668 0.415234375 0.02638888888888889 0.0125
0 0.22916666666666666 0.474609375 0.025 0.01328125
0 0.1701388888888889 0.680078125 0.022222222222222223 0.0125
0 0.18680555555555556 0.659375 0.02361111111111111 0.015625
0 0.20833333333333334 0.65 0.020833333333333332 0.01015625
0 0.19027777777777777 0.71875 0.03333333333333333 0.01953125
0 0.39861111111111114 0.218359375 0.05138888888888889 0.02109375
0 0.32083333333333336 0.421484375 0.027777777777777776 0.0171875
0 0.32013888888888886 0.433203125 0.025 0.015625
0 0.4263888888888889 0.21171875 0.05694444444444444 0.01875
0 0.28125 0.560546875 0.027777777777777776 0.01875
0 0.38472222222222224 0.305859375 0.0375 0.025
0 0.4215277777777778 0.259375 0.05555555555555555 0.03203125
0 0.2986111111111111 0.591796875 0.030555555555555555 0.0171875
0 0.43194444444444446 0.234375 0.029166666666666667 0.0203125
0 0.3263888888888889 0.526953125 0.016666666666666666 0.00859375
0 0.26805555555555555 0.705078125 0.02638888888888889 0.015625
0 0.28958333333333336 0.665234375 0.02638888888888889 0.0140625
0 0.30833333333333335 0.6234375 0.03333333333333333 0.0203125
0 0.4583333333333333 0.255859375 0.05138888888888889 0.02890625
0 0.4097222222222222 0.4546875 0.04722222222222222 0.025
0 0.4125 0.41484375 0.019444444444444445 0.01328125
0 0.3854166666666667 0.571484375 0.04583333333333333 0.02109375
0 0.525 0.25703125 0.041666666666666664 0.028125
0 0.39166666666666666 0.656640625 0.04722222222222222 0.025
0 0.41388888888888886 0.620703125 0.04722222222222222 0.02578125
0 0.4166666666666667 0.594921875 0.029166666666666667 0.01328125
0 0.44930555555555557 0.55390625 0.05416666666666667 0.03125
0 0.5333333333333333 0.331640625 0.030555555555555555 0.02265625
0 0.4236111111111111 0.632421875 0.02638888888888889 0.01171875
0 0.6048611111111111 0.231640625 0.0625 0.0171875
0 0.5458333333333333 0.3671875 0.04027777777777778 0.0234375
0 0.44722222222222224 0.61875 0.02361111111111111 0.01640625
0 0.5430555555555555 0.383203125 0.034722222222222224 0.01953125
0 0.5326388888888889 0.425390625 0.03611111111111111 0.01953125
0 0.50625 0.512109375 0.03194444444444444 0.01953125
0 0.5354166666666667 0.43984375 0.03611111111111111 0.02109375
0 0.525 0.4953125 0.04861111111111111 0.02265625
0 0.4527777777777778 0.671484375 0.03194444444444444 0.0265625
0 0.5361111111111111 0.4609375 0.034722222222222224 0.01796875
0 0.6229166666666667 0.249609375 0.0375 0.021875
0 0.4979166666666667 0.598828125 0.04583333333333333 0.02578125
0 0.6506944444444445 0.237109375 0.03888888888888889 0.0140625
0 0.6166666666666667 0.3203125 0.034722222222222224 0.01953125
0 0.49027777777777776 0.698046875 0.05694444444444444 0.03203125
0 0.5979166666666667 0.3890625 0.03333333333333333 0.01796875
0 0.5305555555555556 0.637890625 0.059722222222222225 0.03359375
0 0.475 0.780859375 0.029166666666666667 0.01015625
0 0.5256944444444445 0.738671875 0.05694444444444444 0.03203125
0 0.5840277777777778 0.5703125 0.03611111111111111 0.02109375
0 0.5201388888888889 0.77890625 0.05 0.0265625
0 0.6631944444444444 0.387109375 0.03611111111111111 0.0203125
0 0.5944444444444444 0.6171875 0.025 0.0140625
0 0.5805555555555556 0.6875 0.04722222222222222 0.025
0 0.6166666666666667 0.6296875 0.03888888888888889 0.01640625
0 0.5763888888888888 0.75078125 0.025 0.0140625
0 0.5708333333333333 0.78828125 0.03333333333333333 0.01640625
0 0.6270833333333333 0.69765625 0.05694444444444444 0.03359375
0 0.6569444444444444 0.64609375 0.03194444444444444 0.0203125
0 0.69375 0.56796875 0.029166666666666667 0.0125
0 0.6375 0.73046875 0.03333333333333333 0.0203125
0 0.675 0.62890625 0.02638888888888889 0.01015625
0 0.7236111111111111 0.68125 0.05555555555555555 0.03203125
0 0.6965277777777777 0.769140625 0.03194444444444444 0.01640625