0 0.8340277777777778 0.58828125 0.09166666666666666 0.0515625
0 0.9840277777777777 0.41875 0.029166666666666667 0.05625
0 0.9506944444444444 0.40234375 0.075 0.04140625
0 0.9729166666666667 0.36796875 0.05138888888888889 0.04375
0 0.8368055555555556 0.41953125 0.06527777777777778 0.0375
0 0.8784722222222222 0.335546875 0.1 0.05546875
0 0.8104166666666667 0.342578125 0.06111111111111111 0.034375
0 0.7770833333333333 0.353515625 0.05138888888888889 0.02734375
0 0.7041666666666667 0.348046875 0.0875 0.05
0 0.7180555555555556 0.31875 0.07361111111111111 0.03984375
0 0.6638888888888889 0.3546875 0.059722222222222225 0.03203125
0 0.5951388888888889 0.295703125 0.10277777777777777 0.05859375
0 0.5402777777777777 0.31171875 0.06944444444444445 0.040625