0 0.7777777777777778 0.030859375 0.04583333333333333 0.0265625
0 0.8388888888888889 0.0484375 0.022222222222222223 0.0203125
0 0.8125 0.053515625 0.03888888888888889 0.021875
0 0.6430555555555556 0.0875 0.04861111111111111 0.025
0 0.7875 0.078125 0.030555555555555555 0.01875
0 0.83125 0.079296875 0.034722222222222224 0.01875
0 0.6256944444444444 0.114453125 0.041666666666666664 0.02109375
0 0.7868055555555555 0.101171875 0.0375 0.02578125
0 0.5423611111111111 0.12734375 0.034722222222222224 0.0234375
0 0.7638888888888888 0.109765625 0.04722222222222222 0.02890625
0 0.6833333333333333 0.11953125 0.03888888888888889 0.0234375
0 0.7298611111111111 0.1125 0.029166666666666667 0.0171875
0 0.8319444444444445 0.106640625 0.043055555555555555 0.0234375
0 0.65 0.13125 0.05138888888888889 0.02734375
0 0.5854166666666667 0.14375 0.03888888888888889 0.025
0 0.74375 0.14375 0.041666666666666664 0.025
0 0.5576388888888889 0.1703125 0.04722222222222222 0.0265625
0 0.5895833333333333 0.171875 0.0375 0.021875
0 0.8381944444444445 0.151171875 0.0375 0.021875
0 0.6395833333333333 0.180859375 0.034722222222222224 0.0203125
0 0.8763888888888889 0.156640625 0.030555555555555555 0.021875
0 0.5506944444444445 0.194140625 0.03888888888888889 0.02578125
0 0.4965277777777778 0.196484375 0.029166666666666667 0.01796875
0 0.7555555555555555 0.183203125 0.0375 0.0234375
0 0.85 0.18828125 0.03611111111111111 0.01796875
0 0.8319444444444445 0.20703125 0.029166666666666667 0.0140625
0 0.5638888888888889 0.269921875 0.04583333333333333 0.021875
0 0.7805555555555556 0.274609375 0.04722222222222222 0.01953125
0 0.6208333333333333 0.2953125 0.04027777777777778 0.02265625
0 0.23055555555555557 0.353515625 0.043055555555555555 0.02421875
0 0.575 0.314453125 0.030555555555555555 0.01484375
0 0.6111111111111112 0.31328125 0.02638888888888889 0.0171875
0 0.8069444444444445 0.3078125 0.03611111111111111 0.02265625
0 0.4125 0.35078125 0.04583333333333333 0.0234375
0 0.5770833333333333 0.328125 0.020833333333333332 0.01015625
0 0.36527777777777776 0.35703125 0.0375 0.0203125
0 0.7708333333333334 0.325390625 0.04861111111111111 0.02734375
0 0.8472222222222222 0.3234375 0.03611111111111111 0.015625
0 0.7506944444444444 0.3484375 0.030555555555555555 0.0125
0 0.7819444444444444 0.345703125 0.025 0.01171875
0 0.8236111111111111 0.352734375 0.044444444444444446 0.028125
0 0.39791666666666664 0.394140625 0.034722222222222224 0.0140625
0 0.29930555555555555 0.408984375 0.034722222222222224 0.0203125
0 0.7319444444444444 0.365234375 0.041666666666666664 0.021875
0 0.6993055555555555 0.36953125 0.03333333333333333 0.01796875
0 0.3854166666666667 0.416015625 0.05 0.025
0 0.25625 0.430859375 0.025 0.015625
0 0.30972222222222223 0.426953125 0.03333333333333333 0.0171875
0 0.2972222222222222 0.432421875 0.034722222222222224 0.015625
0 0.7930555555555555 0.3953125 0.03194444444444444 0.01875
0 0.44375 0.433203125 0.0375 0.01953125
0 0.7513888888888889 0.4046875 0.04722222222222222 0.02109375
0 0.34444444444444444 0.4921875 0.05138888888888889 0.028125
0 0.6791666666666667 0.469921875 0.05555555555555555 0.0328125
0 0.17708333333333334 0.53984375 0.05555555555555555 0.03359375
0 0.38958333333333334 0.526953125 0.058333333333333334 0.02890625
0 0.45694444444444443 0.520703125 0.05 0.02734375
0 0.6798611111111111 0.4984375 0.05277777777777778 0.0296875
0 0.48055555555555557 0.526953125 0.05277777777777778 0.0296875
0 0.27361111111111114 0.561328125 0.05277777777777778 0.03046875
0 0.3076388888888889 0.561328125 0.03611111111111111 0.0296875
0 0.6340277777777777 0.526953125 0.06111111111111111 0.03125
0 0.9305555555555556 0.5359375 0.059722222222222225 0.03203125
0 0.9701388888888889 0.5359375 0.05416666666666667 0.03203125
0 0.9868055555555556 0.561328125 0.02361111111111111 0.02734375