0 0.005555555555555556 0.30703125 0.011111111111111112 0.021875
0 0.26944444444444443 0.7640625 0.058333333333333334 0.0375
0 0.2847222222222222 0.790625 0.05138888888888889 0.02890625
0 0.05347222222222222 0.369140625 0.06944444444444445 0.04296875
0 0.36875 0.802734375 0.0625 0.03359375
0 0.46041666666666664 0.765625 0.044444444444444446 0.0234375
0 0.5013888888888889 0.78203125 0.05277777777777778 0.02890625
0 0.25416666666666665 0.350390625 0.041666666666666664 0.02734375
0 0.2701388888888889 0.36640625 0.041666666666666664 0.02578125
0 0.43472222222222223 0.648828125 0.03611111111111111 0.0234375
0 0.3090277777777778 0.41171875 0.03888888888888889 0.01953125
0 0.5027777777777778 0.726171875 0.05 0.02265625
0 0.37777777777777777 0.504296875 0.04861111111111111 0.02890625
0 0.3923611111111111 0.533984375 0.041666666666666664 0.02265625
0 0.3763888888888889 0.449609375 0.04861111111111111 0.02890625
0 0.39375 0.474609375 0.02638888888888889 0.01875
0 0.5881944444444445 0.71640625 0.05138888888888889 0.03046875
0 0.9791666666666666 0.6765625 0.03888888888888889 0.05