0 0.7534722222222222 0.04453125 0.05138888888888889 0.03359375
0 0.7680555555555556 0.064453125 0.04583333333333333 0.0328125
0 0.15902777777777777 0.168359375 0.03194444444444444 0.0171875
0 0.19722222222222222 0.170703125 0.041666666666666664 0.02890625
0 0.16180555555555556 0.21171875 0.05416666666666667 0.028125
0 0.14652777777777778 0.234765625 0.041666666666666664 0.02890625
0 0.24930555555555556 0.220703125 0.043055555555555555 0.02578125
0 0.7798611111111111 0.15703125 0.05277777777777778 0.04296875
0 0.8138888888888889 0.137109375 0.022222222222222223 0.01484375
0 0.7402777777777778 0.175390625 0.05277777777777778 0.02734375
0 0.24027777777777778 0.262890625 0.02361111111111111 0.01796875
0 0.09444444444444444 0.305859375 0.059722222222222225 0.03203125
0 0.8354166666666667 0.175 0.025 0.01796875
0 0.8069444444444445 0.190234375 0.05694444444444444 0.03515625
0 0.10833333333333334 0.312109375 0.03194444444444444 0.0171875
0 0.17777777777777778 0.305078125 0.04861111111111111 0.028125
0 0.7527777777777778 0.207421875 0.04722222222222222 0.02734375
0 0.21041666666666667 0.32265625 0.018055555555555554 0.0109375
0 0.2763888888888889 0.333203125 0.03333333333333333 0.025
0 0.4444444444444444 0.32890625 0.044444444444444446 0.025
0 0.4625 0.334375 0.041666666666666664 0.02421875
0 0.3819444444444444 0.348828125 0.02638888888888889 0.02109375
0 0.7423611111111111 0.28984375 0.03888888888888889 0.021875
0 0.32222222222222224 0.374609375 0.034722222222222224 0.01640625
0 0.8034722222222223 0.294140625 0.027777777777777776 0.015625
0 0.4423611111111111 0.365234375 0.020833333333333332 0.01484375
0 0.018055555555555554 0.4515625 0.03611111111111111 0.021875
0 0.3 0.408984375 0.02361111111111111 0.01796875
0 0.27847222222222223 0.416015625 0.04722222222222222 0.025
0 0.9118055555555555 0.3140625 0.030555555555555555 0.0296875
0 0.44583333333333336 0.3859375 0.02361111111111111 0.01328125
0 0.39444444444444443 0.39921875 0.025 0.0140625
0 0.8881944444444444 0.316015625 0.0375 0.01484375
0 0.7569444444444444 0.35 0.05138888888888889 0.02890625
0 0.07708333333333334 0.465234375 0.030555555555555555 0.02109375
0 0.4534722222222222 0.397265625 0.02361111111111111 0.0140625
0 0.9090277777777778 0.323046875 0.030555555555555555 0.0171875
0 0.025 0.484765625 0.03888888888888889 0.01953125
0 0.04652777777777778 0.480078125 0.020833333333333332 0.01328125
0 0.07361111111111111 0.490234375 0.05416666666666667 0.02890625
0 0.16944444444444445 0.47890625 0.027777777777777776 0.021875
0 0.2361111111111111 0.46953125 0.03194444444444444 0.02421875
0 0.03888888888888889 0.506640625 0.030555555555555555 0.0203125
0 0.5604166666666667 0.42265625 0.05555555555555555 0.028125
0 0.5090277777777777 0.445703125 0.043055555555555555 0.02421875
0 0.39861111111111114 0.5125 0.05694444444444444 0.03125
0 0.2361111111111111 0.544140625 0.03888888888888889 0.0234375
0 0.88125 0.44453125 0.059722222222222225 0.03359375
0 0.4152777777777778 0.521875 0.05416666666666667 0.02265625
0 0.7347222222222223 0.48359375 0.04722222222222222 0.0234375
0 0.875 0.49921875 0.03888888888888889 0.0203125
0 0.39861111111111114 0.596484375 0.04722222222222222 0.02890625
0 0.17430555555555555 0.71171875 0.0625 0.0328125
0 0.9486111111111111 0.5890625 0.04722222222222222 0.0265625
0 0.28888888888888886 0.726953125 0.04583333333333333 0.025