0 0.9861111111111112 0.46640625 0.025 0.0390625
0 0.9743055555555555 0.49609375 0.04861111111111111 0.0453125
0 0.9375 0.515234375 0.025 0.02890625
0 0.8895833333333333 0.32734375 0.06111111111111111 0.0390625
0 0.8368055555555556 0.59140625 0.04861111111111111 0.0296875
0 0.8340277777777778 0.55859375 0.04583333333333333 0.03125
0 0.8666666666666667 0.289453125 0.0625 0.0375
0 0.8270833333333333 0.433984375 0.041666666666666664 0.02578125
0 0.7902777777777777 0.4984375 0.04722222222222222 0.01953125
0 0.7819444444444444 0.5359375 0.04027777777777778 0.0265625
0 0.6729166666666667 0.467578125 0.06666666666666667 0.0296875
0 0.5604166666666667 0.36171875 0.06944444444444445 0.021875
0 0.4777777777777778 0.70859375 0.044444444444444446 0.03359375
0 0.44027777777777777 0.689453125 0.059722222222222225 0.0390625
0 0.4965277777777778 0.31171875 0.027777777777777776 0.03046875
0 0.40555555555555556 0.717578125 0.06388888888888888 0.02890625
0 0.3923611111111111 0.75 0.05 0.03125
0 0.3861111111111111 0.587890625 0.05138888888888889 0.03203125
0 0.38819444444444445 0.54921875 0.04861111111111111 0.01796875
0 0.4048611111111111 0.3734375 0.05416666666666667 0.0359375
0 0.3729166666666667 0.332421875 0.075 0.04140625
0 0.30625 0.756640625 0.06111111111111111 0.0296875
0 0.32222222222222224 0.486328125 0.06666666666666667 0.03671875
0 0.3111111111111111 0.53671875 0.05 0.034375
0 0.2902777777777778 0.587890625 0.04027777777777778 0.0171875
0 0.30833333333333335 0.38984375 0.06527777777777778 0.02734375
0 0.30486111111111114 0.373828125 0.07083333333333333 0.03203125
0 0.26805555555555555 0.6703125 0.0375 0.02109375
0 0.25972222222222224 0.444140625 0.058333333333333334 0.04453125
0 0.20694444444444443 0.55078125 0.029166666666666667 0.0203125
0 0.20416666666666666 0.430078125 0.0625 0.03203125
0 0.20416666666666666 0.48046875 0.0375 0.02265625
0 0.18333333333333332 0.461328125 0.07361111111111111 0.04296875
0 0.07083333333333333 0.711328125 0.05416666666666667 0.0265625
0 0.07847222222222222 0.5265625 0.06666666666666667 0.03046875