0 0.8854166666666666 0.3234375 0.05138888888888889 0.0390625
0 0.8361111111111111 0.325390625 0.10833333333333334 0.059375
0 0.8625 0.3453125 0.034722222222222224 0.02109375
0 0.6979166666666666 0.374609375 0.09583333333333334 0.05390625
0 0.5597222222222222 0.394921875 0.08055555555555556 0.0453125
0 0.5576388888888889 0.434375 0.09444444444444444 0.05390625
0 0.45625 0.352734375 0.08055555555555556 0.046875
0 0.4798611111111111 0.402734375 0.1125 0.0625
0 0.475 0.4484375 0.10138888888888889 0.0515625
0 0.49375 0.469921875 0.075 0.03984375
0 0.4263888888888889 0.474609375 0.05694444444444444 0.03203125
0 0.3729166666666667 0.4265625 0.06944444444444445 0.04375
0 0.26666666666666666 0.3546875 0.06666666666666667 0.040625
0 0.33055555555555555 0.435546875 0.08055555555555556 0.04921875
0 0.1909722222222222 0.278515625 0.05 0.0203125
0 0.35694444444444445 0.48359375 0.07222222222222222 0.04765625
0 0.11666666666666667 0.404296875 0.0625 0.03203125
0 0.1673611111111111 0.4828125 0.07777777777777778 0.0421875