0 0.024305555555555556 0.4609375 0.04861111111111111 0.0328125
0 0.10625 0.54296875 0.06666666666666667 0.0375
0 0.025694444444444443 0.423046875 0.04583333333333333 0.02421875
0 0.049305555555555554 0.449609375 0.041666666666666664 0.02578125
0 0.06458333333333334 0.41640625 0.041666666666666664 0.0234375
0 0.08611111111111111 0.428515625 0.06527777777777778 0.03828125
0 0.13472222222222222 0.425 0.06944444444444445 0.03984375
0 0.14444444444444443 0.45546875 0.04722222222222222 0.03125
0 0.22361111111111112 0.542578125 0.0625 0.0375
0 0.06180555555555556 0.2984375 0.05416666666666667 0.01796875
0 0.24513888888888888 0.565625 0.05138888888888889 0.02890625
0 0.19305555555555556 0.444140625 0.04583333333333333 0.0234375
0 0.25277777777777777 0.391015625 0.06527777777777778 0.03671875
0 0.525 0.7828125 0.06944444444444445 0.0328125
0 0.34791666666666665 0.496875 0.059722222222222225 0.03671875
0 0.28888888888888886 0.36015625 0.05416666666666667 0.03515625
0 0.3138888888888889 0.3875 0.0625 0.03515625
0 0.36319444444444443 0.446484375 0.06805555555555555 0.0328125
0 0.27361111111111114 0.335546875 0.03888888888888889 0.02578125
0 0.38472222222222224 0.476953125 0.059722222222222225 0.0359375
0 0.27569444444444446 0.26015625 0.07083333333333333 0.03359375
0 0.4548611111111111 0.42421875 0.04722222222222222 0.025
0 0.5625 0.512109375 0.06944444444444445 0.0359375
0 0.7298611111111111 0.7203125 0.03194444444444444 0.02265625
0 0.6263888888888889 0.38125 0.03888888888888889 0.02265625
0 0.8736111111111111 0.706640625 0.05416666666666667 0.0296875
0 0.7847222222222222 0.57109375 0.03611111111111111 0.0234375
0 0.7472222222222222 0.490234375 0.06111111111111111 0.0328125
0 0.8715277777777778 0.6640625 0.07222222222222222 0.0390625
0 0.6 0.212890625 0.059722222222222225 0.0296875
0 0.7784722222222222 0.469921875 0.05416666666666667 0.03203125