0 0.3506944444444444 0.283984375 0.044444444444444446 0.03515625
0 0.3402777777777778 0.700390625 0.05277777777777778 0.028125
0 0.4 0.287890625 0.03194444444444444 0.01484375
0 0.3611111111111111 0.687890625 0.03888888888888889 0.0234375
0 0.42986111111111114 0.321484375 0.04861111111111111 0.02890625
0 0.45694444444444443 0.2640625 0.04861111111111111 0.03125
0 0.4930555555555556 0.251171875 0.029166666666666667 0.0171875
0 0.49444444444444446 0.287109375 0.03333333333333333 0.0203125
0 0.5041666666666667 0.323828125 0.04861111111111111 0.0265625
0 0.4951388888888889 0.769140625 0.04583333333333333 0.021875
0 0.5541666666666667 0.340234375 0.04583333333333333 0.02734375
0 0.5708333333333333 0.32578125 0.05694444444444444 0.02890625
0 0.5263888888888889 0.7734375 0.05 0.01875
0 0.6090277777777777 0.271875 0.02361111111111111 0.01640625
0 0.5645833333333333 0.70703125 0.041666666666666664 0.0234375
0 0.5680555555555555 0.7296875 0.022222222222222223 0.01484375
0 0.5951388888888889 0.66484375 0.03333333333333333 0.021875
0 0.6027777777777777 0.71328125 0.03888888888888889 0.025
0 0.6333333333333333 0.7796875 0.05277777777777778 0.015625
0 0.6930555555555555 0.375 0.05555555555555555 0.03359375
0 0.6416666666666667 0.71796875 0.03611111111111111 0.0234375
0 0.6548611111111111 0.621484375 0.03611111111111111 0.02578125
0 0.6465277777777778 0.76484375 0.044444444444444446 0.0234375
0 0.7180555555555556 0.2890625 0.05416666666666667 0.03828125
0 0.6840277777777778 0.59921875 0.03611111111111111 0.02421875
0 0.6895833333333333 0.66640625 0.03333333333333333 0.02734375
0 0.68125 0.77734375 0.044444444444444446 0.021875
0 0.7541666666666667 0.333203125 0.05555555555555555 0.03515625
0 0.7173611111111111 0.5890625 0.04583333333333333 0.0375
0 0.7493055555555556 0.444140625 0.03888888888888889 0.0296875
0 0.7888888888888889 0.36796875 0.04861111111111111 0.0265625
0 0.7916666666666666 0.411328125 0.05555555555555555 0.03125
0 0.8180555555555555 0.254296875 0.03194444444444444 0.028125
0 0.8381944444444445 0.309375 0.041666666666666664 0.02109375
0 0.8347222222222223 0.43125 0.05 0.03046875
0 0.9548611111111112 0.26875 0.05138888888888889 0.01875
0 0.95 0.297265625 0.041666666666666664 0.02578125