0 0.25763888888888886 0.90625 0.06111111111111111 0.03671875
0 0.21736111111111112 0.875390625 0.05277777777777778 0.028125
0 0.25833333333333336 0.830078125 0.05277777777777778 0.02890625
0 0.1909722222222222 0.7890625 0.05694444444444444 0.03203125
0 0.3611111111111111 0.8203125 0.05 0.02890625
0 0.24166666666666667 0.790625 0.05 0.02734375
0 0.22430555555555556 0.76484375 0.04583333333333333 0.02578125
0 0.1909722222222222 0.751953125 0.05 0.028125
0 0.27708333333333335 0.764453125 0.04027777777777778 0.03203125
0 0.2652777777777778 0.74375 0.04583333333333333 0.02265625
0 0.33611111111111114 0.75625 0.03888888888888889 0.02265625
0 0.2361111111111111 0.736328125 0.034722222222222224 0.01796875
0 0.3840277777777778 0.733984375 0.034722222222222224 0.01953125
0 0.27847222222222223 0.707421875 0.043055555555555555 0.02421875
0 0.20902777777777778 0.6875 0.04583333333333333 0.02578125
0 0.3784722222222222 0.72109375 0.05138888888888889 0.02890625
0 0.24930555555555556 0.6734375 0.0625 0.03359375
0 0.4888888888888889 0.719140625 0.06388888888888888 0.03515625
0 0.38263888888888886 0.6984375 0.05 0.02734375
0 0.4395833333333333 0.706640625 0.05277777777777778 0.0296875
0 0.3416666666666667 0.676171875 0.03888888888888889 0.02265625
0 0.5430555555555555 0.69609375 0.06111111111111111 0.03203125
0 0.37916666666666665 0.65703125 0.05416666666666667 0.03046875
0 0.33541666666666664 0.623046875 0.05 0.02109375
0 0.42430555555555555 0.63203125 0.05694444444444444 0.0328125
0 0.3680555555555556 0.615234375 0.04722222222222222 0.0265625
0 0.4951388888888889 0.640234375 0.044444444444444446 0.02578125
0 0.4791666666666667 0.64296875 0.011111111111111112 0.00859375
0 0.2833333333333333 0.5859375 0.05694444444444444 0.03359375
0 0.41944444444444445 0.6125 0.06111111111111111 0.0328125
0 0.4548611111111111 0.620703125 0.0375 0.01953125
0 0.25833333333333336 0.53046875 0.05416666666666667 0.0265625
0 0.6333333333333333 0.584375 0.06805555555555555 0.034375
0 0.26319444444444445 0.501171875 0.05416666666666667 0.028125
0 0.3368055555555556 0.517578125 0.05 0.02578125
0 0.3194444444444444 0.493359375 0.06111111111111111 0.03203125
0 0.36666666666666664 0.50703125 0.04722222222222222 0.02265625
0 0.5458333333333333 0.525 0.03333333333333333 0.028125
0 0.27569444444444446 0.46328125 0.05416666666666667 0.0265625
0 0.25625 0.440625 0.027777777777777776 0.01875
0 0.3326388888888889 0.451953125 0.04027777777777778 0.028125
0 0.6868055555555556 0.52890625 0.03888888888888889 0.02421875
0 0.9611111111111111 0.582421875 0.04027777777777778 0.03046875
0 0.15625 0.4078125 0.05138888888888889 0.02890625
0 0.47291666666666665 0.473046875 0.04722222222222222 0.02890625
0 0.7298611111111111 0.529296875 0.03333333333333333 0.01875
0 0.5208333333333334 0.47421875 0.043055555555555555 0.0203125
0 0.6277777777777778 0.491796875 0.04583333333333333 0.02421875
0 0.9486111111111111 0.5515625 0.05694444444444444 0.03359375
0 0.2875 0.40234375 0.0375 0.0203125
0 0.4166666666666667 0.4171875 0.04583333333333333 0.02578125
0 0.48541666666666666 0.390234375 0.043055555555555555 0.0234375
0 0.6375 0.389453125 0.06111111111111111 0.0359375
0 0.8958333333333334 0.44453125 0.03333333333333333 0.021875
0 0.32083333333333336 0.31484375 0.04861111111111111 0.02421875
0 0.4013888888888889 0.289453125 0.05694444444444444 0.03203125
0 0.42291666666666666 0.2890625 0.04027777777777778 0.02265625
0 0.7111111111111111 0.33984375 0.059722222222222225 0.034375
0 0.23055555555555557 0.184765625 0.04861111111111111 0.021875
0 0.75 0.294140625 0.05 0.02421875
0 0.3159722222222222 0.1734375 0.06666666666666667 0.0375
0 0.9930555555555556 0.305859375 0.011111111111111112 0.02109375
0 0.8645833333333334 0.207421875 0.09861111111111111 0.05703125
0 0.9041666666666667 0.127734375 0.08194444444444444 0.05078125