0 0.23125 0.431640625 0.030555555555555555 0.0171875
0 0.2076388888888889 0.408984375 0.03611111111111111 0.01953125
0 0.29097222222222224 0.444921875 0.06527777777777778 0.03671875
0 0.32222222222222224 0.4484375 0.059722222222222225 0.03359375
0 0.7930555555555555 0.71328125 0.0625 0.03515625
0 0.33541666666666664 0.394921875 0.03888888888888889 0.02109375
0 0.8479166666666667 0.687109375 0.0625 0.034375
0 0.83125 0.675 0.03611111111111111 0.0203125
0 0.2763888888888889 0.329296875 0.041666666666666664 0.0234375
0 0.3333333333333333 0.341015625 0.05277777777777778 0.02890625
0 0.8756944444444444 0.662890625 0.07361111111111111 0.04140625
0 0.3375 0.314453125 0.06111111111111111 0.034375
0 0.9020833333333333 0.6578125 0.06111111111111111 0.034375
0 0.45069444444444445 0.361328125 0.06111111111111111 0.034375
0 0.43125 0.34453125 0.034722222222222224 0.01953125
0 0.5215277777777778 0.3828125 0.05277777777777778 0.03046875
0 0.47708333333333336 0.342578125 0.058333333333333334 0.0328125
0 0.41875 0.279296875 0.06944444444444445 0.0390625
0 0.4979166666666667 0.325 0.044444444444444446 0.025
0 0.45208333333333334 0.287109375 0.058333333333333334 0.0328125
0 0.6201388888888889 0.394140625 0.05277777777777778 0.0296875
0 0.9409722222222222 0.578125 0.07222222222222222 0.040625
0 0.6631944444444444 0.403125 0.04027777777777778 0.02265625
0 0.65 0.388671875 0.0375 0.02109375
0 0.46111111111111114 0.264453125 0.05416666666666667 0.03046875
0 0.5972222222222222 0.341796875 0.05416666666666667 0.03125
0 0.4125 0.2234375 0.05 0.028125
0 0.6875 0.384375 0.041666666666666664 0.02265625
0 0.7083333333333334 0.393359375 0.0375 0.02109375
0 0.9048611111111111 0.501171875 0.0625 0.0359375
0 0.9847222222222223 0.53671875 0.029166666666666667 0.015625
0 0.9694444444444444 0.516015625 0.058333333333333334 0.04453125
0 0.9736111111111111 0.4828125 0.05 0.0453125