0 0.6027777777777777 0.030859375 0.05416666666666667 0.0328125
0 0.4909722222222222 0.116015625 0.04722222222222222 0.028125
0 0.5993055555555555 0.142578125 0.06666666666666667 0.0421875
0 0.5479166666666667 0.14609375 0.059722222222222225 0.0390625
0 0.5090277777777777 0.143359375 0.03194444444444444 0.02421875
0 0.5541666666666667 0.166796875 0.02361111111111111 0.01171875
0 0.6180555555555556 0.26015625 0.04027777777777778 0.0203125
0 0.6798611111111111 0.28984375 0.027777777777777776 0.0140625
0 0.6173611111111111 0.302734375 0.016666666666666666 0.01171875
0 0.6798611111111111 0.3171875 0.03333333333333333 0.025
0 0.5826388888888889 0.323046875 0.025 0.01484375
0 0.5347222222222222 0.340625 0.06666666666666667 0.03984375
0 0.4548611111111111 0.362109375 0.06111111111111111 0.03203125
0 0.4222222222222222 0.38203125 0.04027777777777778 0.02578125
0 0.5076388888888889 0.3890625 0.02638888888888889 0.02109375
0 0.7125 0.4203125 0.03194444444444444 0.0265625
0 0.6951388888888889 0.424609375 0.043055555555555555 0.0265625
0 0.5736111111111111 0.469921875 0.044444444444444446 0.0296875
0 0.5444444444444444 0.476953125 0.05138888888888889 0.03515625
0 0.5118055555555555 0.478515625 0.058333333333333334 0.03671875
0 0.7145833333333333 0.4921875 0.04583333333333333 0.0265625
0 0.7465277777777778 0.491015625 0.02361111111111111 0.02109375
0 0.6298611111111111 0.49609375 0.05555555555555555 0.0296875
0 0.34097222222222223 0.541796875 0.05 0.03203125
0 0.5513888888888889 0.571484375 0.07222222222222222 0.0390625
0 0.61875 0.5921875 0.06111111111111111 0.03671875
0 0.4270833333333333 0.585546875 0.04722222222222222 0.015625
0 0.5722222222222222 0.6046875 0.04583333333333333 0.03125
0 0.36944444444444446 0.592578125 0.043055555555555555 0.021875
0 0.5173611111111112 0.616015625 0.07361111111111111 0.0359375
0 0.6493055555555556 0.615625 0.04583333333333333 0.021875
0 0.7006944444444444 0.62109375 0.041666666666666664 0.01953125
0 0.48055555555555557 0.64296875 0.041666666666666664 0.02421875
0 0.5694444444444444 0.65625 0.03888888888888889 0.0234375
0 0.6152777777777778 0.66875 0.05416666666666667 0.03203125
0 0.9638888888888889 0.692578125 0.022222222222222223 0.0171875
0 0.5784722222222223 0.696484375 0.06527777777777778 0.03203125
0 0.3958333333333333 0.7453125 0.03333333333333333 0.01875
0 0.2604166666666667 0.74453125 0.06388888888888888 0.0234375
0 0.6263888888888889 0.778125 0.06111111111111111 0.03984375
0 0.4083333333333333 0.844140625 0.05555555555555555 0.02578125
0 0.06875 0.8328125 0.044444444444444446 0.02265625
0 0.2659722222222222 0.85625 0.06388888888888888 0.0375
0 0.6486111111111111 0.946484375 0.0763888888888889 0.05
0 0.4263888888888889 0.9703125 0.07083333333333333 0.03828125