0 0.9736111111111111 0.80546875 0.029166666666666667 0.01640625
0 0.9826388888888888 0.790234375 0.03194444444444444 0.02578125
0 0.9895833333333334 0.771484375 0.018055555555555554 0.02890625
0 0.9694444444444444 0.788671875 0.044444444444444446 0.025
0 0.7798611111111111 0.86015625 0.04583333333333333 0.02578125
0 0.7555555555555555 0.874609375 0.034722222222222224 0.01953125
0 0.9930555555555556 0.7375 0.011111111111111112 0.025
0 0.8180555555555555 0.823046875 0.04722222222222222 0.0265625
0 0.7888888888888889 0.83515625 0.03888888888888889 0.02109375
0 0.9527777777777777 0.748046875 0.05 0.028125
0 0.8541666666666666 0.78828125 0.05 0.028125
0 0.9520833333333333 0.727734375 0.041666666666666664 0.0234375
0 0.8118055555555556 0.79375 0.044444444444444446 0.02578125
0 0.5659722222222222 0.901953125 0.06111111111111111 0.034375
0 0.9881944444444445 0.6703125 0.020833333333333332 0.028125
0 0.9833333333333333 0.6796875 0.030555555555555555 0.021875
0 0.9673611111111111 0.68203125 0.03194444444444444 0.01875
0 0.5958333333333333 0.8453125 0.043055555555555555 0.02421875
0 0.8381944444444445 0.723046875 0.041666666666666664 0.0234375
0 0.9340277777777778 0.664453125 0.04027777777777778 0.02265625
0 0.5736111111111111 0.8328125 0.04583333333333333 0.025
0 0.9868055555555556 0.61328125 0.02361111111111111 0.0265625
0 0.8041666666666667 0.704296875 0.03333333333333333 0.01875
0 0.5104166666666666 0.84375 0.03194444444444444 0.01875
0 0.9861111111111112 0.593359375 0.025 0.02734375
0 0.7333333333333333 0.71640625 0.03611111111111111 0.0203125
0 0.6180555555555556 0.759765625 0.05 0.028125
0 0.4756944444444444 0.822265625 0.05555555555555555 0.03046875
0 0.7493055555555556 0.6828125 0.04722222222222222 0.02734375
0 0.98125 0.56953125 0.034722222222222224 0.0234375
0 0.9152777777777777 0.59765625 0.043055555555555555 0.02421875
0 0.9243055555555556 0.583984375 0.04027777777777778 0.02265625
0 0.8395833333333333 0.62109375 0.05416666666666667 0.03046875
0 0.6840277777777778 0.692578125 0.04722222222222222 0.0265625
0 0.9895833333333334 0.53359375 0.018055555555555554 0.025
0 0.7645833333333333 0.642578125 0.04027777777777778 0.02265625
0 0.5243055555555556 0.744921875 0.05138888888888889 0.02890625
0 0.8861111111111111 0.56015625 0.044444444444444446 0.025
0 0.9583333333333334 0.524609375 0.027777777777777776 0.015625
0 0.8020833333333334 0.58984375 0.034722222222222224 0.0203125
0 0.8888888888888888 0.5296875 0.03611111111111111 0.01953125
0 0.6152777777777778 0.655078125 0.058333333333333334 0.0328125
0 0.8798611111111111 0.521875 0.03611111111111111 0.0203125
0 0.5388888888888889 0.680859375 0.03194444444444444 0.01796875
0 0.32222222222222224 0.780078125 0.04583333333333333 0.02578125
0 0.49930555555555556 0.689453125 0.04722222222222222 0.0265625
0 0.44513888888888886 0.714453125 0.043055555555555555 0.02421875
0 0.5888888888888889 0.641796875 0.043055555555555555 0.02421875
0 0.7472222222222222 0.562890625 0.03611111111111111 0.01953125
0 0.8277777777777777 0.506640625 0.030555555555555555 0.0171875
0 0.36319444444444443 0.72890625 0.043055555555555555 0.02421875
0 0.5597222222222222 0.626171875 0.059722222222222225 0.03359375
0 0.43680555555555556 0.685546875 0.05277777777777778 0.02890625
0 0.5715277777777777 0.608984375 0.05138888888888889 0.0296875
0 0.6895833333333333 0.55234375 0.041666666666666664 0.0234375
0 0.9465277777777777 0.42578125 0.03333333333333333 0.01875
0 0.84375 0.476953125 0.03333333333333333 0.01875
0 0.4131944444444444 0.678515625 0.043055555555555555 0.0234375
0 0.26805555555555555 0.743359375 0.0375 0.02109375
0 0.6611111111111111 0.5484375 0.03333333333333333 0.01875
0 0.3875 0.658203125 0.044444444444444446 0.025
0 0.3458333333333333 0.6765625 0.03194444444444444 0.0171875
0 0.75625 0.46015625 0.0625 0.03515625
0 0.40069444444444446 0.640234375 0.03888888888888889 0.02109375
0 0.6409722222222223 0.519140625 0.04861111111111111 0.0265625
0 0.8034722222222223 0.41953125 0.07777777777777778 0.04453125
0 0.6569444444444444 0.49921875 0.05 0.028125
0 0.8423611111111111 0.40703125 0.034722222222222224 0.0203125
0 0.1951388888888889 0.724609375 0.029166666666666667 0.0171875
0 0.7027777777777777 0.469921875 0.04722222222222222 0.02734375
0 0.8645833333333334 0.3890625 0.05138888888888889 0.0296875
0 0.25833333333333336 0.685546875 0.05277777777777778 0.0296875
0 0.6277777777777778 0.495703125 0.044444444444444446 0.02578125
0 0.8097222222222222 0.404296875 0.0625 0.034375
0 0.8916666666666667 0.365234375 0.05694444444444444 0.03203125
0 0.22152777777777777 0.6875 0.04722222222222222 0.0265625
0 0.7027777777777777 0.448828125 0.03888888888888889 0.02109375
0 0.8166666666666667 0.3796875 0.07361111111111111 0.04140625
0 0.7201388888888889 0.43359375 0.043055555555555555 0.025
0 0.37569444444444444 0.58984375 0.04861111111111111 0.02734375
0 0.6923611111111111 0.427734375 0.04583333333333333 0.025
0 0.6159722222222223 0.466015625 0.03888888888888889 0.02109375
0 0.46944444444444444 0.5296875 0.07222222222222222 0.0390625
0 0.7034722222222223 0.415625 0.043055555555555555 0.02421875
0 0.5270833333333333 0.504296875 0.04583333333333333 0.025
0 0.7541666666666667 0.37734375 0.07916666666666666 0.04453125
0 0.6152777777777778 0.445703125 0.0375 0.021875
0 0.69375 0.401171875 0.0375 0.02109375
0 0.66875 0.40390625 0.03611111111111111 0.0203125
0 0.8465277777777778 0.3140625 0.04861111111111111 0.0265625
0 0.4895833333333333 0.484765625 0.059722222222222225 0.03359375
0 0.6784722222222223 0.389453125 0.03888888888888889 0.02109375
0 0.24791666666666667 0.5859375 0.05694444444444444 0.03203125
0 0.2 0.604296875 0.05 0.028125
0 0.2076388888888889 0.5890625 0.041666666666666664 0.0234375
0 0.3840277777777778 0.493359375 0.06666666666666667 0.03671875
0 0.23680555555555555 0.568359375 0.043055555555555555 0.02421875
0 0.08333333333333333 0.6390625 0.04722222222222222 0.0265625
0 0.24722222222222223 0.557421875 0.027777777777777776 0.01640625
0 0.22013888888888888 0.561328125 0.030555555555555555 0.0171875
0 0.07569444444444444 0.62890625 0.04722222222222222 0.02578125
0 0.3138888888888889 0.503515625 0.05694444444444444 0.0328125
0 0.1076388888888889 0.583203125 0.05277777777777778 0.0296875
0 0.06527777777777778 0.576953125 0.05694444444444444 0.03203125
0 0.21666666666666667 0.47734375 0.04583333333333333 0.0265625
0 0.24791666666666667 0.4328125 0.034722222222222224 0.01953125
0 0.2 0.440234375 0.04861111111111111 0.02734375
0 0.21041666666666667 0.422265625 0.058333333333333334 0.03359375