0 0.11527777777777778 0.35859375 0.06805555555555555 0.0375
0 0.08472222222222223 0.4171875 0.06527777777777778 0.0328125
0 0.03888888888888889 0.58359375 0.05138888888888889 0.02578125
0 0.09861111111111111 0.49453125 0.05416666666666667 0.03046875
0 0.07361111111111111 0.54765625 0.04583333333333333 0.0265625
0 0.12986111111111112 0.472265625 0.05416666666666667 0.0296875
0 0.21458333333333332 0.3828125 0.058333333333333334 0.0328125
0 0.20555555555555555 0.4140625 0.06527777777777778 0.03359375
0 0.14722222222222223 0.504296875 0.044444444444444446 0.02734375
0 0.18541666666666667 0.488671875 0.05694444444444444 0.03203125
0 0.16875 0.541796875 0.06527777777777778 0.03125
0 0.1875 0.521484375 0.0625 0.03671875
0 0.28888888888888886 0.4765625 0.044444444444444446 0.02265625
0 0.32708333333333334 0.46640625 0.06111111111111111 0.03671875
0 0.30694444444444446 0.5328125 0.06666666666666667 0.03671875
0 0.3263888888888889 0.519140625 0.03333333333333333 0.0203125
0 0.29305555555555557 0.5796875 0.04027777777777778 0.0265625
0 0.36527777777777776 0.4921875 0.059722222222222225 0.034375
0 0.38958333333333334 0.515234375 0.04722222222222222 0.03046875
0 0.43194444444444446 0.544921875 0.07083333333333333 0.0375
0 0.5256944444444445 0.49453125 0.05555555555555555 0.0328125
0 0.6145833333333334 0.480859375 0.07916666666666666 0.03359375
0 0.6541666666666667 0.481640625 0.034722222222222224 0.01953125
0 0.8430555555555556 0.29453125 0.0625 0.0359375
0 0.6145833333333334 0.686328125 0.04722222222222222 0.02734375
0 0.8666666666666667 0.31953125 0.05416666666666667 0.0265625
0 0.7493055555555556 0.514453125 0.07222222222222222 0.04140625
0 0.8805555555555555 0.30078125 0.04722222222222222 0.03046875
0 0.6701388888888888 0.636328125 0.043055555555555555 0.02578125
0 0.8791666666666667 0.351953125 0.05555555555555555 0.0328125
0 0.6993055555555555 0.628515625 0.044444444444444446 0.03046875
0 0.89375 0.3734375 0.06527777777777778 0.03359375
0 0.8576388888888888 0.409765625 0.03333333333333333 0.02109375
0 0.6993055555555555 0.687109375 0.05138888888888889 0.03125
0 0.8548611111111111 0.4484375 0.044444444444444446 0.02734375
0 0.7333333333333333 0.6359375 0.043055555555555555 0.0265625
0 0.7013888888888888 0.70859375 0.05 0.02578125
0 0.8888888888888888 0.43125 0.06805555555555555 0.04140625
0 0.76875 0.626953125 0.04722222222222222 0.0296875
0 0.8944444444444445 0.455859375 0.0375 0.021875
0 0.9270833333333334 0.428125 0.06527777777777778 0.03671875
0 0.975 0.3859375 0.04722222222222222 0.0328125