0 0.9604166666666667 0.4 0.029166666666666667 0.02265625
0 0.8597222222222223 0.341015625 0.06666666666666667 0.03671875
0 0.9611111111111111 0.4515625 0.03611111111111111 0.01640625
0 0.9229166666666667 0.41484375 0.044444444444444446 0.0234375
0 0.9416666666666667 0.455859375 0.05 0.02421875
0 0.9166666666666666 0.429296875 0.03611111111111111 0.0203125
0 0.9791666666666666 0.5859375 0.03611111111111111 0.021875
0 0.8479166666666667 0.455078125 0.030555555555555555 0.01484375
0 0.7965277777777777 0.43125 0.0375 0.01875
0 0.9333333333333333 0.626171875 0.030555555555555555 0.0171875
0 0.8402777777777778 0.55390625 0.06388888888888888 0.0359375
0 0.7152777777777778 0.4265625 0.05416666666666667 0.03203125
0 0.6805555555555556 0.39375 0.05555555555555555 0.02734375
0 0.6930555555555555 0.41484375 0.04861111111111111 0.01953125
0 0.7673611111111112 0.49453125 0.027777777777777776 0.0171875
0 0.8076388888888889 0.563671875 0.05 0.03046875
0 0.7520833333333333 0.5 0.025 0.0140625
0 0.8152777777777778 0.595703125 0.06111111111111111 0.03203125
0 0.7965277777777777 0.582421875 0.06527777777777778 0.03046875
0 0.8125 0.612109375 0.07916666666666666 0.04453125
0 0.7840277777777778 0.60546875 0.044444444444444446 0.021875
0 0.7909722222222222 0.63125 0.058333333333333334 0.03125
0 0.6583333333333333 0.491015625 0.05 0.028125
0 0.7444444444444445 0.59375 0.043055555555555555 0.025
0 0.7131944444444445 0.597265625 0.06527777777777778 0.03671875
0 0.4444444444444444 0.287890625 0.058333333333333334 0.04140625
0 0.6590277777777778 0.5859375 0.04027777777777778 0.021875
0 0.59375 0.5125 0.04027777777777778 0.02421875
0 0.5506944444444445 0.47734375 0.0625 0.034375
0 0.5680555555555555 0.49296875 0.0375 0.01953125
0 0.5972222222222222 0.551171875 0.059722222222222225 0.034375
0 0.6055555555555555 0.575390625 0.03888888888888889 0.02421875
0 0.6194444444444445 0.590234375 0.030555555555555555 0.01640625
0 0.6159722222222223 0.620703125 0.02638888888888889 0.0140625
0 0.5888888888888889 0.619921875 0.059722222222222225 0.03046875
0 0.60625 0.676171875 0.06388888888888888 0.0390625
0 0.4736111111111111 0.652734375 0.0625 0.0328125
0 0.32708333333333334 0.563671875 0.04722222222222222 0.02734375
0 0.39375 0.66484375 0.07222222222222222 0.04140625
0 0.3458333333333333 0.61015625 0.04583333333333333 0.02734375
0 0.24027777777777778 0.565625 0.043055555555555555 0.02734375
0 0.06666666666666667 0.4078125 0.05416666666666667 0.02890625
0 0.3104166666666667 0.7015625 0.0625 0.034375
0 0.07291666666666667 0.4296875 0.059722222222222225 0.034375
0 0.2875 0.682421875 0.06388888888888888 0.03515625