0 0.7166666666666667 0.56875 0.06527777777777778 0.03671875
0 0.6194444444444445 0.560546875 0.059722222222222225 0.03359375
0 0.39861111111111114 0.573046875 0.05555555555555555 0.03125
0 0.6701388888888888 0.391015625 0.04861111111111111 0.0265625
0 0.6659722222222222 0.24921875 0.0625 0.03515625
0 0.3736111111111111 0.41953125 0.05416666666666667 0.03125
0 0.5409722222222222 0.309375 0.05277777777777778 0.0296875
0 0.63125 0.251953125 0.03611111111111111 0.0203125
0 0.5548611111111111 0.288671875 0.04722222222222222 0.02734375
0 0.3659722222222222 0.401171875 0.059722222222222225 0.0328125
0 0.63125 0.217578125 0.0625 0.03515625
0 0.3388888888888889 0.405078125 0.05277777777777778 0.0296875
0 0.41805555555555557 0.32734375 0.04027777777777778 0.021875