0 0.4305555555555556 0.886328125 0.04722222222222222 0.02578125
0 0.5076388888888889 0.852734375 0.06944444444444445 0.040625
0 0.4597222222222222 0.84765625 0.07222222222222222 0.040625
0 0.44305555555555554 0.819921875 0.06805555555555555 0.0390625
0 0.49027777777777776 0.79140625 0.07083333333333333 0.03828125
0 0.5027777777777778 0.771484375 0.08888888888888889 0.04921875
0 0.3923611111111111 0.807421875 0.025 0.02109375
0 0.53125 0.7125 0.06805555555555555 0.03671875
0 0.48819444444444443 0.72109375 0.0625 0.03515625
0 0.34305555555555556 0.744140625 0.0375 0.028125
0 0.4895833333333333 0.684765625 0.06944444444444445 0.03671875
0 0.325 0.725390625 0.04722222222222222 0.0296875
0 0.42569444444444443 0.683984375 0.05694444444444444 0.03203125
0 0.42777777777777776 0.659375 0.059722222222222225 0.03125
0 0.5277777777777778 0.623828125 0.08611111111111111 0.0421875
0 0.44930555555555557 0.639453125 0.07083333333333333 0.0359375
0 0.38055555555555554 0.650390625 0.06111111111111111 0.0359375
0 0.3590277777777778 0.6328125 0.04722222222222222 0.02578125
0 0.45069444444444445 0.5921875 0.07083333333333333 0.0390625
0 0.9895833333333334 0.453125 0.018055555555555554 0.0234375
0 0.5020833333333333 0.562890625 0.059722222222222225 0.03125
0 0.41944444444444445 0.5671875 0.04861111111111111 0.02421875
0 0.47708333333333336 0.5328125 0.1111111111111111 0.05625
0 0.8993055555555556 0.435546875 0.06111111111111111 0.03203125
0 0.9256944444444445 0.419921875 0.03888888888888889 0.0203125
0 0.33402777777777776 0.561328125 0.030555555555555555 0.015625
0 0.8013888888888889 0.42734375 0.04027777777777778 0.02265625
0 0.3541666666666667 0.52578125 0.0763888888888889 0.04140625
0 0.04791666666666667 0.601953125 0.0375 0.0234375
0 0.8805555555555555 0.39453125 0.041666666666666664 0.021875
0 0.08958333333333333 0.572265625 0.041666666666666664 0.02265625
0 0.03263888888888889 0.57578125 0.05416666666666667 0.034375
0 0.33819444444444446 0.5015625 0.04722222222222222 0.028125
0 0.7909722222222222 0.383203125 0.06666666666666667 0.03984375
0 0.12430555555555556 0.53515625 0.08611111111111111 0.05390625
0 0.2743055555555556 0.504296875 0.06388888888888888 0.03515625
0 0.21597222222222223 0.512109375 0.07083333333333333 0.040625
0 0.08819444444444445 0.535546875 0.06388888888888888 0.0390625
0 0.36944444444444446 0.468359375 0.06666666666666667 0.034375
0 0.25416666666666665 0.4609375 0.07361111111111111 0.05078125
0 0.024305555555555556 0.52265625 0.04861111111111111 0.0375
0 0.7201388888888889 0.3390625 0.04027777777777778 0.02578125
0 0.33819444444444446 0.41640625 0.05416666666666667 0.03203125
0 0.050694444444444445 0.481640625 0.058333333333333334 0.0328125
0 0.08263888888888889 0.478515625 0.027777777777777776 0.01796875
0 0.8201388888888889 0.266796875 0.059722222222222225 0.034375
0 0.6201388888888889 0.31875 0.059722222222222225 0.03046875
0 0.7479166666666667 0.265234375 0.07361111111111111 0.03984375
0 0.2604166666666667 0.38828125 0.05555555555555555 0.03359375
0 0.20972222222222223 0.393359375 0.06944444444444445 0.04140625
0 0.09722222222222222 0.419921875 0.06111111111111111 0.0375
0 0.05486111111111111 0.383984375 0.06944444444444445 0.03828125
0 0.3958333333333333 0.29375 0.05694444444444444 0.03515625
0 0.36319444444444443 0.2984375 0.07083333333333333 0.04140625
0 0.08680555555555555 0.308984375 0.05416666666666667 0.0359375
0 0.017361111111111112 0.32890625 0.034722222222222224 0.0390625
0 0.08611111111111111 0.28046875 0.06666666666666667 0.03515625
0 0.007638888888888889 0.269140625 0.015277777777777777 0.04140625