0 0.35 0.721484375 0.07777777777777778 0.04375
0 0.3770833333333333 0.571875 0.030555555555555555 0.0171875
0 0.49722222222222223 0.589453125 0.027777777777777776 0.0140625
0 0.5083333333333333 0.551171875 0.059722222222222225 0.03359375
0 0.44027777777777777 0.53359375 0.03611111111111111 0.01953125
0 0.7576388888888889 0.60625 0.07361111111111111 0.0421875
0 0.5354166666666667 0.50703125 0.07083333333333333 0.04140625
0 0.47291666666666665 0.4796875 0.06527777777777778 0.03828125
0 0.4534722222222222 0.466015625 0.05416666666666667 0.03359375
0 0.2847222222222222 0.411328125 0.06388888888888888 0.03671875
0 0.125 0.36796875 0.05138888888888889 0.02578125
0 0.31666666666666665 0.416796875 0.0375 0.0203125
0 0.3597222222222222 0.4203125 0.05277777777777778 0.03046875
0 0.3486111111111111 0.4109375 0.05416666666666667 0.03046875
0 0.3194444444444444 0.403515625 0.04027777777777778 0.02421875
0 0.7805555555555556 0.528125 0.07083333333333333 0.04140625
0 0.49236111111111114 0.43359375 0.05 0.03046875
0 0.44166666666666665 0.387109375 0.0625 0.034375
0 0.48055555555555557 0.403515625 0.03888888888888889 0.0203125
0 0.6722222222222223 0.444140625 0.05694444444444444 0.034375
0 0.4125 0.35859375 0.0625 0.03203125
0 0.6888888888888889 0.4375 0.04722222222222222 0.0265625
0 0.31180555555555556 0.323046875 0.06388888888888888 0.0328125
0 0.45902777777777776 0.35859375 0.075 0.0421875
0 0.9631944444444445 0.50625 0.041666666666666664 0.02578125
0 0.3993055555555556 0.33359375 0.06944444444444445 0.03671875
0 0.9333333333333333 0.491796875 0.03194444444444444 0.015625
0 0.46944444444444444 0.32421875 0.06666666666666667 0.03515625
0 0.4152777777777778 0.297265625 0.075 0.046875
0 0.6791666666666667 0.376171875 0.05555555555555555 0.034375
0 0.6340277777777777 0.3375 0.06388888888888888 0.03515625
0 0.6784722222222223 0.339453125 0.07222222222222222 0.040625
0 0.4930555555555556 0.27421875 0.06527777777777778 0.03359375
0 0.6888888888888889 0.312890625 0.06527777777777778 0.03671875
0 0.7361111111111112 0.32421875 0.06388888888888888 0.03359375
0 0.8069444444444445 0.235546875 0.06388888888888888 0.0359375