0 0.9354166666666667 0.369140625 0.03333333333333333 0.028125
0 0.60625 0.332421875 0.05555555555555555 0.02890625
0 0.6180555555555556 0.35 0.04027777777777778 0.02421875
0 0.6888888888888889 0.50546875 0.05555555555555555 0.02734375
0 0.7180555555555556 0.52890625 0.043055555555555555 0.0234375
0 0.6875 0.530078125 0.03888888888888889 0.02421875
0 0.6895833333333333 0.571484375 0.059722222222222225 0.03046875
0 0.5020833333333333 0.380859375 0.06944444444444445 0.0390625
0 0.6097222222222223 0.49453125 0.041666666666666664 0.02109375
0 0.43819444444444444 0.34453125 0.04583333333333333 0.02421875
0 0.5534722222222223 0.480078125 0.04722222222222222 0.02734375
0 0.45902777777777776 0.39921875 0.05277777777777778 0.03046875
0 0.25 0.31953125 0.0375 0.01953125
0 0.21666666666666667 0.31015625 0.05138888888888889 0.03125
0 0.30069444444444443 0.409765625 0.05 0.02734375
0 0.32569444444444445 0.439453125 0.03333333333333333 0.01953125
0 0.30486111111111114 0.430078125 0.043055555555555555 0.025
0 0.575 0.7296875 0.02638888888888889 0.015625
0 0.225 0.454296875 0.05138888888888889 0.0296875
0 0.3840277777777778 0.644921875 0.05 0.02421875
0 0.18194444444444444 0.44296875 0.07916666666666666 0.04609375
0 0.4465277777777778 0.75390625 0.03194444444444444 0.01640625
0 0.13819444444444445 0.471484375 0.059722222222222225 0.03515625
0 0.4097222222222222 0.77421875 0.059722222222222225 0.034375
0 0.43680555555555556 0.793359375 0.034722222222222224 0.01953125
0 0.3625 0.727734375 0.041666666666666664 0.021875
0 0.4076388888888889 0.8046875 0.04861111111111111 0.0234375
0 0.2659722222222222 0.6515625 0.030555555555555555 0.0140625
0 0.11180555555555556 0.617578125 0.04583333333333333 0.03125