0 0.2076388888888889 0.45078125 0.03888888888888889 0.021875
0 0.1423611111111111 0.394921875 0.04861111111111111 0.02734375
0 0.6465277777777778 0.623046875 0.04583333333333333 0.025
0 0.26319444444444445 0.371484375 0.03611111111111111 0.0203125
0 0.6770833333333334 0.60625 0.04861111111111111 0.02734375
0 0.32569444444444445 0.225390625 0.044444444444444446 0.02578125
0 0.8423611111111111 0.506640625 0.07083333333333333 0.03984375
0 0.3993055555555556 0.25 0.04861111111111111 0.02734375
0 0.9055555555555556 0.50625 0.07222222222222222 0.040625
0 0.8930555555555556 0.473046875 0.05 0.028125
0 0.94375 0.4734375 0.07777777777777778 0.04453125
0 0.9868055555555556 0.422265625 0.02361111111111111 0.02109375
0 0.9819444444444444 0.40390625 0.03333333333333333 0.0359375