0 0.8451388888888889 0.51484375 0.0625 0.03671875
0 0.8416666666666667 0.4859375 0.0375 0.021875
0 0.8 0.49609375 0.059722222222222225 0.03359375
0 0.7645833333333333 0.525390625 0.06527777777777778 0.03828125
0 0.7534722222222222 0.42578125 0.075 0.04296875
0 0.5458333333333333 0.509375 0.05416666666666667 0.03046875
0 0.64375 0.391015625 0.044444444444444446 0.02109375
0 0.5958333333333333 0.36484375 0.07083333333333333 0.03515625
0 0.5777777777777777 0.3765625 0.034722222222222224 0.02109375
0 0.3055555555555556 0.45859375 0.0763888888888889 0.04296875
0 0.37916666666666665 0.382421875 0.06388888888888888 0.03515625
0 0.2611111111111111 0.4984375 0.04861111111111111 0.03203125
0 0.23125 0.523046875 0.05 0.028125
0 0.3263888888888889 0.361328125 0.05138888888888889 0.02890625
0 0.2833333333333333 0.376171875 0.044444444444444446 0.02578125
0 0.2222222222222222 0.406640625 0.07222222222222222 0.04375
0 0.16666666666666666 0.443359375 0.05138888888888889 0.03046875
0 0.2590277777777778 0.33046875 0.07361111111111111 0.0421875
0 0.15208333333333332 0.419140625 0.05555555555555555 0.02890625
0 0.20277777777777778 0.33828125 0.06388888888888888 0.040625
0 0.14097222222222222 0.38046875 0.07361111111111111 0.04375
0 0.04722222222222222 0.4671875 0.058333333333333334 0.0328125
0 0.07708333333333334 0.43359375 0.05694444444444444 0.03125
0 0.09305555555555556 0.40703125 0.06805555555555555 0.0359375
0 0.18333333333333332 0.258984375 0.05694444444444444 0.0390625