0 0.99375 0.53671875 0.009722222222222222 0.025
0 0.9611111111111111 0.585546875 0.034722222222222224 0.021875
0 0.8833333333333333 0.71171875 0.03888888888888889 0.025
0 0.9493055555555555 0.6109375 0.030555555555555555 0.02265625
0 0.975 0.541015625 0.04722222222222222 0.02578125
0 0.9597222222222223 0.564453125 0.05138888888888889 0.0265625
0 0.9888888888888889 0.49453125 0.019444444444444445 0.0234375
0 0.9215277777777777 0.61875 0.041666666666666664 0.02109375
0 0.9319444444444445 0.591796875 0.044444444444444446 0.028125
0 0.9625 0.521484375 0.041666666666666664 0.021875
0 0.9673611111111111 0.49375 0.04583333333333333 0.02734375
0 0.8520833333333333 0.62734375 0.044444444444444446 0.025
0 0.9236111111111112 0.50859375 0.03194444444444444 0.01796875
0 0.9847222222222223 0.392578125 0.027777777777777776 0.0203125
0 0.8868055555555555 0.502734375 0.034722222222222224 0.01640625
0 0.9555555555555556 0.356640625 0.06111111111111111 0.0296875
0 0.7583333333333333 0.649609375 0.0375 0.0234375
0 0.6534722222222222 0.8140625 0.022222222222222223 0.0125
0 0.8479166666666667 0.469921875 0.06111111111111111 0.0328125
0 0.7430555555555556 0.66328125 0.027777777777777776 0.021875
0 0.7513888888888889 0.631640625 0.04861111111111111 0.02578125
0 0.7576388888888889 0.615625 0.03888888888888889 0.0234375
0 0.6513888888888889 0.7890625 0.034722222222222224 0.0203125
0 0.8756944444444444 0.420703125 0.027777777777777776 0.01328125
0 0.7791666666666667 0.558203125 0.043055555555555555 0.0265625
0 0.9236111111111112 0.3 0.02638888888888889 0.021875
0 0.9 0.331640625 0.022222222222222223 0.0125
0 0.8784722222222222 0.323046875 0.043055555555555555 0.02109375
0 0.8180555555555555 0.393359375 0.06388888888888888 0.0328125
0 0.7715277777777778 0.475 0.029166666666666667 0.01875
0 0.7416666666666667 0.478125 0.044444444444444446 0.021875
0 0.7465277777777778 0.419140625 0.0625 0.03515625
0 0.7451388888888889 0.38125 0.03888888888888889 0.01953125
0 0.5145833333333333 0.6984375 0.05416666666666667 0.0296875
0 0.44027777777777777 0.7765625 0.04027777777777778 0.02109375
0 0.6576388888888889 0.396484375 0.07361111111111111 0.0375
0 0.44930555555555557 0.73359375 0.03888888888888889 0.02109375
0 0.6326388888888889 0.430078125 0.043055555555555555 0.02421875
0 0.5166666666666667 0.584765625 0.04583333333333333 0.02421875
0 0.48819444444444443 0.626953125 0.03888888888888889 0.025
0 0.43819444444444444 0.678515625 0.04722222222222222 0.0265625
0 0.60625 0.405859375 0.0375 0.0203125
0 0.40069444444444446 0.743359375 0.030555555555555555 0.01875
0 0.575 0.44609375 0.03611111111111111 0.0203125
0 0.4375 0.655078125 0.04027777777777778 0.0203125
0 0.6076388888888888 0.387890625 0.025 0.0125
0 0.49375 0.525390625 0.043055555555555555 0.02421875
0 0.4173611111111111 0.636328125 0.043055555555555555 0.0234375
0 0.5305555555555556 0.387890625 0.05277777777777778 0.0296875
0 0.4465277777777778 0.521875 0.03333333333333333 0.01796875
0 0.59375 0.254296875 0.06666666666666667 0.03828125
0 0.4625 0.42734375 0.044444444444444446 0.0265625
0 0.38125 0.47734375 0.05416666666666667 0.0296875
0 0.39652777777777776 0.454296875 0.04027777777777778 0.021875
0 0.39652777777777776 0.43515625 0.05694444444444444 0.03046875