0 0.20416666666666666 0.250390625 0.04027777777777778 0.02265625
0 0.2 0.259765625 0.04722222222222222 0.0265625
0 0.24305555555555555 0.2625 0.05694444444444444 0.0328125
0 0.32430555555555557 0.19375 0.05 0.02890625
0 0.014583333333333334 0.495703125 0.029166666666666667 0.02734375
0 0.3125 0.2265625 0.05416666666666667 0.028125
0 0.225 0.30703125 0.043055555555555555 0.02421875
0 0.23680555555555555 0.296875 0.041666666666666664 0.02265625
0 0.30277777777777776 0.2671875 0.041666666666666664 0.02421875
0 0.3680555555555556 0.238671875 0.05277777777777778 0.0296875
0 0.3541666666666667 0.2796875 0.05416666666666667 0.0296875
0 0.3888888888888889 0.255859375 0.05138888888888889 0.03125
0 0.42291666666666666 0.24453125 0.05 0.02734375
0 0.4027777777777778 0.29296875 0.043055555555555555 0.02421875
0 0.4305555555555556 0.280859375 0.05 0.0265625
0 0.3923611111111111 0.335546875 0.05 0.02578125
0 0.4131944444444444 0.319921875 0.05277777777777778 0.02734375
0 0.3472222222222222 0.524609375 0.05277777777777778 0.0296875
0 0.36736111111111114 0.508203125 0.05 0.028125
0 0.4597222222222222 0.42734375 0.05 0.02890625
0 0.4875 0.416796875 0.06388888888888888 0.0359375
0 0.6652777777777777 0.2734375 0.0763888888888889 0.04140625
0 0.5694444444444444 0.37890625 0.05555555555555555 0.03125
0 0.6194444444444445 0.3359375 0.04027777777777778 0.02109375
0 0.5034722222222222 0.4453125 0.041666666666666664 0.02265625
0 0.20277777777777778 0.71953125 0.0375 0.01953125
0 0.49930555555555556 0.469921875 0.05555555555555555 0.03203125
0 0.5395833333333333 0.452734375 0.059722222222222225 0.0328125
0 0.6590277777777778 0.34296875 0.04722222222222222 0.0265625
0 0.4701388888888889 0.525 0.05138888888888889 0.0296875
0 0.75625 0.27578125 0.05138888888888889 0.028125
0 0.48680555555555555 0.51171875 0.03194444444444444 0.01796875
0 0.3298611111111111 0.67421875 0.044444444444444446 0.0265625
0 0.5875 0.458203125 0.043055555555555555 0.025
0 0.3611111111111111 0.6671875 0.043055555555555555 0.025
0 0.4 0.655859375 0.04027777777777778 0.02265625
0 0.46875 0.61484375 0.05694444444444444 0.03125
0 0.7423611111111111 0.379296875 0.059722222222222225 0.03203125
0 0.5652777777777778 0.52734375 0.025 0.015625
0 0.7729166666666667 0.362109375 0.06944444444444445 0.0390625
0 0.5819444444444445 0.59609375 0.04583333333333333 0.02421875
0 0.5909722222222222 0.5890625 0.04027777777777778 0.0203125
0 0.8347222222222223 0.367578125 0.0375 0.02578125
0 0.58125 0.62734375 0.04861111111111111 0.0265625
0 0.6 0.61640625 0.05277777777777778 0.0296875
0 0.9493055555555555 0.335546875 0.05277777777777778 0.02578125
0 0.9666666666666667 0.335546875 0.02638888888888889 0.0109375
0 0.9763888888888889 0.3546875 0.044444444444444446 0.0234375
0 0.9868055555555556 0.3515625 0.02361111111111111 0.0234375
0 0.8881944444444444 0.465234375 0.05 0.02734375
0 0.6104166666666667 0.763671875 0.06805555555555555 0.0375