0 0.05625 0.36796875 0.013888888888888888 0.01328125
0 0.08888888888888889 0.365625 0.06666666666666667 0.0359375
0 0.10902777777777778 0.342578125 0.05694444444444444 0.03046875
0 0.15486111111111112 0.280078125 0.0625 0.03359375
0 0.07222222222222222 0.386328125 0.034722222222222224 0.021875
0 0.15069444444444444 0.30234375 0.06527777777777778 0.034375
0 0.08055555555555556 0.4203125 0.034722222222222224 0.0203125
0 0.17083333333333334 0.34140625 0.059722222222222225 0.03359375
0 0.12083333333333333 0.41328125 0.02638888888888889 0.01171875
0 0.2152777777777778 0.35390625 0.03888888888888889 0.02265625
0 0.21041666666666667 0.371875 0.04861111111111111 0.02890625
0 0.29375 0.29921875 0.06805555555555555 0.03984375
0 0.24791666666666667 0.3953125 0.05138888888888889 0.02421875
0 0.2986111111111111 0.340234375 0.06388888888888888 0.03671875
0 0.39444444444444443 0.330859375 0.03888888888888889 0.02265625
0 0.3388888888888889 0.419921875 0.025 0.01484375
0 0.39444444444444443 0.373046875 0.058333333333333334 0.03046875
0 0.4527777777777778 0.291796875 0.03333333333333333 0.01953125
0 0.36319444444444443 0.488671875 0.05416666666666667 0.03046875
0 0.3902777777777778 0.447265625 0.02361111111111111 0.01484375
0 0.40555555555555556 0.483203125 0.044444444444444446 0.028125
0 0.49930555555555556 0.369921875 0.04861111111111111 0.025
0 0.5833333333333334 0.268359375 0.04027777777777778 0.02109375
0 0.5305555555555556 0.35234375 0.043055555555555555 0.021875
0 0.46805555555555556 0.4609375 0.05416666666666667 0.03046875
0 0.6020833333333333 0.25703125 0.05 0.02734375
0 0.5277777777777778 0.380078125 0.05277777777777778 0.03125
0 0.32569444444444445 0.690625 0.04027777777777778 0.02265625
0 0.3159722222222222 0.7390625 0.04583333333333333 0.02421875
0 0.5534722222222223 0.39140625 0.027777777777777776 0.01640625
0 0.5875 0.36796875 0.02361111111111111 0.01328125
0 0.4125 0.740625 0.04027777777777778 0.0234375
0 0.43680555555555556 0.757421875 0.05 0.03203125
0 0.6708333333333333 0.3921875 0.03611111111111111 0.02265625
0 0.49375 0.673046875 0.043055555555555555 0.0234375
0 0.6673611111111111 0.404296875 0.029166666666666667 0.01953125
0 0.6041666666666666 0.535546875 0.05277777777777778 0.0296875
0 0.6229166666666667 0.516796875 0.041666666666666664 0.0234375
0 0.6555555555555556 0.519921875 0.03194444444444444 0.02109375
0 0.6777777777777778 0.5484375 0.06666666666666667 0.03203125
0 0.8069444444444445 0.341796875 0.0375 0.0203125
0 0.5625 0.73984375 0.034722222222222224 0.025
0 0.8277777777777777 0.3578125 0.05 0.0234375
0 0.6729166666666667 0.669921875 0.06805555555555555 0.0359375
0 0.7256944444444444 0.6890625 0.058333333333333334 0.03203125
0 0.6611111111111111 0.801953125 0.06527777777777778 0.0421875
0 0.7583333333333333 0.681640625 0.03194444444444444 0.01953125
0 0.9402777777777778 0.47421875 0.09027777777777778 0.04921875
0 0.9243055555555556 0.496484375 0.0625 0.02734375
0 0.7652777777777777 0.81875 0.058333333333333334 0.0296875