0 0.7034722222222223 0.194921875 0.05416666666666667 0.0328125
0 0.6972222222222222 0.212890625 0.07361111111111111 0.04140625
0 0.6645833333333333 0.194140625 0.0625 0.03515625
0 0.5979166666666667 0.23984375 0.0625 0.0359375
0 0.39305555555555555 0.25234375 0.07777777777777778 0.04296875
0 0.36875 0.244140625 0.04583333333333333 0.0234375
0 0.41041666666666665 0.289453125 0.05555555555555555 0.0328125
0 0.44513888888888886 0.31796875 0.027777777777777776 0.01484375
0 0.4305555555555556 0.344921875 0.07916666666666666 0.04453125
0 0.3784722222222222 0.365625 0.05 0.0265625
0 0.23333333333333334 0.28125 0.07777777777777778 0.04375
0 0.7479166666666667 0.674609375 0.05416666666666667 0.03046875
0 0.30486111111111114 0.339453125 0.07083333333333333 0.040625
0 0.21875 0.27890625 0.05694444444444444 0.0296875
0 0.6951388888888889 0.66796875 0.05694444444444444 0.03359375
0 0.2743055555555556 0.341796875 0.05416666666666667 0.0328125
0 0.30277777777777776 0.39609375 0.07083333333333333 0.03984375
0 0.11944444444444445 0.4140625 0.06527777777777778 0.0375
0 0.035416666666666666 0.346484375 0.034722222222222224 0.01640625