0 0.1986111111111111 0.65234375 0.0763888888888889 0.0421875
0 0.44375 0.6171875 0.030555555555555555 0.01953125
0 0.49027777777777776 0.55390625 0.06111111111111111 0.03515625
0 0.5270833333333333 0.594921875 0.04861111111111111 0.0265625
0 0.3923611111111111 0.41875 0.06388888888888888 0.03671875
0 0.575 0.542578125 0.06527777777777778 0.0375
0 0.47847222222222224 0.446875 0.044444444444444446 0.02734375
0 0.6402777777777777 0.584765625 0.08194444444444444 0.0421875
0 0.75625 0.690234375 0.07083333333333333 0.0390625
0 0.7486111111111111 0.6703125 0.03611111111111111 0.02109375
0 0.7333333333333333 0.6453125 0.044444444444444446 0.0234375
0 0.7625 0.65390625 0.05694444444444444 0.03203125
0 0.7722222222222223 0.665234375 0.04583333333333333 0.02578125
0 0.5263888888888889 0.404296875 0.07083333333333333 0.040625
0 0.7770833333333333 0.582421875 0.05694444444444444 0.0328125
0 0.6736111111111112 0.45546875 0.05416666666666667 0.0296875
0 0.68125 0.44609375 0.05694444444444444 0.03125
0 0.8597222222222223 0.616796875 0.07361111111111111 0.040625
0 0.9173611111111111 0.67578125 0.05694444444444444 0.03359375
0 0.55625 0.3078125 0.04583333333333333 0.02734375
0 0.46111111111111114 0.209375 0.0375 0.0234375
0 0.8472222222222222 0.5828125 0.06527777777777778 0.03671875
0 0.5826388888888889 0.314453125 0.05694444444444444 0.0375
0 0.9027777777777778 0.62890625 0.06527777777777778 0.034375
0 0.8875 0.59765625 0.0625 0.04375
0 0.7222222222222222 0.43359375 0.03611111111111111 0.02265625
0 0.9229166666666667 0.593359375 0.07083333333333333 0.0421875
0 0.8145833333333333 0.45859375 0.058333333333333334 0.03125
0 0.8798611111111111 0.48984375 0.06527777777777778 0.0375
0 0.7 0.2921875 0.04583333333333333 0.0265625
0 0.8791666666666667 0.462109375 0.0625 0.03671875
0 0.9763888888888889 0.5625 0.044444444444444446 0.0390625
0 0.9243055555555556 0.458203125 0.06666666666666667 0.03828125
0 0.90625 0.433984375 0.059722222222222225 0.03359375
0 0.7652777777777777 0.2671875 0.0763888888888889 0.04296875