0 0.13125 0.680078125 0.05694444444444444 0.0296875
0 0.14930555555555555 0.6625 0.06388888888888888 0.034375
0 0.15625 0.686328125 0.025 0.0171875
0 0.24791666666666667 0.649609375 0.04861111111111111 0.02890625
0 0.45069444444444445 0.665234375 0.08333333333333333 0.046875
0 0.44722222222222224 0.626171875 0.04583333333333333 0.02890625
0 0.42916666666666664 0.596875 0.04027777777777778 0.02265625
0 0.4597222222222222 0.569921875 0.07361111111111111 0.040625
0 0.5034722222222222 0.5578125 0.0625 0.03203125
0 0.6159722222222223 0.66171875 0.08472222222222223 0.04921875
0 0.56875 0.59609375 0.06388888888888888 0.0359375
0 0.6034722222222222 0.604296875 0.04722222222222222 0.0234375
0 0.7340277777777777 0.74375 0.059722222222222225 0.02109375
0 0.5854166666666667 0.53671875 0.06527777777777778 0.03828125
0 0.8270833333333333 0.63828125 0.0625 0.03671875
0 0.7840277777777778 0.55234375 0.05555555555555555 0.03359375