0 0.03125 0.489453125 0.0625 0.04765625
0 0.006944444444444444 0.432421875 0.013888888888888888 0.03203125
0 0.06875 0.41796875 0.04027777777777778 0.021875
0 0.28680555555555554 0.50234375 0.041666666666666664 0.02421875
0 0.7479166666666667 0.687109375 0.05416666666666667 0.0296875
0 0.41597222222222224 0.48828125 0.04027777777777778 0.02265625
0 0.70625 0.577734375 0.03888888888888889 0.021875
0 0.3 0.2828125 0.05 0.028125
0 0.42430555555555555 0.327734375 0.02361111111111111 0.01328125
0 0.9576388888888889 0.62109375 0.06666666666666667 0.03828125
0 0.9722222222222222 0.5890625 0.05277777777777778 0.040625