0 0.8118055555555556 0.23203125 0.07777777777777778 0.04453125
0 0.9631944444444445 0.27734375 0.07083333333333333 0.0453125
0 0.975 0.291796875 0.04722222222222222 0.04453125
0 0.7861111111111111 0.23671875 0.05277777777777778 0.02734375
0 0.7604166666666666 0.281640625 0.04027777777777778 0.02421875
0 0.7791666666666667 0.293359375 0.043055555555555555 0.0296875
0 0.7173611111111111 0.286328125 0.06944444444444445 0.03828125
0 0.3229166666666667 0.221875 0.06944444444444445 0.0390625
0 0.8333333333333334 0.3671875 0.08333333333333333 0.05078125
0 0.7104166666666667 0.337890625 0.059722222222222225 0.0359375
0 0.3416666666666667 0.243359375 0.04027777777777778 0.028125
0 0.7534722222222222 0.38515625 0.06527777777777778 0.0328125
0 0.7388888888888889 0.41640625 0.044444444444444446 0.02109375
0 0.6256944444444444 0.41875 0.07777777777777778 0.03984375
0 0.8618055555555556 0.497265625 0.06111111111111111 0.02890625
0 0.5916666666666667 0.437890625 0.06527777777777778 0.03828125
0 0.5027777777777778 0.42265625 0.03194444444444444 0.0203125
0 0.7395833333333334 0.49765625 0.06388888888888888 0.0375
0 0.8263888888888888 0.526171875 0.05138888888888889 0.0265625
0 0.10277777777777777 0.338671875 0.044444444444444446 0.02109375
0 0.2604166666666667 0.422265625 0.05277777777777778 0.0296875
0 0.7236111111111111 0.554296875 0.058333333333333334 0.03046875
0 0.8659722222222223 0.59921875 0.05555555555555555 0.02890625
0 0.8201388888888889 0.59296875 0.06666666666666667 0.03359375
0 0.059722222222222225 0.397265625 0.0625 0.03515625
0 0.24861111111111112 0.449609375 0.044444444444444446 0.02421875
0 0.8534722222222222 0.626953125 0.034722222222222224 0.0171875
0 0.6409722222222223 0.58515625 0.030555555555555555 0.01796875
0 0.8034722222222223 0.646875 0.059722222222222225 0.03359375
0 0.8666666666666667 0.660546875 0.0375 0.021875
0 0.18125 0.48515625 0.0375 0.02109375
0 0.4777777777777778 0.586328125 0.05277777777777778 0.0296875
0 0.3888888888888889 0.571875 0.05694444444444444 0.03359375
0 0.19930555555555557 0.521875 0.043055555555555555 0.02265625
0 0.5888888888888889 0.649609375 0.08194444444444444 0.04609375
0 0.24930555555555556 0.594140625 0.02361111111111111 0.015625
0 0.3888888888888889 0.6875 0.05138888888888889 0.03046875
0 0.26666666666666666 0.660546875 0.05416666666666667 0.03125
0 0.3 0.67421875 0.05 0.02578125
0 0.6631944444444444 0.78125 0.1111111111111111 0.05390625
0 0.01875 0.63984375 0.0375 0.04375
0 0.5354166666666667 0.79296875 0.07777777777777778 0.05078125
0 0.3902777777777778 0.787890625 0.059722222222222225 0.03359375
0 0.15763888888888888 0.73046875 0.05 0.03125
0 0.025694444444444443 0.69765625 0.05138888888888889 0.0421875
0 0.5354166666666667 0.844921875 0.05555555555555555 0.0296875
0 0.3159722222222222 0.79921875 0.05694444444444444 0.0296875