0 0.09791666666666667 0.259765625 0.05694444444444444 0.03671875
0 0.11180555555555556 0.23359375 0.06805555555555555 0.040625
0 0.12083333333333333 0.200390625 0.058333333333333334 0.03359375
0 0.1423611111111111 0.178515625 0.041666666666666664 0.01015625
0 0.01597222222222222 0.715625 0.03194444444444444 0.0359375
0 0.022916666666666665 0.59375 0.03194444444444444 0.01875
0 0.16805555555555557 0.215625 0.058333333333333334 0.03359375
0 0.17430555555555555 0.185546875 0.043055555555555555 0.0171875
0 0.11180555555555556 0.371484375 0.04583333333333333 0.02890625
0 0.1326388888888889 0.319140625 0.043055555555555555 0.02421875
0 0.1798611111111111 0.2421875 0.05 0.0234375
0 0.1326388888888889 0.390625 0.043055555555555555 0.02265625
0 0.15416666666666667 0.3296875 0.041666666666666664 0.0234375
0 0.1284722222222222 0.401171875 0.030555555555555555 0.009375
0 0.20347222222222222 0.215234375 0.05416666666666667 0.03515625
0 0.1527777777777778 0.351171875 0.03888888888888889 0.01953125
0 0.049305555555555554 0.695703125 0.06666666666666667 0.03671875
0 0.21805555555555556 0.1921875 0.043055555555555555 0.02109375
0 0.15416666666666667 0.367578125 0.022222222222222223 0.0171875
0 0.19444444444444445 0.294140625 0.044444444444444446 0.0234375
0 0.13819444444444445 0.5390625 0.043055555555555555 0.02578125
0 0.22708333333333333 0.298828125 0.03611111111111111 0.02265625
0 0.09791666666666667 0.7015625 0.05694444444444444 0.03671875
0 0.0875 0.735546875 0.041666666666666664 0.0140625
0 0.2590277777777778 0.256640625 0.041666666666666664 0.02578125
0 0.16319444444444445 0.593359375 0.04722222222222222 0.0265625
0 0.1909722222222222 0.494921875 0.022222222222222223 0.015625
0 0.22916666666666666 0.484765625 0.025 0.01328125
0 0.25069444444444444 0.45078125 0.043055555555555555 0.02421875
0 0.19930555555555557 0.665625 0.07083333333333333 0.03984375
0 0.19583333333333333 0.6453125 0.034722222222222224 0.01484375
0 0.23055555555555557 0.5484375 0.03333333333333333 0.0171875
0 0.2590277777777778 0.489453125 0.034722222222222224 0.0171875
0 0.3173611111111111 0.403125 0.03611111111111111 0.02421875
0 0.32222222222222224 0.447265625 0.041666666666666664 0.0234375
0 0.24305555555555555 0.741796875 0.02638888888888889 0.0171875
0 0.41597222222222224 0.292578125 0.06666666666666667 0.03984375
0 0.29930555555555555 0.628515625 0.04027777777777778 0.021875
0 0.3326388888888889 0.548046875 0.04583333333333333 0.021875
0 0.39444444444444443 0.3515625 0.02638888888888889 0.0234375
0 0.37777777777777777 0.431640625 0.041666666666666664 0.03125
0 0.35138888888888886 0.535546875 0.05 0.02578125
0 0.2951388888888889 0.712890625 0.02638888888888889 0.0171875
0 0.44722222222222224 0.3171875 0.04861111111111111 0.02109375
0 0.3923611111111111 0.51171875 0.05555555555555555 0.03203125
0 0.4875 0.27109375 0.075 0.0421875
0 0.39305555555555555 0.55546875 0.043055555555555555 0.01875
0 0.43125 0.46796875 0.05 0.02578125
0 0.47708333333333336 0.3828125 0.06111111111111111 0.03359375
0 0.5055555555555555 0.31796875 0.06805555555555555 0.03515625
0 0.3486111111111111 0.740625 0.03888888888888889 0.0234375
0 0.4909722222222222 0.418359375 0.04861111111111111 0.0296875
0 0.38263888888888886 0.72109375 0.02638888888888889 0.01640625
0 0.4965277777777778 0.4421875 0.05555555555555555 0.028125
0 0.5763888888888888 0.251171875 0.03611111111111111 0.0140625
0 0.40069444444444446 0.748046875 0.027777777777777776 0.015625
0 0.5076388888888889 0.564453125 0.06527777777777778 0.03671875
0 0.4875 0.616796875 0.030555555555555555 0.0171875
0 0.4847222222222222 0.628515625 0.030555555555555555 0.0140625
0 0.5659722222222222 0.421484375 0.041666666666666664 0.02421875
0 0.4847222222222222 0.65 0.029166666666666667 0.015625
0 0.4673611111111111 0.726171875 0.03888888888888889 0.02109375
0 0.4548611111111111 0.772265625 0.044444444444444446 0.0203125
0 0.4895833333333333 0.664453125 0.034722222222222224 0.01875
0 0.6111111111111112 0.332421875 0.05277777777777778 0.03359375
0 0.6236111111111111 0.295703125 0.0375 0.01953125
0 0.49236111111111114 0.6796875 0.03611111111111111 0.01875
0 0.5479166666666667 0.54609375 0.05 0.0296875
0 0.5555555555555556 0.519140625 0.043055555555555555 0.02578125
0 0.5347222222222222 0.629296875 0.03888888888888889 0.01953125
0 0.5791666666666667 0.50546875 0.034722222222222224 0.021875
0 0.6791666666666667 0.26640625 0.06388888888888888 0.03828125
0 0.6291666666666667 0.41484375 0.04583333333333333 0.0234375
0 0.6222222222222222 0.485546875 0.034722222222222224 0.01875
0 0.5381944444444444 0.7828125 0.04583333333333333 0.01796875
0 0.6006944444444444 0.625 0.03194444444444444 0.01875
0 0.6506944444444445 0.769140625 0.030555555555555555 0.01875
0 0.8215277777777777 0.301171875 0.03194444444444444 0.01953125
0 0.8458333333333333 0.310546875 0.029166666666666667 0.01015625