0 0.10625 0.57109375 0.0375 0.02265625
0 0.12986111111111112 0.580078125 0.043055555555555555 0.025
0 0.22916666666666666 0.56484375 0.044444444444444446 0.02578125
0 0.3576388888888889 0.536328125 0.020833333333333332 0.01484375
0 0.375 0.328125 0.03333333333333333 0.021875
0 0.4 0.557421875 0.016666666666666666 0.015625
0 0.41875 0.578125 0.03611111111111111 0.02265625
0 0.44375 0.633203125 0.05694444444444444 0.0265625
0 0.4048611111111111 0.340234375 0.025 0.01953125
0 0.45069444444444445 0.228515625 0.05 0.0171875
0 0.5013888888888889 0.59140625 0.05416666666666667 0.0234375
0 0.5159722222222223 0.490625 0.05555555555555555 0.03359375
0 0.5277777777777778 0.553515625 0.04861111111111111 0.02734375
0 0.5527777777777778 0.53515625 0.041666666666666664 0.01640625
0 0.5548611111111111 0.399609375 0.058333333333333334 0.02890625
0 0.5888888888888889 0.593359375 0.05416666666666667 0.02734375
0 0.6277777777777778 0.39453125 0.029166666666666667 0.01328125
0 0.6736111111111112 0.383984375 0.05416666666666667 0.0328125
0 0.7104166666666667 0.462109375 0.044444444444444446 0.02734375
0 0.7395833333333334 0.53671875 0.04722222222222222 0.028125