0 0.15208333333333332 0.29296875 0.030555555555555555 0.02109375
0 0.2590277777777778 0.22734375 0.04027777777777778 0.021875
0 0.24513888888888888 0.329296875 0.05277777777777778 0.03046875
0 0.20972222222222223 0.3734375 0.07083333333333333 0.03984375
0 0.25416666666666665 0.37421875 0.05694444444444444 0.03203125
0 0.2298611111111111 0.391015625 0.044444444444444446 0.02578125
0 0.37083333333333335 0.28046875 0.03611111111111111 0.0234375
0 0.44027777777777777 0.23515625 0.04027777777777778 0.02421875
0 0.3770833333333333 0.29296875 0.030555555555555555 0.01640625
0 0.42916666666666664 0.27109375 0.06111111111111111 0.0359375
0 0.38055555555555554 0.32421875 0.05277777777777778 0.03046875
0 0.3333333333333333 0.366015625 0.041666666666666664 0.025
0 0.08680555555555555 0.57734375 0.05 0.02734375
0 0.21944444444444444 0.47421875 0.05555555555555555 0.03046875
0 0.043055555555555555 0.61875 0.04027777777777778 0.025
0 0.3625 0.369140625 0.04583333333333333 0.0265625
0 0.42291666666666666 0.32265625 0.05138888888888889 0.028125
0 0.5222222222222223 0.24609375 0.06111111111111111 0.0328125
0 0.47291666666666665 0.277734375 0.0375 0.0203125
0 0.06458333333333334 0.6265625 0.041666666666666664 0.02421875
0 0.5027777777777778 0.263671875 0.04722222222222222 0.0265625
0 0.4465277777777778 0.30390625 0.0375 0.0234375
0 0.17569444444444443 0.5375 0.03333333333333333 0.01875
0 0.16319444444444445 0.5546875 0.034722222222222224 0.0203125
0 0.50625 0.2796875 0.03611111111111111 0.01875
0 0.4798611111111111 0.3140625 0.04722222222222222 0.02734375
0 0.35833333333333334 0.419140625 0.03888888888888889 0.0203125
0 0.059722222222222225 0.66875 0.030555555555555555 0.0140625
0 0.3451388888888889 0.430078125 0.03611111111111111 0.0203125
0 0.18333333333333332 0.570703125 0.04027777777777778 0.0234375
0 0.5493055555555556 0.27421875 0.059722222222222225 0.0328125
0 0.275 0.520703125 0.03333333333333333 0.01875
0 0.2423611111111111 0.5609375 0.03333333333333333 0.01953125
0 0.6583333333333333 0.23046875 0.044444444444444446 0.0234375
0 0.22777777777777777 0.585546875 0.03611111111111111 0.0203125
0 0.5465277777777777 0.348046875 0.04583333333333333 0.028125
0 0.18541666666666667 0.665234375 0.030555555555555555 0.01640625
0 0.43472222222222223 0.46484375 0.03333333333333333 0.0203125
0 0.36944444444444446 0.567578125 0.034722222222222224 0.01875
0 0.46111111111111114 0.49140625 0.034722222222222224 0.01953125
0 0.6305555555555555 0.437109375 0.05416666666666667 0.03125
0 0.5958333333333333 0.48359375 0.04722222222222222 0.0265625
0 0.6256944444444444 0.477734375 0.03611111111111111 0.02109375
0 0.5125 0.5953125 0.05138888888888889 0.02578125
0 0.6791666666666667 0.50859375 0.05138888888888889 0.028125
0 0.7194444444444444 0.50625 0.06111111111111111 0.0328125