0 0.9618055555555556 0.33203125 0.013888888888888888 0.0265625
0 0.9611111111111111 0.35625 0.02361111111111111 0.02265625
0 0.9555555555555556 0.446875 0.03333333333333333 0.015625
0 0.8972222222222223 0.2 0.030555555555555555 0.01953125
0 0.93125 0.481640625 0.04027777777777778 0.021875
0 0.8993055555555556 0.40546875 0.04583333333333333 0.02421875
0 0.9347222222222222 0.537109375 0.030555555555555555 0.01484375
0 0.8854166666666666 0.346484375 0.034722222222222224 0.01640625
0 0.8118055555555556 0.2046875 0.03194444444444444 0.01875
0 0.8097222222222222 0.220703125 0.03194444444444444 0.02109375
0 0.8347222222222223 0.36953125 0.03333333333333333 0.02109375
0 0.8777777777777778 0.56171875 0.029166666666666667 0.01796875
0 0.8708333333333333 0.53671875 0.02361111111111111 0.0171875
0 0.8402777777777778 0.511328125 0.027777777777777776 0.02421875
0 0.7895833333333333 0.340625 0.04722222222222222 0.02890625
0 0.8340277777777778 0.5796875 0.02361111111111111 0.01484375
0 0.7819444444444444 0.441015625 0.03888888888888889 0.02421875
0 0.7430555555555556 0.315625 0.041666666666666664 0.02578125
0 0.7263888888888889 0.351953125 0.041666666666666664 0.01796875
0 0.7111111111111111 0.4234375 0.03888888888888889 0.01875
0 0.7798611111111111 0.7546875 0.0375 0.01796875
0 0.6881944444444444 0.435546875 0.03611111111111111 0.0203125
0 0.65625 0.328515625 0.04722222222222222 0.021875
0 0.7354166666666667 0.748046875 0.030555555555555555 0.0203125
0 0.61875 0.3859375 0.029166666666666667 0.01640625
0 0.6847222222222222 0.7625 0.03333333333333333 0.0171875
0 0.6506944444444445 0.7671875 0.03194444444444444 0.0125
0 0.6319444444444444 0.723046875 0.027777777777777776 0.0109375
0 0.6402777777777777 0.7546875 0.027777777777777776 0.01875
0 0.49375 0.32109375 0.04722222222222222 0.0234375
0 0.5861111111111111 0.7609375 0.05138888888888889 0.0265625
0 0.5701388888888889 0.696875 0.041666666666666664 0.0203125
0 0.5743055555555555 0.724609375 0.030555555555555555 0.015625
0 0.5090277777777777 0.48515625 0.043055555555555555 0.02578125
0 0.5520833333333334 0.6640625 0.02638888888888889 0.0171875
0 0.4486111111111111 0.274609375 0.03888888888888889 0.02109375
0 0.5076388888888889 0.519140625 0.02638888888888889 0.0125
0 0.4388888888888889 0.2515625 0.0375 0.02265625
0 0.4409722222222222 0.29609375 0.05138888888888889 0.02890625
0 0.4909722222222222 0.63046875 0.043055555555555555 0.02421875
0 0.5034722222222222 0.6703125 0.03194444444444444 0.02421875
0 0.43194444444444446 0.672265625 0.027777777777777776 0.01875
0 0.40069444444444446 0.662890625 0.034722222222222224 0.01484375
0 0.3958333333333333 0.676171875 0.04861111111111111 0.02578125