0 0.56796875 0.03828125 0.01953125 0.0125
0 0.53125 0.05078125 0.0265625 0.0171875
0 0.62578125 0.0578125 0.0375 0.01875
0 0.61640625 0.071875 0.04453125 0.0265625
0 0.575 0.07578125 0.03359375 0.0203125
0 0.5328125 0.146875 0.0484375 0.028125
0 0.409375 0.253125 0.0390625 0.02578125
0 0.43828125 0.25234375 0.0265625 0.0203125
0 0.4671875 0.2546875 0.02109375 0.02421875
0 0.33671875 0.2921875 0.04609375 0.01796875
0 0.51171875 0.296875 0.0265625 0.021875
0 0.52734375 0.3109375 0.0265625 0.01171875
0 0.51953125 0.33125 0.04140625 0.03046875
0 0.56171875 0.328125 0.015625 0.01640625
0 0.475 0.3359375 0.0390625 0.0265625
0 0.36015625 0.33828125 0.04609375 0.025
0 0.396875 0.34375 0.04296875 0.02890625
0 0.60546875 0.34375 0.01953125 0.01328125
0 0.453125 0.365625 0.0484375 0.03203125
0 0.48984375 0.3953125 0.04609375 0.02265625
0 0.453125 0.39453125 0.034375 0.015625
0 0.346875 0.415625 0.04609375 0.02734375
0 0.51796875 0.421875 0.01953125 0.01328125
0 0.40546875 0.434375 0.04140625 0.01875
0 0.71171875 0.44375 0.0234375 0.009375
0 0.65546875 0.4515625 0.021875 0.021875
0 0.52109375 0.47265625 0.03046875 0.025
0 0.3609375 0.4828125 0.0390625 0.02578125
0 0.4328125 0.4921875 0.040625 0.03046875
0 0.28125 0.496875 0.03203125 0.01796875
0 0.63203125 0.5140625 0.04453125 0.021875
0 0.540625 0.5109375 0.03203125 0.0109375
0 0.80546875 0.5234375 0.053125 0.02421875
0 0.603125 0.53359375 0.0375 0.01875
0 0.38359375 0.5453125 0.0390625 0.02109375
0 0.184375 0.5515625 0.02890625 0.01953125
0 0.553125 0.5578125 0.04453125 0.02578125
0 0.34453125 0.55625 0.053125 0.01796875
0 0.159375 0.5578125 0.0234375 0.01796875
0 0.3984375 0.56484375 0.046875 0.0265625
0 0.36953125 0.5828125 0.028125 0.02421875
0 0.40859375 0.5828125 0.01640625 0.01328125
0 0.36953125 0.5984375 0.028125 0.0109375
0 0.9 0.6453125 0.03359375 0.0140625
0 0.3671875 0.653125 0.0375 0.01640625
0 0.55234375 0.653125 0.0265625 0.01484375
0 0.628125 0.6546875 0.04296875 0.01953125
0 0.59140625 0.659375 0.0390625 0.01640625
0 0.584375 0.68125 0.0359375 0.01484375
0 0.63359375 0.7 0.046875 0.02265625
0 0.2328125 0.69921875 0.0234375 0.01875
0 0.2515625 0.71875 0.0359375 0.01796875
0 0.840625 0.7453125 0.0609375 0.03671875
0 0.859375 0.78203125 0.0515625 0.0296875
0 0.83515625 0.796875 0.0234375 0.01640625
0 0.4421875 0.8265625 0.07890625 0.04375