0 0.16388888906250001 0.5921875 0.1666666671875 0.5875 0.16388888906250001 0.58046875 0.134722221875 0.58046875 0.13194444375 0.58203125 0.13194444375 0.596875 0.134722221875 0.5984375 0.147222221875 0.5984375 0.16388888906250001 0.5921875
0 0.7583333328124999 0.3171875 0.7666666671875 0.3109375 0.7666666671875 0.30078125 0.7638888890625 0.29921875 0.734722221875 0.29921875 0.73194444375 0.30078125 0.73194444375 0.3171875 0.734722221875 0.31875 0.7583333328124999 0.3171875
0 0.20833333281250002 0.3875 0.222222221875 0.3796875 0.21944444375 0.36484375 0.21111111093749999 0.36171875 0.190277778125 0.36171875 0.1875 0.36328125 0.1875 0.3859375 0.190277778125 0.3875 0.20833333281250002 0.3875
0 0.80694444375 0.25 0.827777778125 0.2484375 0.8388888890624999 0.2390625 0.8388888890624999 0.23359375 0.83055555625 0.23046875 0.8013888890624999 0.23046875 0.7986111109375 0.23203125 0.7986111109375 0.2453125 0.8013888890624999 0.2484375 0.80694444375 0.25
0 0.734722221875 0.6234375 0.7458333328125 0.6296875 0.752777778125 0.6296875 0.7541666671875 0.63125 0.775 0.6296875 0.7805555562500001 0.61953125 0.7958333328125 0.6109375 0.8 0.6109375 0.8 0.60078125 0.79444444375 0.59765625 0.790277778125 0.59765625 0.7861111109375 0.59453125 0.7791666671875 0.59453125 0.777777778125 0.59296875 0.734722221875 0.59296875 0.73194444375 0.59453125 0.73194444375 0.6203125 0.734722221875 0.62109375 0.734722221875 0.6234375
0 0.91944444375 0.16875 0.922222221875 0.16484375 0.9305555562500001 0.1609375 0.9305555562500001 0.15703125 0.91944444375 0.14921875 0.9013888890624999 0.14921875 0.8986111109375001 0.15078125 0.8986111109375001 0.1671875 0.9013888890624999 0.16875 0.91944444375 0.16875
0 0.5319444437499999 0.4359375 0.5416666671875 0.4375 0.5555555562500001 0.43125 0.5555555562500001 0.42578125 0.5583333328125 0.425 0.5555555562500001 0.41328125 0.5527777781250001 0.41171875 0.5236111109375 0.41171875 0.5208333328125 0.41328125 0.5208333328125 0.4296875 0.5305555562500001 0.4328125 0.5319444437499999 0.4359375
0 0.097222221875 0.45625 0.1 0.4546875 0.1 0.43828125 0.097222221875 0.43671875 0.06805555625000001 0.43671875 0.06527777812499999 0.43828125 0.06527777812499999 0.4546875 0.07083333281250001 0.4578125 0.097222221875 0.45625
0 0.25555555625 0.375 0.25555555625 0.36328125 0.2236111109375 0.36171875 0.2208333328125 0.3796875 0.2236111109375 0.38125 0.25 0.3796875 0.25555555625 0.375
0 0.9694444437499999 0.2359375 0.9736111109375001 0.2328125 0.9833333328125 0.23125 0.9888888890624999 0.228125 0.9888888890624999 0.21328125 0.9861111109375 0.21171875 0.9458333328125 0.21171875 0.94305555625 0.21328125 0.94305555625 0.2296875 0.9458333328125 0.2328125 0.95694444375 0.2375 0.9694444437499999 0.2359375
0 0.8986111109375001 0.0953125 0.9138888890624999 0.0921875 0.922222221875 0.0859375 0.922222221875 0.07578125 0.91944444375 0.07421875 0.8791666671874999 0.07421875 0.8763888890624999 0.07578125 0.8763888890624999 0.0921875 0.890277778125 0.096875 0.897222221875 0.096875 0.8986111109375001 0.0953125
0 0.8013888890624999 0.6390625 0.7986111109375 0.63984375 0.7986111109375 0.65 0.8013888890624999 0.65078125 0.8013888890624999 0.653125 0.809722221875 0.65703125 0.809722221875 0.659375 0.81805555625 0.6625 0.852777778125 0.6625 0.8541666671874999 0.6609375 0.8583333328125 0.6609375 0.8652777781250001 0.65625 0.86944444375 0.65625 0.877777778125 0.65 0.877777778125 0.63046875 0.8638888890624999 0.62421875 0.8236111109375001 0.62421875 0.809722221875 0.63046875 0.80694444375 0.6359375 0.8013888890624999 0.63671875 0.8013888890624999 0.6390625
0 0.2 0.41875 0.21111111093749999 0.4109375 0.20833333281250002 0.40234375 0.2 0.39921875 0.17916666718750002 0.39921875 0.1763888890625 0.40078125 0.1763888890625 0.4171875 0.17916666718750002 0.41875 0.2 0.41875
0 0.5555555562500001 0.2875 0.5666666671875 0.2796875 0.5666666671875 0.27578125 0.5638888890625 0.275 0.5638888890625 0.27265625 0.5527777781250001 0.26796875 0.534722221875 0.26796875 0.5319444437499999 0.26953125 0.5319444437499999 0.2859375 0.534722221875 0.2875 0.5555555562500001 0.2875
0 0.1 0.353125 0.1 0.34609375 0.09444444375 0.34296875 0.06805555625000001 0.34296875 0.06527777812499999 0.34453125 0.06527777812499999 0.3546875 0.06805555625000001 0.35625 0.0861111109375 0.3578125 0.1 0.353125
0 0.127777778125 0.58125 0.13888888906250002 0.571875 0.1361111109375 0.56484375 0.13055555624999998 0.56171875 0.1125 0.56171875 0.109722221875 0.56328125 0.109722221875 0.5796875 0.1125 0.58125 0.127777778125 0.58125
0 0.6555555562500001 0.39453125 0.6347222218749999 0.39296875 0.6319444437499999 0.4046875 0.6347222218749999 0.40625 0.652777778125 0.4046875 0.6555555562500001 0.39453125
0 0.097222221875 0.5 0.1 0.4984375 0.1 0.48828125 0.097222221875 0.48671875 0.0791666671875 0.48671875 0.07638888906249999 0.48828125 0.07638888906249999 0.4984375 0.0791666671875 0.5 0.097222221875 0.5
0 0.477777778125 0.3109375 0.477777778125 0.30078125 0.475 0.29921875 0.4458333328125 0.29921875 0.44305555625000004 0.30078125 0.44305555625000004 0.3125 0.4513888890625 0.3171875 0.46388888906250003 0.3171875 0.477777778125 0.3109375
0 0.9541666671875 0.0578125 0.9638888890624999 0.0578125 0.975 0.0546875 0.977777778125 0.05 0.975 0.03359375 0.9666666671874999 0.03046875 0.934722221875 0.03046875 0.93194444375 0.03203125 0.93194444375 0.05 0.934722221875 0.053125 0.9541666671875 0.0578125
0 0.5125 0.7046875 0.5166666671875 0.7046875 0.5263888890625 0.7109375 0.5333333328125 0.7109375 0.534722221875 0.7125 0.55 0.7125 0.5513888890625 0.7109375 0.5583333328125 0.7109375 0.5583333328125 0.69765625 0.5638888890625 0.6953125 0.5666666671875 0.68984375 0.5736111109375 0.6875 0.5861111109375 0.6875 0.5888888890625 0.6859375 0.5888888890625 0.66953125 0.575 0.66171875 0.5236111109375 0.66171875 0.5097222218749999 0.66953125 0.5097222218749999 0.7 0.5125 0.70078125 0.5125 0.7046875
0 0.672222221875 0.7515625 0.6861111109375 0.7484375 0.6888888890625 0.73828125 0.6861111109375 0.73359375 0.6777777781250001 0.7296875 0.675 0.72421875 0.6347222218749999 0.72421875 0.6319444437499999 0.72578125 0.6319444437499999 0.7453125 0.6347222218749999 0.7484375 0.6486111109375 0.7515625 0.672222221875 0.7515625
0 0.20833333281250002 0.6 0.21111111093749999 0.5984375 0.20833333281250002 0.58203125 0.17916666718750002 0.58046875 0.1763888890625 0.58203125 0.1763888890625 0.5984375 0.184722221875 0.6015625 0.20833333281250002 0.6
0 0.9611111109375001 0.15 0.9611111109375001 0.14453125 0.95555555625 0.14296875 0.934722221875 0.14296875 0.93194444375 0.14453125 0.934722221875 0.1578125 0.952777778125 0.15625 0.9611111109375001 0.15
0 0.2666666671875 0.575 0.26805555625 0.5765625 0.28611111093749997 0.575 0.29722222187499997 0.5671875 0.29722222187499997 0.56171875 0.29444444375 0.56015625 0.27638888906250003 0.56171875 0.2708333328125 0.56484375 0.2666666671875 0.55703125 0.25694444375000003 0.55546875 0.2541666671875 0.55703125 0.2541666671875 0.5734375 0.25694444375000003 0.575 0.2666666671875 0.575
0 0.12222222187500001 0.38125 0.11944444375 0.36953125 0.090277778125 0.36796875 0.0875 0.3859375 0.090277778125 0.3875 0.11944444375 0.3859375 0.12222222187500001 0.38125
0 0.922222221875 0.265625 0.91944444375 0.25546875 0.890277778125 0.25546875 0.8875 0.25703125 0.8875 0.2671875 0.89305555625 0.2703125 0.9083333328125001 0.2703125 0.922222221875 0.265625
0 0.6083333328125 0.3671875 0.6083333328125 0.36484375 0.6 0.36171875 0.5791666671875 0.36171875 0.5763888890625 0.36328125 0.5763888890625 0.3734375 0.5791666671875 0.3765625 0.597222221875 0.375 0.6 0.37109375 0.6083333328125 0.3671875
0 0.434722221875 0.5328125 0.4388888890625 0.5328125 0.44444444375 0.5296875 0.44444444375 0.51953125 0.44166666718750003 0.51796875 0.4125 0.51796875 0.40972222187499996 0.51953125 0.40972222187499996 0.5296875 0.41805555625 0.534375 0.43055555625 0.5359375 0.434722221875 0.5328125
0 0.897222221875 0.446875 0.9111111109375001 0.4390625 0.9111111109375001 0.43203125 0.9138888890624999 0.43125 0.9111111109375001 0.41953125 0.9055555562500001 0.41796875 0.8819444437499999 0.41796875 0.8763888890624999 0.42109375 0.8763888890624999 0.4421875 0.8791666671874999 0.4453125 0.897222221875 0.446875
0 0.5888888890625 0.74140625 0.58194444375 0.74140625 0.577777778125 0.73828125 0.56805555625 0.73828125 0.565277778125 0.73984375 0.565277778125 0.7578125 0.56805555625 0.7609375 0.5736111109375 0.7625 0.60555555625 0.7625 0.6152777781250001 0.75625 0.622222221875 0.7546875 0.622222221875 0.75078125 0.625 0.75 0.622222221875 0.73828125 0.6125 0.73671875 0.6 0.74296875 0.590277778125 0.74296875 0.5888888890625 0.74140625
0 0.434722221875 0.69375 0.43194444374999996 0.69453125 0.43194444374999996 0.7171875 0.4375 0.7203125 0.45277777812500003 0.71875 0.46666666718750005 0.7109375 0.46666666718750005 0.70703125 0.46944444374999994 0.70625 0.46944444374999994 0.69453125 0.46666666718750005 0.69375 0.46666666718750005 0.68984375 0.4611111109375 0.68671875 0.44305555625000004 0.68671875 0.44166666718750003 0.68828125 0.434722221875 0.68828125 0.434722221875 0.69375
0 0.7083333328125 0.6453125 0.709722221875 0.6484375 0.727777778125 0.6484375 0.7333333328125 0.6453125 0.7361111109375 0.63828125 0.7388888890625 0.6375 0.7388888890625 0.63203125 0.73055555625 0.62109375 0.7236111109375 0.62109375 0.7166666671875 0.62578125 0.7041666671875 0.62578125 0.6972222218749999 0.62109375 0.690277778125 0.62109375 0.6875 0.62421875 0.6875 0.6390625 0.690277778125 0.6421875 0.7083333328125 0.6453125
0 0.32777777812500003 0.34375 0.3333333328125 0.340625 0.3333333328125 0.33828125 0.3416666671875 0.334375 0.34444444375 0.32734375 0.33888888906250003 0.32421875 0.3125 0.32421875 0.309722221875 0.32578125 0.309722221875 0.340625 0.315277778125 0.34375 0.32777777812500003 0.34375
0 0.030555556249999997 0.29375 0.0361111109375 0.28359375 0.030555556249999997 0.28046875 0.0125 0.28046875 0.009722221875000001 0.28203125 0.009722221875000001 0.2921875 0.0125 0.29375 0.030555556249999997 0.29375
0 0.659722221875 0.35 0.66944444375 0.3484375 0.6777777781250001 0.3421875 0.6805555562500001 0.33203125 0.675 0.33046875 0.6569444437499999 0.33046875 0.6541666671875 0.33203125 0.6541666671875 0.346875 0.659722221875 0.35
0 0.23055555625 0.43046875 0.20138888906250002 0.43046875 0.1986111109375 0.43203125 0.20138888906250002 0.44375 0.23055555625 0.44375 0.23333333281250002 0.4421875 0.23055555625 0.43046875
0 0.052777778124999994 0.3421875 0.052777778124999994 0.33203125 0.0236111109375 0.33046875 0.0236111109375 0.3484375 0.0416666671875 0.3484375 0.0416666671875 0.34609375 0.052777778124999994 0.3421875
0 0.197222221875 0.4359375 0.2 0.4328125 0.197222221875 0.41953125 0.16805555625 0.41796875 0.165277778125 0.41953125 0.165277778125 0.434375 0.1708333328125 0.4375 0.197222221875 0.4359375
0 0.1 0.31328125 0.0791666671875 0.31171875 0.07638888906249999 0.3234375 0.09444444375 0.325 0.1 0.321875 0.1 0.31328125
0 0.8083333328125001 0.29375 0.8194444437499999 0.284375 0.8166666671874999 0.27578125 0.8111111109375001 0.27421875 0.790277778125 0.27421875 0.7875 0.27578125 0.7875 0.2921875 0.790277778125 0.29375 0.8083333328125001 0.29375
0 0.16388888906250001 0.5375 0.165277778125 0.5359375 0.16944444375 0.5359375 0.177777778125 0.53125 0.18055555625 0.52578125 0.172222221875 0.521875 0.172222221875 0.51953125 0.16944444375 0.51875 0.16944444375 0.51484375 0.16388888906250001 0.51171875 0.1458333328125 0.51171875 0.14305555625 0.51328125 0.14305555625 0.5296875 0.15694444375 0.5375 0.16388888906250001 0.5375
0 0.8680555562500001 0.58828125 0.8680555562500001 0.5921875 0.8652777781250001 0.59296875 0.8652777781250001 0.6234375 0.8680555562500001 0.62421875 0.8680555562500001 0.6265625 0.872222221875 0.6265625 0.8736111109375001 0.6296875 0.877777778125 0.6296875 0.8791666671874999 0.63125 0.897222221875 0.63125 0.8986111109375001 0.6296875 0.902777778125 0.6296875 0.909722221875 0.625 0.9138888890624999 0.625 0.91944444375 0.621875 0.925 0.60859375 0.9333333328125001 0.6046875 0.9333333328125001 0.60234375 0.9361111109375001 0.6015625 0.9361111109375001 0.58671875 0.9333333328125001 0.5859375 0.9333333328125001 0.58203125 0.91944444375 0.57421875 0.890277778125 0.57421875 0.8847222218749999 0.57734375 0.8847222218749999 0.5796875 0.8680555562500001 0.58828125
0 0.0666666671875 0.315625 0.0666666671875 0.30234375 0.061111110937500004 0.29921875 0.034722221875 0.29921875 0.03194444375 0.315625 0.0375 0.31875 0.061111110937500004 0.31875 0.0666666671875 0.315625
0 0.89444444375 0.36953125 0.8861111109375001 0.36796875 0.8541666671874999 0.36953125 0.85694444375 0.3875 0.8888888890625 0.3875 0.897222221875 0.384375 0.89444444375 0.36953125
0 0.7486111109375 0.69140625 0.7430555562500001 0.69453125 0.7430555562500001 0.7015625 0.7458333328125 0.7046875 0.7611111109375 0.7046875 0.765277778125 0.7015625 0.775 0.7 0.7805555562500001 0.68984375 0.775 0.68671875 0.7625 0.68671875 0.752777778125 0.69140625 0.7486111109375 0.69140625
0 0.915277778125 0.3890625 0.9333333328125001 0.3875 0.9444444437499999 0.3796875 0.9416666671874999 0.37265625 0.9305555562500001 0.36953125 0.9236111109375 0.36953125 0.922222221875 0.36796875 0.9013888890624999 0.36796875 0.8986111109375001 0.36953125 0.8986111109375001 0.3859375 0.9013888890624999 0.3875 0.9138888890624999 0.3875 0.915277778125 0.3890625
0 0.9305555562500001 0.08125 0.93194444375 0.0796875 0.9416666671874999 0.0796875 0.9416666671874999 0.07734375 0.95555555625 0.06875 0.95555555625 0.05859375 0.95 0.05546875 0.9236111109375 0.05546875 0.9208333328125 0.05703125 0.9208333328125 0.078125 0.9263888890624999 0.08125 0.9305555562500001 0.08125
0 0.1416666671875 0.5125 0.13888888906250002 0.50546875 0.1125 0.50546875 0.109722221875 0.50703125 0.109722221875 0.5171875 0.1125 0.51875 0.13055555624999998 0.51875 0.1416666671875 0.5125
0 0.7083333328125 0.39375 0.7166666671875 0.3875 0.7138888890625 0.37734375 0.7083333328125 0.37421875 0.6791666671875001 0.37421875 0.6763888890625 0.37578125 0.6763888890625 0.3921875 0.6791666671875001 0.39375 0.7083333328125 0.39375
0 0.9125 0.559375 0.9305555562500001 0.559375 0.9444444437499999 0.5546875 0.9444444437499999 0.55078125 0.95 0.546875 0.95 0.53984375 0.9444444437499999 0.53203125 0.934722221875 0.52890625 0.9333333328125001 0.52578125 0.9277777781250001 0.52421875 0.8791666671874999 0.52421875 0.8763888890624999 0.52578125 0.8791666671874999 0.5375 0.902777778125 0.5375 0.909722221875 0.53984375 0.9125 0.559375
0 0.9 0.1859375 0.9 0.18359375 0.9111111109375001 0.1796875 0.9111111109375001 0.17109375 0.9055555562500001 0.16796875 0.8791666671874999 0.16796875 0.8763888890624999 0.16953125 0.8791666671874999 0.1859375 0.8875 0.1875 0.9 0.1859375
0 0.1416666671875 0.4921875 0.13888888906250002 0.48828125 0.13333333281249998 0.48671875 0.109722221875 0.48828125 0.1125 0.5 0.13333333281249998 0.5 0.13888888906250002 0.496875 0.1416666671875 0.4921875
0 0.9375 0.3109375 0.9416666671874999 0.3109375 0.94305555625 0.309375 0.9583333328125001 0.30625 0.9638888890624999 0.303125 0.9666666671874999 0.29609375 0.9611111109375001 0.29296875 0.934722221875 0.29296875 0.93194444375 0.29453125 0.93194444375 0.30625 0.934722221875 0.30703125 0.934722221875 0.309375 0.9375 0.3109375
0 0.6555555562500001 0.5546875 0.6569444437499999 0.55625 0.6777777781250001 0.55625 0.6791666671875001 0.5546875 0.6861111109375 0.5546875 0.6944444437499999 0.546875 0.6916666671875 0.53828125 0.675 0.53046875 0.6458333328125 0.53046875 0.64305555625 0.53203125 0.64305555625 0.5515625 0.6458333328125 0.5546875 0.6555555562500001 0.5546875
0 0.76944444375 0.3359375 0.777777778125 0.3296875 0.777777778125 0.31953125 0.7458333328125 0.31796875 0.7430555562500001 0.31953125 0.7430555562500001 0.3359375 0.7458333328125 0.3375 0.76944444375 0.3359375
0 0.9888888890624999 0.06953125 0.9680555562500001 0.06796875 0.965277778125 0.06953125 0.9680555562500001 0.0890625 0.9861111109375 0.0875 0.9888888890624999 0.06953125
0 0.022222221875 0.2421875 0.022222221875 0.22578125 0.0125 0.22421875 0.009722221875000001 0.22578125 0.009722221875000001 0.2421875 0.019444443750000002 0.24375 0.022222221875 0.2421875
0 0.052777778124999994 0.253125 0.055555556250000006 0.24609375 0.05 0.24296875 0.034722221875 0.24296875 0.03194444375 0.24453125 0.03194444375 0.2546875 0.047222221875 0.25625 0.052777778124999994 0.253125
0 0.56805555625 0.43828125 0.56805555625 0.4421875 0.575 0.4421875 0.5861111109375 0.4359375 0.5888888890625 0.4328125 0.5888888890625 0.42578125 0.5861111109375 0.42421875 0.56805555625 0.42421875 0.565277778125 0.42578125 0.565277778125 0.4375 0.56805555625 0.43828125
0 0.7569444437499999 0.6640625 0.775 0.665625 0.784722221875 0.6625 0.797222221875 0.6625 0.8 0.6609375 0.797222221875 0.63984375 0.7861111109375 0.63671875 0.7597222218749999 0.63828125 0.7569444437499999 0.63984375 0.7597222218749999 0.6515625 0.7541666671875 0.65703125 0.7569444437499999 0.6640625
0 0.6875 0.6625 0.702777778125 0.6609375 0.702777778125 0.65234375 0.6916666671875 0.64453125 0.6861111109375 0.64296875 0.665277778125 0.64453125 0.665277778125 0.65625 0.6708333328125 0.6609375 0.6861111109375 0.6609375 0.6875 0.6625
0 0.9277777781250001 0.459375 0.9416666671874999 0.4546875 0.9416666671874999 0.44921875 0.9444444437499999 0.4484375 0.9416666671874999 0.43828125 0.9125 0.43671875 0.909722221875 0.43828125 0.909722221875 0.4546875 0.9125 0.4578125 0.9277777781250001 0.459375
0 0.4875 0.68125 0.5083333328124999 0.6796875 0.5111111109375 0.67109375 0.51944444375 0.6671875 0.525 0.6609375 0.525 0.65234375 0.5166666671875 0.64921875 0.48194444374999995 0.64921875 0.4763888890625 0.65234375 0.4763888890625 0.6765625 0.4791666671875 0.6796875 0.4875 0.68125
0 0.0666666671875 0.5796875 0.0666666671875 0.57578125 0.0638888890625 0.57421875 0.0458333328125 0.57421875 0.04305555625 0.57578125 0.04305555625 0.5828125 0.0458333328125 0.5859375 0.052777778124999994 0.5859375 0.0666666671875 0.5796875
0 0.9472222218749999 0.18203125 0.9236111109375 0.18046875 0.9208333328125 0.1984375 0.9416666671874999 0.2 0.9472222218749999 0.19375 0.9472222218749999 0.18203125
0 0.5333333328125 0.55 0.534722221875 0.5484375 0.54444444375 0.5484375 0.54444444375 0.53828125 0.51805555625 0.53515625 0.5138888890625 0.5328125 0.5083333328124999 0.52421875 0.5013888890625 0.52421875 0.4986111109375 0.52578125 0.4986111109375 0.5421875 0.50555555625 0.54375 0.5125 0.55 0.5333333328125 0.55
0 0.627777778125 0.41171875 0.6125 0.41171875 0.6125 0.4234375 0.63055555625 0.4234375 0.6333333328124999 0.41484375 0.627777778125 0.41171875
0 0.3375 0.35 0.3416666671875 0.35 0.35555555625 0.34375 0.35555555625 0.33828125 0.352777778125 0.33671875 0.334722221875 0.33671875 0.33194444375 0.33828125 0.33194444375 0.346875 0.3375 0.35
0 0.5527777781250001 0.31328125 0.534722221875 0.31171875 0.5319444437499999 0.3234375 0.534722221875 0.325 0.55 0.3234375 0.5527777781250001 0.31328125
0 0.7638888890625 0.35546875 0.734722221875 0.35546875 0.73194444375 0.35703125 0.734722221875 0.36875 0.75555555625 0.36875 0.7666666671875 0.3625 0.7638888890625 0.35546875
0 0.9680555562500001 0.44609375 0.965277778125 0.459375 0.9680555562500001 0.4609375 0.9833333328125 0.4609375 0.9875 0.45625 0.997222221875 0.4546875 0.997222221875 0.43046875 0.9708333328125001 0.43046875 0.965277778125 0.43359375 0.965277778125 0.4453125 0.9680555562500001 0.44609375
0 0.909722221875 0.55625 0.9125 0.559375 0.9305555562500001 0.559375 0.9416666671874999 0.55625 0.95 0.546875 0.95 0.53984375 0.9472222218749999 0.5390625 0.9444444437499999 0.53203125 0.9388888890624999 0.52890625 0.934722221875 0.52890625 0.9333333328125001 0.52578125 0.9277777781250001 0.52421875 0.9013888890624999 0.52421875 0.8986111109375001 0.52578125 0.8986111109375001 0.5359375 0.909722221875 0.54140625 0.909722221875 0.55625
0 0.222222221875 0.2484375 0.21944444375 0.24296875 0.20138888906250002 0.24296875 0.1986111109375 0.24453125 0.20138888906250002 0.2546875 0.20833333281250002 0.2546875 0.215277778125 0.25 0.222222221875 0.2484375
0 0.997222221875 0.3875 0.9986111109375001 0.36328125 0.997222221875 0.36171875 0.9791666671874999 0.36171875 0.9763888890624999 0.36328125 0.9763888890624999 0.3796875 0.9902777781250001 0.3875 0.997222221875 0.3875
0 0.9388888890624999 0.1921875 0.9416666671874999 0.1875 0.9388888890624999 0.18203125 0.9236111109375 0.18203125 0.9236111109375 0.196875 0.9305555562500001 0.1984375 0.9388888890624999 0.1921875
0 0.7 0.2484375 0.6972222218749999 0.24296875 0.6791666671875001 0.24296875 0.6763888890625 0.24453125 0.6791666671875001 0.2546875 0.6861111109375 0.2546875 0.69305555625 0.25 0.7 0.2484375
0 0.147222221875 0.4734375 0.147222221875 0.46953125 0.1416666671875 0.46796875 0.1208333328125 0.46953125 0.1208333328125 0.475 0.1263888890625 0.478125 0.13888888906250002 0.478125 0.147222221875 0.4734375
0 0.5111111109375 0.6984375 0.5083333328124999 0.67734375 0.50555555625 0.67578125 0.490277778125 0.67578125 0.4875 0.67890625 0.4875 0.6984375 0.50555555625 0.7015625 0.5111111109375 0.6984375
0 0.7041666671875 0.325 0.7083333328125 0.325 0.70555555625 0.31796875 0.6875 0.31953125 0.690277778125 0.3296875 0.6972222218749999 0.3296875 0.7041666671875 0.325
0 0.5111111109375 0.7 0.5083333328124999 0.68359375 0.5 0.68046875 0.490277778125 0.68046875 0.4875 0.68203125 0.4875 0.6984375 0.5083333328124999 0.7015625 0.5111111109375 0.7
0 0.40138888906250003 0.56015625 0.3986111109375 0.56328125 0.3986111109375 0.5796875 0.40138888906250003 0.58125 0.41111111093749997 0.58125 0.41944444374999995 0.578125 0.42222222187499997 0.56484375 0.4263888890625 0.5625 0.4361111109375 0.5625 0.447222221875 0.559375 0.45 0.55078125 0.41805555625 0.54921875 0.40972222187499996 0.55234375 0.40694444374999994 0.559375 0.40138888906250003 0.56015625
0 0.63055555625 0.4234375 0.63055555625 0.41796875 0.6333333328124999 0.4171875 0.63055555625 0.41015625 0.61944444375 0.40546875 0.6013888890625 0.40546875 0.5986111109375 0.40703125 0.5986111109375 0.4171875 0.6125 0.4234375 0.63055555625 0.4234375
0 0.9708333328125001 0.00703125 0.9708333328125001 0.0109375 0.98055555625 0.0109375 0.98055555625 0.00703125 0.9708333328125001 0.00703125
0 0.975 0.175 0.975 0.16328125 0.9458333328125 0.16171875 0.94305555625 0.16328125 0.9458333328125 0.1765625 0.9694444437499999 0.178125 0.975 0.175
0 0.727777778125 0.2984375 0.7361111109375 0.2921875 0.7361111109375 0.28828125 0.73055555625 0.28671875 0.7125 0.28671875 0.709722221875 0.28828125 0.709722221875 0.2921875 0.7236111109375 0.2984375 0.727777778125 0.2984375
0 0.675 0.30859375 0.6666666671875 0.30546875 0.6458333328125 0.30546875 0.64305555625 0.30703125 0.64305555625 0.315625 0.6486111109375 0.31875 0.6611111109375 0.31875 0.66944444375 0.315625 0.675 0.30859375
0 0.66944444375 0.6 0.6805555562500001 0.5921875 0.6805555562500001 0.58203125 0.6763888890625 0.58203125 0.675 0.58046875 0.6486111109375 0.58046875 0.64305555625 0.58359375 0.64305555625 0.5984375 0.6486111109375 0.6015625 0.66944444375 0.6
0 0.91944444375 0.653125 0.9236111109375 0.65 0.9361111109375001 0.646875 0.9361111109375001 0.63359375 0.9305555562500001 0.63046875 0.9125 0.63046875 0.909722221875 0.63203125 0.9125 0.653125 0.91944444375 0.653125
0 0.9388888890624999 0.1859375 0.9388888890624999 0.18359375 0.9125 0.18046875 0.909722221875 0.190625 0.9125 0.19375 0.91944444375 0.19375 0.9263888890624999 0.1859375 0.9388888890624999 0.1859375
0 0.897222221875 0.1875 0.9 0.18359375 0.9111111109375001 0.1796875 0.9083333328125001 0.16953125 0.902777778125 0.16796875 0.8791666671874999 0.16796875 0.8763888890624999 0.16953125 0.8763888890624999 0.1828125 0.8791666671874999 0.1859375 0.897222221875 0.1875
0 0.29722222187499997 0.35078125 0.290277778125 0.35078125 0.2875 0.3609375 0.29722222187499997 0.3625 0.3 0.35390625 0.29722222187499997 0.35078125
0 0.8083333328125001 0.29375 0.8222222218749999 0.2859375 0.8222222218749999 0.27578125 0.815277778125 0.27578125 0.8138888890624999 0.27421875 0.790277778125 0.27421875 0.7875 0.27578125 0.7875 0.2921875 0.790277778125 0.29375 0.8083333328125001 0.29375
0 0.440277778125 0.6484375 0.45277777812500003 0.6484375 0.46388888906250003 0.64375 0.46388888906250003 0.63359375 0.45277777812500003 0.62421875 0.434722221875 0.62421875 0.43194444374999996 0.62578125 0.43194444374999996 0.64375 0.434722221875 0.646875 0.440277778125 0.6484375
0 0.61944444375 0.4109375 0.6180555562500001 0.421875 0.6236111109375 0.4234375 0.63055555625 0.421875 0.63055555625 0.41328125 0.6208333328125 0.41171875 0.6166666671875001 0.40703125 0.6083333328125 0.40546875 0.590277778125 0.40546875 0.5875 0.40703125 0.5875 0.4171875 0.590277778125 0.41875 0.6083333328125 0.41875 0.61944444375 0.4109375
0 0.675 0.30703125 0.66944444375 0.30546875 0.64305555625 0.30703125 0.6458333328125 0.31875 0.6638888890625 0.31875 0.675 0.3109375 0.675 0.30703125
0 0.40972222187499996 0.5734375 0.4125 0.575 0.42222222187499997 0.5734375 0.42222222187499997 0.56484375 0.4263888890625 0.5625 0.4361111109375 0.5625 0.45 0.55625 0.45 0.55078125 0.415277778125 0.54921875 0.40972222187499996 0.55234375 0.4125 0.56328125 0.40972222187499996 0.5734375
0 0.690277778125 0.40625 0.7083333328125 0.40625 0.7138888890625 0.403125 0.7166666671875 0.38984375 0.7083333328125 0.38671875 0.69305555625 0.38671875 0.6875 0.38984375 0.690277778125 0.39296875 0.6875 0.4046875 0.690277778125 0.40625
0 0.722222221875 0.39453125 0.7194444437499999 0.39296875 0.690277778125 0.39296875 0.6875 0.39453125 0.6875 0.4046875 0.690277778125 0.4078125 0.7083333328125 0.40625 0.722222221875 0.3984375 0.722222221875 0.39453125