0 0.5416666671875 0.2125 0.54444444375 0.20859375 0.5555555562500001 0.203125 0.5555555562500001 0.18828125 0.5527777781250001 0.18515625 0.5416666671875 0.18046875 0.5013888890625 0.18046875 0.4986111109375 0.18203125 0.4986111109375 0.2109375 0.5013888890625 0.2125 0.5416666671875 0.2125
0 0.5291666671875 0.40625 0.5638888890625 0.40625 0.5666666671875 0.40234375 0.577777778125 0.3984375 0.58055555625 0.39375 0.577777778125 0.37890625 0.5666666671875 0.37421875 0.5236111109375 0.37421875 0.5208333328125 0.37578125 0.5208333328125 0.4015625 0.5236111109375 0.4046875 0.5291666671875 0.40625
0 0.3638888890625 0.21875 0.377777778125 0.2109375 0.377777778125 0.20859375 0.3861111109375 0.2046875 0.3861111109375 0.20234375 0.3888888890625 0.2015625 0.3888888890625 0.19453125 0.38055555625 0.190625 0.38055555625 0.18828125 0.3763888890625 0.18828125 0.375 0.18671875 0.334722221875 0.18671875 0.33194444375 0.18828125 0.33194444375 0.2125 0.3458333328125 0.21875 0.3638888890625 0.21875
0 0.33888888906250003 0.48125 0.34861111093749997 0.4875 0.377777778125 0.4875 0.3888888890625 0.4828125 0.3916666671875 0.47734375 0.397222221875 0.475 0.397222221875 0.46328125 0.3861111109375 0.45546875 0.3513888890625 0.45546875 0.35 0.45703125 0.34027777812500004 0.45703125 0.33888888906250003 0.45859375 0.334722221875 0.45859375 0.334722221875 0.4609375 0.33194444375 0.46171875 0.33194444375 0.4796875 0.33888888906250003 0.48125
0 0.4236111109375 0.4203125 0.434722221875 0.425 0.45277777812500003 0.425 0.45416666718750004 0.4234375 0.4583333328125 0.4234375 0.477777778125 0.4109375 0.477777778125 0.40078125 0.475 0.4 0.475 0.39765625 0.47083333281249995 0.39765625 0.46388888906250003 0.39296875 0.4236111109375 0.39296875 0.42083333281249996 0.39453125 0.42083333281249996 0.4171875 0.4236111109375 0.41796875 0.4236111109375 0.4203125
0 0.73055555625 0.44375 0.7333333328125 0.43984375 0.74444444375 0.4359375 0.74444444375 0.42265625 0.7416666671875001 0.41953125 0.7333333328125 0.415625 0.73055555625 0.41171875 0.690277778125 0.41171875 0.6875 0.41328125 0.6875 0.440625 0.69305555625 0.44375 0.73055555625 0.44375
0 0.3541666671875 0.8171875 0.3625 0.8203125 0.36666666718749996 0.8203125 0.3708333328125 0.8234375 0.3861111109375 0.8234375 0.39305555625 0.8203125 0.40833333281249995 0.81875 0.4138888890625 0.8140625 0.4138888890625 0.81171875 0.42222222187499997 0.80625 0.42222222187499997 0.79140625 0.41944444374999995 0.790625 0.41944444374999995 0.78828125 0.41111111093749997 0.784375 0.40833333281249995 0.78046875 0.36805555624999997 0.78046875 0.365277778125 0.78203125 0.365277778125 0.7875 0.3541666671875 0.79765625 0.3541666671875 0.8171875
0 0.55694444375 0.7109375 0.5694444437499999 0.7109375 0.58194444375 0.7046875 0.5861111109375 0.7046875 0.5888888890625 0.7015625 0.5888888890625 0.68359375 0.5833333328125 0.68046875 0.5486111109375 0.68046875 0.54305555625 0.68359375 0.54305555625 0.7046875 0.55 0.70625 0.55694444375 0.7109375
0 0.475 0.3421875 0.4763888890625 0.34375 0.5083333328124999 0.34375 0.5111111109375 0.33984375 0.522222221875 0.334375 0.522222221875 0.32265625 0.51944444375 0.31953125 0.5138888890625 0.31796875 0.47083333281249995 0.31796875 0.46527777812500004 0.32109375 0.46527777812500004 0.3390625 0.46805555625000006 0.3421875 0.475 0.3421875
0 0.13888888906250002 0.55078125 0.134722221875 0.55078125 0.134722221875 0.553125 0.13194444375 0.55390625 0.13194444375 0.5734375 0.1458333328125 0.578125 0.15277777812499999 0.578125 0.15555555625 0.57421875 0.1666666671875 0.56875 0.1666666671875 0.56640625 0.1861111109375 0.55625 0.1861111109375 0.55078125 0.18194444375000002 0.55078125 0.18055555625 0.54921875 0.140277778125 0.54921875 0.13888888906250002 0.55078125
0 0.5944444437499999 0.25625 0.6013888890625 0.2625 0.61944444375 0.2609375 0.625 0.25390625 0.6333333328124999 0.25 0.6333333328124999 0.23203125 0.63055555625 0.23046875 0.590277778125 0.23046875 0.5875 0.23203125 0.5875 0.253125 0.590277778125 0.25625 0.5944444437499999 0.25625
0 0.5097222218749999 0.3171875 0.5125 0.31875 0.5416666671875 0.31875 0.54444444375 0.31484375 0.5555555562500001 0.3109375 0.5555555562500001 0.30078125 0.5458333328125 0.29921875 0.5361111109375 0.30390625 0.5125 0.30390625 0.5097222218749999 0.3171875
0 0.259722221875 0.5015625 0.27777777812500004 0.4984375 0.28055555625 0.48359375 0.275 0.48046875 0.23472222187499997 0.48046875 0.23194444375 0.48203125 0.23194444375 0.5 0.2375 0.5046875 0.25555555625 0.5046875 0.259722221875 0.5015625
0 0.5763888890625 0.540625 0.584722221875 0.54375 0.6166666671875001 0.54375 0.622222221875 0.5421875 0.622222221875 0.53984375 0.63055555625 0.5375 0.6333333328124999 0.534375 0.6333333328124999 0.52109375 0.627777778125 0.51796875 0.5875 0.51953125 0.5763888890625 0.52578125 0.5763888890625 0.540625
0 0.9013888890624999 0.8125 0.91944444375 0.8125 0.925 0.809375 0.925 0.80546875 0.9277777781250001 0.8046875 0.9277777781250001 0.79453125 0.925 0.79375 0.925 0.78984375 0.91944444375 0.78671875 0.890277778125 0.78671875 0.8875 0.78828125 0.8875 0.8046875 0.890277778125 0.8078125 0.9013888890624999 0.8125
0 0.622222221875 0.178125 0.622222221875 0.17578125 0.61944444375 0.175 0.61944444375 0.16953125 0.6111111109375 0.165625 0.6111111109375 0.16171875 0.6083333328125 0.1609375 0.6083333328125 0.15859375 0.60555555625 0.15703125 0.6013888890625 0.15703125 0.6 0.15546875 0.56805555625 0.15546875 0.5541666671875001 0.16328125 0.5541666671875001 0.1796875 0.5625 0.1859375 0.6111111109375 0.1859375 0.622222221875 0.178125
0 0.6583333328125 0.6984375 0.6666666671875 0.6921875 0.6666666671875 0.68203125 0.6638888890625 0.68046875 0.6347222218749999 0.68046875 0.6319444437499999 0.68203125 0.6319444437499999 0.6984375 0.6347222218749999 0.7 0.6583333328125 0.6984375
0 0.27638888906250003 0.696875 0.28611111093749997 0.696875 0.3 0.6921875 0.3 0.67890625 0.29444444375 0.66953125 0.2888888890625 0.66796875 0.25694444375000003 0.66796875 0.2541666671875 0.66953125 0.2541666671875 0.690625 0.259722221875 0.69375 0.27638888906250003 0.696875
0 0.40972222187499996 0.6859375 0.4125 0.6875 0.43055555625 0.6875 0.44444444375 0.68125 0.447222221875 0.66796875 0.44166666718750003 0.66171875 0.4125 0.66328125 0.4125 0.6671875 0.40972222187499996 0.66796875 0.40972222187499996 0.6859375
0 0.490277778125 0.57265625 0.4875 0.57578125 0.4875 0.590625 0.490277778125 0.5921875 0.5083333328124999 0.5921875 0.5166666671875 0.5890625 0.527777778125 0.5796875 0.5305555562500001 0.57109375 0.522222221875 0.56796875 0.49583333281249997 0.56953125 0.49583333281249997 0.571875 0.490277778125 0.57265625
0 0.6138888890625 0.1953125 0.6138888890625 0.18828125 0.56805555625 0.18671875 0.565277778125 0.18828125 0.565277778125 0.203125 0.5708333328124999 0.20625 0.597222221875 0.20625 0.6083333328125 0.2015625 0.6138888890625 0.1953125
0 0.9111111109375001 0.6859375 0.9138888890624999 0.68203125 0.91944444375 0.68125 0.91944444375 0.67109375 0.9083333328125001 0.66171875 0.8791666671874999 0.66171875 0.8763888890624999 0.66328125 0.8791666671874999 0.6859375 0.8847222218749999 0.6875 0.9111111109375001 0.6859375
0 0.43055555625 0.625 0.43194444374999996 0.6265625 0.4583333328125 0.625 0.46944444374999994 0.6171875 0.46666666718750005 0.60703125 0.4611111109375 0.60546875 0.4125 0.60546875 0.40972222187499996 0.60703125 0.40972222187499996 0.61875 0.4125 0.621875 0.42083333281249996 0.625 0.43055555625 0.625
0 0.502777778125 0.38125 0.50555555625 0.37421875 0.502777778125 0.3734375 0.5 0.36328125 0.4791666671875 0.36171875 0.4763888890625 0.36328125 0.4763888890625 0.3796875 0.48472222187499997 0.3828125 0.502777778125 0.38125
0 0.95 0.68125 0.95555555625 0.678125 0.95555555625 0.67421875 0.9583333328125001 0.6734375 0.95555555625 0.65859375 0.95 0.65546875 0.9236111109375 0.65546875 0.9208333328125 0.65703125 0.9208333328125 0.6796875 0.9291666671875 0.6828125 0.95 0.68125
0 0.4986111109375 0.41328125 0.4986111109375 0.425 0.5041666671875 0.4328125 0.5097222218749999 0.434375 0.5305555562500001 0.434375 0.5305555562500001 0.43203125 0.540277778125 0.4265625 0.5527777781250001 0.425 0.5583333328125 0.421875 0.5583333328125 0.41171875 0.5527777781250001 0.40546875 0.515277778125 0.40546875 0.5097222218749999 0.40703125 0.5097222218749999 0.409375 0.4986111109375 0.41328125
0 0.70555555625 0.6640625 0.7166666671875 0.6578125 0.7166666671875 0.64765625 0.7083333328125 0.64296875 0.690277778125 0.64296875 0.6875 0.64453125 0.6875 0.6609375 0.6958333328124999 0.6640625 0.70555555625 0.6640625
0 0.3 0.5609375 0.3013888890625 0.5625 0.3138888890625 0.5609375 0.322222221875 0.5578125 0.33055555625 0.55 0.33055555625 0.54453125 0.31944444375000003 0.53671875 0.2791666671875 0.53671875 0.27638888906250003 0.53828125 0.27638888906250003 0.55625 0.2791666671875 0.55703125 0.2791666671875 0.5609375 0.3 0.5609375
0 0.5333333328125 0.48359375 0.527777778125 0.48046875 0.5013888890625 0.48046875 0.4986111109375 0.48203125 0.5013888890625 0.49375 0.525 0.4953125 0.5333333328125 0.4921875 0.5333333328125 0.48359375
0 0.609722221875 0.609375 0.6111111109375 0.609375 0.6125 0.6109375 0.625 0.6109375 0.625 0.61015625 0.64444444375 0.6 0.64444444375 0.59453125 0.64305555625 0.59453125 0.6416666671875 0.59296875 0.6125 0.59296875 0.6125 0.59375 0.609722221875 0.59453125 0.609722221875 0.609375
0 0.5694444437499999 0.4421875 0.5694444437499999 0.43203125 0.5638888890625 0.43046875 0.5375 0.43046875 0.5319444437499999 0.43359375 0.534722221875 0.4484375 0.54444444375 0.4484375 0.5486111109375 0.4453125 0.5694444437499999 0.4421875
0 0.725 0.45234375 0.7194444437499999 0.44921875 0.7125 0.44921875 0.709722221875 0.4609375 0.7194444437499999 0.4625 0.725 0.459375 0.725 0.45234375
0 0.40833333281249995 0.315625 0.4166666671875 0.309375 0.4138888890625 0.29609375 0.40833333281249995 0.29296875 0.40138888906250003 0.29296875 0.3986111109375 0.29453125 0.3986111109375 0.3125 0.40138888906250003 0.315625 0.40833333281249995 0.315625
0 0.64444444375 0.678125 0.64444444375 0.66328125 0.6416666671875 0.66171875 0.6236111109375 0.66171875 0.622222221875 0.66328125 0.6013888890625 0.66171875 0.5986111109375 0.66328125 0.5986111109375 0.6796875 0.6013888890625 0.68125 0.627777778125 0.6828125 0.64444444375 0.678125
0 0.54444444375 0.1671875 0.55 0.1640625 0.55 0.16171875 0.5527777781250001 0.1609375 0.5527777781250001 0.15703125 0.54444444375 0.153125 0.54444444375 0.15078125 0.5416666671875 0.14921875 0.5236111109375 0.14921875 0.5208333328125 0.15078125 0.5208333328125 0.1609375 0.5319444437499999 0.1671875 0.54444444375 0.1671875
0 0.64444444375 0.6765625 0.64444444375 0.66328125 0.6416666671875 0.66171875 0.6263888890625 0.66171875 0.6166666671875001 0.66484375 0.6083333328125 0.66171875 0.5986111109375 0.66328125 0.5986111109375 0.6796875 0.6013888890625 0.68125 0.6416666671875 0.6796875 0.64444444375 0.6765625
0 0.0666666671875 0.6671875 0.06944444375 0.65859375 0.058333332812500006 0.65546875 0.0458333328125 0.65546875 0.04305555625 0.6734375 0.0458333328125 0.675 0.06944444375 0.6734375 0.0666666671875 0.6671875
0 0.5333333328125 0.2609375 0.5333333328125 0.24453125 0.5125 0.24296875 0.5097222218749999 0.24453125 0.5097222218749999 0.2609375 0.5305555562500001 0.2625 0.5333333328125 0.2609375
0 0.0888888890625 0.65703125 0.0861111109375 0.65546875 0.059722221875 0.65546875 0.054166667187499996 0.65859375 0.05694444375 0.675 0.0861111109375 0.6734375 0.0888888890625 0.65703125
0 0.29722222187499997 0.503125 0.3013888890625 0.5 0.3083333328125 0.5 0.315277778125 0.4953125 0.31944444375000003 0.4953125 0.322222221875 0.48359375 0.3166666671875 0.48046875 0.29305555625 0.48046875 0.2875 0.48359375 0.290277778125 0.503125 0.29722222187499997 0.503125
0 0.5083333328124999 0.1671875 0.515277778125 0.1625 0.525 0.1625 0.5291666671875 0.165625 0.5416666671875 0.1671875 0.5527777781250001 0.1609375 0.5527777781250001 0.15703125 0.54444444375 0.153125 0.5416666671875 0.14921875 0.5013888890625 0.14921875 0.4986111109375 0.15078125 0.4986111109375 0.1625 0.5013888890625 0.16328125 0.5013888890625 0.1671875 0.5083333328124999 0.1671875
0 0.352777778125 0.56875 0.3611111109375 0.5625 0.3583333328125 0.55234375 0.352777778125 0.54921875 0.334722221875 0.54921875 0.33194444375 0.55078125 0.33194444375 0.565625 0.3375 0.56875 0.352777778125 0.56875
0 0.725 0.60625 0.725 0.58984375 0.7194444437499999 0.58671875 0.7013888890625 0.58671875 0.6986111109375 0.60625 0.7041666671875 0.6109375 0.7194444437499999 0.6109375 0.725 0.60625
0 0.2888888890625 0.39453125 0.28611111093749997 0.39296875 0.25694444375000003 0.39296875 0.2541666671875 0.4046875 0.25694444375000003 0.40625 0.28055555625 0.4046875 0.2888888890625 0.3984375 0.2888888890625 0.39453125
0 0.5361111109375 0.43203125 0.54305555625 0.428125 0.55 0.428125 0.5583333328125 0.421875 0.5583333328125 0.41328125 0.5527777781250001 0.41171875 0.5041666671875 0.41171875 0.4986111109375 0.41484375 0.4986111109375 0.43125 0.5013888890625 0.43203125 0.5013888890625 0.4375 0.5097222218749999 0.440625 0.527777778125 0.440625 0.5333333328125 0.4375 0.5361111109375 0.43203125
0 0.5319444437499999 0.1671875 0.54444444375 0.1671875 0.5527777781250001 0.1625 0.5527777781250001 0.15703125 0.54444444375 0.153125 0.5416666671875 0.14921875 0.5125 0.14921875 0.5097222218749999 0.15078125 0.5097222218749999 0.1609375 0.51805555625 0.1640625 0.527777778125 0.1640625 0.5319444437499999 0.1671875
0 0.5944444437499999 0.446875 0.597222221875 0.43984375 0.5888888890625 0.43671875 0.5791666671875 0.43671875 0.5763888890625 0.43828125 0.5763888890625 0.4484375 0.5861111109375 0.45 0.5944444437499999 0.446875
0 0.5861111109375 0.45 0.5888888890625 0.43671875 0.5833333328125 0.43203125 0.5708333328124999 0.43359375 0.5638888890625 0.43046875 0.5458333328125 0.43046875 0.54305555625 0.43203125 0.5458333328125 0.4453125 0.5694444437499999 0.4453125 0.5763888890625 0.45 0.5861111109375 0.45
0 0.3638888890625 0.25625 0.36666666718749996 0.2546875 0.36666666718749996 0.24296875 0.3638888890625 0.2421875 0.3638888890625 0.23828125 0.352777778125 0.23046875 0.334722221875 0.23046875 0.33194444375 0.23203125 0.334722221875 0.2515625 0.3458333328125 0.25625 0.3638888890625 0.25625
0 0.522222221875 0.371875 0.522222221875 0.36328125 0.4986111109375 0.36328125 0.497222221875 0.36171875 0.4791666671875 0.36171875 0.4763888890625 0.36328125 0.4763888890625 0.3796875 0.48472222187499997 0.3828125 0.5083333328124999 0.38125 0.522222221875 0.371875
0 0.3111111109375 0.5609375 0.3166666671875 0.559375 0.322222221875 0.5546875 0.322222221875 0.53828125 0.30416666718749996 0.53515625 0.3 0.53203125 0.2916666671875 0.53046875 0.26805555625 0.53046875 0.26527777812500003 0.53203125 0.26527777812500003 0.5546875 0.28194444375 0.5609375 0.3111111109375 0.5609375
0 0.64444444375 0.678125 0.64444444375 0.66328125 0.6263888890625 0.66171875 0.6208333328125 0.66484375 0.6208333328125 0.6796875 0.6388888890625 0.68125 0.64444444375 0.678125
0 0.33055555625 0.60078125 0.325 0.59921875 0.2986111109375 0.60078125 0.3013888890625 0.615625 0.3138888890625 0.615625 0.33055555625 0.6109375 0.33055555625 0.60078125
0 0.6263888890625 0.6828125 0.6388888890625 0.68125 0.64444444375 0.678125 0.64444444375 0.66328125 0.6416666671875 0.66171875 0.6263888890625 0.66171875 0.6208333328125 0.66484375 0.6208333328125 0.6796875 0.6263888890625 0.6828125