0 0.65390625 0.00859375 0.03046875 0.0171875
0 0.71328125 0.00625 0.0171875 0.0125
0 0.62890625 0.0078125 0.028125 0.01484375
0 0.634375 0.021875 0.0390625 0.0171875
0 0.72890625 0.0328125 0.053125 0.03203125
0 0.66796875 0.04375 0.04140625 0.028125
0 0.7296875 0.053125 0.0265625 0.01796875
0 0.69375 0.053125 0.01796875 0.0140625
0 0.66953125 0.0625 0.025 0.0125
0 0.7046875 0.07890625 0.0484375 0.025
0 0.634375 0.09375 0.034375 0.025
0 0.759375 0.09921875 0.05546875 0.028125
0 0.66171875 0.109375 0.0484375 0.03359375
0 0.73203125 0.1140625 0.028125 0.02109375
0 0.740625 0.13828125 0.04140625 0.028125
0 0.68515625 0.13828125 0.04296875 0.0265625
0 0.61015625 0.1421875 0.02890625 0.02421875
0 0.678125 0.1546875 0.034375 0.02421875
0 0.63828125 0.1609375 0.040625 0.0234375
0 0.6171875 0.165625 0.0375 0.02734375
0 0.6609375 0.1890625 0.03359375 0.021875
0 0.546875 0.19375 0.04296875 0.0265625
0 0.6 0.2015625 0.04140625 0.02578125
0 0.75625 0.209375 0.0375 0.02578125
0 0.77734375 0.215625 0.0375 0.021875
0 0.4640625 0.234375 0.04453125 0.03125
0 0.684375 0.228125 0.015625 0.01640625
0 0.6046875 0.234375 0.03203125 0.02109375
0 0.68046875 0.24453125 0.028125 0.028125
0 0.62578125 0.246875 0.02890625 0.01953125
0 0.61171875 0.246875 0.0015625 0.00078125
0 0.0234375 0.27578125 0.046875 0.028125
0 0.91328125 0.284375 0.034375 0.01875
0 0.63515625 0.2875 0.02109375 0.01015625
0 0.58984375 0.30625 0.04296875 0.01875
0 0.7953125 0.3390625 0.0515625 0.028125
0 0.5328125 0.346875 0.04609375 0.02265625
0 0.4625 0.34921875 0.03359375 0.0234375
0 0.50390625 0.35 0.01640625 0.02265625
0 0.65859375 0.35078125 0.01640625 0.0125
0 0.7921875 0.35859375 0.04609375 0.028125
0 0.84375 0.3671875 0.04296875 0.02890625
0 0.659375 0.359375 0.01953125 0.01015625
0 0.815625 0.3734375 0.03046875 0.02734375
0 0.86875 0.378125 0.05703125 0.03125
0 0.8921875 0.396875 0.03203125 0.02734375
0 0.85078125 0.3953125 0.03203125 0.02265625
0 0.60703125 0.4015625 0.03359375 0.02421875
0 0.8078125 0.40703125 0.034375 0.0203125
0 0.803125 0.425 0.0484375 0.02421875
0 0.19140625 0.4234375 0.05859375 0.01640625
0 0.01015625 0.44140625 0.0203125 0.0171875
0 0.759375 0.4453125 0.0234375 0.01640625
0 0.5375 0.4515625 0.05 0.02734375
0 0.565625 0.45 0.0265625 0.01640625
0 0.67265625 0.46328125 0.05703125 0.0296875
0 0.7578125 0.465625 0.02890625 0.01640625
0 0.71640625 0.46640625 0.03046875 0.0125
0 0.7765625 0.496875 0.05859375 0.0328125
0 0.88671875 0.515625 0.0484375 0.01953125
0 0.78046875 0.5703125 0.0359375 0.0265625
0 0.57109375 0.6046875 0.0359375 0.01953125
0 0.78046875 0.60546875 0.03359375 0.015625
0 0.65859375 0.615625 0.05 0.01953125
0 0.75234375 0.6203125 0.0234375 0.02109375
0 0.540625 0.64375 0.03203125 0.0171875
0 0.20859375 0.6640625 0.0359375 0.02734375
0 0.246875 0.6703125 0.04140625 0.02421875
0 0.74609375 0.6765625 0.05 0.02734375
0 0.784375 0.675 0.040625 0.02421875