0 0.12222222187500001 0.6703125 0.11944444375 0.65546875 0.0791666671875 0.65546875 0.07638888906249999 0.65703125 0.0791666671875 0.675 0.102777778125 0.6765625 0.11944444375 0.6734375 0.12222222187500001 0.6703125
0 0.475 0.4 0.48055555625 0.38984375 0.475 0.38671875 0.45694444375 0.38671875 0.45416666718750004 0.38828125 0.45416666718750004 0.3984375 0.45694444375 0.4 0.475 0.4
0 0.04305555625 0.6359375 0.0638888890625 0.6375 0.0736111109375 0.6421875 0.0861111109375 0.6421875 0.0888888890625 0.62890625 0.09305555625 0.625 0.097222221875 0.625 0.097222221875 0.61953125 0.07638888906249999 0.61796875 0.058333332812500006 0.62421875 0.0458333328125 0.62421875 0.04305555625 0.6359375
0 0.13333333281249998 0.45 0.134722221875 0.4484375 0.1416666671875 0.4484375 0.1416666671875 0.44609375 0.15 0.440625 0.15 0.43671875 0.15277777812499999 0.4359375 0.1416666671875 0.42421875 0.1125 0.42421875 0.109722221875 0.42578125 0.109722221875 0.4484375 0.1125 0.45 0.13333333281249998 0.45
0 0.3416666671875 0.4609375 0.34444444375 0.45078125 0.3375 0.44921875 0.33055555625 0.44296875 0.3013888890625 0.44296875 0.2986111109375 0.44453125 0.2986111109375 0.4609375 0.3013888890625 0.4625 0.32777777812500003 0.4640625 0.3416666671875 0.4609375
0 0.290277778125 0.2140625 0.3083333328125 0.2125 0.322222221875 0.2046875 0.322222221875 0.19609375 0.3166666671875 0.19296875 0.28194444375 0.19296875 0.27638888906250003 0.19609375 0.27638888906250003 0.2109375 0.2791666671875 0.2125 0.2888888890625 0.2125 0.290277778125 0.2140625
0 0.15277777812499999 0.475 0.1611111109375 0.4671875 0.1583333328125 0.45859375 0.15277777812499999 0.45546875 0.12361111093749999 0.45546875 0.1208333328125 0.45703125 0.1208333328125 0.4734375 0.12361111093749999 0.475 0.15277777812499999 0.475
0 0.51944444375 0.4375 0.525 0.4328125 0.525 0.42109375 0.51944444375 0.41796875 0.490277778125 0.41796875 0.4875 0.41953125 0.4875 0.4359375 0.5013888890625 0.4390625 0.51944444375 0.4375
0 0.10138888906250001 0.54765625 0.0986111109375 0.5609375 0.1041666671875 0.5640625 0.12222222187500001 0.5609375 0.12222222187500001 0.55859375 0.1361111109375 0.553125 0.1361111109375 0.54609375 0.13055555624999998 0.54296875 0.1125 0.54296875 0.10694444375 0.54453125 0.10555555624999999 0.54765625 0.10138888906250001 0.54765625
0 0.0875 0.3734375 0.1 0.3734375 0.1111111109375 0.3671875 0.10833333281249999 0.35703125 0.102777778125 0.35546875 0.0791666671875 0.35546875 0.07638888906249999 0.35703125 0.07638888906249999 0.3671875 0.08333333281250001 0.36875 0.0875 0.3734375
0 0.0236111109375 0.46875 0.0333333328125 0.46875 0.0416666671875 0.465625 0.04444444375 0.45859375 0.055555556250000006 0.4515625 0.055555556250000006 0.44453125 0.052777778124999994 0.44296875 0.026388889062499997 0.44296875 0.0208333328125 0.44609375 0.0208333328125 0.4671875 0.0236111109375 0.46875
0 0.12361111093749999 0.375 0.13055555624999998 0.375 0.14444444375 0.3671875 0.14444444375 0.35703125 0.1416666671875 0.35546875 0.1263888890625 0.35546875 0.1208333328125 0.35859375 0.1208333328125 0.3734375 0.12361111093749999 0.375
0 0.43333333281249997 0.66953125 0.4236111109375 0.66796875 0.42083333281249996 0.68125 0.4236111109375 0.684375 0.43055555625 0.684375 0.43333333281249997 0.66953125
0 0.934722221875 0.65625 0.9472222218749999 0.6546875 0.95555555625 0.65 0.9583333328125001 0.63828125 0.952777778125 0.63671875 0.9375 0.63671875 0.93194444375 0.63984375 0.93194444375 0.6546875 0.934722221875 0.65625
0 0.98055555625 0.31875 0.98055555625 0.31328125 0.95694444375 0.31171875 0.9541666671875 0.321875 0.959722221875 0.325 0.975 0.325 0.98055555625 0.31875
0 0.40694444374999994 0.4109375 0.41944444374999995 0.4125 0.42222222187499997 0.40859375 0.43055555625 0.4046875 0.43333333281249997 0.39453125 0.43055555625 0.39375 0.43055555625 0.39140625 0.41944444374999995 0.38671875 0.40138888906250003 0.38671875 0.3986111109375 0.38828125 0.3986111109375 0.39375 0.40694444374999994 0.40234375 0.40694444374999994 0.4109375
0 0.6986111109375 0.6609375 0.7041666671875 0.6640625 0.7194444437499999 0.6625 0.722222221875 0.65859375 0.73055555625 0.65625 0.7333333328125 0.653125 0.7333333328125 0.64453125 0.73055555625 0.64296875 0.7125 0.64296875 0.7013888890625 0.64765625 0.6986111109375 0.65078125 0.6986111109375 0.6609375
0 0.44305555625000004 0.4171875 0.45277777812500003 0.4171875 0.4611111109375 0.4109375 0.4611111109375 0.40703125 0.45555555625000005 0.40078125 0.45 0.39921875 0.434722221875 0.39921875 0.43194444374999996 0.40078125 0.43194444374999996 0.4109375 0.434722221875 0.4140625 0.44305555625000004 0.4171875
0 0.1166666671875 0.60078125 0.10138888906250001 0.59921875 0.0986111109375 0.6109375 0.1111111109375 0.6125 0.1166666671875 0.609375 0.1166666671875 0.60078125
0 0.9444444437499999 0.28359375 0.9388888890624999 0.28046875 0.9236111109375 0.28046875 0.9208333328125 0.2921875 0.9388888890624999 0.29375 0.9444444437499999 0.290625 0.9444444437499999 0.28359375
0 0.66805555625 0.64375 0.6833333328125 0.6421875 0.6888888890625 0.6359375 0.6888888890625 0.61953125 0.6569444437499999 0.61796875 0.6541666671875 0.6296875 0.6625 0.63515625 0.6625 0.6421875 0.66805555625 0.64375
0 0.0888888890625 0.5609375 0.097222221875 0.5546875 0.097222221875 0.54765625 0.0888888890625 0.54296875 0.06805555625000001 0.54296875 0.06527777812499999 0.54453125 0.06527777812499999 0.5609375 0.06805555625000001 0.5625 0.0888888890625 0.5609375
0 0.98055555625 0.61171875 0.975 0.60546875 0.9680555562500001 0.60546875 0.965277778125 0.6234375 0.975 0.625 0.98055555625 0.61875 0.98055555625 0.61171875
0 0.3013888890625 0.73125 0.2875 0.73828125 0.2875 0.7421875 0.2888888890625 0.7421875 0.290277778125 0.74375 0.3083333328125 0.74375 0.3083333328125 0.74296875 0.322222221875 0.7359375 0.322222221875 0.73203125 0.32083333281250004 0.73203125 0.31944444375000003 0.73046875 0.3013888890625 0.73046875 0.3013888890625 0.73125
0 0.9111111109375001 0.58359375 0.9055555562500001 0.58046875 0.890277778125 0.58046875 0.8875 0.58203125 0.890277778125 0.596875 0.9083333328125001 0.5984375 0.9111111109375001 0.58359375
0 0.775 0.671875 0.7861111109375 0.6671875 0.7888888890625 0.6640625 0.7861111109375 0.65546875 0.76805555625 0.65546875 0.765277778125 0.65703125 0.76805555625 0.671875 0.775 0.671875
0 0.875 0.5234375 0.875 0.51953125 0.8680555562500001 0.51796875 0.8638888890624999 0.51484375 0.85694444375 0.51484375 0.8541666671874999 0.5234375 0.859722221875 0.5265625 0.872222221875 0.525 0.875 0.5234375
0 0.352777778125 0.44375 0.3638888890625 0.4390625 0.3611111109375 0.43046875 0.34305555625 0.43203125 0.34305555625 0.4421875 0.3458333328125 0.44375 0.352777778125 0.44375
0 0.9902777781250001 0.31796875 0.9875 0.3296875 0.997222221875 0.33125 0.9986111109375001 0.31953125 0.9902777781250001 0.31796875
0 0.9305555562500001 0.5375 0.9333333328125001 0.5359375 0.9333333328125001 0.53203125 0.9305555562500001 0.53046875 0.9236111109375 0.53046875 0.9208333328125 0.53203125 0.9208333328125 0.5359375 0.9236111109375 0.5375 0.9305555562500001 0.5375
0 0.49444444374999996 0.6078125 0.49444444374999996 0.60078125 0.4791666671875 0.59921875 0.4763888890625 0.60078125 0.4763888890625 0.6171875 0.4861111109375 0.61875 0.49444444374999996 0.6078125
0 0.602777778125 0.65078125 0.6 0.64921875 0.590277778125 0.64921875 0.5875 0.6546875 0.590277778125 0.65625 0.6 0.65625 0.602777778125 0.65078125
0 0.752777778125 0.63671875 0.73194444375 0.63828125 0.734722221875 0.6453125 0.74444444375 0.6453125 0.75555555625 0.6421875 0.752777778125 0.63671875
0 0.43333333281249997 0.68125 0.43333333281249997 0.66953125 0.4125 0.66796875 0.40972222187499996 0.66953125 0.40972222187499996 0.6859375 0.42222222187499997 0.6875 0.43333333281249997 0.68125
0 0.63055555625 0.31796875 0.6236111109375 0.31953125 0.6263888890625 0.325 0.6416666671875 0.3234375 0.6416666671875 0.31953125 0.63055555625 0.31796875
0 0.9902777781250001 0.31171875 0.9875 0.3296875 0.997222221875 0.33125 0.9986111109375001 0.31328125 0.9902777781250001 0.31171875
0 0.9444444437499999 0.2921875 0.9388888890624999 0.28671875 0.9208333328125 0.28828125 0.9208333328125 0.2921875 0.9263888890624999 0.2953125 0.9416666671874999 0.2953125 0.9444444437499999 0.2921875