0 0.5333333328125 0.6546875 0.5333333328125 0.64453125 0.5305555562500001 0.64296875 0.5013888890625 0.64296875 0.4986111109375 0.64453125 0.4986111109375 0.6609375 0.5013888890625 0.6625 0.5166666671875 0.6625 0.5333333328125 0.6546875
0 0.51944444375 0.58671875 0.490277778125 0.58671875 0.4875 0.58828125 0.490277778125 0.6 0.51944444375 0.6 0.522222221875 0.5984375 0.51944444375 0.58671875
0 0.60555555625 0.6109375 0.6111111109375 0.60625 0.6083333328125 0.59453125 0.5791666671875 0.59296875 0.5763888890625 0.59453125 0.5763888890625 0.6109375 0.5791666671875 0.6125 0.60555555625 0.6109375
0 0.6791666671875001 0.6328125 0.6861111109375 0.63125 0.6861111109375 0.62578125 0.6805555562500001 0.6234375 0.6805555562500001 0.62109375 0.675 0.61796875 0.6569444437499999 0.61796875 0.6541666671875 0.61953125 0.6541666671875 0.634375 0.659722221875 0.6375 0.675 0.6359375 0.6791666671875001 0.6328125
0 0.5527777781250001 0.475 0.559722221875 0.4703125 0.5638888890625 0.4703125 0.5694444437499999 0.4671875 0.5694444437499999 0.46484375 0.5555555562500001 0.4578125 0.5555555562500001 0.45546875 0.5527777781250001 0.4546875 0.5527777781250001 0.45234375 0.55 0.45078125 0.5458333328125 0.45078125 0.54444444375 0.44921875 0.534722221875 0.44921875 0.5319444437499999 0.45078125 0.5319444437499999 0.4671875 0.540277778125 0.4734375 0.5527777781250001 0.475
0 0.597222221875 0.57421875 0.5916666671875 0.56953125 0.56805555625 0.56796875 0.565277778125 0.5859375 0.56805555625 0.5875 0.597222221875 0.5859375 0.597222221875 0.57421875
0 0.6888888890625 0.53203125 0.6861111109375 0.53046875 0.6569444437499999 0.53203125 0.6541666671875 0.5484375 0.6833333328125 0.55 0.6888888890625 0.546875 0.6888888890625 0.53203125
0 0.7111111109375 0.6484375 0.7083333328125 0.63671875 0.6763888890625 0.63828125 0.6791666671875001 0.6546875 0.6972222218749999 0.6546875 0.6986111109375 0.6515625 0.7111111109375 0.6484375
0 0.40833333281249995 0.66875 0.41111111093749997 0.6671875 0.41111111093749997 0.66484375 0.41944444374999995 0.6609375 0.4166666671875 0.65390625 0.40833333281249995 0.64921875 0.39027777812500003 0.64921875 0.3875 0.65078125 0.3875 0.665625 0.39305555625 0.66875 0.40833333281249995 0.66875
0 0.7111111109375 0.63125 0.7166666671875 0.6296875 0.722222221875 0.625 0.7194444437499999 0.60703125 0.7125 0.60703125 0.7111111109375 0.60546875 0.6791666671875001 0.60546875 0.6763888890625 0.60703125 0.6763888890625 0.6234375 0.690277778125 0.63125 0.7111111109375 0.63125
0 0.0208333328125 0.7359375 0.0236111109375 0.7375 0.0416666671875 0.7375 0.0513888890625 0.7328125 0.061111110937500004 0.73125 0.0666666671875 0.7265625 0.0666666671875 0.71953125 0.0638888890625 0.71796875 0.034722221875 0.71796875 0.0236111109375 0.72109375 0.0208333328125 0.7359375
0 0.56805555625 0.4640625 0.5833333328125 0.4625 0.5944444437499999 0.4546875 0.5944444437499999 0.44765625 0.5916666671875 0.44453125 0.5861111109375 0.44296875 0.55694444375 0.44296875 0.5541666671875001 0.44453125 0.5541666671875001 0.4578125 0.55694444375 0.4609375 0.56805555625 0.4640625
0 0.44444444375 0.62890625 0.45277777812500003 0.625 0.45277777812500003 0.61953125 0.45 0.61796875 0.4125 0.61796875 0.40972222187499996 0.61953125 0.40972222187499996 0.6296875 0.4236111109375 0.634375 0.44166666718750003 0.6328125 0.44444444375 0.62890625
0 0.41111111093749997 0.646875 0.41111111093749997 0.63203125 0.39027777812500003 0.63046875 0.3875 0.646875 0.39305555625 0.65 0.40555555625000006 0.65 0.41111111093749997 0.646875
0 0.07083333281250001 0.6828125 0.075 0.6828125 0.0791666671875 0.6875 0.0861111109375 0.6875 0.1 0.6796875 0.1 0.66953125 0.097222221875 0.66796875 0.0736111109375 0.66796875 0.06805555625000001 0.66953125 0.06527777812499999 0.67265625 0.06527777812499999 0.6796875 0.07083333281250001 0.6828125
0 0.6083333328125 0.6265625 0.6111111109375 0.6234375 0.6083333328125 0.61171875 0.5791666671875 0.61171875 0.5763888890625 0.61328125 0.5763888890625 0.6234375 0.590277778125 0.6296875 0.6 0.6296875 0.6083333328125 0.6265625
0 0.3861111109375 0.66171875 0.365277778125 0.66328125 0.365277778125 0.6671875 0.3708333328125 0.6703125 0.3888888890625 0.671875 0.3861111109375 0.66171875
0 0.7958333328125 0.65625 0.8027777781250001 0.65625 0.8111111109375001 0.6484375 0.8111111109375001 0.64609375 0.8055555562500001 0.64296875 0.76805555625 0.64296875 0.765277778125 0.64453125 0.765277778125 0.6546875 0.7708333328125 0.6578125 0.79444444375 0.6578125 0.7958333328125 0.65625
0 0.019444443750000002 0.7109375 0.027777778125000003 0.7046875 0.027777778125000003 0.69609375 0.019444443750000002 0.69140625 0.0125 0.69140625 0.009722221875000001 0.69453125 0.009722221875000001 0.7078125 0.0125 0.7109375 0.019444443750000002 0.7109375
0 0.66805555625 0.4484375 0.6777777781250001 0.4484375 0.6861111109375 0.4453125 0.6888888890625 0.43828125 0.675 0.43046875 0.66805555625 0.43046875 0.665277778125 0.43203125 0.665277778125 0.4453125 0.66805555625 0.44609375 0.66805555625 0.4484375
0 0.7333333328125 0.5671875 0.73055555625 0.55078125 0.7166666671875 0.54921875 0.690277778125 0.54921875 0.6875 0.55078125 0.6875 0.5671875 0.690277778125 0.56875 0.7194444437499999 0.571875 0.7333333328125 0.5671875
0 0.6388888890625 0.43203125 0.6236111109375 0.43046875 0.6208333328125 0.4421875 0.6236111109375 0.44375 0.6388888890625 0.4421875 0.6388888890625 0.43203125
0 0.74444444375 0.528125 0.74444444375 0.52578125 0.75 0.5234375 0.75 0.51953125 0.7430555562500001 0.51953125 0.7416666671875001 0.51796875 0.7263888890625 0.51796875 0.7208333328125 0.52109375 0.7236111109375 0.528125 0.7388888890625 0.53125 0.74444444375 0.528125
0 0.61944444375 0.5875 0.622222221875 0.5859375 0.622222221875 0.57578125 0.61944444375 0.57421875 0.6013888890625 0.57421875 0.5986111109375 0.57578125 0.5986111109375 0.5859375 0.6013888890625 0.5875 0.61944444375 0.5875
0 0.43055555625 0.65 0.43333333281249997 0.6484375 0.43333333281249997 0.63828125 0.43055555625 0.63671875 0.4125 0.63671875 0.40972222187499996 0.63828125 0.40972222187499996 0.6484375 0.4125 0.65 0.43055555625 0.65
0 0.7194444437499999 0.534375 0.7333333328125 0.528125 0.7333333328125 0.52578125 0.73055555625 0.525 0.73055555625 0.52109375 0.727777778125 0.51953125 0.7125 0.51796875 0.709722221875 0.51953125 0.709722221875 0.53125 0.715277778125 0.534375 0.7194444437499999 0.534375
0 0.58055555625 0.4625 0.5888888890625 0.45625 0.5888888890625 0.44453125 0.5861111109375 0.44296875 0.55694444375 0.44296875 0.5541666671875001 0.44453125 0.55694444375 0.4609375 0.565277778125 0.4640625 0.58055555625 0.4625
0 0.6013888890625 0.5140625 0.6083333328125 0.5140625 0.61944444375 0.509375 0.622222221875 0.50234375 0.6166666671875001 0.49921875 0.6013888890625 0.49921875 0.5986111109375 0.50078125 0.5986111109375 0.5109375 0.6013888890625 0.5140625
0 0.70555555625 0.5671875 0.7125 0.571875 0.7166666671875 0.571875 0.722222221875 0.565625 0.7194444437499999 0.55234375 0.7083333328125 0.54921875 0.6791666671875001 0.54921875 0.6763888890625 0.55078125 0.6763888890625 0.5671875 0.6791666671875001 0.56875 0.70555555625 0.5671875
0 0.73055555625 0.51796875 0.7125 0.51796875 0.709722221875 0.51953125 0.7125 0.5328125 0.7388888890625 0.5296875 0.7416666671875001 0.51953125 0.73055555625 0.51796875