0 0.23333333281250002 0.62578125 0.23055555625 0.62421875 0.17916666718750002 0.62421875 0.1763888890625 0.62578125 0.17916666718750002 0.6484375 0.22777777812500002 0.65 0.23333333281250002 0.646875 0.23333333281250002 0.62578125
0 0.26527777812500003 0.50390625 0.26527777812500003 0.521875 0.28472222187499996 0.5296875 0.29722222187499997 0.5296875 0.3 0.52578125 0.3083333328125 0.5234375 0.3083333328125 0.52109375 0.3111111109375 0.5203125 0.3111111109375 0.51796875 0.31944444375000003 0.5109375 0.31944444375000003 0.50703125 0.3083333328125 0.49921875 0.2736111109375 0.49921875 0.272222221875 0.50078125 0.26805555625 0.50078125 0.26805555625 0.503125 0.26527777812500003 0.50390625
0 0.352777778125 0.4 0.35694444375 0.403125 0.372222221875 0.4046875 0.3736111109375 0.403125 0.38333333281250004 0.4015625 0.397222221875 0.39375 0.397222221875 0.38203125 0.39444444375 0.38125 0.39444444375 0.37890625 0.3861111109375 0.37421875 0.3458333328125 0.37421875 0.34305555625 0.37578125 0.34305555625 0.396875 0.3458333328125 0.39765625 0.3458333328125 0.4 0.352777778125 0.4
0 0.477777778125 0.6515625 0.4791666671875 0.65 0.49444444374999996 0.6484375 0.502777778125 0.64375 0.502777778125 0.63515625 0.5 0.634375 0.497222221875 0.62734375 0.4888888890625 0.62421875 0.459722221875 0.62421875 0.45416666718750004 0.62734375 0.45416666718750004 0.646875 0.46527777812500004 0.6515625 0.477777778125 0.6515625
0 0.0388888890625 0.56875 0.04444444375 0.565625 0.0416666671875 0.55234375 0.0333333328125 0.54921875 0.0125 0.54921875 0.009722221875000001 0.55078125 0.009722221875000001 0.5671875 0.0125 0.56875 0.0388888890625 0.56875
0 0.6125 0.54765625 0.6125 0.55 0.6138888890625 0.55 0.6236111109375 0.55625 0.6388888890625 0.55625 0.6388888890625 0.55546875 0.6555555562500001 0.546875 0.6555555562500001 0.53359375 0.6541666671875 0.53359375 0.65 0.53046875 0.6125 0.53046875 0.6125 0.53125 0.609722221875 0.53203125 0.609722221875 0.546875 0.6125 0.54765625
0 0.2541666671875 0.571875 0.2486111109375 0.57265625 0.2486111109375 0.575 0.24305555625 0.57890625 0.24305555625 0.5890625 0.24583333281250003 0.58984375 0.24583333281250003 0.5921875 0.28611111093749997 0.5921875 0.290277778125 0.5890625 0.29444444375 0.5890625 0.302777778125 0.584375 0.302777778125 0.58203125 0.3111111109375 0.578125 0.3111111109375 0.57109375 0.3083333328125 0.5703125 0.30555555624999997 0.56484375 0.29722222187499997 0.56171875 0.26805555625 0.56171875 0.2541666671875 0.56953125 0.2541666671875 0.571875
0 0.3958333328125 0.1890625 0.4 0.1890625 0.40694444374999994 0.19375 0.41111111093749997 0.19375 0.4125 0.1953125 0.4166666671875 0.1953125 0.4291666671875 0.1875 0.43333333281249997 0.1875 0.44166666718750003 0.18125 0.44166666718750003 0.17578125 0.4361111109375 0.17265625 0.43194444374999996 0.17265625 0.427777778125 0.16953125 0.4236111109375 0.16953125 0.42222222187499997 0.16796875 0.39027777812500003 0.16796875 0.3875 0.16953125 0.3875 0.1859375 0.39027777812500003 0.1875 0.39444444375 0.1875 0.3958333328125 0.1890625
0 0.1861111109375 0.40625 0.197222221875 0.4 0.197222221875 0.39140625 0.19444444375 0.38828125 0.1888888890625 0.38671875 0.16805555625 0.38671875 0.165277778125 0.38828125 0.165277778125 0.4046875 0.1708333328125 0.4078125 0.1861111109375 0.40625
0 0.252777778125 0.3875 0.25833333281250004 0.3796875 0.25555555625 0.36953125 0.25 0.36796875 0.2236111109375 0.36796875 0.2208333328125 0.36953125 0.2208333328125 0.3859375 0.22638888906250001 0.3890625 0.252777778125 0.3875
0 0.34305555625 0.2984375 0.3458333328125 0.3015625 0.35694444375 0.3046875 0.3638888890625 0.3046875 0.3708333328125 0.3 0.375 0.3 0.3861111109375 0.2921875 0.3861111109375 0.28828125 0.3888888890625 0.2875 0.3888888890625 0.28359375 0.38333333281250004 0.28046875 0.3541666671875 0.28046875 0.34861111093749997 0.28203125 0.34305555625 0.28671875 0.34305555625 0.2984375
0 0.0638888890625 0.5046875 0.0638888890625 0.49453125 0.058333332812500006 0.49296875 0.026388889062499997 0.49296875 0.0208333328125 0.49609375 0.0208333328125 0.509375 0.026388889062499997 0.5125 0.047222221875 0.5125 0.0638888890625 0.5046875
0 0.16388888906250001 0.33828125 0.1583333328125 0.33671875 0.134722221875 0.33671875 0.13194444375 0.33828125 0.134722221875 0.35 0.15277777812499999 0.3515625 0.1611111109375 0.3484375 0.16388888906250001 0.33828125
0 0.7402777781250001 0.5171875 0.74444444375 0.5171875 0.7486111109375 0.5140625 0.752777778125 0.5140625 0.7583333328124999 0.5109375 0.7583333328124999 0.50234375 0.752777778125 0.49921875 0.7236111109375 0.49921875 0.7208333328125 0.50078125 0.7208333328125 0.515625 0.7263888890625 0.51875 0.7388888890625 0.51875 0.7402777781250001 0.5171875
0 0.475 0.525 0.475 0.51640625 0.47222222187499996 0.51328125 0.46666666718750005 0.51171875 0.4458333328125 0.51171875 0.44305555625000004 0.51328125 0.44305555625000004 0.5234375 0.45694444375 0.5296875 0.46388888906250003 0.5296875 0.475 0.525
0 0.475 0.58125 0.48333333281249996 0.5734375 0.48055555625 0.56328125 0.475 0.56171875 0.45694444375 0.56171875 0.45416666718750004 0.56328125 0.45416666718750004 0.5796875 0.459722221875 0.5828125 0.475 0.58125
0 0.6166666671875001 0.5546875 0.6166666671875001 0.54765625 0.6138888890625 0.546875 0.6111111109375 0.53828125 0.6083333328125 0.53671875 0.590277778125 0.53671875 0.5875 0.53828125 0.5875 0.5546875 0.6013888890625 0.5578125 0.6166666671875001 0.5546875
0 0.05 0.3625 0.05 0.35703125 0.0416666671875 0.34921875 0.034722221875 0.34921875 0.03194444375 0.3625 0.034722221875 0.365625 0.0416666671875 0.365625 0.05 0.3625
0 0.061111110937500004 0.58046875 0.0458333328125 0.58046875 0.04305555625 0.58203125 0.0458333328125 0.590625 0.052777778124999994 0.590625 0.0638888890625 0.5859375 0.061111110937500004 0.58046875
0 0.5305555562500001 0.625 0.5305555562500001 0.62109375 0.522222221875 0.61796875 0.5013888890625 0.61796875 0.4986111109375 0.61953125 0.4986111109375 0.6296875 0.5013888890625 0.6328125 0.5166666671875 0.6328125 0.5305555562500001 0.625
0 0.5305555562500001 0.5296875 0.5361111109375 0.528125 0.54444444375 0.521875 0.5416666671875 0.51484375 0.5333333328125 0.51171875 0.5125 0.51171875 0.5097222218749999 0.51328125 0.5097222218749999 0.525 0.515277778125 0.5296875 0.5305555562500001 0.5296875
0 0.025 0.35 0.026388889062499997 0.3484375 0.030555556249999997 0.3484375 0.0333333328125 0.346875 0.0333333328125 0.33828125 0.019444443750000002 0.33046875 0.015277778124999999 0.33046875 0.009722221875000001 0.33359375 0.009722221875000001 0.346875 0.015277778124999999 0.35 0.025 0.35
0 0.04444444375 0.3234375 0.04444444375 0.32109375 0.0388888890625 0.31796875 0.015277778124999999 0.31796875 0.009722221875000001 0.32109375 0.009722221875000001 0.325 0.0125 0.32578125 0.0125 0.3328125 0.019444443750000002 0.334375 0.0236111109375 0.33125 0.030555556249999997 0.33125 0.04444444375 0.3234375
0 0.197222221875 0.33046875 0.1763888890625 0.33203125 0.17916666718750002 0.3390625 0.19444444375 0.3390625 0.2 0.3359375 0.197222221875 0.33046875