0 0.434375 0.0921875 0.03203125 0.02265625
0 0.3890625 0.11484375 0.01953125 0.015625
0 0.4140625 0.121875 0.028125 0.021875
0 0.44375 0.1328125 0.02890625 0.02265625
0 0.415625 0.1328125 0.0265625 0.0109375
0 0.41171875 0.15 0.034375 0.01953125
0 0.9546875 0.1984375 0.0515625 0.03046875
0 0.365625 0.2109375 0.0359375 0.015625
0 0.27421875 0.2265625 0.040625 0.025
0 0.2453125 0.2328125 0.03203125 0.02421875
0 0.47109375 0.2484375 0.0390625 0.028125
0 0.990625 0.31875 0.01640625 0.021875
0 0.9234375 0.3203125 0.0359375 0.0234375
0 0.959375 0.3296875 0.0234375 0.0171875
0 0.10625 0.35859375 0.015625 0.0171875
0 0.41640625 0.36796875 0.03359375 0.0234375
0 0.33203125 0.36875 0.0359375 0.01796875
0 0.440625 0.41484375 0.046875 0.0265625
0 0.075 0.4109375 0.03046875 0.01484375
0 0.990625 0.4296875 0.015625 0.02421875
0 0.98046875 0.54140625 0.028125 0.0203125
0 0.23359375 0.5515625 0.04140625 0.01953125
0 0.2421875 0.56875 0.03203125 0.01484375
0 0.97421875 0.5921875 0.034375 0.01328125
0 0.940625 0.628125 0.0359375 0.01875
0 0.26484375 0.6296875 0.02890625 0.0171875
0 0.628125 0.6421875 0.03359375 0.021875
0 0.66796875 0.6484375 0.04140625 0.02578125