0 0.321875 0.1359375 0.03359375 0.01796875
0 0.375 0.1484375 0.046875 0.02890625
0 0.31640625 0.16484375 0.046875 0.021875
0 0.3546875 0.16328125 0.04609375 0.015625
0 0.3578125 0.19296875 0.0234375 0.0203125
0 0.5234375 0.2125 0.028125 0.02265625
0 0.06875 0.27578125 0.034375 0.0203125
0 0.540625 0.28125 0.034375 0.0265625
0 0.58359375 0.28984375 0.05 0.0234375
0 0.009375 0.32265625 0.01796875 0.0125
0 0.00703125 0.346875 0.0140625 0.01953125
0 0.04453125 0.35625 0.0390625 0.01796875
0 0.07265625 0.37265625 0.034375 0.0234375
0 0.02265625 0.3765625 0.03203125 0.02109375
0 0.084375 0.3875 0.03046875 0.01875
0 0.05078125 0.39375 0.03203125 0.01640625
0 0.08203125 0.4078125 0.03359375 0.02265625
0 0.084375 0.4484375 0.046875 0.01796875
0 0.04609375 0.453125 0.03046875 0.01484375
0 0.45546875 0.46953125 0.01640625 0.009375
0 0.4515625 0.478125 0.01640625 0.00859375
0 0.521875 0.51015625 0.05 0.0234375
0 0.00859375 0.5203125 0.01640625 0.015625
0 0.034375 0.53984375 0.03203125 0.0171875
0 0.11328125 0.66875 0.03203125 0.01875
0 0.92890625 0.6796875 0.0390625 0.01484375
0 0.0796875 0.68125 0.03203125 0.01328125
0 0.2734375 0.72734375 0.021875 0.0234375
0 0.16953125 0.7484375 0.01640625 0.0125
0 0.1171875 0.7578125 0.040625 0.01953125