0 0.8236111109375001 0.3015625 0.827777778125 0.3015625 0.834722221875 0.30625 0.852777778125 0.3046875 0.8666666671875 0.296875 0.8666666671875 0.28203125 0.8638888890624999 0.28046875 0.8236111109375001 0.28046875 0.8208333328125 0.28203125 0.8208333328125 0.2984375 0.8236111109375001 0.29921875 0.8236111109375001 0.3015625
0 0.05694444375 0.5046875 0.0638888890625 0.5046875 0.07083333281250001 0.5 0.077777778125 0.4984375 0.077777778125 0.49296875 0.08055555625000001 0.4921875 0.08333333281250001 0.48203125 0.08055555625000001 0.48125 0.08055555625000001 0.47734375 0.075 0.47421875 0.0236111109375 0.47421875 0.0208333328125 0.47578125 0.0208333328125 0.4984375 0.03194444375 0.5046875 0.055555556250000006 0.50625 0.05694444375 0.5046875
0 0.9111111109375001 0.446875 0.9111111109375001 0.43984375 0.9055555562500001 0.43671875 0.8680555562500001 0.43671875 0.8652777781250001 0.43828125 0.8652777781250001 0.4546875 0.8680555562500001 0.45625 0.897222221875 0.45625 0.9111111109375001 0.446875
0 0.722222221875 0.6 0.7236111109375 0.6015625 0.7416666671875001 0.6 0.74444444375 0.5984375 0.74444444375 0.59453125 0.747222221875 0.59375 0.747222221875 0.58671875 0.74444444375 0.5859375 0.74444444375 0.58203125 0.73055555625 0.57421875 0.7013888890625 0.57421875 0.6986111109375 0.57578125 0.6986111109375 0.59375 0.7125 0.6 0.722222221875 0.6
0 0.6916666671875 0.528125 0.70555555625 0.525 0.7111111109375 0.521875 0.7111111109375 0.50703125 0.7083333328125 0.50390625 0.684722221875 0.50390625 0.6805555562500001 0.50078125 0.66805555625 0.49921875 0.665277778125 0.50078125 0.665277778125 0.5234375 0.6791666671875001 0.528125 0.6916666671875 0.528125
0 0.790277778125 0.2609375 0.8013888890624999 0.265625 0.8111111109375001 0.265625 0.8166666671874999 0.2640625 0.8194444437499999 0.26015625 0.83055555625 0.2546875 0.83055555625 0.25078125 0.8333333328125001 0.25 0.8333333328125001 0.23828125 0.83055555625 0.23671875 0.790277778125 0.23671875 0.7875 0.23828125 0.7875 0.25625 0.790277778125 0.25703125 0.790277778125 0.2609375
0 0.6125 0.7890625 0.609722221875 0.78984375 0.609722221875 0.8140625 0.6125 0.81484375 0.6125 0.8171875 0.6166666671875001 0.8171875 0.6180555562500001 0.81875 0.6416666671875 0.81875 0.659722221875 0.8078125 0.6638888890625 0.8078125 0.665277778125 0.80625 0.675 0.80625 0.6805555562500001 0.803125 0.6805555562500001 0.79140625 0.6777777781250001 0.790625 0.6777777781250001 0.78828125 0.6638888890625 0.78046875 0.6263888890625 0.78046875 0.6166666671875001 0.78671875 0.6125 0.78671875 0.6125 0.7890625
0 0.997222221875 0.8125 0.9986111109375001 0.78203125 0.9708333328125001 0.78046875 0.965277778125 0.78359375 0.965277778125 0.80625 0.9763888890624999 0.8125 0.997222221875 0.8125
0 0.0388888890625 0.63125 0.055555556250000006 0.625 0.055555556250000006 0.60078125 0.052777778124999994 0.59921875 0.0236111109375 0.59921875 0.0208333328125 0.60078125 0.0208333328125 0.628125 0.026388889062499997 0.63125 0.0388888890625 0.63125
0 0.8486111109375001 0.65625 0.8611111109375 0.65625 0.8625 0.6546875 0.8666666671875 0.6546875 0.8736111109375001 0.65 0.877777778125 0.65 0.877777778125 0.64765625 0.8833333328125 0.64375 0.8833333328125 0.63828125 0.877777778125 0.634375 0.877777778125 0.63046875 0.8638888890624999 0.62421875 0.834722221875 0.62421875 0.83194444375 0.62578125 0.83194444375 0.6484375 0.8388888890624999 0.65 0.8486111109375001 0.65625
0 0.5875 0.6796875 0.6013888890625 0.684375 0.61944444375 0.684375 0.6333333328124999 0.6796875 0.6333333328124999 0.66171875 0.63055555625 0.65859375 0.622222221875 0.65546875 0.6041666671875 0.65546875 0.5944444437499999 0.66015625 0.590277778125 0.66015625 0.5875 0.66328125 0.5875 0.6796875
0 0.7861111109375 0.2625 0.7888888890625 0.2609375 0.7888888890625 0.24453125 0.7861111109375 0.24296875 0.7569444437499999 0.24296875 0.7541666671875 0.24453125 0.7541666671875 0.2546875 0.76805555625 0.2625 0.7861111109375 0.2625
0 0.7666666671875 0.30625 0.76805555625 0.3046875 0.772222221875 0.3046875 0.777777778125 0.3 0.777777778125 0.28828125 0.7583333328124999 0.28046875 0.7430555562500001 0.28046875 0.7416666671875001 0.28203125 0.7375 0.28203125 0.73194444375 0.28671875 0.73194444375 0.303125 0.7375 0.30625 0.7666666671875 0.30625
0 0.79444444375 0.7015625 0.8 0.6984375 0.8 0.68203125 0.797222221875 0.68046875 0.76805555625 0.68046875 0.765277778125 0.68203125 0.765277778125 0.6984375 0.7791666671875 0.703125 0.79444444375 0.7015625
0 0.39444444375 0.83125 0.40694444374999994 0.825 0.4166666671875 0.8234375 0.4166666671875 0.82109375 0.41944444374999995 0.8203125 0.41944444374999995 0.81015625 0.4138888890625 0.80703125 0.40972222187499996 0.80703125 0.40833333281249995 0.80546875 0.36805555624999997 0.80546875 0.365277778125 0.80703125 0.365277778125 0.8234375 0.372222221875 0.825 0.3791666671875 0.8296875 0.39444444375 0.83125
0 0.7611111109375 0.50625 0.775 0.5 0.775 0.49609375 0.777777778125 0.4953125 0.775 0.48359375 0.7666666671875 0.48046875 0.734722221875 0.48046875 0.73194444375 0.48203125 0.73194444375 0.503125 0.7375 0.50625 0.7611111109375 0.50625
0 0.6972222218749999 0.63125 0.7083333328125 0.625 0.7111111109375 0.61953125 0.7166666671875 0.6171875 0.7194444437499999 0.6140625 0.7194444437499999 0.60703125 0.70694444375 0.60703125 0.7041666671875 0.60859375 0.6972222218749999 0.60546875 0.66805555625 0.60546875 0.665277778125 0.60703125 0.665277778125 0.625 0.6736111109375 0.63125 0.6972222218749999 0.63125
0 0.972222221875 0.7140625 0.9791666671874999 0.71875 0.99444444375 0.71875 0.9986111109375001 0.715625 0.997222221875 0.70390625 0.9916666671875 0.7015625 0.9888888890624999 0.69609375 0.9833333328125 0.69296875 0.9680555562500001 0.69296875 0.965277778125 0.69453125 0.965277778125 0.7109375 0.9680555562500001 0.7140625 0.972222221875 0.7140625
0 0.022222221875 0.575 0.0236111109375 0.5734375 0.030555556249999997 0.5734375 0.0361111109375 0.5671875 0.0388888890625 0.55390625 0.027777778125000003 0.54453125 0.0125 0.54296875 0.009722221875000001 0.54453125 0.009722221875000001 0.5734375 0.0125 0.575 0.022222221875 0.575
0 0.9611111109375001 0.56328125 0.95694444375 0.56328125 0.95694444375 0.5671875 0.9541666671875 0.56796875 0.9541666671875 0.578125 0.959722221875 0.58125 0.972222221875 0.5796875 0.9791666671874999 0.575 0.9833333328125 0.575 0.9888888890624999 0.571875 0.9888888890624999 0.56796875 0.99444444375 0.5625 0.99444444375 0.55234375 0.9861111109375 0.54921875 0.9736111109375001 0.55078125 0.9680555562500001 0.55546875 0.9680555562500001 0.559375 0.9611111109375001 0.56328125
0 0.690277778125 0.73515625 0.690277778125 0.7375 0.6944444437499999 0.7375 0.7041666671875 0.74375 0.7166666671875 0.74375 0.7180555562500001 0.7421875 0.722222221875 0.7421875 0.722222221875 0.74140625 0.7333333328125 0.7359375 0.7333333328125 0.72578125 0.73194444375 0.72578125 0.7194444437499999 0.71796875 0.69305555625 0.71796875 0.69305555625 0.71875 0.6875 0.72109375 0.6875 0.734375 0.690277778125 0.73515625
0 0.8486111109375001 0.728125 0.8638888890624999 0.728125 0.8680555562500001 0.725 0.872222221875 0.725 0.872222221875 0.71796875 0.8666666671875 0.7140625 0.8666666671875 0.71015625 0.85555555625 0.70546875 0.834722221875 0.70546875 0.83194444375 0.709375 0.8208333328125 0.71484375 0.8208333328125 0.7296875 0.8236111109375001 0.73125 0.8416666671874999 0.73125 0.8486111109375001 0.728125
0 0.99444444375 0.85 0.9986111109375001 0.846875 0.9986111109375001 0.81953125 0.997222221875 0.81796875 0.9680555562500001 0.81796875 0.965277778125 0.81953125 0.965277778125 0.840625 0.9763888890624999 0.8484375 0.99444444375 0.85
0 0.047222221875 0.74921875 0.04444444375 0.74765625 0.034722221875 0.74765625 0.03194444375 0.75078125 0.03194444375 0.7609375 0.034722221875 0.7640625 0.0388888890625 0.7640625 0.04305555625 0.7671875 0.058333332812500006 0.7671875 0.06944444375 0.7640625 0.077777778125 0.759375 0.077777778125 0.75546875 0.0861111109375 0.7484375 0.0861111109375 0.73828125 0.06805555625000001 0.73671875 0.05694444375 0.74140625 0.052777778124999994 0.74765625 0.047222221875 0.74921875
0 0.897222221875 0.3109375 0.9083333328125001 0.3046875 0.9111111109375001 0.29609375 0.9055555562500001 0.29296875 0.8791666671874999 0.29296875 0.8763888890624999 0.29453125 0.8763888890624999 0.309375 0.8791666671874999 0.3109375 0.897222221875 0.3109375
0 0.8458333328125001 0.1796875 0.8430555562500001 0.18046875 0.8458333328125001 0.190625 0.8638888890624999 0.190625 0.877777778125 0.1859375 0.877777778125 0.16953125 0.875 0.16796875 0.85694444375 0.16796875 0.8541666671874999 0.171875 0.8458333328125001 0.17578125 0.8458333328125001 0.1796875
0 0.1375 0.56171875 0.13194444375 0.56484375 0.13194444375 0.5765625 0.134722221875 0.57734375 0.134722221875 0.5796875 0.1416666671875 0.5796875 0.14305555625 0.58125 0.16388888906250001 0.5796875 0.1666666671875 0.57578125 0.175 0.571875 0.177777778125 0.55859375 0.172222221875 0.55546875 0.15694444375 0.55546875 0.15 0.56015625 0.1375 0.56171875
0 0.2388888890625 0.6828125 0.252777778125 0.678125 0.25555555625 0.66953125 0.25 0.66328125 0.24444444375000002 0.66171875 0.2125 0.66171875 0.20972222187499998 0.66328125 0.20972222187499998 0.6765625 0.2125 0.6796875 0.22638888906250001 0.6828125 0.2388888890625 0.6828125
0 0.0666666671875 0.35 0.075 0.346875 0.08333333281250001 0.33359375 0.075 0.33046875 0.05694444375 0.33046875 0.054166667187499996 0.33203125 0.054166667187499996 0.3484375 0.05694444375 0.35 0.0666666671875 0.35
0 0.65 0.5453125 0.6513888890625 0.54375 0.6611111109375 0.54375 0.6638888890625 0.5421875 0.6638888890625 0.53671875 0.6583333328125 0.534375 0.6583333328125 0.53203125 0.64305555625 0.52890625 0.6416666671875 0.52421875 0.6333333328124999 0.51796875 0.6180555562500001 0.51796875 0.6125 0.51953125 0.609722221875 0.52265625 0.609722221875 0.540625 0.6208333328125 0.5453125 0.65 0.5453125
0 0.8 0.5640625 0.8041666671875 0.5609375 0.8111111109375001 0.559375 0.8138888890624999 0.55625 0.8138888890624999 0.54921875 0.8083333328125001 0.54453125 0.8027777781250001 0.54296875 0.76805555625 0.54296875 0.765277778125 0.54453125 0.765277778125 0.5546875 0.7763888890625 0.5625 0.7819444437499999 0.5640625 0.8 0.5640625
0 0.6666666671875 0.6609375 0.6638888890625 0.64296875 0.6236111109375 0.64296875 0.6208333328125 0.64453125 0.6236111109375 0.6578125 0.6361111109375 0.6578125 0.6458333328125 0.6625 0.6666666671875 0.6609375
0 0.8861111109375001 0.4 0.8916666671875 0.396875 0.89444444375 0.38984375 0.8861111109375001 0.38671875 0.8680555562500001 0.38671875 0.8652777781250001 0.38828125 0.8652777781250001 0.3984375 0.8708333328125001 0.4015625 0.8861111109375001 0.4
0 0.15277777812499999 0.7734375 0.15 0.76328125 0.14444444375 0.76171875 0.12361111093749999 0.76171875 0.1208333328125 0.76328125 0.1208333328125 0.7796875 0.12361111093749999 0.78125 0.13888888906250002 0.7796875 0.15277777812499999 0.7734375
0 0.097222221875 0.35625 0.1111111109375 0.35 0.1166666671875 0.34375 0.1166666671875 0.33828125 0.1111111109375 0.33671875 0.08194444375 0.33671875 0.07638888906249999 0.33984375 0.07638888906249999 0.3546875 0.0791666671875 0.35625 0.097222221875 0.35625
0 0.01805555625 0.85234375 0.01805555625 0.8546875 0.0208333328125 0.85546875 0.0208333328125 0.8640625 0.009722221875000001 0.87109375 0.009722221875000001 0.88125 0.0125 0.88203125 0.0125 0.884375 0.022222221875 0.884375 0.0236111109375 0.8828125 0.0388888890625 0.88125 0.052777778124999994 0.86875 0.052777778124999994 0.85703125 0.0416666671875 0.84921875 0.029166667187500002 0.84921875 0.027777778125000003 0.85078125 0.0208333328125 0.85078125 0.01805555625 0.85234375
0 0.13055555624999998 0.5875 0.13333333281249998 0.584375 0.127777778125 0.57578125 0.115277778125 0.57578125 0.11388888906250001 0.57421875 0.090277778125 0.57421875 0.0875 0.57578125 0.090277778125 0.5921875 0.11388888906250001 0.59375 0.1263888890625 0.5875 0.13055555624999998 0.5875
0 0.8652777781250001 0.21328125 0.8652777781250001 0.2203125 0.8680555562500001 0.22109375 0.8680555562500001 0.2234375 0.8833333328125 0.225 0.89305555625 0.21875 0.9 0.2171875 0.9 0.20703125 0.897222221875 0.20546875 0.8791666671874999 0.20546875 0.8680555562500001 0.21015625 0.8680555562500001 0.2125 0.8652777781250001 0.21328125
0 0.1111111109375 0.6125 0.10833333281249999 0.60546875 0.0875 0.60703125 0.090277778125 0.6171875 0.1 0.6171875 0.10694444375 0.6125 0.1111111109375 0.6125
0 0.2375 0.50625 0.25833333281250004 0.50625 0.2638888890625 0.5046875 0.2666666671875 0.50078125 0.275 0.496875 0.275 0.48828125 0.2638888890625 0.48046875 0.240277778125 0.48046875 0.23472222187499997 0.48203125 0.23194444375 0.48515625 0.23194444375 0.503125 0.2375 0.50625
0 0.809722221875 0.1421875 0.8125 0.14375 0.827777778125 0.1421875 0.83055555625 0.13671875 0.840277778125 0.13125 0.847222221875 0.13125 0.852777778125 0.128125 0.85 0.11953125 0.8444444437499999 0.11796875 0.8125 0.11796875 0.809722221875 0.11953125 0.809722221875 0.1421875
0 0.20833333281250002 0.60703125 0.190277778125 0.60546875 0.1875 0.61875 0.2 0.6203125 0.20833333281250002 0.6171875 0.20833333281250002 0.60703125
0 0.997222221875 0.4015625 0.9986111109375001 0.37578125 0.997222221875 0.37421875 0.98194444375 0.37421875 0.9763888890624999 0.37734375 0.9763888890624999 0.3984375 0.9875 0.4015625 0.997222221875 0.4015625
0 0.13055555624999998 0.7 0.1416666671875 0.69375 0.1416666671875 0.68828125 0.1361111109375 0.68671875 0.1208333328125 0.68671875 0.11944444375 0.68828125 0.090277778125 0.68671875 0.0875 0.68828125 0.0875 0.6984375 0.10138888906250001 0.703125 0.11944444375 0.703125 0.13055555624999998 0.7
0 0.9416666671874999 0.4234375 0.9444444437499999 0.41328125 0.9236111109375 0.41171875 0.9208333328125 0.41328125 0.9236111109375 0.4203125 0.93194444375 0.4234375 0.9416666671874999 0.4234375
0 0.997222221875 0.465625 0.9986111109375001 0.43828125 0.98194444375 0.43671875 0.9763888890624999 0.43984375 0.9763888890624999 0.4609375 0.9875 0.465625 0.997222221875 0.465625
0 0.897222221875 0.40703125 0.8791666671874999 0.40546875 0.8763888890624999 0.40703125 0.8791666671874999 0.4234375 0.89444444375 0.4234375 0.897222221875 0.40703125
0 0.17916666718750002 0.525 0.1861111109375 0.525 0.2 0.5140625 0.2 0.50703125 0.197222221875 0.50546875 0.17916666718750002 0.50546875 0.1763888890625 0.50703125 0.1763888890625 0.5234375 0.17916666718750002 0.525
0 0.0125 0.21953125 0.0125 0.2234375 0.019444443750000002 0.2234375 0.019444443750000002 0.21953125 0.0125 0.21953125
0 0.69305555625 0.61875 0.7166666671875 0.6171875 0.73055555625 0.6109375 0.73055555625 0.60546875 0.7333333328125 0.6046875 0.7333333328125 0.60234375 0.727777778125 0.59921875 0.69305555625 0.59921875 0.6875 0.60234375 0.6875 0.6046875 0.690277778125 0.60546875 0.6875 0.615625 0.69305555625 0.61875
0 0.1 0.3 0.102777778125 0.28828125 0.097222221875 0.28671875 0.05694444375 0.28671875 0.054166667187499996 0.28828125 0.054166667187499996 0.3015625 0.05694444375 0.3046875 0.0861111109375 0.30625 0.1 0.3
0 0.58055555625 0.58984375 0.575 0.58671875 0.55694444375 0.58671875 0.5541666671875001 0.6046875 0.575 0.60625 0.58055555625 0.6 0.58055555625 0.58984375