0 0.45555555625000005 0.45078125 0.4236111109375 0.44921875 0.42083333281249996 0.4671875 0.4236111109375 0.46875 0.45277777812500003 0.4671875 0.45555555625000005 0.45078125
0 0.5555555562500001 0.20234375 0.5666666671875 0.1984375 0.5666666671875 0.18984375 0.5611111109375 0.18671875 0.5236111109375 0.18671875 0.5208333328125 0.18828125 0.5208333328125 0.2046875 0.5263888890625 0.2078125 0.5527777781250001 0.20625 0.5555555562500001 0.20234375
0 0.5361111109375 0.3359375 0.5375 0.3375 0.54444444375 0.3375 0.5458333328125 0.3359375 0.5527777781250001 0.3359375 0.5666666671875 0.328125 0.5666666671875 0.31328125 0.5638888890625 0.31171875 0.5236111109375 0.31171875 0.5208333328125 0.31328125 0.5208333328125 0.3296875 0.5319444437499999 0.3359375 0.5361111109375 0.3359375
0 0.5083333328124999 0.41875 0.5111111109375 0.4171875 0.5111111109375 0.41484375 0.522222221875 0.4109375 0.522222221875 0.40078125 0.5083333328124999 0.39296875 0.4791666671875 0.39296875 0.4763888890625 0.39453125 0.4763888890625 0.4171875 0.4791666671875 0.41875 0.5083333328124999 0.41875
0 0.7333333328125 0.52578125 0.73055555625 0.52421875 0.7013888890625 0.52421875 0.6986111109375 0.5359375 0.7013888890625 0.5375 0.722222221875 0.5375 0.73055555625 0.5328125 0.7333333328125 0.52578125
0 0.434722221875 0.3328125 0.44444444375 0.3328125 0.4458333328125 0.33125 0.4611111109375 0.3296875 0.46666666718750005 0.325 0.46666666718750005 0.31328125 0.459722221875 0.31171875 0.45277777812500003 0.30546875 0.4236111109375 0.30546875 0.42083333281249996 0.30703125 0.42083333281249996 0.3265625 0.4236111109375 0.3296875 0.434722221875 0.3328125
0 0.3708333328125 0.3890625 0.3888888890625 0.3875 0.3916666671875 0.3859375 0.3916666671875 0.38046875 0.3861111109375 0.37421875 0.3458333328125 0.37421875 0.34305555625 0.37578125 0.34305555625 0.3921875 0.34861111093749997 0.3953125 0.3611111109375 0.39375 0.3708333328125 0.3890625
0 0.50555555625 0.4421875 0.5083333328124999 0.440625 0.5083333328124999 0.43828125 0.5111111109375 0.4375 0.5111111109375 0.43515625 0.51944444375 0.43125 0.51944444375 0.42890625 0.522222221875 0.428125 0.51944444375 0.42109375 0.5166666671875 0.41953125 0.5125 0.41953125 0.5111111109375 0.41796875 0.48194444374999995 0.41796875 0.4763888890625 0.42109375 0.4763888890625 0.4359375 0.490277778125 0.44375 0.50555555625 0.4421875
0 0.46388888906250003 0.23125 0.46527777812500004 0.2296875 0.46944444374999994 0.2296875 0.477777778125 0.2234375 0.477777778125 0.20859375 0.47222222187499996 0.20546875 0.4458333328125 0.20546875 0.44305555625000004 0.20703125 0.44305555625000004 0.2234375 0.4513888890625 0.2296875 0.46388888906250003 0.23125
0 0.6111111109375 0.4546875 0.625 0.4453125 0.625 0.43515625 0.61944444375 0.43046875 0.590277778125 0.43046875 0.5875 0.43203125 0.5875 0.453125 0.590277778125 0.4546875 0.6111111109375 0.4546875
0 0.40833333281249995 0.725 0.41111111093749997 0.7234375 0.41111111093749997 0.71328125 0.397222221875 0.70546875 0.3791666671875 0.70546875 0.3763888890625 0.70703125 0.3763888890625 0.7234375 0.3791666671875 0.7265625 0.40833333281249995 0.725
0 0.3263888890625 0.40625 0.3416666671875 0.4046875 0.34444444375 0.4 0.3416666671875 0.39296875 0.3013888890625 0.39296875 0.2986111109375 0.39453125 0.2986111109375 0.409375 0.30416666718749996 0.4125 0.31944444375000003 0.4109375 0.3263888890625 0.40625
0 0.39027777812500003 0.365625 0.397222221875 0.365625 0.40138888906250003 0.3625 0.40555555625000006 0.3625 0.41111111093749997 0.359375 0.41111111093749997 0.35234375 0.40555555625000006 0.34921875 0.3791666671875 0.34921875 0.3763888890625 0.35078125 0.3763888890625 0.3609375 0.384722221875 0.3640625 0.3888888890625 0.3640625 0.39027777812500003 0.365625
0 0.5527777781250001 0.4875 0.5583333328125 0.484375 0.5555555562500001 0.47109375 0.55 0.46796875 0.5236111109375 0.46796875 0.5208333328125 0.46953125 0.5208333328125 0.4859375 0.5236111109375 0.4875 0.5527777781250001 0.4875
0 0.4375 0.553125 0.45555555625000005 0.5484375 0.45555555625000005 0.53828125 0.45277777812500003 0.53671875 0.434722221875 0.53671875 0.43194444374999996 0.53828125 0.43194444374999996 0.55 0.4375 0.553125
0 0.31944444375000003 0.46875 0.3291666671875 0.4625 0.3333333328125 0.4625 0.3361111109375 0.45078125 0.33055555625 0.44921875 0.309722221875 0.45078125 0.309722221875 0.4671875 0.3125 0.46875 0.31944444375000003 0.46875
0 0.7083333328125 0.61796875 0.6763888890625 0.61953125 0.6791666671875001 0.63125 0.7083333328125 0.6296875 0.7111111109375 0.625 0.7083333328125 0.61796875
0 0.39027777812500003 0.75 0.397222221875 0.75 0.41111111093749997 0.7421875 0.41111111093749997 0.73828125 0.40833333281249995 0.73671875 0.39027777812500003 0.73671875 0.3875 0.73828125 0.3875 0.7484375 0.39027777812500003 0.75
0 0.45 0.525 0.45 0.51953125 0.44166666718750003 0.51796875 0.4125 0.51796875 0.40972222187499996 0.51953125 0.40972222187499996 0.5296875 0.415277778125 0.5328125 0.4388888890625 0.53125 0.45 0.525
0 0.5291666671875 0.63125 0.5333333328125 0.63125 0.534722221875 0.6328125 0.55 0.6328125 0.5555555562500001 0.6296875 0.5555555562500001 0.61953125 0.5486111109375 0.61796875 0.5416666671875 0.61171875 0.5125 0.61171875 0.5097222218749999 0.61328125 0.5097222218749999 0.61875 0.5125 0.61953125 0.5125 0.621875 0.5291666671875 0.63125
0 0.5083333328124999 0.49375 0.5166666671875 0.4875 0.5138888890625 0.47734375 0.5083333328124999 0.47421875 0.490277778125 0.47421875 0.4875 0.47578125 0.4875 0.4921875 0.490277778125 0.49375 0.5083333328124999 0.49375
0 0.5013888890625 0.3609375 0.51944444375 0.3609375 0.5333333328125 0.3515625 0.5333333328125 0.34453125 0.5305555562500001 0.34296875 0.5013888890625 0.34296875 0.4986111109375 0.34453125 0.4986111109375 0.3546875 0.5013888890625 0.35546875 0.5013888890625 0.3609375
0 0.5833333328125 0.8375 0.584722221875 0.8390625 0.6083333328125 0.8375 0.6111111109375 0.83203125 0.5888888890625 0.821875 0.5888888890625 0.81328125 0.5861111109375 0.81171875 0.56805555625 0.81171875 0.565277778125 0.81328125 0.565277778125 0.834375 0.5708333328124999 0.8375 0.5833333328125 0.8375
0 0.6666666671875 0.565625 0.6638888890625 0.55546875 0.6347222218749999 0.55546875 0.6319444437499999 0.55703125 0.6319444437499999 0.5671875 0.6347222218749999 0.56875 0.652777778125 0.5703125 0.6666666671875 0.565625
0 0.6555555562500001 0.6046875 0.6555555562500001 0.59296875 0.647222221875 0.58828125 0.64305555625 0.58828125 0.6416666671875 0.58671875 0.6125 0.58671875 0.609722221875 0.58828125 0.609722221875 0.5984375 0.6236111109375 0.60625 0.652777778125 0.60625 0.6555555562500001 0.6046875
0 0.8166666671874999 0.6296875 0.83055555625 0.621875 0.83055555625 0.61328125 0.825 0.61171875 0.8013888890624999 0.61171875 0.7986111109375 0.61328125 0.7986111109375 0.6265625 0.8013888890624999 0.6296875 0.8166666671874999 0.6296875
0 0.434722221875 0.575 0.44166666718750003 0.575 0.44444444375 0.57109375 0.45277777812500003 0.56875 0.46666666718750005 0.5609375 0.46666666718750005 0.55703125 0.46388888906250003 0.55546875 0.434722221875 0.55546875 0.43194444374999996 0.55703125 0.43194444374999996 0.5734375 0.434722221875 0.575
0 0.44444444375 0.2921875 0.44166666718750003 0.28046875 0.4125 0.28046875 0.40972222187499996 0.28203125 0.40972222187499996 0.2890625 0.42083333281249996 0.2953125 0.4361111109375 0.2953125 0.44444444375 0.2921875
0 0.5416666671875 0.28125 0.547222221875 0.275 0.547222221875 0.26328125 0.5319444437499999 0.26171875 0.5208333328125 0.26796875 0.5208333328125 0.2796875 0.5236111109375 0.28125 0.5416666671875 0.28125
0 0.41944444374999995 0.49375 0.41944444374999995 0.48515625 0.4166666671875 0.48359375 0.4125 0.48359375 0.41111111093749997 0.48203125 0.39305555625 0.48203125 0.3916666671875 0.48046875 0.38194444375000003 0.48046875 0.3763888890625 0.48359375 0.3763888890625 0.4921875 0.39305555625 0.5 0.40833333281249995 0.5 0.41944444374999995 0.49375
0 0.334722221875 0.425 0.3416666671875 0.425 0.35555555625 0.4171875 0.35555555625 0.40703125 0.352777778125 0.40546875 0.3375 0.40546875 0.33194444375 0.40859375 0.33194444375 0.4234375 0.334722221875 0.425
0 0.6555555562500001 0.65234375 0.6638888890625 0.6484375 0.6638888890625 0.64453125 0.6458333328125 0.64296875 0.64305555625 0.64453125 0.64305555625 0.6546875 0.652777778125 0.65625 0.6555555562500001 0.65234375
0 0.475 0.609375 0.4888888890625 0.603125 0.4888888890625 0.60078125 0.48333333281249996 0.59453125 0.46805555625000006 0.59296875 0.46527777812500004 0.59453125 0.46527777812500004 0.60625 0.46805555625000006 0.609375 0.475 0.609375
0 0.3861111109375 0.3359375 0.3861111109375 0.32578125 0.377777778125 0.321875 0.377777778125 0.31953125 0.35972222187499997 0.31796875 0.3541666671875 0.32109375 0.35694444375 0.3359375 0.3625 0.3375 0.3861111109375 0.3359375
0 0.43055555625 0.3625 0.43333333281249997 0.3609375 0.43333333281249997 0.35703125 0.43055555625 0.35546875 0.4236111109375 0.35546875 0.42083333281249996 0.35703125 0.42083333281249996 0.3609375 0.4236111109375 0.3625 0.43055555625 0.3625
0 0.70555555625 0.5765625 0.7138888890625 0.571875 0.7138888890625 0.56484375 0.7083333328125 0.56171875 0.690277778125 0.56171875 0.6875 0.56328125 0.6875 0.5734375 0.69305555625 0.5765625 0.70555555625 0.5765625
0 0.3111111109375 0.48984375 0.30555555624999997 0.48671875 0.290277778125 0.48671875 0.2875 0.4984375 0.30555555624999997 0.5 0.3111111109375 0.496875 0.3111111109375 0.48984375
0 0.3861111109375 0.3359375 0.3861111109375 0.32578125 0.377777778125 0.321875 0.377777778125 0.31328125 0.35694444375 0.31171875 0.3541666671875 0.31328125 0.35694444375 0.3359375 0.3625 0.3375 0.3861111109375 0.3359375
0 0.45277777812500003 0.51953125 0.447222221875 0.51796875 0.4236111109375 0.51796875 0.42083333281249996 0.51953125 0.42083333281249996 0.5296875 0.4263888890625 0.534375 0.45277777812500003 0.5296875 0.45277777812500003 0.51953125
0 0.42222222187499997 0.46875 0.41944444374999995 0.46328125 0.4138888890625 0.46171875 0.3875 0.46328125 0.39027777812500003 0.4734375 0.3986111109375 0.475 0.41944444374999995 0.4734375 0.42222222187499997 0.46875
0 0.0236111109375 0.59375 0.030555556249999997 0.59375 0.04444444375 0.5859375 0.04444444375 0.58203125 0.0416666671875 0.58046875 0.0236111109375 0.58046875 0.0208333328125 0.58203125 0.0208333328125 0.5921875 0.0236111109375 0.59375
0 0.58194444375 0.7625 0.5861111109375 0.7625 0.5888888890625 0.75859375 0.6 0.7546875 0.597222221875 0.74921875 0.5791666671875 0.74921875 0.5763888890625 0.75078125 0.5763888890625 0.759375 0.58194444375 0.7625
0 0.46666666718750005 0.3734375 0.46666666718750005 0.36328125 0.45694444375 0.36171875 0.45416666718750004 0.36328125 0.45416666718750004 0.3734375 0.46388888906250003 0.375 0.46666666718750005 0.3734375
0 0.45555555625000005 0.3296875 0.45277777812500003 0.31171875 0.4125 0.31171875 0.40972222187499996 0.31328125 0.4125 0.3328125 0.4236111109375 0.33125 0.44166666718750003 0.3328125 0.45555555625000005 0.3296875
0 0.33055555625 0.48046875 0.325 0.47578125 0.3125 0.47421875 0.309722221875 0.4921875 0.3125 0.49375 0.33055555625 0.4921875 0.33055555625 0.48046875
0 0.64444444375 0.5421875 0.64444444375 0.53984375 0.6388888890625 0.53671875 0.6236111109375 0.53671875 0.6208333328125 0.53828125 0.6236111109375 0.5484375 0.63055555625 0.5484375 0.6375 0.54375 0.64444444375 0.5421875
0 0.7861111109375 0.55 0.7888888890625 0.5484375 0.7888888890625 0.54453125 0.7861111109375 0.54296875 0.7791666671875 0.54296875 0.7763888890625 0.54453125 0.7763888890625 0.5484375 0.7791666671875 0.55 0.7861111109375 0.55
0 0.33055555625 0.665625 0.33055555625 0.66328125 0.3361111109375 0.6609375 0.3361111109375 0.65234375 0.33055555625 0.64921875 0.315277778125 0.64921875 0.309722221875 0.65234375 0.3125 0.6609375 0.3236111109375 0.665625 0.33055555625 0.665625
0 0.4861111109375 0.2375 0.497222221875 0.2296875 0.497222221875 0.22578125 0.4916666671875 0.22421875 0.4791666671875 0.22421875 0.4763888890625 0.22578125 0.4763888890625 0.2359375 0.4791666671875 0.2375 0.4861111109375 0.2375
0 0.997222221875 0.5296875 0.997222221875 0.52109375 0.9861111109375 0.51171875 0.9791666671874999 0.51171875 0.9763888890624999 0.51328125 0.9763888890624999 0.5296875 0.9791666671874999 0.53125 0.997222221875 0.5296875
0 0.425 0.23203125 0.4125 0.23046875 0.40972222187499996 0.240625 0.41944444374999995 0.2421875 0.425 0.2375 0.425 0.23203125
0 0.32777777812500003 0.4921875 0.32777777812500003 0.48828125 0.290277778125 0.48671875 0.2875 0.4984375 0.30555555624999997 0.5 0.3138888890625 0.496875 0.31805555625 0.4921875 0.32777777812500003 0.4921875
0 0.5305555562500001 0.7390625 0.5416666671875 0.734375 0.5416666671875 0.73203125 0.5333333328125 0.72578125 0.5236111109375 0.72578125 0.5208333328125 0.72734375 0.5208333328125 0.7359375 0.5236111109375 0.7390625 0.5305555562500001 0.7390625
0 0.4611111109375 0.7828125 0.46944444374999994 0.778125 0.46666666718750005 0.76953125 0.46388888906250003 0.76796875 0.4458333328125 0.76796875 0.44305555625000004 0.76953125 0.44305555625000004 0.78125 0.4458333328125 0.784375 0.4611111109375 0.7828125
0 0.7083333328125 0.55625 0.7138888890625 0.54609375 0.7083333328125 0.54296875 0.690277778125 0.54296875 0.6875 0.54453125 0.6875 0.5546875 0.690277778125 0.55625 0.7083333328125 0.55625