0 0.97890625 0.10625 0.0390625 0.028125
0 0.9828125 0.128125 0.03203125 0.02890625
0 0.346875 0.1265625 0.0265625 0.01328125
0 0.38203125 0.13515625 0.03046875 0.025
0 0.3265625 0.16875 0.04453125 0.021875
0 0.3 0.18828125 0.03046875 0.025
0 0.40546875 0.1921875 0.03359375 0.02109375
0 0.94609375 0.21796875 0.03359375 0.0390625
0 0.9890625 0.2046875 0.01640625 0.0125
0 0.8984375 0.2296875 0.04453125 0.02109375
0 0.375 0.23046875 0.01640625 0.015625
0 0.21328125 0.24765625 0.0484375 0.025
0 0.98984375 0.24453125 0.01796875 0.015625
0 0.95390625 0.2546875 0.04453125 0.02890625
0 0.22265625 0.25625 0.0265625 0.01328125
0 0.29296875 0.2609375 0.0390625 0.02265625
0 0.89375 0.26171875 0.0375 0.021875
0 0.315625 0.2828125 0.0140625 0.009375
0 0.37265625 0.30390625 0.0234375 0.021875
0 0.5359375 0.32734375 0.0359375 0.0203125
0 0.55 0.3359375 0.03359375 0.01953125
0 0.465625 0.3359375 0.01796875 0.01875
0 0.840625 0.3390625 0.03203125 0.0171875
0 0.3953125 0.35078125 0.02890625 0.0125
0 0.896875 0.353125 0.021875 0.0125
0 0.51484375 0.36171875 0.015625 0.0125
0 0.06328125 0.37421875 0.02890625 0.0171875
0 0.015625 0.37265625 0.03125 0.0109375
0 0.35625 0.3796875 0.015625 0.01640625
0 0.33203125 0.3828125 0.0390625 0.01953125
0 0.990625 0.38984375 0.01640625 0.028125
0 0.5078125 0.38203125 0.01796875 0.0109375
0 0.4515625 0.3859375 0.01953125 0.01171875
0 0.96640625 0.3875 0.03359375 0.01015625
0 0.015625 0.39296875 0.03125 0.0140625
0 0.8234375 0.3984375 0.04140625 0.02265625
0 0.1140625 0.396875 0.021875 0.01796875
0 0.509375 0.39375 0.01796875 0.01171875
0 0.98359375 0.3984375 0.025 0.01328125
0 0.053125 0.4078125 0.03203125 0.01484375
0 0.07734375 0.40625 0.015625 0.0109375
0 0.096875 0.4203125 0.04453125 0.02265625
0 0.1953125 0.425 0.01796875 0.01953125
0 0.26328125 0.42734375 0.02109375 0.021875
0 0.05546875 0.43046875 0.021875 0.0171875
0 0.59765625 0.4359375 0.04609375 0.021875
0 0.53671875 0.45 0.034375 0.01953125
0 0.396875 0.4953125 0.04609375 0.025
0 0.225 0.4984375 0.03046875 0.01953125
0 0.89296875 0.509375 0.046875 0.02734375
0 0.4078125 0.50703125 0.0484375 0.015625
0 0.7328125 0.5234375 0.040625 0.01796875
0 0.859375 0.5609375 0.03203125 0.015625
0 0.353125 0.575 0.0359375 0.02421875
0 0.078125 0.6484375 0.0515625 0.02578125
0 0.8828125 0.659375 0.0375 0.02109375
0 0.98671875 0.6625 0.0234375 0.021875
0 0.1796875 0.6828125 0.0375 0.01953125