0 0.08055555625000001 0.5296875 0.0888888890625 0.525 0.0888888890625 0.51328125 0.0861111109375 0.51171875 0.05694444375 0.51171875 0.054166667187499996 0.51328125 0.05694444375 0.5296875 0.06805555625000001 0.53125 0.08055555625000001 0.5296875
0 0.1861111109375 0.55 0.2 0.5421875 0.2 0.52578125 0.197222221875 0.52421875 0.15694444375 0.52421875 0.1541666671875 0.52578125 0.1541666671875 0.5453125 0.15694444375 0.5484375 0.1861111109375 0.55
0 0.1041666671875 0.4671875 0.11944444375 0.4671875 0.1263888890625 0.4625 0.13333333281249998 0.4609375 0.13333333281249998 0.45546875 0.1361111109375 0.4546875 0.13055555624999998 0.43984375 0.12222222187500001 0.43671875 0.090277778125 0.43671875 0.0875 0.43828125 0.0875 0.4609375 0.1 0.4640625 0.1041666671875 0.4671875
0 0.3861111109375 0.74375 0.3888888890625 0.73984375 0.397222221875 0.7375 0.4 0.734375 0.397222221875 0.72578125 0.36805555624999997 0.72421875 0.365277778125 0.72578125 0.365277778125 0.7421875 0.36805555624999997 0.74375 0.3861111109375 0.74375
0 0.12361111093749999 0.2921875 0.13055555624999998 0.29375 0.1375 0.2984375 0.15277777812499999 0.296875 0.1666666671875 0.2875 0.1666666671875 0.27578125 0.16388888906250001 0.275 0.16388888906250001 0.27265625 0.15972222187500001 0.27265625 0.1583333328125 0.26953125 0.1541666671875 0.26953125 0.15277777812499999 0.26796875 0.1263888890625 0.26796875 0.1208333328125 0.27109375 0.1208333328125 0.2890625 0.12361111093749999 0.28984375 0.12361111093749999 0.2921875
0 0.33194444375 0.23515625 0.33194444375 0.2578125 0.334722221875 0.25859375 0.334722221875 0.2609375 0.33888888906250003 0.2609375 0.34027777812500004 0.2625 0.3638888890625 0.2625 0.377777778125 0.2546875 0.377777778125 0.23828125 0.3638888890625 0.23046875 0.34027777812500004 0.23046875 0.33888888906250003 0.23203125 0.334722221875 0.23203125 0.334722221875 0.234375 0.33194444375 0.23515625
0 0.20555555625 0.2328125 0.2138888890625 0.228125 0.2138888890625 0.22578125 0.21944444375 0.2234375 0.2166666671875 0.21328125 0.21111111093749999 0.2109375 0.21111111093749999 0.20859375 0.20555555625 0.20546875 0.17916666718750002 0.20546875 0.1763888890625 0.20703125 0.1763888890625 0.2296875 0.184722221875 0.2328125 0.20555555625 0.2328125
0 0.3791666671875 0.5609375 0.3861111109375 0.5609375 0.40277777812500004 0.553125 0.40277777812500004 0.55078125 0.40833333281249995 0.5484375 0.40555555625000006 0.54296875 0.3791666671875 0.54296875 0.3763888890625 0.54453125 0.3763888890625 0.559375 0.3791666671875 0.5609375
0 0.44444444375 0.534375 0.44444444375 0.52265625 0.44166666718750003 0.51953125 0.4361111109375 0.51796875 0.40138888906250003 0.51796875 0.3986111109375 0.51953125 0.3986111109375 0.5359375 0.4125 0.540625 0.427777778125 0.540625 0.44444444375 0.534375
0 0.222222221875 0.284375 0.222222221875 0.27734375 0.2166666671875 0.27421875 0.17916666718750002 0.27421875 0.1763888890625 0.27578125 0.1763888890625 0.2921875 0.17916666718750002 0.29375 0.21111111093749999 0.29375 0.222222221875 0.284375
0 0.27777777812500004 0.52578125 0.24583333281250003 0.52421875 0.24305555625 0.5421875 0.272222221875 0.54375 0.27777777812500004 0.540625 0.27777777812500004 0.52578125
0 0.5388888890625 0.3875 0.54444444375 0.3859375 0.54444444375 0.38359375 0.5527777781250001 0.3796875 0.5555555562500001 0.36640625 0.5527777781250001 0.36328125 0.547222221875 0.36171875 0.5236111109375 0.36171875 0.5208333328125 0.36328125 0.5208333328125 0.384375 0.5263888890625 0.3875 0.5388888890625 0.3875
0 0.48333333281249996 0.325 0.4888888890625 0.321875 0.4888888890625 0.30078125 0.4861111109375 0.29921875 0.4458333328125 0.29921875 0.44305555625000004 0.30078125 0.4458333328125 0.3203125 0.45694444375 0.325 0.48333333281249996 0.325
0 0.5 0.6359375 0.5 0.62734375 0.49444444374999996 0.62421875 0.45694444375 0.62421875 0.45416666718750004 0.62578125 0.45416666718750004 0.6421875 0.45694444375 0.64375 0.4861111109375 0.64375 0.5 0.6359375
0 0.547222221875 0.2859375 0.5527777781250001 0.2828125 0.5527777781250001 0.27109375 0.54444444375 0.26796875 0.5236111109375 0.26796875 0.5208333328125 0.26953125 0.5236111109375 0.284375 0.5319444437499999 0.2875 0.547222221875 0.2859375
0 0.5416666671875 0.3125 0.547222221875 0.3109375 0.5555555562500001 0.3046875 0.5527777781250001 0.28984375 0.54444444375 0.28671875 0.5125 0.28671875 0.5097222218749999 0.28828125 0.5097222218749999 0.309375 0.515277778125 0.3125 0.5416666671875 0.3125
0 0.8222222218749999 0.29609375 0.8166666671874999 0.29296875 0.7875 0.29453125 0.790277778125 0.30625 0.8166666671874999 0.30625 0.8222222218749999 0.303125 0.8222222218749999 0.29609375
0 0.7638888890625 0.521875 0.7805555562500001 0.5171875 0.7888888890625 0.5109375 0.7888888890625 0.50390625 0.7861111109375 0.50078125 0.7805555562500001 0.49921875 0.7486111109375 0.49921875 0.7430555562500001 0.50234375 0.7430555562500001 0.5171875 0.7458333328125 0.5203125 0.7513888890625 0.521875 0.7638888890625 0.521875
0 0.190277778125 0.315625 0.1875 0.31640625 0.1875 0.3296875 0.190277778125 0.33046875 0.190277778125 0.3328125 0.20555555625 0.3359375 0.20972222187499998 0.3328125 0.222222221875 0.3296875 0.225 0.31796875 0.222222221875 0.3171875 0.222222221875 0.31328125 0.21944444375 0.31171875 0.19583333281249998 0.31171875 0.19444444375 0.31328125 0.190277778125 0.31328125 0.190277778125 0.315625
0 0.7861111109375 0.5375 0.7888888890625 0.53359375 0.8 0.5296875 0.8 0.51953125 0.797222221875 0.51796875 0.7625 0.51953125 0.7541666671875 0.52578125 0.7541666671875 0.5359375 0.7569444437499999 0.5375 0.7861111109375 0.5375
0 0.46666666718750005 0.3546875 0.46666666718750005 0.34609375 0.4611111109375 0.34296875 0.4236111109375 0.34296875 0.42083333281249996 0.34453125 0.42083333281249996 0.3609375 0.4236111109375 0.3625 0.45277777812500003 0.3625 0.46666666718750005 0.3546875
0 0.952777778125 0.63125 0.9611111109375001 0.6234375 0.9583333328125001 0.61484375 0.952777778125 0.61171875 0.934722221875 0.61171875 0.93194444375 0.61328125 0.93194444375 0.6296875 0.934722221875 0.63125 0.952777778125 0.63125
0 0.26805555625 0.359375 0.2708333328125 0.3609375 0.2833333328125 0.3625 0.3 0.3546875 0.3 0.34921875 0.302777778125 0.3484375 0.3 0.33828125 0.29722222187499997 0.33671875 0.26805555625 0.33671875 0.26527777812500003 0.33828125 0.26527777812500003 0.35625 0.26805555625 0.35703125 0.26805555625 0.359375
0 0.33055555625 0.6 0.33194444375 0.6015625 0.352777778125 0.6 0.35555555625 0.5984375 0.35555555625 0.59453125 0.3583333328125 0.59375 0.35555555625 0.58515625 0.35 0.58203125 0.3236111109375 0.58046875 0.32083333281250004 0.58203125 0.32083333281250004 0.5984375 0.3236111109375 0.6 0.33055555625 0.6
0 0.43333333281249997 0.5671875 0.43333333281249997 0.55703125 0.43055555625 0.55546875 0.39027777812500003 0.55546875 0.3875 0.55703125 0.3875 0.5703125 0.3958333328125 0.575 0.4166666671875 0.575 0.43333333281249997 0.5671875
0 0.29722222187499997 0.18125 0.30555555624999997 0.1734375 0.30555555624999997 0.16796875 0.29722222187499997 0.16171875 0.290277778125 0.16171875 0.2875 0.16328125 0.2875 0.1796875 0.290277778125 0.18125 0.29722222187499997 0.18125
0 0.0888888890625 0.225 0.0888888890625 0.21328125 0.06805555625000001 0.21171875 0.06527777812499999 0.21328125 0.06527777812499999 0.2296875 0.077777778125 0.23125 0.0888888890625 0.225
0 0.23472222187499997 0.3046875 0.25 0.303125 0.25833333281250004 0.2984375 0.25833333281250004 0.29453125 0.2611111109375 0.29375 0.2611111109375 0.28828125 0.252777778125 0.28046875 0.2236111109375 0.28046875 0.2208333328125 0.28203125 0.2208333328125 0.2984375 0.22777777812500002 0.3 0.23472222187499997 0.3046875
0 0.5888888890625 0.26484375 0.5833333328125 0.26171875 0.55694444375 0.26171875 0.5541666671875001 0.2796875 0.5833333328125 0.28125 0.5888888890625 0.278125 0.5888888890625 0.26484375
0 0.272222221875 0.45546875 0.24583333281250003 0.45546875 0.24305555625 0.45703125 0.24583333281250003 0.46875 0.2666666671875 0.46875 0.275 0.4640625 0.272222221875 0.45546875
0 0.0861111109375 0.15703125 0.08055555625000001 0.15546875 0.05694444375 0.15546875 0.054166667187499996 0.15703125 0.054166667187499996 0.165625 0.059722221875 0.16875 0.06944444375 0.16875 0.0861111109375 0.1609375 0.0861111109375 0.15703125
0 0.877777778125 0.2828125 0.8791666671874999 0.28125 0.8916666671875 0.2796875 0.8916666671875 0.27734375 0.9 0.2734375 0.9 0.26953125 0.8861111109375001 0.26171875 0.8680555562500001 0.26171875 0.8652777781250001 0.26328125 0.8652777781250001 0.2796875 0.8680555562500001 0.2828125 0.877777778125 0.2828125
0 0.12222222187500001 0.27421875 0.1166666671875 0.26953125 0.1041666671875 0.26953125 0.102777778125 0.26796875 0.0791666671875 0.26796875 0.07638888906249999 0.26953125 0.0791666671875 0.2875 0.1111111109375 0.2890625 0.12222222187500001 0.284375 0.12222222187500001 0.27421875
0 0.1361111109375 0.3296875 0.1361111109375 0.32265625 0.13055555624999998 0.31796875 0.1125 0.31796875 0.109722221875 0.31953125 0.109722221875 0.3359375 0.127777778125 0.3375 0.1361111109375 0.3296875
0 0.140277778125 0.24375 0.1611111109375 0.24375 0.1666666671875 0.240625 0.1666666671875 0.23828125 0.175 0.234375 0.175 0.22734375 0.16944444375 0.225 0.16388888906250001 0.21796875 0.134722221875 0.21796875 0.13194444375 0.21953125 0.13194444375 0.2390625 0.134722221875 0.2421875 0.140277778125 0.24375
0 0.18194444375000002 0.31875 0.19444444375 0.3171875 0.20555555625 0.3109375 0.20555555625 0.30234375 0.20277777812500003 0.30078125 0.1986111109375 0.30078125 0.197222221875 0.29921875 0.17916666718750002 0.29921875 0.1763888890625 0.30078125 0.1763888890625 0.315625 0.18194444375000002 0.31875
0 0.3611111109375 0.15 0.3708333328125 0.14375 0.375 0.14375 0.377777778125 0.13359375 0.372222221875 0.13046875 0.3458333328125 0.13046875 0.34305555625 0.13203125 0.34305555625 0.146875 0.34861111093749997 0.15 0.3611111109375 0.15
0 0.11944444375 0.2125 0.12222222187500001 0.2109375 0.12222222187500001 0.20546875 0.125 0.2046875 0.12222222187500001 0.19453125 0.11944444375 0.19296875 0.090277778125 0.19296875 0.0875 0.19453125 0.0875 0.2046875 0.10138888906250001 0.2125 0.11944444375 0.2125
0 0.322222221875 0.5640625 0.31944444375000003 0.55546875 0.290277778125 0.55546875 0.2875 0.55703125 0.290277778125 0.571875 0.3083333328125 0.5703125 0.31944444375000003 0.5671875 0.322222221875 0.5640625
0 0.20833333281250002 0.2546875 0.20833333281250002 0.24921875 0.20277777812500003 0.246875 0.20277777812500003 0.24140625 0.197222221875 0.23671875 0.165277778125 0.23828125 0.165277778125 0.253125 0.1708333328125 0.25625 0.197222221875 0.2578125 0.20833333281250002 0.2546875
0 0.259722221875 0.3390625 0.2625 0.3421875 0.26805555625 0.34375 0.27777777812500004 0.3421875 0.27777777812500004 0.33828125 0.2666666671875 0.334375 0.2666666671875 0.32734375 0.2611111109375 0.32421875 0.23472222187499997 0.32421875 0.23194444375 0.32578125 0.23194444375 0.3375 0.2375 0.3421875 0.252777778125 0.34375 0.259722221875 0.3390625
0 0.0333333328125 0.54453125 0.0125 0.54296875 0.009722221875000001 0.5609375 0.025 0.5625 0.0333333328125 0.5578125 0.0333333328125 0.54453125
0 0.9277777781250001 0.67421875 0.9013888890624999 0.67421875 0.8986111109375001 0.67578125 0.9013888890624999 0.6875 0.91944444375 0.6875 0.9305555562500001 0.68125 0.9277777781250001 0.67421875
0 0.23055555625 0.1 0.23333333281250002 0.0984375 0.23333333281250002 0.08828125 0.23055555625 0.08671875 0.2125 0.08671875 0.20972222187499998 0.08828125 0.20972222187499998 0.0984375 0.2125 0.1 0.23055555625 0.1
0 0.44166666718750003 0.73125 0.45277777812500003 0.7265625 0.45555555625000005 0.71953125 0.45 0.7171875 0.447222221875 0.71328125 0.434722221875 0.71171875 0.43194444374999996 0.71328125 0.43194444374999996 0.7296875 0.434722221875 0.73125 0.44166666718750003 0.73125
0 0.85 0.3 0.8583333328125 0.290625 0.85555555625 0.28203125 0.852777778125 0.28046875 0.8236111109375001 0.28046875 0.8208333328125 0.28203125 0.8208333328125 0.2984375 0.8236111109375001 0.3 0.85 0.3
0 0.1875 0.61328125 0.1875 0.6234375 0.190277778125 0.625 0.20833333281250002 0.625 0.21944444375 0.6203125 0.222222221875 0.6171875 0.222222221875 0.60703125 0.21944444375 0.60546875 0.2125 0.60546875 0.20555555625 0.61015625 0.19305555624999998 0.61015625 0.1875 0.61328125
0 0.0861111109375 0.4265625 0.0916666671875 0.421875 0.0888888890625 0.41328125 0.0458333328125 0.41171875 0.04305555625 0.41328125 0.0458333328125 0.4359375 0.052777778124999994 0.4359375 0.055555556250000006 0.42734375 0.0625 0.425 0.0861111109375 0.4265625
0 0.2833333328125 0.2375 0.2833333328125 0.22734375 0.275 0.22421875 0.25694444375000003 0.22421875 0.2541666671875 0.22578125 0.2541666671875 0.2421875 0.275 0.24375 0.2833333328125 0.2375
0 0.0888888890625 0.29453125 0.0861111109375 0.29296875 0.05694444375 0.29296875 0.054166667187499996 0.29453125 0.05694444375 0.3046875 0.0861111109375 0.309375 0.0888888890625 0.30625 0.0888888890625 0.29453125
0 0.6888888890625 0.63125 0.702777778125 0.625 0.702777778125 0.61640625 0.6972222218749999 0.61171875 0.6791666671875001 0.61171875 0.6763888890625 0.61328125 0.6763888890625 0.6296875 0.6791666671875001 0.63125 0.6888888890625 0.63125
0 0.030555556249999997 0.1875 0.0361111109375 0.17734375 0.030555556249999997 0.17421875 0.0125 0.17421875 0.009722221875000001 0.17578125 0.009722221875000001 0.1859375 0.0125 0.1875 0.030555556249999997 0.1875
0 0.36805555624999997 0.1625 0.375 0.1625 0.3888888890625 0.1546875 0.3888888890625 0.15234375 0.38333333281250004 0.14921875 0.36805555624999997 0.14921875 0.365277778125 0.15078125 0.365277778125 0.1609375 0.36805555624999997 0.1625
0 0.922222221875 0.3109375 0.922222221875 0.30234375 0.9166666671874999 0.29921875 0.890277778125 0.29921875 0.8875 0.30078125 0.8875 0.3125 0.89305555625 0.315625 0.902777778125 0.315625 0.922222221875 0.3109375
0 0.6944444437499999 0.55 0.7 0.5484375 0.7 0.54609375 0.7083333328125 0.5421875 0.7083333328125 0.53359375 0.702777778125 0.53125 0.6972222218749999 0.52421875 0.6791666671875001 0.52421875 0.6763888890625 0.52578125 0.6763888890625 0.546875 0.68194444375 0.55 0.6944444437499999 0.55
0 0.4 0.47578125 0.3791666671875 0.47421875 0.3763888890625 0.4859375 0.39444444375 0.4875 0.4 0.484375 0.4 0.47578125
0 0.775 0.590625 0.7805555562500001 0.5875 0.777777778125 0.57578125 0.775 0.57421875 0.7569444437499999 0.57421875 0.7541666671875 0.57578125 0.7541666671875 0.5859375 0.7597222218749999 0.5890625 0.775 0.590625
0 0.45277777812500003 0.375 0.4583333328125 0.36875 0.4583333328125 0.36484375 0.45277777812500003 0.36171875 0.434722221875 0.36171875 0.43194444374999996 0.36328125 0.43194444374999996 0.3734375 0.4375 0.3765625 0.45277777812500003 0.375
0 0.3416666671875 0.6171875 0.3416666671875 0.60703125 0.3236111109375 0.60546875 0.32083333281250004 0.61875 0.3236111109375 0.621875 0.33055555625 0.621875 0.3416666671875 0.6171875
0 0.055555556250000006 0.165625 0.055555556250000006 0.15859375 0.05 0.15546875 0.0236111109375 0.15546875 0.0208333328125 0.15703125 0.0208333328125 0.1671875 0.0236111109375 0.16875 0.0416666671875 0.1703125 0.055555556250000006 0.165625
0 0.4791666671875 0.1984375 0.4861111109375 0.1984375 0.5 0.1890625 0.5 0.17578125 0.497222221875 0.17421875 0.4791666671875 0.17421875 0.4763888890625 0.17578125 0.4763888890625 0.1953125 0.4791666671875 0.1984375
0 0.8111111109375001 0.5734375 0.8111111109375001 0.56953125 0.8083333328125001 0.56796875 0.790277778125 0.56796875 0.7875 0.578125 0.790277778125 0.5796875 0.8055555562500001 0.578125 0.8111111109375001 0.5734375
0 0.28611111093749997 0.11875 0.2888888890625 0.1171875 0.2888888890625 0.10703125 0.28611111093749997 0.10546875 0.26805555625 0.10546875 0.26527777812500003 0.10703125 0.26527777812500003 0.1171875 0.26805555625 0.11875 0.28611111093749997 0.11875
0 0.23055555625 0.115625 0.23611111093749998 0.1125 0.2388888890625 0.10234375 0.23055555625 0.09921875 0.2125 0.09921875 0.20972222187499998 0.10078125 0.20972222187499998 0.1109375 0.2208333328125 0.115625 0.23055555625 0.115625
0 0.3361111109375 0.65859375 0.33055555625 0.65546875 0.3236111109375 0.65546875 0.32083333281250004 0.6640625 0.3236111109375 0.6671875 0.33055555625 0.6671875 0.3361111109375 0.65859375
0 0.0416666671875 0.325 0.047222221875 0.321875 0.05 0.31328125 0.0236111109375 0.31171875 0.0208333328125 0.31328125 0.0208333328125 0.3234375 0.0236111109375 0.325 0.0416666671875 0.325
0 0.41111111093749997 0.74453125 0.39027777812500003 0.74296875 0.3875 0.7546875 0.39027777812500003 0.75625 0.40833333281249995 0.7546875 0.41111111093749997 0.74453125
0 0.85555555625 0.565625 0.85555555625 0.55703125 0.8375 0.55546875 0.83194444375 0.55859375 0.83194444375 0.5671875 0.85 0.56875 0.85555555625 0.565625
0 0.7333333328125 0.21484375 0.727777778125 0.21171875 0.7125 0.21171875 0.709722221875 0.2296875 0.7125 0.23125 0.73055555625 0.2296875 0.7333333328125 0.21484375
0 0.109722221875 0.25078125 0.109722221875 0.2609375 0.1125 0.2625 0.127777778125 0.2625 0.13333333281249998 0.259375 0.13333333281249998 0.25703125 0.1416666671875 0.253125 0.14444444375 0.24453125 0.1416666671875 0.24375 0.13888888906250002 0.23828125 0.12361111093749999 0.23671875 0.11805555625 0.23984375 0.11805555625 0.2453125 0.109722221875 0.25078125
0 0.197222221875 0.33828125 0.1916666671875 0.33671875 0.165277778125 0.33828125 0.16805555625 0.35 0.1861111109375 0.35 0.197222221875 0.34375 0.197222221875 0.33828125
0 0.6083333328125 0.60625 0.6138888890625 0.6 0.6111111109375 0.58984375 0.60555555625 0.58671875 0.590277778125 0.58671875 0.5875 0.58828125 0.590277778125 0.6046875 0.5930555562500001 0.60625 0.6083333328125 0.60625
0 0.877777778125 0.309375 0.88055555625 0.30234375 0.8861111109375001 0.3 0.8861111109375001 0.29453125 0.8833333328125 0.29296875 0.85694444375 0.29296875 0.8541666671874999 0.29453125 0.8541666671874999 0.3109375 0.872222221875 0.3125 0.877777778125 0.309375
0 0.66944444375 0.5296875 0.6777777781250001 0.525 0.6777777781250001 0.51328125 0.675 0.51171875 0.6541666671875 0.51328125 0.6541666671875 0.5296875 0.6569444437499999 0.53125 0.66944444375 0.5296875
0 0.8888888890625 0.53359375 0.897222221875 0.5296875 0.897222221875 0.52578125 0.8791666671874999 0.52421875 0.8763888890624999 0.52578125 0.8763888890624999 0.5359375 0.8861111109375001 0.5375 0.8888888890625 0.53359375
0 0.3638888890625 0.11796875 0.3458333328125 0.11796875 0.34305555625 0.11953125 0.34305555625 0.125 0.34861111093749997 0.1296875 0.36666666718749996 0.1265625 0.3638888890625 0.11796875
0 0.6555555562500001 0.21328125 0.6458333328125 0.21171875 0.64305555625 0.2203125 0.6458333328125 0.2234375 0.652777778125 0.2234375 0.6555555562500001 0.21328125
0 0.275 0.3296875 0.28611111093749997 0.31875 0.2833333328125 0.31015625 0.28055555625 0.309375 0.28055555625 0.30703125 0.27638888906250003 0.30703125 0.275 0.30546875 0.25694444375000003 0.30546875 0.2541666671875 0.30703125 0.2541666671875 0.31875 0.26805555625 0.3296875 0.275 0.3296875
0 0.35694444375 0.4203125 0.36666666718749996 0.41875 0.36944444375 0.40859375 0.3638888890625 0.40546875 0.334722221875 0.40546875 0.33194444375 0.40703125 0.33194444375 0.41875 0.3375 0.421875 0.352777778125 0.4234375 0.35694444375 0.4203125
0 0.13055555624999998 0.525 0.13888888906250002 0.51875 0.13888888906250002 0.51328125 0.1125 0.51171875 0.109722221875 0.51328125 0.109722221875 0.521875 0.115277778125 0.525 0.13055555624999998 0.525
0 0.08333333281250001 0.1796875 0.08333333281250001 0.17421875 0.075 0.16796875 0.06805555625000001 0.16796875 0.06527777812499999 0.1796875 0.06805555625000001 0.1828125 0.077777778125 0.1828125 0.08333333281250001 0.1796875
0 0.252777778125 0.1625 0.25555555625 0.1609375 0.25555555625 0.15078125 0.252777778125 0.14921875 0.23472222187499997 0.14921875 0.23194444375 0.15078125 0.23194444375 0.1609375 0.23472222187499997 0.1625 0.252777778125 0.1625
0 0.0861111109375 0.3171875 0.0861111109375 0.30703125 0.08333333281250001 0.30546875 0.059722221875 0.30546875 0.054166667187499996 0.30859375 0.054166667187499996 0.315625 0.059722221875 0.31875 0.072222221875 0.3203125 0.0861111109375 0.3171875
0 0.17916666718750002 0.496875 0.1861111109375 0.496875 0.2 0.4921875 0.20277777812500003 0.48359375 0.197222221875 0.48046875 0.17916666718750002 0.48046875 0.1763888890625 0.48203125 0.1763888890625 0.49375 0.17916666718750002 0.496875
0 0.23333333281250002 0.6421875 0.23333333281250002 0.63203125 0.2236111109375 0.63046875 0.2208333328125 0.63203125 0.2208333328125 0.6421875 0.23055555625 0.64375 0.23333333281250002 0.6421875
0 0.5722222218749999 0.403125 0.5763888890625 0.4 0.5833333328125 0.3984375 0.5833333328125 0.38515625 0.575 0.38046875 0.55694444375 0.38046875 0.5541666671875001 0.38203125 0.5541666671875001 0.3984375 0.559722221875 0.4015625 0.5722222218749999 0.403125
0 0.25555555625 0.1890625 0.25555555625 0.18203125 0.23472222187499997 0.18046875 0.23194444375 0.1921875 0.23472222187499997 0.19375 0.25 0.1921875 0.25555555625 0.1890625
0 0.1583333328125 0.3453125 0.1583333328125 0.33828125 0.134722221875 0.33671875 0.13194444375 0.33828125 0.134722221875 0.3515625 0.15277777812499999 0.35 0.1583333328125 0.3453125
0 0.46944444374999994 0.734375 0.46666666718750005 0.72578125 0.45694444375 0.72421875 0.45416666718750004 0.72578125 0.45416666718750004 0.7359375 0.46388888906250003 0.7375 0.46944444374999994 0.734375
0 0.55694444375 0.66796875 0.5541666671875001 0.66953125 0.55694444375 0.675 0.5722222218749999 0.6734375 0.5666666671875 0.66796875 0.55694444375 0.66796875
0 0.9305555562500001 0.68125 0.9305555562500001 0.67578125 0.922222221875 0.67421875 0.9041666671874999 0.67421875 0.8986111109375001 0.67734375 0.8986111109375001 0.684375 0.9041666671874999 0.6875 0.91944444375 0.6875 0.9305555562500001 0.68125
0 0.1611111109375 0.184375 0.1625 0.190625 0.175 0.1921875 0.177777778125 0.1875 0.175 0.17578125 0.165277778125 0.17578125 0.15972222187500001 0.18046875 0.1583333328125 0.17578125 0.1458333328125 0.17421875 0.14305555625 0.17578125 0.1458333328125 0.190625 0.15555555625 0.190625 0.1611111109375 0.184375
0 0.177777778125 0.17578125 0.1708333328125 0.17421875 0.165277778125 0.17734375 0.165277778125 0.1890625 0.175 0.1921875 0.177777778125 0.17578125
0 0.61944444375 0.3921875 0.622222221875 0.38203125 0.6013888890625 0.38046875 0.5986111109375 0.38203125 0.6013888890625 0.3890625 0.60694444375 0.3921875 0.61944444375 0.3921875
0 0.030555556249999997 0.1875 0.0333333328125 0.1859375 0.0333333328125 0.17578125 0.030555556249999997 0.17421875 0.0125 0.17421875 0.009722221875000001 0.17578125 0.009722221875000001 0.1859375 0.0125 0.1875 0.030555556249999997 0.1875
0 0.922222221875 0.6859375 0.9305555562500001 0.6796875 0.9305555562500001 0.67578125 0.9236111109375 0.67578125 0.9236111109375 0.678125 0.91805555625 0.68046875 0.9111111109375001 0.67734375 0.91944444375 0.675 0.922222221875 0.67109375 0.9111111109375001 0.66796875 0.9013888890624999 0.66796875 0.8986111109375001 0.66953125 0.9013888890624999 0.6859375 0.909722221875 0.6875 0.922222221875 0.6859375
0 0.15555555625 0.17578125 0.134722221875 0.17421875 0.13194444375 0.17578125 0.134722221875 0.1890625 0.15277777812499999 0.190625 0.15555555625 0.17578125