0 0.07421875 0.015625 0.02890625 0.01796875
0 0.11171875 0.0453125 0.034375 0.0234375
0 0.0484375 0.0484375 0.05 0.02890625
0 0.01484375 0.04765625 0.0234375 0.0171875
0 0.2015625 0.0671875 0.05 0.03046875
0 0.134375 0.0625 0.04296875 0.01953125
0 0.178125 0.08125 0.046875 0.03359375
0 0.02578125 0.08125 0.0265625 0.0265625
0 0.0546875 0.084375 0.04609375 0.03046875
0 0.0203125 0.0921875 0.040625 0.02109375
0 0.20859375 0.09375 0.0390625 0.02265625
0 0.225 0.1140625 0.05 0.03046875
0 0.146875 0.1171875 0.04296875 0.028125
0 0.02578125 0.11171875 0.02109375 0.015625
0 0.66640625 0.13046875 0.046875 0.0265625
0 0.5796875 0.1453125 0.04296875 0.02421875
0 0.915625 0.14609375 0.04609375 0.0234375
0 0.0484375 0.15 0.04140625 0.01953125
0 0.11953125 0.153125 0.03359375 0.0203125
0 0.953125 0.1546875 0.0515625 0.0203125
0 0.675 0.16875 0.05 0.02578125
0 0.48359375 0.16953125 0.021875 0.0234375
0 0.790625 0.171875 0.04296875 0.02734375
0 0.87578125 0.17109375 0.0484375 0.0234375
0 0.91875 0.16875 0.03203125 0.01640625
0 0.609375 0.1734375 0.0359375 0.0234375
0 0.821875 0.1796875 0.0390625 0.021875
0 0.08671875 0.1796875 0.0375 0.01875
0 0.1953125 0.1875 0.0515625 0.034375
0 0.984375 0.1796875 0.025 0.01640625
0 0.0265625 0.184375 0.03046875 0.01875
0 0.73359375 0.18828125 0.0390625 0.021875
0 0.78203125 0.1890625 0.04140625 0.021875
0 0.8546875 0.19296875 0.04609375 0.025
0 0.7609375 0.1984375 0.03359375 0.0203125
0 0.359375 0.196875 0.01796875 0.0140625
0 0.80546875 0.20625 0.04140625 0.0234375
0 0.425 0.20859375 0.0359375 0.0234375
0 0.346875 0.20625 0.0375 0.015625
0 0.05703125 0.20703125 0.021875 0.0140625
0 0.834375 0.2078125 0.02890625 0.01484375
0 0.459375 0.2125 0.040625 0.02265625
0 0.690625 0.21484375 0.040625 0.0234375
0 0.3796875 0.2109375 0.0375 0.0140625
0 0.56484375 0.2234375 0.04296875 0.02421875
0 0.484375 0.225 0.0390625 0.0234375
0 0.7625 0.225 0.04453125 0.02265625
0 0.98984375 0.234375 0.015625 0.02265625
0 0.453125 0.23671875 0.040625 0.025
0 0.609375 0.234375 0.034375 0.01953125
0 0.209375 0.240625 0.053125 0.03046875
0 0.95 0.2359375 0.0359375 0.01953125
0 0.31875 0.2375 0.040625 0.02109375
0 0.39921875 0.2421875 0.03203125 0.01796875
0 0.39765625 0.259375 0.040625 0.021875
0 0.9765625 0.26171875 0.03046875 0.0265625
0 0.94453125 0.26640625 0.05 0.0296875
0 0.890625 0.2796875 0.03359375 0.0234375
0 0.153125 0.28984375 0.05390625 0.028125
0 0.0421875 0.2921875 0.040625 0.0234375
0 0.5125 0.2921875 0.04140625 0.02265625
0 0.31953125 0.30625 0.05546875 0.03203125
0 0.103125 0.30390625 0.0265625 0.015625
0 0.35390625 0.31875 0.04453125 0.02421875
0 0.0375 0.3265625 0.05859375 0.0328125
0 0.18828125 0.32109375 0.0375 0.0171875
0 0.9390625 0.33515625 0.0359375 0.0171875
0 0.38828125 0.3453125 0.0375 0.0265625
0 0.26171875 0.3453125 0.040625 0.01796875
0 0.52421875 0.34296875 0.03203125 0.0125
0 0.01875 0.3546875 0.0375 0.03125
0 0.565625 0.35 0.025 0.01484375
0 0.478125 0.3609375 0.0375 0.01875
0 0.5734375 0.359375 0.021875 0.01484375
0 0.1671875 0.36875 0.04609375 0.02578125
0 0.4140625 0.36796875 0.03046875 0.0140625
0 0.021875 0.37421875 0.04375 0.0203125
0 0.821875 0.37421875 0.0359375 0.015625
0 0.1328125 0.3828125 0.04296875 0.02734375
0 0.63125 0.3828125 0.0234375 0.01484375
0 0.77265625 0.3828125 0.0234375 0.01171875
0 0.92578125 0.396875 0.0375 0.0125
0 0.8625 0.403125 0.025 0.01640625
0 0.5109375 0.40625 0.028125 0.01640625
0 0.67265625 0.409375 0.03203125 0.02109375
0 0.64296875 0.4125 0.03046875 0.0171875
0 0.7078125 0.43125 0.03203125 0.01484375
0 0.91015625 0.45 0.06796875 0.03203125
0 0.628125 0.45078125 0.02890625 0.015625
0 0.12578125 0.459375 0.04296875 0.01953125
0 0.6921875 0.471875 0.0484375 0.02734375
0 0.871875 0.471875 0.03203125 0.01953125
0 0.9203125 0.478125 0.059375 0.02734375
0 0.75859375 0.47890625 0.04453125 0.0265625
0 0.790625 0.478125 0.01953125 0.0140625
0 0.9609375 0.48984375 0.0640625 0.028125
0 0.409375 0.4953125 0.025 0.01796875
0 0.78515625 0.49375 0.03203125 0.01484375
0 0.43046875 0.50703125 0.053125 0.0296875
0 0.01796875 0.5125 0.0359375 0.03046875
0 0.62578125 0.509375 0.02890625 0.01796875
0 0.93203125 0.5125 0.04140625 0.01875
0 0.85234375 0.5265625 0.04609375 0.028125
0 0.6453125 0.53828125 0.04609375 0.0265625
0 0.40625 0.55 0.0515625 0.02734375
0 0.790625 0.55546875 0.0640625 0.0328125
0 0.5703125 0.56484375 0.05703125 0.03125
0 0.48046875 0.56875 0.053125 0.028125
0 0.8328125 0.5671875 0.0265625 0.02265625
0 0.42421875 0.575 0.0375 0.02109375
0 0.27578125 0.58828125 0.03203125 0.0171875
0 0.4875 0.58828125 0.0390625 0.0140625
0 0.71484375 0.59609375 0.05390625 0.028125
0 0.4109375 0.59375 0.0359375 0.0203125
0 0.5296875 0.6046875 0.03203125 0.0203125
0 0.31796875 0.615625 0.04140625 0.01796875
0 0.703125 0.62578125 0.0640625 0.0328125
0 0.53515625 0.625 0.034375 0.0203125
0 0.81015625 0.6390625 0.05703125 0.0265625
0 0.4734375 0.6625 0.028125 0.01953125
0 0.75 0.6828125 0.05859375 0.03203125