0 0.17916666718750002 0.5125 0.1861111109375 0.5125 0.2 0.5046875 0.2 0.48984375 0.19444444375 0.48671875 0.1458333328125 0.48671875 0.14305555625 0.48828125 0.14305555625 0.5109375 0.1458333328125 0.5125 0.177777778125 0.5140625 0.17916666718750002 0.5125
0 0.575 0.1625 0.5888888890625 0.1546875 0.5888888890625 0.14453125 0.5861111109375 0.14296875 0.55694444375 0.14296875 0.5541666671875001 0.14453125 0.5541666671875001 0.1609375 0.55694444375 0.1625 0.575 0.1625
0 0.7333333328125 0.2671875 0.7333333328125 0.25078125 0.7125 0.24921875 0.709722221875 0.25078125 0.709722221875 0.2671875 0.73055555625 0.26875 0.7333333328125 0.2671875
0 0.6861111109375 0.15 0.6888888890625 0.1484375 0.6888888890625 0.13828125 0.6861111109375 0.13671875 0.66805555625 0.13671875 0.665277778125 0.13828125 0.665277778125 0.1484375 0.66805555625 0.15 0.6861111109375 0.15
0 0.50555555625 0.5296875 0.5111111109375 0.525 0.5111111109375 0.50859375 0.50555555625 0.50546875 0.46805555625000006 0.50546875 0.46527777812500004 0.50703125 0.46805555625000006 0.528125 0.4763888890625 0.53125 0.50555555625 0.5296875
0 0.622222221875 0.15703125 0.6013888890625 0.15546875 0.5986111109375 0.1734375 0.6138888890625 0.175 0.622222221875 0.1703125 0.622222221875 0.15703125
0 0.45277777812500003 0.15625 0.46666666718750005 0.1484375 0.46388888906250003 0.13984375 0.4611111109375 0.13828125 0.45694444375 0.13828125 0.45555555625000005 0.13671875 0.434722221875 0.13671875 0.43194444374999996 0.13828125 0.43194444374999996 0.153125 0.4375 0.15625 0.45277777812500003 0.15625
0 0.6180555562500001 0.68125 0.6416666671875 0.68125 0.652777778125 0.6734375 0.652777778125 0.66484375 0.647222221875 0.6625 0.6416666671875 0.65546875 0.6125 0.65546875 0.609722221875 0.65703125 0.609722221875 0.6765625 0.6125 0.6796875 0.6180555562500001 0.68125
0 0.6138888890625 0.39375 0.622222221875 0.3859375 0.61944444375 0.37890625 0.6083333328125 0.37421875 0.590277778125 0.37421875 0.5875 0.37578125 0.5875 0.3921875 0.590277778125 0.39375 0.6138888890625 0.39375
0 0.88055555625 0.3859375 0.8888888890625 0.3796875 0.8888888890625 0.36953125 0.8861111109375001 0.36796875 0.85694444375 0.36796875 0.8541666671874999 0.36953125 0.8541666671874999 0.3859375 0.85694444375 0.3875 0.88055555625 0.3859375
0 0.8638888890624999 0.5421875 0.8666666671875 0.5390625 0.8666666671875 0.52578125 0.8638888890624999 0.52421875 0.834722221875 0.52421875 0.83194444375 0.52578125 0.83194444375 0.5359375 0.8458333328125001 0.54375 0.8638888890624999 0.5421875
0 0.9416666671874999 0.59296875 0.9013888890624999 0.59296875 0.8986111109375001 0.59453125 0.9013888890624999 0.6125 0.9333333328125001 0.6140625 0.9444444437499999 0.6109375 0.9416666671874999 0.59296875
0 0.215277778125 0.28125 0.225 0.2796875 0.23333333281250002 0.275 0.23333333281250002 0.26328125 0.23055555625 0.26171875 0.2125 0.26171875 0.20972222187499998 0.26328125 0.20972222187499998 0.278125 0.215277778125 0.28125
0 0.9111111109375001 0.57578125 0.8791666671874999 0.57421875 0.8763888890624999 0.5921875 0.9055555562500001 0.59375 0.9111111109375001 0.590625 0.9111111109375001 0.57578125
0 0.4 0.446875 0.4 0.43828125 0.397222221875 0.43671875 0.36805555624999997 0.43671875 0.365277778125 0.43828125 0.365277778125 0.4515625 0.36805555624999997 0.4546875 0.38333333281250004 0.4546875 0.4 0.446875
0 0.6138888890625 0.3484375 0.622222221875 0.3421875 0.622222221875 0.33828125 0.6166666671875001 0.33359375 0.6083333328125 0.33046875 0.590277778125 0.33046875 0.5875 0.33203125 0.5875 0.3484375 0.590277778125 0.35 0.6138888890625 0.3484375
0 0.9861111109375 0.55625 0.99444444375 0.55 0.99444444375 0.54453125 0.9680555562500001 0.54296875 0.965277778125 0.54453125 0.965277778125 0.5546875 0.9680555562500001 0.55625 0.9861111109375 0.55625
0 0.8111111109375001 0.51953125 0.7791666671875 0.51796875 0.7763888890625 0.51953125 0.7791666671875 0.5359375 0.8083333328125001 0.5375 0.8111111109375001 0.51953125
0 0.7166666671875 0.1375 0.727777778125 0.1296875 0.727777778125 0.11953125 0.722222221875 0.11796875 0.7013888890625 0.11796875 0.6986111109375 0.11953125 0.6986111109375 0.134375 0.7041666671875 0.1375 0.7166666671875 0.1375
0 0.9083333328125001 0.275 0.9138888890624999 0.26875 0.9111111109375001 0.25703125 0.9083333328125001 0.25546875 0.8791666671874999 0.25546875 0.8763888890624999 0.25703125 0.8791666671874999 0.2765625 0.897222221875 0.278125 0.9083333328125001 0.275
0 0.252777778125 0.33046875 0.23194444375 0.33203125 0.23194444375 0.3359375 0.2375 0.3390625 0.25555555625 0.3375 0.252777778125 0.33046875
0 0.56805555625 0.5625 0.5833333328125 0.5625 0.5888888890625 0.5609375 0.6 0.5546875 0.6 0.53828125 0.5944444437499999 0.53671875 0.559722221875 0.53671875 0.5541666671875001 0.53984375 0.5541666671875001 0.55625 0.55694444375 0.559375 0.56805555625 0.5625
0 0.259722221875 0.4484375 0.275 0.4484375 0.27777777812500004 0.446875 0.275 0.43046875 0.2708333328125 0.43046875 0.2638888890625 0.42421875 0.24583333281250003 0.42421875 0.24305555625 0.42578125 0.24583333281250003 0.44375 0.252777778125 0.44375 0.259722221875 0.4484375
0 0.777777778125 0.4109375 0.777777778125 0.40859375 0.7888888890625 0.4046875 0.7916666671875 0.39453125 0.7569444437499999 0.39296875 0.7541666671875 0.39453125 0.7569444437499999 0.4109375 0.7625 0.4125 0.777777778125 0.4109375
0 0.7388888890625 0.3671875 0.747222221875 0.3609375 0.74444444375 0.35078125 0.7416666671875001 0.34921875 0.7125 0.34921875 0.709722221875 0.35078125 0.709722221875 0.3671875 0.7125 0.36875 0.7388888890625 0.3671875
0 0.44166666718750003 0.1640625 0.44444444375 0.15703125 0.44166666718750003 0.15546875 0.4236111109375 0.15546875 0.42083333281249996 0.15703125 0.42083333281249996 0.1671875 0.43333333281249997 0.16875 0.44166666718750003 0.1640625
0 0.3166666671875 0.4578125 0.32777777812500003 0.453125 0.32777777812500003 0.44140625 0.31944444375000003 0.43671875 0.3013888890625 0.43671875 0.2986111109375 0.43828125 0.2986111109375 0.4546875 0.309722221875 0.4578125 0.3166666671875 0.4578125
0 0.6416666671875 0.15 0.6555555562500001 0.140625 0.652777778125 0.13359375 0.65 0.13203125 0.6458333328125 0.13203125 0.64444444375 0.13046875 0.6236111109375 0.13046875 0.6208333328125 0.13203125 0.6208333328125 0.1484375 0.6236111109375 0.15 0.6416666671875 0.15
0 0.5 0.10234375 0.49444444374999996 0.09921875 0.46805555625000006 0.09921875 0.46527777812500004 0.1171875 0.49444444374999996 0.11875 0.5 0.115625 0.5 0.10234375
0 0.0638888890625 0.46875 0.072222221875 0.459375 0.06944444375 0.45078125 0.0638888890625 0.44921875 0.040277778125000004 0.44921875 0.034722221875 0.45078125 0.03194444375 0.45390625 0.03194444375 0.4671875 0.034722221875 0.46875 0.0638888890625 0.46875
0 0.8444444437499999 0.2125 0.852777778125 0.2078125 0.85 0.19609375 0.8416666671874999 0.19296875 0.8236111109375001 0.19296875 0.8208333328125 0.19453125 0.8208333328125 0.2109375 0.8236111109375001 0.2125 0.8444444437499999 0.2125
0 0.10555555624999999 0.459375 0.1111111109375 0.453125 0.1111111109375 0.43984375 0.10555555624999999 0.43671875 0.084722221875 0.43671875 0.07638888906249999 0.44140625 0.07638888906249999 0.4609375 0.097222221875 0.4625 0.10555555624999999 0.459375
0 0.397222221875 0.11953125 0.4 0.11875 0.397222221875 0.11171875 0.36805555624999997 0.11171875 0.365277778125 0.11328125 0.365277778125 0.1234375 0.3708333328125 0.128125 0.397222221875 0.1234375 0.397222221875 0.11953125
0 0.975 0.3625 0.977777778125 0.3609375 0.977777778125 0.35078125 0.975 0.34921875 0.95694444375 0.34921875 0.9541666671875 0.35078125 0.9541666671875 0.3609375 0.95694444375 0.3625 0.975 0.3625
0 0.2 0.4609375 0.2 0.45078125 0.190277778125 0.44765625 0.1888888890625 0.44453125 0.1833333328125 0.44296875 0.1541666671875 0.44453125 0.15694444375 0.4609375 0.16805555625 0.4640625 0.1888888890625 0.4640625 0.2 0.4609375
0 0.5555555562500001 0.403125 0.559722221875 0.40625 0.575 0.40625 0.575 0.40546875 0.5888888890625 0.3984375 0.5888888890625 0.38984375 0.5875 0.38984375 0.5833333328125 0.38671875 0.55694444375 0.38671875 0.55694444375 0.3875 0.5541666671875001 0.38828125 0.5541666671875001 0.403125 0.5555555562500001 0.403125
0 0.7 0.6296875 0.7 0.61328125 0.6791666671875001 0.61171875 0.6763888890625 0.61328125 0.6763888890625 0.6296875 0.6972222218749999 0.63125 0.7 0.6296875
0 0.897222221875 0.459375 0.8986111109375001 0.4578125 0.9111111109375001 0.45625 0.91944444375 0.4515625 0.922222221875 0.44453125 0.9166666671874999 0.43828125 0.9111111109375001 0.43671875 0.8875 0.43671875 0.8861111109375001 0.43828125 0.8791666671874999 0.43828125 0.8763888890624999 0.44140625 0.8763888890624999 0.4546875 0.8819444437499999 0.4578125 0.897222221875 0.459375
0 0.775 0.31875 0.7861111109375 0.3125 0.7861111109375 0.30078125 0.7569444437499999 0.29921875 0.7541666671875 0.30078125 0.7541666671875 0.3171875 0.7569444437499999 0.31875 0.775 0.31875
0 0.6666666671875 0.5734375 0.6666666671875 0.56328125 0.6638888890625 0.56171875 0.6347222218749999 0.56171875 0.6319444437499999 0.56328125 0.6319444437499999 0.578125 0.6375 0.58125 0.652777778125 0.5796875 0.6666666671875 0.5734375
0 0.48055555625 0.2984375 0.48055555625 0.28984375 0.475 0.28671875 0.45694444375 0.28671875 0.45416666718750004 0.28828125 0.45694444375 0.3 0.475 0.3015625 0.48055555625 0.2984375
0 0.9388888890624999 0.45546875 0.9236111109375 0.45546875 0.9208333328125 0.471875 0.9416666671874999 0.4734375 0.9444444437499999 0.45859375 0.9388888890624999 0.45546875
0 0.5416666671875 0.2765625 0.5416666671875 0.26796875 0.5375 0.26796875 0.5305555562500001 0.26171875 0.5125 0.26171875 0.5097222218749999 0.2796875 0.5125 0.28125 0.5361111109375 0.2796875 0.5416666671875 0.2765625
0 0.38333333281250004 0.06875 0.3888888890625 0.065625 0.3888888890625 0.05078125 0.3861111109375 0.04921875 0.35694444375 0.04921875 0.3541666671875 0.05078125 0.3541666671875 0.0671875 0.36805555624999997 0.0703125 0.38333333281250004 0.06875
0 0.6458333328125 0.6640625 0.6513888890625 0.6671875 0.6555555562500001 0.6671875 0.6569444437499999 0.66875 0.6638888890625 0.66875 0.6777777781250001 0.6609375 0.6777777781250001 0.65234375 0.672222221875 0.64921875 0.6458333328125 0.64921875 0.64305555625 0.65078125 0.64305555625 0.6609375 0.6458333328125 0.66171875 0.6458333328125 0.6640625
0 0.85555555625 0.22109375 0.85 0.21796875 0.8236111109375001 0.21796875 0.8208333328125 0.21953125 0.8208333328125 0.2296875 0.8236111109375001 0.23125 0.8361111109375001 0.23125 0.85 0.2265625 0.85555555625 0.22109375
0 0.522222221875 0.209375 0.522222221875 0.20234375 0.5166666671875 0.19921875 0.490277778125 0.19921875 0.4875 0.20078125 0.4875 0.2109375 0.490277778125 0.2125 0.5111111109375 0.2140625 0.522222221875 0.209375
0 0.25694444375000003 0.4921875 0.275 0.49375 0.2791666671875 0.490625 0.28611111093749997 0.4890625 0.2888888890625 0.4859375 0.2888888890625 0.47890625 0.28611111093749997 0.47578125 0.28055555625 0.47421875 0.259722221875 0.47421875 0.2541666671875 0.47734375 0.2541666671875 0.4875 0.25694444375000003 0.48828125 0.25694444375000003 0.4921875
0 0.5861111109375 0.4984375 0.5888888890625 0.48359375 0.5833333328125 0.48046875 0.5458333328125 0.48046875 0.54305555625 0.48203125 0.5458333328125 0.4984375 0.55694444375 0.496875 0.56805555625 0.5 0.5861111109375 0.4984375
0 0.030555556249999997 0.5234375 0.030555556249999997 0.52109375 0.0361111109375 0.5203125 0.04444444375 0.515625 0.0388888890625 0.50546875 0.0236111109375 0.50546875 0.0208333328125 0.50703125 0.0236111109375 0.5234375 0.030555556249999997 0.5234375
0 0.6138888890625 0.365625 0.6138888890625 0.35703125 0.590277778125 0.35546875 0.5875 0.36875 0.5930555562500001 0.371875 0.6083333328125 0.371875 0.6138888890625 0.365625
0 0.7375 0.1359375 0.7416666671875001 0.1359375 0.75555555625 0.1296875 0.75555555625 0.11953125 0.752777778125 0.11796875 0.734722221875 0.11796875 0.73194444375 0.11953125 0.73194444375 0.13125 0.7375 0.1359375
0 0.7791666671875 0.5515625 0.8 0.5484375 0.797222221875 0.54296875 0.76805555625 0.54296875 0.765277778125 0.54453125 0.765277778125 0.55 0.7708333328125 0.5546875 0.775 0.5546875 0.7791666671875 0.5515625
0 0.8055555562500001 0.3640625 0.8055555562500001 0.35703125 0.8 0.35078125 0.7791666671875 0.34921875 0.7763888890625 0.35078125 0.7791666671875 0.36875 0.8 0.36875 0.8055555562500001 0.3640625
0 0.372222221875 0.225 0.38333333281250004 0.215625 0.38055555625 0.20703125 0.375 0.20546875 0.35694444375 0.20546875 0.3541666671875 0.20703125 0.3541666671875 0.2234375 0.35694444375 0.225 0.372222221875 0.225
0 0.2513888890625 0.2421875 0.2611111109375 0.2421875 0.26944444375 0.2375 0.275 0.22734375 0.2666666671875 0.22421875 0.24583333281250003 0.22421875 0.24305555625 0.22578125 0.24305555625 0.2375 0.24583333281250003 0.240625 0.2513888890625 0.2421875
0 0.7805555562500001 0.38359375 0.775 0.38046875 0.7458333328125 0.38046875 0.7430555562500001 0.38203125 0.7430555562500001 0.390625 0.7486111109375 0.39375 0.777777778125 0.3921875 0.7805555562500001 0.38359375
0 0.1666666671875 0.2984375 0.177777778125 0.2921875 0.177777778125 0.28203125 0.175 0.28046875 0.1458333328125 0.28046875 0.14305555625 0.2921875 0.15277777812499999 0.2953125 0.1541666671875 0.2984375 0.1666666671875 0.2984375
0 0.8819444437499999 0.2484375 0.8861111109375001 0.2484375 0.8875 0.246875 0.902777778125 0.24375 0.9111111109375001 0.2375 0.9111111109375001 0.23203125 0.9083333328125001 0.23046875 0.8791666671874999 0.23046875 0.8763888890624999 0.23203125 0.8763888890624999 0.24375 0.8791666671874999 0.24453125 0.8791666671874999 0.246875 0.8819444437499999 0.2484375
0 0.275 0.4671875 0.272222221875 0.46328125 0.2666666671875 0.46171875 0.24583333281250003 0.46171875 0.24305555625 0.46328125 0.24583333281250003 0.478125 0.2611111109375 0.4765625 0.272222221875 0.471875 0.275 0.4671875
0 0.16944444375 0.471875 0.172222221875 0.46328125 0.16805555625 0.46328125 0.1583333328125 0.45703125 0.1541666671875 0.45703125 0.15277777812499999 0.45546875 0.134722221875 0.45546875 0.13194444375 0.45703125 0.13194444375 0.46875 0.1375 0.4734375 0.1611111109375 0.475 0.16944444375 0.471875
0 0.35 0.1921875 0.3583333328125 0.1859375 0.3583333328125 0.18359375 0.352777778125 0.18046875 0.334722221875 0.18046875 0.33194444375 0.18203125 0.33194444375 0.1921875 0.334722221875 0.19375 0.35 0.1921875
0 0.9333333328125001 0.18125 0.9444444437499999 0.1734375 0.9444444437499999 0.16484375 0.9388888890624999 0.16171875 0.9125 0.16171875 0.909722221875 0.16328125 0.909722221875 0.1796875 0.9125 0.18125 0.9333333328125001 0.18125
0 0.43333333281249997 0.3921875 0.43333333281249997 0.38828125 0.43055555625 0.38671875 0.4125 0.38671875 0.40972222187499996 0.3953125 0.4125 0.3984375 0.42222222187499997 0.3984375 0.43333333281249997 0.3921875
0 0.25555555625 0.24453125 0.252777778125 0.24296875 0.2236111109375 0.24296875 0.2208333328125 0.2546875 0.2236111109375 0.25625 0.24444444375000002 0.25625 0.252777778125 0.2515625 0.25555555625 0.24453125
0 0.22777777812500002 0.4 0.23333333281250002 0.396875 0.23333333281250002 0.38828125 0.23055555625 0.38671875 0.20138888906250002 0.38671875 0.1986111109375 0.38828125 0.1986111109375 0.3921875 0.21111111093749999 0.3953125 0.215277778125 0.3984375 0.22777777812500002 0.4
0 0.25555555625 0.5046875 0.25555555625 0.50078125 0.252777778125 0.49921875 0.23472222187499997 0.49921875 0.23194444375 0.50078125 0.23194444375 0.509375 0.24444444375000002 0.5109375 0.25555555625 0.5046875
0 0.45 0.10546875 0.42083333281249996 0.10703125 0.4236111109375 0.11875 0.44444444375 0.11875 0.45277777812500003 0.115625 0.45 0.10546875
0 0.24444444375000002 0.51171875 0.2208333328125 0.51328125 0.2236111109375 0.525 0.252777778125 0.5234375 0.25 0.51328125 0.24444444375000002 0.51171875
0 0.6458333328125 0.2125 0.6583333328125 0.2109375 0.66944444375 0.2046875 0.66944444375 0.19609375 0.6638888890625 0.19296875 0.6458333328125 0.19296875 0.64305555625 0.19453125 0.64305555625 0.2109375 0.6458333328125 0.2125
0 0.3888888890625 0.48203125 0.3861111109375 0.48046875 0.36805555624999997 0.48046875 0.365277778125 0.490625 0.38055555625 0.4921875 0.3888888890625 0.4875 0.3888888890625 0.48203125
0 0.75555555625 0.4359375 0.752777778125 0.42578125 0.747222221875 0.42421875 0.7236111109375 0.42421875 0.7208333328125 0.42578125 0.7208333328125 0.4359375 0.7236111109375 0.4375 0.7416666671875001 0.440625 0.75555555625 0.4359375
0 0.3638888890625 0.2 0.375 0.1921875 0.375 0.18984375 0.36944444375 0.1875 0.36666666718749996 0.18203125 0.35694444375 0.18203125 0.3541666671875 0.18359375 0.3541666671875 0.196875 0.35972222187499997 0.2 0.3638888890625 0.2
0 0.4263888890625 0.325 0.4388888890625 0.3234375 0.44444444375 0.3203125 0.447222221875 0.31484375 0.45277777812500003 0.3125 0.45277777812500003 0.30546875 0.447222221875 0.303125 0.447222221875 0.30078125 0.44166666718750003 0.29921875 0.4125 0.29921875 0.40972222187499996 0.30078125 0.40972222187499996 0.315625 0.4125 0.31875 0.4263888890625 0.325
0 0.9861111109375 0.55546875 0.95694444375 0.55546875 0.9541666671875 0.55703125 0.95694444375 0.56875 0.977777778125 0.56875 0.9888888890624999 0.5625 0.9861111109375 0.55546875
0 0.25 0.34296875 0.23472222187499997 0.34296875 0.23194444375 0.34453125 0.23472222187499997 0.35 0.25 0.35 0.252777778125 0.3484375 0.25 0.34296875
0 0.3861111109375 0.371875 0.4 0.3671875 0.4 0.35703125 0.397222221875 0.35546875 0.3791666671875 0.35546875 0.3763888890625 0.35703125 0.3791666671875 0.371875 0.3861111109375 0.371875
0 0.622222221875 0.64296875 0.609722221875 0.64453125 0.6125 0.6515625 0.627777778125 0.6484375 0.627777778125 0.64453125 0.622222221875 0.64296875
0 0.5861111109375 0.259375 0.5916666671875 0.253125 0.5888888890625 0.24453125 0.5861111109375 0.24296875 0.56805555625 0.24296875 0.565277778125 0.24453125 0.565277778125 0.2546875 0.5763888890625 0.259375 0.5861111109375 0.259375
0 0.40833333281249995 0.1359375 0.40833333281249995 0.12578125 0.40555555625000006 0.12421875 0.3875 0.12578125 0.39027777812500003 0.140625 0.397222221875 0.140625 0.40833333281249995 0.1359375
0 0.8361111109375001 0.53671875 0.809722221875 0.53828125 0.8125 0.55 0.8444444437499999 0.5484375 0.8416666671874999 0.53828125 0.8361111109375001 0.53671875
0 0.13055555624999998 0.47578125 0.125 0.47421875 0.0986111109375 0.47578125 0.10138888906250001 0.4875 0.11944444375 0.4875 0.13055555624999998 0.48125 0.13055555624999998 0.47578125
0 0.7888888890625 0.5640625 0.8 0.559375 0.8 0.55234375 0.79444444375 0.54921875 0.7819444437499999 0.54921875 0.7763888890625 0.55234375 0.7763888890625 0.5609375 0.7791666671875 0.5640625 0.7888888890625 0.5640625
0 0.097222221875 0.31875 0.097222221875 0.31328125 0.0791666671875 0.31171875 0.07638888906249999 0.31328125 0.07638888906249999 0.3234375 0.0888888890625 0.325 0.097222221875 0.31875
0 0.38333333281250004 0.3296875 0.397222221875 0.321875 0.39444444375 0.31328125 0.3888888890625 0.31171875 0.36805555624999997 0.31171875 0.365277778125 0.31328125 0.365277778125 0.328125 0.36805555624999997 0.3296875 0.38333333281250004 0.3296875
0 0.14444444375 0.453125 0.15 0.45 0.147222221875 0.43984375 0.1416666671875 0.43671875 0.12361111093749999 0.43671875 0.1208333328125 0.43828125 0.1208333328125 0.4484375 0.12361111093749999 0.4515625 0.14444444375 0.453125
0 0.0333333328125 0.309375 0.0333333328125 0.30078125 0.0125 0.29921875 0.009722221875000001 0.30078125 0.0125 0.3109375 0.027777778125000003 0.3125 0.0333333328125 0.309375
0 0.29722222187499997 0.4703125 0.30555555624999997 0.465625 0.302777778125 0.45859375 0.29722222187499997 0.45546875 0.2791666671875 0.45546875 0.27638888906250003 0.45703125 0.27638888906250003 0.4671875 0.28194444375 0.4703125 0.29722222187499997 0.4703125
0 0.3861111109375 0.2921875 0.39305555625 0.2875 0.4 0.2875 0.40833333281249995 0.28125 0.40833333281249995 0.27578125 0.3791666671875 0.27421875 0.3763888890625 0.27578125 0.3791666671875 0.2921875 0.3861111109375 0.2921875
0 0.51944444375 0.23046875 0.4986111109375 0.23203125 0.5013888890625 0.240625 0.522222221875 0.240625 0.525 0.23359375 0.51944444375 0.23046875
0 0.072222221875 0.3171875 0.075 0.3140625 0.072222221875 0.30546875 0.054166667187499996 0.30703125 0.05694444375 0.3203125 0.0638888890625 0.3203125 0.072222221875 0.3171875
0 0.24444444375000002 0.30703125 0.2236111109375 0.30546875 0.2208333328125 0.3171875 0.2388888890625 0.31875 0.24444444375000002 0.315625 0.24444444375000002 0.30703125
0 0.4388888890625 0.4109375 0.447222221875 0.4046875 0.447222221875 0.40078125 0.4236111109375 0.39921875 0.42083333281249996 0.40078125 0.42083333281249996 0.4109375 0.4236111109375 0.4125 0.4388888890625 0.4109375
0 0.5916666671875 0.58046875 0.5861111109375 0.57421875 0.5791666671875 0.57421875 0.5763888890625 0.57578125 0.5763888890625 0.590625 0.5861111109375 0.5921875 0.5916666671875 0.58046875
0 0.5861111109375 0.2984375 0.6 0.2921875 0.6 0.28203125 0.597222221875 0.28046875 0.5791666671875 0.28046875 0.5763888890625 0.28203125 0.5791666671875 0.2984375 0.5861111109375 0.2984375
0 0.2638888890625 0.51875 0.275 0.5109375 0.275 0.50703125 0.26944444375 0.50546875 0.25694444375000003 0.50546875 0.2541666671875 0.50703125 0.2541666671875 0.5171875 0.25694444375000003 0.51875 0.2638888890625 0.51875
0 0.325 0.18203125 0.3125 0.18046875 0.309722221875 0.1921875 0.325 0.19375 0.32777777812500003 0.1921875 0.325 0.18203125
0 0.5263888890625 0.2421875 0.5305555562500001 0.2421875 0.5375 0.2375 0.54444444375 0.2359375 0.54444444375 0.22578125 0.5416666671875 0.22421875 0.5236111109375 0.22421875 0.5208333328125 0.22578125 0.5208333328125 0.2375 0.5263888890625 0.2421875
0 0.4 0.46875 0.41111111093749997 0.4640625 0.41111111093749997 0.45078125 0.39027777812500003 0.44921875 0.3875 0.45078125 0.3875 0.465625 0.39305555625 0.46875 0.4 0.46875
0 0.8916666671875 0.21953125 0.8861111109375001 0.21796875 0.8652777781250001 0.21953125 0.8680555562500001 0.228125 0.8861111109375001 0.2265625 0.8916666671875 0.2234375 0.8916666671875 0.21953125
0 0.1361111109375 0.3359375 0.1361111109375 0.32578125 0.12361111093749999 0.32421875 0.1208333328125 0.32578125 0.1208333328125 0.3359375 0.13333333281249998 0.3375 0.1361111109375 0.3359375
0 0.09444444375 0.403125 0.097222221875 0.4 0.097222221875 0.39296875 0.09444444375 0.38984375 0.0861111109375 0.38671875 0.06805555625000001 0.38671875 0.06527777812499999 0.38828125 0.06805555625000001 0.396875 0.08194444375 0.403125 0.09444444375 0.403125
0 0.252777778125 0.496875 0.25833333281250004 0.49375 0.2611111109375 0.48828125 0.252777778125 0.48046875 0.24583333281250003 0.48046875 0.24305555625 0.48203125 0.24305555625 0.49375 0.24583333281250003 0.496875 0.252777778125 0.496875
0 0.747222221875 0.38359375 0.7416666671875001 0.38046875 0.7236111109375 0.38046875 0.7208333328125 0.38203125 0.7208333328125 0.390625 0.7263888890625 0.39375 0.747222221875 0.390625 0.747222221875 0.38359375
0 0.5111111109375 0.1 0.5111111109375 0.09453125 0.5083333328124999 0.09296875 0.490277778125 0.09296875 0.4875 0.09453125 0.490277778125 0.1015625 0.50555555625 0.1046875 0.5111111109375 0.1
0 0.29444444375 0.2796875 0.29444444375 0.27578125 0.2888888890625 0.27421875 0.26805555625 0.27421875 0.26527777812500003 0.27578125 0.26527777812500003 0.284375 0.2708333328125 0.2875 0.28611111093749997 0.2859375 0.29444444375 0.2796875
0 0.852777778125 0.275 0.85555555625 0.2734375 0.85555555625 0.26953125 0.852777778125 0.26796875 0.8458333328125001 0.26796875 0.8430555562500001 0.26953125 0.8430555562500001 0.2734375 0.8458333328125001 0.275 0.852777778125 0.275
0 0.425 0.43203125 0.41944444374999995 0.43046875 0.3986111109375 0.43203125 0.40416666718750005 0.440625 0.4166666671875 0.440625 0.425 0.4359375 0.425 0.43203125
0 0.26944444375 0.37578125 0.25694444375000003 0.37421875 0.2541666671875 0.3796875 0.25694444375000003 0.38125 0.2666666671875 0.38125 0.26944444375 0.37578125
0 0.9055555562500001 0.20546875 0.8875 0.20703125 0.8875 0.2109375 0.89305555625 0.2140625 0.9083333328125001 0.2125 0.9055555562500001 0.20546875
0 0.9694444437499999 0.40078125 0.95694444375 0.39921875 0.9541666671875 0.40625 0.9638888890624999 0.4078125 0.9694444437499999 0.4046875 0.9694444437499999 0.40078125
0 0.8333333328125001 0.4359375 0.8361111109375001 0.434375 0.8361111109375001 0.43046875 0.8388888890624999 0.4296875 0.8388888890624999 0.42578125 0.8361111109375001 0.425 0.8333333328125001 0.41953125 0.83055555625 0.41796875 0.8125 0.41796875 0.809722221875 0.41953125 0.809722221875 0.4296875 0.8236111109375001 0.4375 0.8333333328125001 0.4359375
0 0.059722221875 0.425 0.0638888890625 0.425 0.07083333281250001 0.4203125 0.077777778125 0.41875 0.075 0.41171875 0.05694444375 0.41171875 0.054166667187499996 0.41328125 0.054166667187499996 0.421875 0.059722221875 0.425
0 0.16388888906250001 0.35546875 0.1458333328125 0.35546875 0.14305555625 0.35703125 0.1458333328125 0.3625 0.16388888906250001 0.3625 0.1666666671875 0.3609375 0.16388888906250001 0.35546875
0 0.7666666671875 0.54921875 0.7569444437499999 0.54921875 0.7541666671875 0.55078125 0.7569444437499999 0.5578125 0.775 0.5546875 0.775 0.55234375 0.7666666671875 0.54921875
0 0.5555555562500001 0.25703125 0.5458333328125 0.25546875 0.54305555625 0.26875 0.5458333328125 0.2734375 0.5527777781250001 0.2734375 0.5555555562500001 0.25703125
0 0.70555555625 0.4875 0.7111111109375 0.4859375 0.7111111109375 0.48359375 0.7194444437499999 0.4796875 0.7194444437499999 0.47578125 0.7083333328125 0.46796875 0.690277778125 0.46796875 0.6875 0.46953125 0.6875 0.484375 0.69305555625 0.4875 0.70555555625 0.4875