0 0.94375 0.21484375 0.04296875 0.0265625
0 0.971875 0.215625 0.02890625 0.02734375
0 0.990625 0.2890625 0.0140625 0.03046875
0 0.95 0.28828125 0.04453125 0.0234375
0 0.93359375 0.309375 0.04140625 0.01484375
0 0.96953125 0.3140625 0.03046875 0.02109375
0 0.93828125 0.33984375 0.04296875 0.0234375
0 0.66796875 0.3453125 0.028125 0.01875
0 0.90703125 0.3484375 0.025 0.01875
0 0.6578125 0.3640625 0.040625 0.02265625
0 0.87265625 0.4359375 0.04609375 0.02265625
0 0.98203125 0.63828125 0.03359375 0.0375