0 0.372222221875 0.45 0.3861111109375 0.4421875 0.3861111109375 0.43984375 0.3888888890625 0.4390625 0.3888888890625 0.42734375 0.38333333281250004 0.42421875 0.3458333328125 0.42421875 0.34305555625 0.42578125 0.34305555625 0.4484375 0.3458333328125 0.45 0.372222221875 0.45
0 0.34722222187499996 0.8171875 0.34861111093749997 0.81875 0.377777778125 0.81875 0.3888888890625 0.8109375 0.3888888890625 0.78828125 0.3861111109375 0.78671875 0.334722221875 0.78671875 0.33194444375 0.78828125 0.33194444375 0.8109375 0.34305555625 0.8171875 0.34722222187499996 0.8171875
0 0.4888888890625 0.3984375 0.490277778125 0.4 0.5166666671875 0.4 0.5166666671875 0.39921875 0.5305555562500001 0.3921875 0.5305555562500001 0.38984375 0.5333333328125 0.3890625 0.5333333328125 0.38203125 0.5319444437499999 0.38203125 0.51944444375 0.37421875 0.490277778125 0.37421875 0.490277778125 0.375 0.4875 0.37578125 0.4875 0.3984375 0.4888888890625 0.3984375
0 0.31805555625 0.55625 0.33888888906250003 0.55625 0.352777778125 0.546875 0.352777778125 0.53828125 0.34444444375 0.5328125 0.34444444375 0.52578125 0.3416666671875 0.52421875 0.3125 0.52421875 0.309722221875 0.52578125 0.309722221875 0.5515625 0.3125 0.5546875 0.31805555625 0.55625
0 0.20138888906250002 0.853125 0.21944444375 0.853125 0.23055555625 0.85 0.23333333281250002 0.83828125 0.23611111093749998 0.8375 0.23333333281250002 0.82578125 0.23055555625 0.82421875 0.1986111109375 0.82421875 0.197222221875 0.82578125 0.190277778125 0.82578125 0.190277778125 0.8296875 0.1875 0.83046875 0.1875 0.8484375 0.20138888906250002 0.853125
0 0.5986111109375 0.65625 0.6083333328125 0.65625 0.609722221875 0.6578125 0.6333333328124999 0.65625 0.64444444375 0.6484375 0.64444444375 0.63046875 0.6416666671875 0.62734375 0.6333333328124999 0.62421875 0.5986111109375 0.62421875 0.5930555562500001 0.62578125 0.5875 0.63203125 0.5875 0.65 0.590277778125 0.653125 0.5986111109375 0.65625
0 0.6611111109375 0.78125 0.6638888890625 0.77578125 0.6583333328125 0.7734375 0.6583333328125 0.76484375 0.6666666671875 0.7625 0.6666666671875 0.75703125 0.6638888890625 0.75546875 0.6236111109375 0.75546875 0.6208333328125 0.75703125 0.6236111109375 0.778125 0.6375 0.7828125 0.6611111109375 0.78125
0 0.165277778125 0.9640625 0.172222221875 0.9640625 0.1833333328125 0.9609375 0.1833333328125 0.95859375 0.1888888890625 0.95625 0.1888888890625 0.94453125 0.1833333328125 0.94140625 0.17916666718750002 0.94140625 0.172222221875 0.93671875 0.134722221875 0.93671875 0.13194444375 0.93828125 0.13194444375 0.95625 0.140277778125 0.9625 0.16388888906250001 0.965625 0.165277778125 0.9640625
0 0.43333333281249997 0.73203125 0.44305555625000004 0.7265625 0.45 0.725 0.45555555625000005 0.71484375 0.45 0.71171875 0.40138888906250003 0.71171875 0.3986111109375 0.71328125 0.3986111109375 0.7328125 0.40138888906250003 0.7359375 0.41944444374999995 0.7375 0.42083333281249996 0.7359375 0.43333333281249997 0.734375 0.43333333281249997 0.73203125
0 0.577777778125 0.725 0.577777778125 0.71484375 0.58194444375 0.7125 0.597222221875 0.7125 0.6083333328125 0.7046875 0.6083333328125 0.70078125 0.602777778125 0.69453125 0.597222221875 0.69296875 0.5458333328125 0.69296875 0.54305555625 0.69453125 0.54305555625 0.7171875 0.55694444375 0.725 0.5666666671875 0.725 0.56805555625 0.7265625 0.577777778125 0.725
0 0.54305555625 0.8921875 0.5458333328125 0.89375 0.5527777781250001 0.89375 0.5625 0.8875 0.5722222218749999 0.8859375 0.577777778125 0.8828125 0.58055555625 0.87109375 0.575 0.86796875 0.5458333328125 0.86953125 0.5458333328125 0.8734375 0.54305555625 0.87421875 0.54305555625 0.8921875
0 0.5236111109375 0.8375 0.54444444375 0.8375 0.5555555562500001 0.83125 0.5555555562500001 0.81953125 0.54444444375 0.815625 0.54444444375 0.80703125 0.5416666671875 0.80546875 0.5125 0.80546875 0.5097222218749999 0.80703125 0.5097222218749999 0.8296875 0.5125 0.8328125 0.5236111109375 0.8375
0 0.46666666718750005 0.359375 0.46666666718750005 0.34609375 0.4611111109375 0.34296875 0.4236111109375 0.34296875 0.42083333281249996 0.34453125 0.42083333281249996 0.3546875 0.434722221875 0.3625 0.4611111109375 0.3625 0.46666666718750005 0.359375
0 0.46388888906250003 0.3921875 0.46666666718750005 0.3890625 0.46666666718750005 0.37265625 0.46388888906250003 0.36953125 0.45555555625000005 0.36796875 0.42083333281249996 0.36796875 0.4125 0.36953125 0.40972222187499996 0.3859375 0.4291666671875 0.39375 0.4583333328125 0.39375 0.46388888906250003 0.3921875
0 0.6611111109375 0.9296875 0.665277778125 0.9265625 0.675 0.925 0.6777777781250001 0.921875 0.6777777781250001 0.90703125 0.675 0.90546875 0.6625 0.90546875 0.652777778125 0.91015625 0.640277778125 0.91015625 0.63055555625 0.90546875 0.6208333328125 0.90703125 0.6208333328125 0.9234375 0.6361111109375 0.9265625 0.64305555625 0.9296875 0.6611111109375 0.9296875
0 0.7416666671875001 0.6609375 0.747222221875 0.653125 0.74444444375 0.64453125 0.7416666671875001 0.64296875 0.7125 0.64296875 0.709722221875 0.64453125 0.709722221875 0.659375 0.715277778125 0.6625 0.7416666671875001 0.6609375
0 0.4125 0.846875 0.41805555625 0.85 0.45555555625000005 0.85 0.45694444375 0.8484375 0.4611111109375 0.8484375 0.4611111109375 0.83671875 0.4583333328125 0.8359375 0.4583333328125 0.83203125 0.45555555625000005 0.83125 0.45277777812500003 0.82578125 0.43333333281249997 0.81796875 0.415277778125 0.81796875 0.40972222187499996 0.82109375 0.40972222187499996 0.84375 0.4125 0.84453125 0.4125 0.846875
0 0.47222222187499996 0.875 0.48333333281249996 0.8671875 0.48333333281249996 0.85703125 0.475 0.85078125 0.46805555625000006 0.85078125 0.46666666718750005 0.84921875 0.4486111109375 0.84921875 0.44305555625000004 0.85234375 0.44305555625000004 0.8734375 0.4458333328125 0.875 0.47222222187499996 0.875
0 0.55694444375 0.84453125 0.55694444375 0.846875 0.5625 0.85 0.5736111109375 0.85234375 0.5791666671875 0.8609375 0.5916666671875 0.859375 0.6 0.8515625 0.6 0.84609375 0.6111111109375 0.8390625 0.6111111109375 0.82734375 0.60555555625 0.82421875 0.565277778125 0.82421875 0.5638888890625 0.82578125 0.55694444375 0.82578125 0.55694444375 0.8296875 0.5541666671875001 0.83046875 0.5541666671875001 0.84375 0.55694444375 0.84453125
0 0.4888888890625 0.753125 0.4916666671875 0.74453125 0.4861111109375 0.73828125 0.48055555625 0.73671875 0.4458333328125 0.73671875 0.44305555625000004 0.73828125 0.44305555625000004 0.7546875 0.4458333328125 0.75625 0.475 0.7578125 0.4888888890625 0.753125
0 0.5111111109375 0.6921875 0.5111111109375 0.68203125 0.5083333328124999 0.68046875 0.46805555625000006 0.68046875 0.46527777812500004 0.68203125 0.46527777812500004 0.69375 0.47083333281249995 0.6984375 0.497222221875 0.6984375 0.5111111109375 0.6921875
0 0.6166666671875001 0.9171875 0.61944444375 0.915625 0.61944444375 0.90703125 0.6111111109375 0.903125 0.6083333328125 0.89921875 0.590277778125 0.89921875 0.5875 0.90078125 0.590277778125 0.915625 0.5986111109375 0.91875 0.6166666671875001 0.9171875
0 0.93194444375 0.98203125 0.93194444375 0.99921875 0.9694444437499999 0.99921875 0.9638888890624999 0.98046875 0.93194444375 0.98203125
0 0.66805555625 0.653125 0.6763888890625 0.65625 0.6944444437499999 0.65625 0.7 0.653125 0.7 0.65078125 0.7083333328125 0.646875 0.7083333328125 0.63828125 0.6916666671875 0.63046875 0.66805555625 0.63046875 0.665277778125 0.63203125 0.665277778125 0.65 0.66805555625 0.65078125 0.66805555625 0.653125
0 0.377777778125 0.8796875 0.3888888890625 0.875 0.39444444375 0.86875 0.39444444375 0.86328125 0.3888888890625 0.86171875 0.3708333328125 0.86171875 0.365277778125 0.86484375 0.36805555624999997 0.8796875 0.377777778125 0.8796875
0 0.35555555625 0.5140625 0.35555555625 0.50234375 0.36666666718749996 0.4984375 0.3638888890625 0.49296875 0.34305555625 0.49453125 0.3458333328125 0.5171875 0.352777778125 0.5171875 0.35555555625 0.5140625
0 0.45277777812500003 0.6859375 0.4583333328125 0.6796875 0.4583333328125 0.67109375 0.45277777812500003 0.66796875 0.4236111109375 0.66796875 0.42083333281249996 0.66953125 0.42083333281249996 0.684375 0.4263888890625 0.6875 0.45277777812500003 0.6859375
0 0.7611111109375 0.775 0.7666666671875 0.771875 0.7638888890625 0.76015625 0.7597222218749999 0.76015625 0.7583333328124999 0.75703125 0.752777778125 0.75546875 0.734722221875 0.75546875 0.73194444375 0.75703125 0.734722221875 0.7703125 0.7430555562500001 0.775 0.7611111109375 0.775
0 0.64444444375 0.7234375 0.6486111109375 0.7265625 0.652777778125 0.7265625 0.6541666671875 0.725 0.6638888890625 0.725 0.6638888890625 0.72421875 0.6777777781250001 0.7171875 0.6777777781250001 0.70859375 0.6763888890625 0.70859375 0.672222221875 0.70546875 0.6486111109375 0.70546875 0.6486111109375 0.70625 0.64305555625 0.70859375 0.64305555625 0.7234375 0.64444444375 0.7234375
0 0.41111111093749997 0.3671875 0.40833333281249995 0.36171875 0.3875 0.36328125 0.3875 0.3671875 0.39305555625 0.3703125 0.40277777812500004 0.3703125 0.41111111093749997 0.3671875
0 0.6 0.49453125 0.597222221875 0.49296875 0.56805555625 0.49296875 0.565277778125 0.49453125 0.56805555625 0.5078125 0.5916666671875 0.50625 0.6 0.5015625 0.6 0.49453125
0 0.622222221875 0.74375 0.625 0.73984375 0.6333333328124999 0.7359375 0.6333333328124999 0.73203125 0.627777778125 0.73046875 0.590277778125 0.73046875 0.5875 0.73203125 0.5875 0.7375 0.5986111109375 0.7453125 0.6166666671875001 0.7453125 0.622222221875 0.74375
0 0.7194444437499999 0.95 0.7333333328125 0.9421875 0.7333333328125 0.93203125 0.73055555625 0.93046875 0.7041666671875 0.93046875 0.6986111109375 0.93359375 0.6986111109375 0.9484375 0.7013888890625 0.95 0.7194444437499999 0.95
0 0.434722221875 0.6484375 0.45555555625000005 0.65 0.4611111109375 0.6421875 0.45555555625000005 0.63203125 0.434722221875 0.63046875 0.434722221875 0.6484375
0 0.7111111109375 0.76328125 0.690277778125 0.76171875 0.690277778125 0.7765625 0.70555555625 0.7765625 0.7111111109375 0.7734375 0.7111111109375 0.76328125
0 0.43055555625 0.7046875 0.43055555625 0.69140625 0.42222222187499997 0.68671875 0.40138888906250003 0.68671875 0.3986111109375 0.68828125 0.40138888906250003 0.7078125 0.427777778125 0.70625 0.43055555625 0.7046875
0 0.31944444375000003 0.4984375 0.33055555625 0.49375 0.3333333328125 0.490625 0.33055555625 0.48046875 0.309722221875 0.48203125 0.309722221875 0.496875 0.3125 0.4984375 0.31944444375000003 0.4984375
0 0.5555555562500001 0.9171875 0.5555555562500001 0.90078125 0.5458333328125 0.89921875 0.54305555625 0.90078125 0.54305555625 0.9171875 0.5527777781250001 0.91875 0.5555555562500001 0.9171875
0 0.5763888890625 0.84296875 0.5791666671875 0.8671875 0.597222221875 0.8671875 0.597222221875 0.86171875 0.5888888890625 0.85859375 0.5944444437499999 0.8578125 0.6 0.84609375 0.6111111109375 0.8390625 0.6111111109375 0.82734375 0.60555555625 0.82421875 0.5791666671875 0.82421875 0.5763888890625 0.82578125 0.5763888890625 0.8296875 0.58194444375 0.83359375 0.5763888890625 0.84296875
0 0.4458333328125 0.6515625 0.4513888890625 0.6546875 0.4583333328125 0.6546875 0.459722221875 0.65625 0.47222222187499996 0.6546875 0.475 0.653125 0.475 0.64921875 0.477777778125 0.6484375 0.475 0.64140625 0.46388888906250003 0.63671875 0.4458333328125 0.63671875 0.44305555625000004 0.63828125 0.44305555625000004 0.6484375 0.4458333328125 0.64921875 0.4458333328125 0.6515625