0 0.9015625 0.009375 0.021875 0.0140625
0 0.95859375 0.03125 0.028125 0.01953125
0 0.890625 0.03125 0.034375 0.01484375
0 0.74375 0.07421875 0.0265625 0.0171875
0 0.7140625 0.0984375 0.0359375 0.02421875
0 0.65390625 0.09375 0.025 0.01171875
0 0.98515625 0.1 0.0265625 0.015625
0 0.68125 0.1046875 0.034375 0.0203125
0 0.58515625 0.115625 0.03203125 0.021875
0 0.61484375 0.11796875 0.0234375 0.0203125
0 0.8 0.121875 0.03359375 0.02109375
0 0.634375 0.11953125 0.01953125 0.015625
0 0.71875 0.121875 0.03203125 0.01484375
0 0.7453125 0.125 0.02109375 0.01875
0 0.8359375 0.1234375 0.0359375 0.01328125
0 0.8640625 0.1265625 0.028125 0.01484375
0 0.65625 0.128125 0.02890625 0.01640625
0 0.965625 0.15078125 0.0625 0.0359375
0 0.75625 0.1453125 0.0375 0.0234375
0 0.909375 0.1640625 0.053125 0.03828125
0 0.82578125 0.1609375 0.0234375 0.01484375
0 0.7203125 0.17109375 0.03203125 0.01875
0 0.95234375 0.18515625 0.04609375 0.028125
0 0.00625 0.221875 0.0125 0.021875
0 0.84296875 0.22890625 0.05546875 0.03125
0 0.89140625 0.2328125 0.0609375 0.03359375
0 0.95078125 0.23359375 0.0515625 0.028125
0 0.0265625 0.2296875 0.03046875 0.01953125
0 0.99296875 0.240625 0.0109375 0.02265625
0 0.028125 0.2625 0.0515625 0.034375
0 0.2453125 0.2546875 0.02890625 0.01484375
0 0.9328125 0.2625 0.0515625 0.028125
0 0.98671875 0.26015625 0.0234375 0.021875
0 0.65 0.2609375 0.04453125 0.02109375
0 0.7453125 0.2625 0.0375 0.0203125
0 0.8890625 0.27421875 0.03359375 0.025
0 0.62109375 0.2765625 0.03359375 0.02109375
0 0.73125 0.2765625 0.034375 0.0203125
0 0.6015625 0.2765625 0.0109375 0.01640625
0 0.940625 0.28203125 0.05546875 0.025
0 0.69375 0.2796875 0.02890625 0.01875
0 0.071875 0.2890625 0.05546875 0.03203125
0 0.98359375 0.2859375 0.03046875 0.02109375
0 0.665625 0.28359375 0.028125 0.009375
0 0.80078125 0.2921875 0.034375 0.021875
0 0.36328125 0.3078125 0.040625 0.0203125
0 0.79921875 0.3109375 0.034375 0.0171875
0 0.071875 0.31640625 0.05703125 0.0265625
0 0.009375 0.31640625 0.01875 0.0203125
0 0.878125 0.3203125 0.040625 0.01953125
0 0.27265625 0.33125 0.040625 0.02265625
0 0.45 0.328125 0.025 0.01015625
0 0.475 0.34765625 0.01953125 0.0125
0 0.53828125 0.353125 0.0375 0.0203125
0 0.153125 0.365625 0.059375 0.034375
0 0.18828125 0.359375 0.02109375 0.01796875
0 0.3640625 0.3609375 0.025 0.01640625
0 0.471875 0.36484375 0.025 0.0171875
0 0.634375 0.38125 0.0375 0.01640625
0 0.55859375 0.3921875 0.0359375 0.01953125
0 0.02890625 0.4046875 0.028125 0.01171875
0 0.84609375 0.4140625 0.0609375 0.03125
0 0.2375 0.4140625 0.03359375 0.01953125
0 0.384375 0.4171875 0.03203125 0.02265625
0 0.7390625 0.41328125 0.0390625 0.0109375
0 0.59609375 0.41953125 0.05 0.01875
0 0.409375 0.425 0.0390625 0.02421875
0 0.08984375 0.42734375 0.0265625 0.0125
0 0.809375 0.4359375 0.02890625 0.025
0 0.459375 0.44296875 0.0484375 0.0265625
0 0.896875 0.44921875 0.0640625 0.0359375
0 0.3828125 0.4515625 0.0265625 0.021875
0 0.54296875 0.45625 0.0390625 0.02421875
0 0.7 0.46484375 0.05 0.0296875
0 0.81875 0.46875 0.0515625 0.03359375
0 0.0515625 0.4625 0.0359375 0.01796875
0 0.640625 0.4796875 0.04609375 0.02265625
0 0.09140625 0.47734375 0.025 0.0125
0 0.6 0.4875 0.04140625 0.02734375
0 0.9484375 0.49453125 0.01953125 0.01875
0 0.04765625 0.4921875 0.0234375 0.01328125
0 0.3890625 0.51640625 0.05546875 0.03125
0 0.29375 0.515625 0.0265625 0.01484375
0 0.27265625 0.515625 0.02109375 0.01484375
0 0.64921875 0.521875 0.0375 0.01953125
0 0.23515625 0.5203125 0.0234375 0.0140625
0 0.09921875 0.525 0.03203125 0.01875
0 0.015625 0.52734375 0.03046875 0.021875
0 0.2109375 0.52578125 0.028125 0.0171875
0 0.8140625 0.5296875 0.053125 0.02421875
0 0.8796875 0.5296875 0.02890625 0.01796875
0 0.184375 0.5296875 0.028125 0.01796875
0 0.428125 0.53515625 0.04609375 0.0234375
0 0.47734375 0.534375 0.040625 0.0203125
0 0.28125 0.54375 0.02890625 0.01875
0 0.50546875 0.5453125 0.03359375 0.01640625
0 0.94140625 0.5546875 0.05859375 0.03046875
0 0.67265625 0.5546875 0.034375 0.02265625
0 0.5484375 0.56484375 0.028125 0.0171875
0 0.01328125 0.575 0.0265625 0.02265625
0 0.30078125 0.5796875 0.02890625 0.01484375
0 0.059375 0.634375 0.02890625 0.0140625
0 0.90859375 0.6390625 0.03046875 0.01484375
0 0.896875 0.6546875 0.0125 0.015625