0 0.6111111109375 0.41328125 0.590277778125 0.41171875 0.5875 0.4296875 0.590277778125 0.43125 0.6083333328125 0.4296875 0.6111111109375 0.41328125
0 0.54444444375 0.41328125 0.534722221875 0.41171875 0.5319444437499999 0.41875 0.534722221875 0.421875 0.5416666671875 0.421875 0.54444444375 0.41328125
0 0.39027777812500003 0.58125 0.397222221875 0.58125 0.41111111093749997 0.5734375 0.41111111093749997 0.57109375 0.40555555625000006 0.56796875 0.39027777812500003 0.56796875 0.3875 0.56953125 0.3875 0.5796875 0.39027777812500003 0.58125
0 0.7 0.28203125 0.6791666671875001 0.28046875 0.6763888890625 0.2921875 0.6944444437499999 0.29375 0.7 0.290625 0.7 0.28203125
0 0.3125 0.4125 0.31944444375000003 0.4125 0.322222221875 0.40859375 0.3333333328125 0.4046875 0.33055555625 0.39921875 0.3125 0.39921875 0.309722221875 0.40078125 0.309722221875 0.4109375 0.3125 0.4125
0 0.4125 0.4296875 0.42222222187499997 0.4296875 0.43055555625 0.4265625 0.43333333281249997 0.41953125 0.41944444374999995 0.41171875 0.4125 0.41171875 0.40972222187499996 0.41328125 0.40972222187499996 0.4265625 0.4125 0.42734375 0.4125 0.4296875
0 0.64444444375 0.26953125 0.6236111109375 0.26796875 0.6208333328125 0.2796875 0.6388888890625 0.28125 0.64444444375 0.278125 0.64444444375 0.26953125
0 0.5333333328125 0.27734375 0.527777778125 0.27421875 0.5125 0.27421875 0.5097222218749999 0.2921875 0.5125 0.29375 0.5305555562500001 0.2921875 0.5333333328125 0.27734375
0 0.46388888906250003 0.37421875 0.4458333328125 0.37421875 0.44305555625000004 0.37578125 0.44305555625000004 0.3796875 0.4486111109375 0.3828125 0.46666666718750005 0.3796875 0.46388888906250003 0.37421875
0 0.725 0.30078125 0.7013888890625 0.29921875 0.6986111109375 0.3109375 0.7194444437499999 0.3125 0.725 0.30625 0.725 0.30078125
0 0.3236111109375 0.3984375 0.33055555625 0.3984375 0.34444444375 0.3921875 0.34444444375 0.38203125 0.3416666671875 0.38046875 0.3236111109375 0.38046875 0.32083333281250004 0.38203125 0.32083333281250004 0.396875 0.3236111109375 0.3984375
0 0.6111111109375 0.27578125 0.6013888890625 0.27421875 0.5986111109375 0.2796875 0.6013888890625 0.2828125 0.6083333328125 0.2828125 0.6111111109375 0.27578125
0 0.7666666671875 0.68203125 0.7458333328125 0.68046875 0.7430555562500001 0.6921875 0.7611111109375 0.69375 0.7666666671875 0.690625 0.7666666671875 0.68203125
0 0.24583333281250003 0.70625 0.252777778125 0.70625 0.2638888890625 0.7015625 0.2666666671875 0.6984375 0.2638888890625 0.69296875 0.24583333281250003 0.69296875 0.24305555625 0.69453125 0.24305555625 0.7046875 0.24583333281250003 0.70625
0 0.625 0.2421875 0.622222221875 0.23203125 0.6013888890625 0.23046875 0.5986111109375 0.23203125 0.6013888890625 0.2484375 0.61944444375 0.2484375 0.625 0.2421875
0 0.73055555625 0.596875 0.7333333328125 0.58984375 0.727777778125 0.58671875 0.7013888890625 0.58671875 0.6986111109375 0.58828125 0.6986111109375 0.5984375 0.7041666671875 0.6015625 0.7194444437499999 0.6 0.73055555625 0.596875
0 0.7138888890625 0.24453125 0.7013888890625 0.24296875 0.6986111109375 0.2546875 0.7083333328125 0.25625 0.7138888890625 0.2515625 0.7138888890625 0.24453125
0 0.9583333328125001 0.6796875 0.95555555625 0.67421875 0.93194444375 0.67578125 0.934722221875 0.6828125 0.940277778125 0.684375 0.952777778125 0.684375 0.9583333328125001 0.6796875
0 0.5527777781250001 0.29375 0.5583333328125 0.28359375 0.5527777781250001 0.28046875 0.534722221875 0.28046875 0.5319444437499999 0.28203125 0.5319444437499999 0.2921875 0.534722221875 0.29375 0.5527777781250001 0.29375
0 0.4263888890625 0.6640625 0.43055555625 0.6640625 0.434722221875 0.6609375 0.4388888890625 0.6609375 0.4388888890625 0.65703125 0.43055555625 0.65390625 0.41805555625 0.65390625 0.40833333281249995 0.64921875 0.40138888906250003 0.64921875 0.3986111109375 0.65078125 0.3986111109375 0.6609375 0.40972222187499996 0.6671875 0.42222222187499997 0.6671875 0.4263888890625 0.6640625
0 0.21111111093749999 0.6796875 0.21111111093749999 0.66328125 0.20138888906250002 0.66171875 0.1986111109375 0.66328125 0.1986111109375 0.6796875 0.20833333281250002 0.68125 0.21111111093749999 0.6796875
0 0.8638888890624999 0.75078125 0.85555555625 0.74921875 0.83194444375 0.75078125 0.834722221875 0.759375 0.852777778125 0.759375 0.8638888890624999 0.7546875 0.8638888890624999 0.75078125
0 0.597222221875 0.20703125 0.5791666671875 0.20546875 0.5763888890625 0.2171875 0.5916666671875 0.21875 0.597222221875 0.215625 0.597222221875 0.20703125
0 0.8083333328125001 0.45546875 0.7986111109375 0.45703125 0.8013888890624999 0.4625 0.8138888890624999 0.4609375 0.8138888890624999 0.45703125 0.8083333328125001 0.45546875
0 0.0333333328125 0.71328125 0.0236111109375 0.71171875 0.0208333328125 0.725 0.0236111109375 0.728125 0.030555556249999997 0.728125 0.0333333328125 0.71328125
0 0.5305555562500001 0.37421875 0.5097222218749999 0.37578125 0.5125 0.3828125 0.525 0.3828125 0.5333333328125 0.3796875 0.5305555562500001 0.37421875
0 0.7138888890625 0.70703125 0.7013888890625 0.70546875 0.6986111109375 0.70703125 0.6986111109375 0.715625 0.7083333328125 0.7171875 0.7138888890625 0.70703125
0 0.10833333281249999 0.64375 0.1111111109375 0.6421875 0.1111111109375 0.63203125 0.10833333281249999 0.63046875 0.090277778125 0.63046875 0.0875 0.63203125 0.0875 0.6421875 0.090277778125 0.64375 0.10833333281249999 0.64375
0 0.60555555625 0.2671875 0.6083333328125 0.26328125 0.602777778125 0.25703125 0.590277778125 0.25546875 0.5875 0.25703125 0.5875 0.2671875 0.590277778125 0.26875 0.60555555625 0.2671875
0 0.75555555625 0.3046875 0.75555555625 0.30078125 0.752777778125 0.29921875 0.734722221875 0.29921875 0.73194444375 0.30078125 0.734722221875 0.3109375 0.75 0.309375 0.75555555625 0.3046875
0 0.6111111109375 0.2984375 0.6111111109375 0.28828125 0.6013888890625 0.28671875 0.5986111109375 0.28828125 0.5986111109375 0.2984375 0.6083333328125 0.3 0.6111111109375 0.2984375
0 0.76805555625 0.765625 0.772222221875 0.765625 0.777777778125 0.75859375 0.772222221875 0.75546875 0.7569444437499999 0.75546875 0.7541666671875 0.75703125 0.7569444437499999 0.7671875 0.7666666671875 0.7671875 0.76805555625 0.765625
0 0.74444444375 0.27734375 0.734722221875 0.27578125 0.73194444375 0.2859375 0.734722221875 0.2890625 0.7416666671875001 0.2890625 0.74444444375 0.27734375
0 0.2416666671875 0.7375 0.25 0.7296875 0.24722222187499998 0.72109375 0.2416666671875 0.71796875 0.2236111109375 0.71796875 0.2208333328125 0.71953125 0.2208333328125 0.7359375 0.2236111109375 0.7375 0.2416666671875 0.7375
0 0.41111111093749997 0.59453125 0.40138888906250003 0.59296875 0.3986111109375 0.5984375 0.40138888906250003 0.6015625 0.40833333281249995 0.6015625 0.41111111093749997 0.59453125
0 0.15694444375 0.61953125 0.15694444375 0.6234375 0.16388888906250001 0.6234375 0.16388888906250001 0.61953125 0.15694444375 0.61953125
0 0.8333333328125001 0.37109375 0.83055555625 0.36953125 0.8236111109375001 0.36953125 0.8208333328125 0.3734375 0.8236111109375001 0.375 0.83055555625 0.375 0.8333333328125001 0.37109375
0 0.890277778125 0.77578125 0.890277778125 0.7796875 0.897222221875 0.7796875 0.897222221875 0.77578125 0.890277778125 0.77578125
0 0.7 0.55078125 0.690277778125 0.54921875 0.6875 0.5546875 0.690277778125 0.5578125 0.6972222218749999 0.5578125 0.7 0.55078125
0 0.4138888890625 0.5484375 0.41111111093749997 0.53828125 0.39305555625 0.53671875 0.3875 0.53984375 0.3875 0.5484375 0.41111111093749997 0.55 0.4138888890625 0.5484375
0 0.9444444437499999 0.7484375 0.9444444437499999 0.73828125 0.934722221875 0.73671875 0.93194444375 0.73828125 0.93194444375 0.7484375 0.9416666671874999 0.75 0.9444444437499999 0.7484375
0 0.7888888890625 0.27578125 0.7791666671875 0.27421875 0.7763888890625 0.28125 0.7791666671875 0.284375 0.7861111109375 0.284375 0.7888888890625 0.27578125
0 0.49444444374999996 0.6546875 0.49444444374999996 0.65234375 0.4861111109375 0.64921875 0.46527777812500004 0.65078125 0.46805555625000006 0.6625 0.4888888890625 0.6609375 0.4888888890625 0.65703125 0.49444444374999996 0.6546875
0 0.497222221875 0.44375 0.5 0.4421875 0.5 0.43828125 0.497222221875 0.43671875 0.490277778125 0.43671875 0.4875 0.43828125 0.4875 0.4421875 0.490277778125 0.44375 0.497222221875 0.44375
0 0.5305555562500001 0.4859375 0.527777778125 0.47578125 0.51944444375 0.47421875 0.4986111109375 0.47578125 0.4986111109375 0.48125 0.5041666671875 0.4859375 0.5097222218749999 0.4875 0.5305555562500001 0.4859375
0 0.6555555562500001 0.4171875 0.6555555562500001 0.40703125 0.6458333328125 0.40546875 0.64305555625 0.40703125 0.64305555625 0.4171875 0.652777778125 0.41875 0.6555555562500001 0.4171875
0 0.15972222187500001 0.725 0.16944444375 0.7234375 0.177777778125 0.71875 0.177777778125 0.71328125 0.175 0.71171875 0.15694444375 0.71171875 0.1541666671875 0.71328125 0.1541666671875 0.721875 0.15972222187500001 0.725
0 0.622222221875 0.6171875 0.625 0.60234375 0.61944444375 0.59921875 0.6013888890625 0.59921875 0.5986111109375 0.60078125 0.5986111109375 0.615625 0.6041666671875 0.61875 0.622222221875 0.6171875
0 0.7416666671875001 0.68125 0.74444444375 0.6796875 0.74444444375 0.67578125 0.7416666671875001 0.67421875 0.734722221875 0.67421875 0.73194444375 0.67578125 0.73194444375 0.6796875 0.734722221875 0.68125 0.7416666671875001 0.68125
0 0.6972222218749999 0.63125 0.7 0.61953125 0.6791666671875001 0.61796875 0.6763888890625 0.61953125 0.6791666671875001 0.628125 0.6875 0.63125 0.6972222218749999 0.63125
0 0.652777778125 0.31875 0.6555555562500001 0.3171875 0.6555555562500001 0.31328125 0.652777778125 0.31171875 0.6458333328125 0.31171875 0.64305555625 0.31328125 0.64305555625 0.3171875 0.6458333328125 0.31875 0.652777778125 0.31875
0 0.647222221875 0.22734375 0.6416666671875 0.22421875 0.6347222218749999 0.22421875 0.6319444437499999 0.22578125 0.6319444437499999 0.2359375 0.6416666671875 0.2375 0.647222221875 0.22734375
0 0.3083333328125 0.3859375 0.3111111109375 0.37734375 0.302777778125 0.37421875 0.290277778125 0.37421875 0.2875 0.37578125 0.2875 0.384375 0.29305555625 0.3875 0.3083333328125 0.3859375
0 0.83055555625 0.75703125 0.8125 0.75546875 0.809722221875 0.765625 0.825 0.7671875 0.83055555625 0.7625 0.83055555625 0.75703125
0 0.952777778125 0.7984375 0.95 0.79296875 0.9208333328125 0.79453125 0.9208333328125 0.7984375 0.9263888890624999 0.8015625 0.9416666671874999 0.8015625 0.952777778125 0.7984375
0 0.12222222187500001 0.68203125 0.1125 0.68046875 0.109722221875 0.6859375 0.1125 0.6890625 0.11944444375 0.6890625 0.12222222187500001 0.68203125
0 0.29444444375 0.4046875 0.29722222187499997 0.403125 0.29722222187499997 0.39453125 0.2791666671875 0.39296875 0.27638888906250003 0.39453125 0.27638888906250003 0.403125 0.28194444375 0.40625 0.29444444375 0.4046875
0 0.772222221875 0.7046875 0.772222221875 0.70078125 0.7569444437499999 0.69921875 0.7541666671875 0.70078125 0.7541666671875 0.7109375 0.7638888890625 0.7125 0.772222221875 0.7046875
0 0.5333333328125 0.26328125 0.5236111109375 0.26171875 0.5208333328125 0.2703125 0.5236111109375 0.2734375 0.5305555562500001 0.2734375 0.5333333328125 0.26328125
0 0.3875 0.5484375 0.39027777812500003 0.55 0.41111111093749997 0.55 0.4138888890625 0.5484375 0.41111111093749997 0.53984375 0.397222221875 0.53046875 0.39027777812500003 0.53046875 0.3875 0.53203125 0.3875 0.5390625 0.39027777812500003 0.53984375 0.3875 0.5484375
0 0.5305555562500001 0.525 0.5333333328125 0.5234375 0.5333333328125 0.51953125 0.5305555562500001 0.51796875 0.5236111109375 0.51796875 0.5208333328125 0.51953125 0.5208333328125 0.5234375 0.5236111109375 0.525 0.5305555562500001 0.525
0 0.2 0.56953125 0.190277778125 0.56796875 0.1875 0.5734375 0.190277778125 0.5765625 0.197222221875 0.5765625 0.2 0.56953125
0 0.834722221875 0.7328125 0.852777778125 0.73125 0.8611111109375 0.72109375 0.852777778125 0.71796875 0.834722221875 0.71796875 0.83194444375 0.71953125 0.83194444375 0.7296875 0.834722221875 0.73046875 0.834722221875 0.7328125
0 0.1861111109375 0.73671875 0.16805555625 0.73671875 0.165277778125 0.73828125 0.16805555625 0.74375 0.1861111109375 0.74375 0.1888888890625 0.7421875 0.1861111109375 0.73671875
0 0.997222221875 0.75703125 0.9791666671874999 0.75546875 0.9763888890624999 0.75703125 0.9791666671874999 0.7734375 0.997222221875 0.7734375 0.997222221875 0.75703125
0 0.3083333328125 0.3875 0.3138888890625 0.384375 0.3111111109375 0.37578125 0.3083333328125 0.37421875 0.290277778125 0.37421875 0.2875 0.37578125 0.2875 0.3859375 0.290277778125 0.3875 0.3083333328125 0.3875
0 0.7194444437499999 0.68125 0.722222221875 0.6796875 0.722222221875 0.67578125 0.7194444437499999 0.67421875 0.7125 0.67421875 0.709722221875 0.67578125 0.709722221875 0.6796875 0.7125 0.68125 0.7194444437499999 0.68125
0 0.7291666671875 0.2859375 0.7416666671875001 0.2859375 0.7416666671875001 0.28203125 0.7333333328125 0.278125 0.7333333328125 0.26953125 0.7236111109375 0.26796875 0.7208333328125 0.275 0.7236111109375 0.27578125 0.7263888890625 0.284375 0.7291666671875 0.2859375
0 0.6916666671875 0.67578125 0.6791666671875001 0.67421875 0.6763888890625 0.6859375 0.6861111109375 0.6875 0.6916666671875 0.68125 0.6916666671875 0.67578125
0 0.8638888890624999 0.78203125 0.8513888890624999 0.78203125 0.85 0.78046875 0.834722221875 0.78046875 0.83194444375 0.78203125 0.83194444375 0.790625 0.8375 0.79375 0.8638888890624999 0.7875 0.8638888890624999 0.78203125