0 0.5642361109375 0.4375 0.5451388890625 0.4462890625 0.5451388890625 0.4580078125 0.5538194437499999 0.462890625 0.5798611109375 0.4619140625 0.590277778125 0.4560546875 0.590277778125 0.4462890625 0.578125 0.4375 0.5642361109375 0.4375
0 0.046875 0.26171875 0.03125 0.2724609375 0.03125 0.2802734375 0.043402778125 0.2890625 0.065972221875 0.2880859375 0.07638888906249999 0.2783203125 0.07638888906249999 0.2705078125 0.06770833281250001 0.263671875 0.046875 0.26171875
0 0.7586805562500001 0.662109375 0.746527778125 0.6689453125 0.753472221875 0.6845703125 0.765625 0.689453125 0.7881944437499999 0.6884765625 0.7916666671875 0.6826171875 0.78125 0.6767578125 0.784722221875 0.6669921875 0.7586805562500001 0.662109375
0 0.47569444375 0.3486328125 0.4791666671875 0.3564453125 0.49305555625 0.3583984375 0.5104166671875 0.3447265625 0.5052083328125 0.3359375 0.48784722187499996 0.3359375 0.47569444375 0.3486328125
0 0.8142361109375 0.66015625 0.7986111109375 0.6650390625 0.7951388890625 0.6826171875 0.8107638890625 0.6875 0.8229166671874999 0.6865234375 0.8333333328125001 0.6787109375 0.8368055562500001 0.6689453125 0.828125 0.662109375 0.8142361109375 0.66015625
0 0.578125 0.1796875 0.5625 0.1884765625 0.5625 0.1982421875 0.5711805562500001 0.205078125 0.590277778125 0.2041015625 0.6006944437499999 0.1982421875 0.6006944437499999 0.1904296875 0.5885416671875 0.1796875 0.578125 0.1796875
0 0.484375 0.21875 0.46875 0.2353515625 0.484375 0.24609375 0.5 0.2470703125 0.5208333328125 0.2353515625 0.5208333328125 0.2275390625 0.5017361109375 0.21875 0.484375 0.21875
0 0.5920138890625 0.439453125 0.5868055562500001 0.4423828125 0.5868055562500001 0.4521484375 0.5920138890625 0.45703125 0.6041666671875 0.4560546875 0.6111111109375 0.4541015625 0.6145833328125 0.4443359375 0.605902778125 0.439453125 0.5920138890625 0.439453125
0 0.2795138890625 0.65625 0.26909722187499996 0.6640625 0.25347222187499996 0.6689453125 0.26215277812500004 0.6796875 0.28125 0.6806640625 0.2986111109375 0.6708984375 0.2986111109375 0.6630859375 0.2864583328125 0.65625 0.2795138890625 0.65625
0 0.8975694437499999 0.361328125 0.8819444437499999 0.3681640625 0.878472221875 0.3798828125 0.890625 0.388671875 0.9045138890625 0.392578125 0.9131944437499999 0.3916015625 0.9305555562500001 0.3857421875 0.934027778125 0.3740234375 0.921875 0.36328125 0.8975694437499999 0.361328125
0 0.637152778125 0.390625 0.621527778125 0.4033203125 0.6302083328125 0.41015625 0.6493055562500001 0.4111328125 0.659722221875 0.4033203125 0.659722221875 0.3974609375 0.6545138890625 0.392578125 0.637152778125 0.390625
0 0.6961805562500001 0.029296875 0.684027778125 0.0361328125 0.6875 0.0498046875 0.703125 0.060546875 0.7083333328125 0.0595703125 0.7256944437499999 0.0517578125 0.7256944437499999 0.0341796875 0.7170138890625 0.02734375 0.6961805562500001 0.029296875
0 0.230902778125 0.6484375 0.222222221875 0.6533203125 0.21875 0.6611328125 0.222222221875 0.6689453125 0.234375 0.673828125 0.23958333281250002 0.6728515625 0.24826388906250002 0.671875 0.25694444375000003 0.6630859375 0.25 0.6513671875 0.230902778125 0.6484375
0 0.703125 0.447265625 0.6875 0.4541015625 0.684027778125 0.4658203125 0.699652778125 0.47265625 0.71875 0.4716796875 0.7291666671875 0.4697265625 0.7326388890625 0.4521484375 0.7170138890625 0.447265625 0.703125 0.447265625
0 0.7569444437499999 0.1337890625 0.7604166671875 0.1455078125 0.765625 0.1484375 0.7916666671875 0.1474609375 0.7916666671875 0.1279296875 0.7829861109375 0.123046875 0.769097221875 0.123046875 0.7569444437499999 0.1337890625
0 0.793402778125 0.08203125 0.7743055562500001 0.0966796875 0.7743055562500001 0.1005859375 0.7864583328125 0.109375 0.8055555562500001 0.1083984375 0.8229166671874999 0.1005859375 0.8229166671874999 0.0908203125 0.8107638890625 0.083984375 0.793402778125 0.08203125
0 0.5954861109375 0.59375 0.5868055562500001 0.5986328125 0.5833333328125 0.6064453125 0.5954861109375 0.61328125 0.6041666671875 0.6123046875 0.6145833328125 0.6083984375 0.6145833328125 0.5986328125 0.605902778125 0.59375 0.5954861109375 0.59375
0 0.6545138890625 0.150390625 0.6493055562500001 0.1552734375 0.65625 0.1689453125 0.6736111109375 0.1708984375 0.690972221875 0.1650390625 0.690972221875 0.1552734375 0.6788194437499999 0.146484375 0.6545138890625 0.150390625
0 0 0.4384765625 0.006944443749999999 0.4482421875 0.012152778125 0.451171875 0.0416666671875 0.4501953125 0.0486111109375 0.4443359375 0.0451388890625 0.4326171875 0.0364583328125 0.427734375 0.0052083328125 0.42578125 0 0.4287109375 0 0.4384765625
0 0.5572916671875 0.333984375 0.5416666671875 0.3408203125 0.5381944437499999 0.3505859375 0.543402778125 0.35546875 0.5520833328125 0.3544921875 0.581597221875 0.353515625 0.5868055562500001 0.3505859375 0.581597221875 0.3359375 0.5572916671875 0.333984375
0 0.0017361109374999999 0.11328125 0 0.1376953125 0.0173611109375 0.1376953125 0.03125 0.1279296875 0.03125 0.1201171875 0.02256944375 0.11328125 0.0017361109374999999 0.11328125
0 0.824652778125 0.32421875 0.809027778125 0.3310546875 0.809027778125 0.3427734375 0.8142361109375 0.34765625 0.8368055562500001 0.3466796875 0.8541666671874999 0.3388671875 0.8541666671874999 0.3310546875 0.8454861109375 0.32421875 0.824652778125 0.32421875
0 0.8298611109375 0.3994140625 0.8298611109375 0.4111328125 0.8506944437499999 0.4130859375 0.8611111109375 0.4013671875 0.8524305562500001 0.396484375 0.8385416671874999 0.39453125 0.8298611109375 0.3994140625
0 0.8107638890625 0.203125 0.7986111109375 0.2099609375 0.7986111109375 0.2197265625 0.8038194437499999 0.22265625 0.8229166671874999 0.2216796875 0.8333333328125001 0.2158203125 0.8333333328125001 0.2119140625 0.8211805562500001 0.203125 0.8107638890625 0.203125
0 0.8142361109375 0.34765625 0.809027778125 0.3525390625 0.8125 0.3662109375 0.840277778125 0.3681640625 0.8541666671874999 0.3603515625 0.8506944437499999 0.3525390625 0.8420138890625 0.34765625 0.8142361109375 0.34765625
0 0.7118055562500001 0.1298828125 0.7118055562500001 0.1376953125 0.7239583328125 0.146484375 0.7326388890625 0.1474609375 0.7430555562500001 0.1396484375 0.7430555562500001 0.1259765625 0.730902778125 0.12109375 0.7118055562500001 0.1298828125
0 0.7013888890625 0.1435546875 0.7013888890625 0.1513671875 0.7135416671875 0.162109375 0.7256944437499999 0.1630859375 0.7291666671875 0.1494140625 0.7170138890625 0.140625 0.7100694437499999 0.140625 0.7013888890625 0.1435546875
0 0.6614583328125 0.080078125 0.652777778125 0.0869140625 0.65625 0.0966796875 0.668402778125 0.103515625 0.6736111109375 0.1025390625 0.6875 0.0908203125 0.6875 0.0810546875 0.6822916671875 0.078125 0.6614583328125 0.080078125
0 0.8107638890625 0.556640625 0.7951388890625 0.5673828125 0.7951388890625 0.5771484375 0.8038194437499999 0.583984375 0.8125 0.5830078125 0.8368055562500001 0.5732421875 0.8368055562500001 0.5634765625 0.828125 0.5546875 0.8107638890625 0.556640625
0 0.6770833328125 0.0126953125 0.6822916671875 0.015625 0.6979166671875 0.0146484375 0.7083333328125 0.0068359375 0.7048611109375 0.0009765625 0.675347221875 0 0.6770833328125 0.0126953125
0 0.6892361109375 0.087890625 0.6770833328125 0.0947265625 0.6770833328125 0.1103515625 0.6927083328125 0.12109375 0.7048611109375 0.1220703125 0.715277778125 0.1181640625 0.722222221875 0.1025390625 0.7100694437499999 0.091796875 0.6892361109375 0.087890625
0 0.8368055562500001 0.3701171875 0.84375 0.3837890625 0.8489583328125001 0.38671875 0.8576388890625 0.3857421875 0.8680555562500001 0.3798828125 0.8645833328125001 0.3642578125 0.859375 0.361328125 0.8368055562500001 0.3701171875
0 0.6545138890625 0.005859375 0.652777778125 0.0244140625 0.6579861109375 0.02734375 0.6736111109375 0.0263671875 0.684027778125 0.0224609375 0.6875 0.0166015625 0.671875 0.0078125 0.6545138890625 0.005859375
0 0.625 0.2255859375 0.625 0.2353515625 0.640625 0.244140625 0.6458333328125 0.2431640625 0.65625 0.2314453125 0.6510416671875 0.2265625 0.6302083328125 0.22265625 0.625 0.2255859375
0 0.7291666671875 0.0693359375 0.7256944437499999 0.0771484375 0.7447916671875 0.08984375 0.7569444437499999 0.0888671875 0.7638888890625 0.0693359375 0.7552083328125 0.064453125 0.7447916671875 0.064453125 0.7291666671875 0.0693359375
0 0.815972221875 0.4287109375 0.8211805562500001 0.431640625 0.8420138890625 0.4296875 0.8489583328125001 0.43359375 0.8576388890625 0.4326171875 0.8576388890625 0.4150390625 0.828125 0.412109375 0.815972221875 0.4208984375 0.815972221875 0.4287109375
0 0.9045138890625 0.501953125 0.8958333328125001 0.5126953125 0.9079861109375 0.51953125 0.9270833328125001 0.5185546875 0.9479166671874999 0.5107421875 0.9444444437499999 0.5048828125 0.9322916671874999 0.5 0.9045138890625 0.501953125
0 0.784722221875 0.4892578125 0.78125 0.4951171875 0.7864583328125 0.498046875 0.800347221875 0.498046875 0.8177083328125001 0.5078125 0.8333333328125001 0.5068359375 0.84375 0.4970703125 0.828125 0.484375 0.8072916671874999 0.48046875 0.784722221875 0.4892578125
0 0.6892361109375 0.17578125 0.6805555562500001 0.1826171875 0.6805555562500001 0.1923828125 0.6857638890625 0.1953125 0.7013888890625 0.1943359375 0.7083333328125 0.1923828125 0.7083333328125 0.1845703125 0.699652778125 0.17578125 0.6892361109375 0.17578125
0 0.6232638890625 0.185546875 0.6145833328125 0.1923828125 0.6145833328125 0.2041015625 0.6267361109375 0.2109375 0.6388888890625 0.2099609375 0.6493055562500001 0.2060546875 0.6458333328125 0.1943359375 0.637152778125 0.1875 0.6232638890625 0.185546875
0 0.7743055562500001 0.2099609375 0.7864583328125 0.220703125 0.7986111109375 0.2197265625 0.809027778125 0.2001953125 0.793402778125 0.1953125 0.7743055562500001 0.2001953125 0.7743055562500001 0.2099609375
0 0.7725694437499999 0.099609375 0.7569444437499999 0.1064453125 0.7569444437499999 0.1162109375 0.762152778125 0.119140625 0.777777778125 0.1181640625 0.7881944437499999 0.1142578125 0.7916666671875 0.1083984375 0.7829861109375 0.1015625 0.7725694437499999 0.099609375
0 0.875 0.3876953125 0.875 0.3974609375 0.8802083328125001 0.400390625 0.8923611109375 0.3994140625 0.8993055562500001 0.3916015625 0.887152778125 0.384765625 0.8802083328125001 0.384765625 0.875 0.3876953125
0 0.6319444437499999 0.1435546875 0.640625 0.150390625 0.6493055562500001 0.1494140625 0.652777778125 0.1337890625 0.640625 0.130859375 0.6319444437499999 0.1376953125 0.6319444437499999 0.1435546875
0 0.9305555562500001 0.2783203125 0.9392361109375 0.2890625 0.9513888890625 0.2880859375 0.965277778125 0.2802734375 0.9600694437499999 0.2734375 0.9427083328125001 0.2734375 0.9305555562500001 0.2783203125
0 0.5486111109375 0.6435546875 0.5486111109375 0.6474609375 0.5607638890625 0.654296875 0.5798611109375 0.6533203125 0.5833333328125 0.6455078125 0.5711805562500001 0.63671875 0.5572916671875 0.638671875 0.5486111109375 0.6435546875
0 0.6475694437499999 0.173828125 0.6631944437499999 0.1728515625 0.6475694437499999 0.15625 0.628472221875 0.1611328125 0.6336805562500001 0.169921875 0.6475694437499999 0.173828125
0 0.753472221875 0.0205078125 0.7586805562500001 0.029296875 0.7881944437499999 0.0341796875 0.7951388890625 0.0263671875 0.7795138890625 0.015625 0.762152778125 0.015625 0.753472221875 0.0205078125
0 0.527777778125 0.3486328125 0.527777778125 0.3603515625 0.534722221875 0.3603515625 0.5416666671875 0.3583984375 0.5399305562500001 0.33984375 0.53125 0.3427734375 0.527777778125 0.3486328125
0 0.6770833328125 0.0087890625 0.675347221875 0 0.6493055562500001 0.0009765625 0.6545138890625 0.0078125 0.6770833328125 0.0087890625
0 0.0260416671875 0.158203125 0.0173611109375 0.1650390625 0.0208333328125 0.1728515625 0.0260416671875 0.17578125 0.0416666671875 0.1748046875 0.0486111109375 0.1708984375 0.0486111109375 0.1611328125 0.043402778125 0.158203125 0.0260416671875 0.158203125
0 0.7083333328125 0.2509765625 0.71875 0.2529296875 0.7291666671875 0.2470703125 0.7239583328125 0.2265625 0.7083333328125 0.2333984375 0.7083333328125 0.2509765625
0 0.6458333328125 0.2451171875 0.6579861109375 0.25 0.6701388890625 0.2490234375 0.6736111109375 0.2392578125 0.668402778125 0.236328125 0.6545138890625 0.236328125 0.6458333328125 0.2451171875
0 0.7708333328125 0.6162109375 0.7743055562500001 0.6220703125 0.7795138890625 0.626953125 0.7951388890625 0.6279296875 0.7986111109375 0.6181640625 0.7864583328125 0.609375 0.7795138890625 0.609375 0.7708333328125 0.6162109375
0 0.7100694437499999 0.046875 0.6892361109375 0.041015625 0.6875 0.0478515625 0.6979166671875 0.0595703125 0.706597221875 0.064453125 0.715277778125 0.0634765625 0.7361111109375 0.0556640625 0.7361111109375 0.0478515625 0.7239583328125 0.041015625 0.7100694437499999 0.046875
0 0.8072916671874999 0.59765625 0.8020833328125001 0.6005859375 0.8020833328125001 0.6083984375 0.8107638890625 0.61328125 0.8229166671874999 0.6142578125 0.8298611109375 0.6103515625 0.8263888890625 0.6025390625 0.8177083328125001 0.59765625 0.8072916671874999 0.59765625
0 0.8767361109375 0.359375 0.8732638890625 0.357421875 0.875 0.3662109375 0.8854166671874999 0.3662109375 0.9045138890625 0.361328125 0.90625 0.3564453125 0.8836805562500001 0.353515625 0.8767361109375 0.359375
0 0.6649305562500001 0.322265625 0.6736111109375 0.3212890625 0.6770833328125 0.3173828125 0.671875 0.3125 0.65625 0.3154296875 0.6649305562500001 0.322265625
0 0.734375 0.01171875 0.7569444437499999 0.0126953125 0.7586805562500001 0 0.7291666671875 0.0009765625 0.7291666671875 0.0087890625 0.734375 0.01171875
0 0.6788194437499999 0.353515625 0.690972221875 0.3525390625 0.6944444437499999 0.3447265625 0.6822916671875 0.341796875 0.6736111109375 0.3505859375 0.6788194437499999 0.353515625
0 0.9392361109375 0.3828125 0.9166666671874999 0.3935546875 0.9166666671874999 0.4033203125 0.925347221875 0.408203125 0.9444444437499999 0.4072265625 0.9513888890625 0.4052734375 0.9513888890625 0.3974609375 0.9479166671874999 0.3876953125 0.9392361109375 0.3828125
0 0.762152778125 0.037109375 0.7517361109375 0.03125 0.746527778125 0.0341796875 0.7569444437499999 0.0419921875 0.7604166671875 0.0537109375 0.769097221875 0.05859375 0.777777778125 0.0576171875 0.784722221875 0.0498046875 0.784722221875 0.0380859375 0.7725694437499999 0.033203125 0.762152778125 0.037109375
0 0.6857638890625 0.103515625 0.6788194437499999 0.1015625 0.6770833328125 0.1083984375 0.684027778125 0.1181640625 0.6961805562500001 0.123046875 0.7083333328125 0.1220703125 0.71875 0.1162109375 0.71875 0.1025390625 0.7135416671875 0.099609375 0.6857638890625 0.103515625
0 0.6788194437499999 0.36328125 0.6875 0.3623046875 0.690972221875 0.3505859375 0.6788194437499999 0.349609375 0.6736111109375 0.3603515625 0.6788194437499999 0.36328125
0 0.6336805562500001 0.43359375 0.628472221875 0.4365234375 0.628472221875 0.4462890625 0.637152778125 0.451171875 0.652777778125 0.4501953125 0.659722221875 0.4482421875 0.659722221875 0.4365234375 0.6545138890625 0.43359375 0.6336805562500001 0.43359375
0 0.7135416671875 0.23828125 0.7256944437499999 0.2373046875 0.7256944437499999 0.2236328125 0.7135416671875 0.220703125 0.7083333328125 0.2353515625 0.7135416671875 0.23828125
0 0.6631944437499999 0.2900390625 0.6770833328125 0.2900390625 0.6805555562500001 0.2841796875 0.668402778125 0.279296875 0.6631944437499999 0.2822265625 0.6631944437499999 0.2900390625
0 0.7795138890625 0.47265625 0.7881944437499999 0.4716796875 0.7916666671875 0.4599609375 0.7829861109375 0.458984375 0.7743055562500001 0.4697265625 0.7795138890625 0.47265625
0 0.7743055562500001 0.4462890625 0.7795138890625 0.451171875 0.7951388890625 0.4501953125 0.8020833328125001 0.4404296875 0.7899305562500001 0.43359375 0.7743055562500001 0.4423828125 0.7743055562500001 0.4462890625
0 0.984375 0.35546875 0.9930555562500001 0.3544921875 0.996527778125 0.3447265625 0.984375 0.33984375 0.9756944437499999 0.3466796875 0.984375 0.35546875
0 0.6822916671875 0.611328125 0.6701388890625 0.6123046875 0.6701388890625 0.6162109375 0.6822916671875 0.623046875 0.6979166671875 0.6240234375 0.7118055562500001 0.6181640625 0.7100694437499999 0.607421875 0.6961805562500001 0.60546875 0.6822916671875 0.611328125
0 0.7135416671875 0.048828125 0.6927083328125 0.04296875 0.6875 0.0478515625 0.6979166671875 0.0595703125 0.706597221875 0.064453125 0.715277778125 0.0634765625 0.71875 0.0576171875 0.7291666671875 0.0537109375 0.7256944437499999 0.0419921875 0.7135416671875 0.048828125
0 0.7118055562500001 0.1298828125 0.715277778125 0.1396484375 0.7274305562500001 0.146484375 0.7326388890625 0.1455078125 0.7430555562500001 0.1376953125 0.7430555562500001 0.1259765625 0.734375 0.12109375 0.7118055562500001 0.1298828125
0 0.7482638890625 0.02734375 0.7361111109375 0.0341796875 0.7291666671875 0.0439453125 0.7326388890625 0.0556640625 0.777777778125 0.0576171875 0.784722221875 0.0498046875 0.784722221875 0.0380859375 0.769097221875 0.029296875 0.7482638890625 0.02734375
0 0.628472221875 0.1611328125 0.6336805562500001 0.169921875 0.6475694437499999 0.173828125 0.65625 0.1728515625 0.6631944437499999 0.1689453125 0.65625 0.1669921875 0.6475694437499999 0.15625 0.628472221875 0.1611328125
0 0.203125 0.4140625 0.1979166671875 0.4169921875 0.19965277812499999 0.42578125 0.222222221875 0.4248046875 0.234375 0.423828125 0.24305555625 0.4189453125 0.22743055625 0.4140625 0.203125 0.4140625
0 0.699652778125 0.095703125 0.6892361109375 0.08984375 0.6770833328125 0.0966796875 0.6770833328125 0.1103515625 0.6892361109375 0.12109375 0.7083333328125 0.1220703125 0.71875 0.1162109375 0.722222221875 0.1025390625 0.7135416671875 0.09375 0.699652778125 0.095703125
0 0 0.1708984375 0.0034722218749999997 0.1884765625 0.0173611109375 0.1826171875 0.0173611109375 0.1748046875 0.00868055625 0.169921875 0 0.1708984375
0 0.9548611109375 0.4228515625 0.9670138890625 0.431640625 0.9756944437499999 0.4306640625 0.9826388890625 0.4228515625 0.9670138890625 0.412109375 0.9600694437499999 0.412109375 0.9548611109375 0.4228515625