0 0.8416666671874999 0.328125 0.8430555562500001 0.3265625 0.8583333328125 0.3234375 0.8666666671875 0.3171875 0.8666666671875 0.30078125 0.8638888890624999 0.29921875 0.8236111109375001 0.29921875 0.8208333328125 0.30078125 0.8208333328125 0.3234375 0.834722221875 0.328125 0.8416666671874999 0.328125
0 0.9416666671874999 0.346875 0.95555555625 0.3421875 0.95555555625 0.33203125 0.9472222218749999 0.32578125 0.934722221875 0.32421875 0.93194444375 0.32578125 0.93194444375 0.34375 0.934722221875 0.346875 0.9416666671874999 0.346875
0 0.9666666671874999 0.3296875 0.9666666671874999 0.32734375 0.977777778125 0.3234375 0.977777778125 0.31328125 0.9458333328125 0.31171875 0.94305555625 0.3234375 0.952777778125 0.3265625 0.9541666671875 0.3296875 0.9666666671874999 0.3296875
0 0.0236111109375 0.61875 0.05 0.61875 0.055555556250000006 0.615625 0.058333332812500006 0.60859375 0.061111110937500004 0.6078125 0.061111110937500004 0.60078125 0.052777778124999994 0.59296875 0.0125 0.59296875 0.009722221875000001 0.59453125 0.009722221875000001 0.6109375 0.0125 0.6140625 0.0236111109375 0.61875
0 0.6666666671875 0.41171875 0.6611111109375 0.40703125 0.6555555562500001 0.40546875 0.6319444437499999 0.40703125 0.6319444437499999 0.415625 0.6375 0.41875 0.6666666671875 0.4171875 0.6666666671875 0.41171875
0 0.5888888890625 0.46953125 0.56805555625 0.46796875 0.565277778125 0.4796875 0.56805555625 0.48125 0.5861111109375 0.4796875 0.5888888890625 0.46953125
0 0.9305555562500001 0.575 0.9361111109375001 0.56484375 0.9305555562500001 0.56171875 0.9125 0.56171875 0.909722221875 0.56328125 0.909722221875 0.5734375 0.9125 0.575 0.9305555562500001 0.575
0 0.061111110937500004 0.6546875 0.0625 0.653125 0.072222221875 0.6515625 0.077777778125 0.6484375 0.077777778125 0.63203125 0.075 0.63125 0.075 0.62890625 0.0638888890625 0.62421875 0.034722221875 0.62421875 0.03194444375 0.62578125 0.03194444375 0.6484375 0.0458333328125 0.6546875 0.061111110937500004 0.6546875
0 0.027777778125000003 0.675 0.04444444375 0.6640625 0.04444444375 0.65546875 0.0416666671875 0.6546875 0.0416666671875 0.64921875 0.0361111109375 0.646875 0.030555556249999997 0.63828125 0.0208333328125 0.63828125 0.019444443750000002 0.63671875 0.015277778124999999 0.63671875 0.009722221875000001 0.63984375 0.009722221875000001 0.6734375 0.0125 0.675 0.027777778125000003 0.675
0 0.097222221875 0.4859375 0.102777778125 0.4765625 0.102777778125 0.46484375 0.097222221875 0.46171875 0.0791666671875 0.46171875 0.07638888906249999 0.46328125 0.07638888906249999 0.4796875 0.08194444375 0.484375 0.097222221875 0.4859375
0 0.259722221875 0.5375 0.2666666671875 0.5359375 0.2638888890625 0.53046875 0.24583333281250003 0.53046875 0.24305555625 0.53203125 0.24305555625 0.5375 0.2486111109375 0.5421875 0.252777778125 0.5421875 0.259722221875 0.5375
0 0.9111111109375001 0.3859375 0.9111111109375001 0.37578125 0.9013888890624999 0.37421875 0.8986111109375001 0.37578125 0.8986111109375001 0.3859375 0.9083333328125001 0.3875 0.9111111109375001 0.3859375
0 0.672222221875 0.609375 0.672222221875 0.60703125 0.6638888890625 0.59921875 0.6569444437499999 0.59921875 0.6541666671875 0.60078125 0.6541666671875 0.6109375 0.6638888890625 0.6125 0.672222221875 0.609375
0 0.030555556249999997 0.725 0.0333333328125 0.7234375 0.0333333328125 0.71953125 0.030555556249999997 0.71796875 0.0236111109375 0.71796875 0.0208333328125 0.71953125 0.0208333328125 0.7234375 0.0236111109375 0.725 0.030555556249999997 0.725