0 0.9888888890624999 0.3625 0.9902777781250001 0.3609375 0.997222221875 0.3609375 0.997222221875 0.33671875 0.9680555562500001 0.33671875 0.965277778125 0.33828125 0.965277778125 0.3546875 0.9791666671874999 0.3625 0.9888888890624999 0.3625
0 0.5111111109375 0.25 0.5111111109375 0.23828125 0.4791666671875 0.23671875 0.4763888890625 0.2546875 0.4791666671875 0.25625 0.50555555625 0.2546875 0.5111111109375 0.25
0 0.13055555624999998 0.4375 0.13333333281249998 0.4359375 0.13055555624999998 0.41953125 0.10138888906250001 0.41796875 0.0986111109375 0.41953125 0.0986111109375 0.4359375 0.1041666671875 0.4390625 0.13055555624999998 0.4375
0 0.6666666671875 0.45 0.66805555625 0.4484375 0.675 0.4484375 0.6888888890625 0.43203125 0.6805555562500001 0.428125 0.6805555562500001 0.42578125 0.675 0.42421875 0.6458333328125 0.42421875 0.64305555625 0.42578125 0.64305555625 0.446875 0.6486111109375 0.45 0.6666666671875 0.45
0 0.44166666718750003 0.71875 0.45277777812500003 0.7109375 0.45277777812500003 0.70390625 0.44444444375 0.6984375 0.44444444375 0.69453125 0.44166666718750003 0.69296875 0.4125 0.69296875 0.40972222187499996 0.69453125 0.40972222187499996 0.7171875 0.4125 0.71875 0.44166666718750003 0.71875
0 0.8111111109375001 0.49375 0.8125 0.4953125 0.8416666671874999 0.49375 0.847222221875 0.48359375 0.8361111109375001 0.4765625 0.8333333328125001 0.46953125 0.83055555625 0.46796875 0.8041666671875 0.46796875 0.7986111109375 0.47109375 0.7986111109375 0.4921875 0.8013888890624999 0.49375 0.8111111109375001 0.49375
0 0.6388888890625 0.4484375 0.64444444375 0.4421875 0.64444444375 0.42734375 0.6388888890625 0.42421875 0.6125 0.42421875 0.609722221875 0.42578125 0.6125 0.446875 0.6208333328125 0.45 0.6388888890625 0.4484375
0 0.1861111109375 0.39375 0.19444444375 0.3828125 0.19444444375 0.37734375 0.1888888890625 0.3734375 0.1888888890625 0.36953125 0.1861111109375 0.36796875 0.15694444375 0.36796875 0.1541666671875 0.36953125 0.1541666671875 0.3921875 0.16805555625 0.3953125 0.1861111109375 0.39375
0 0.10833333281249999 0.15546875 0.0791666671875 0.15546875 0.07638888906249999 0.15703125 0.0791666671875 0.16875 0.1 0.16875 0.1111111109375 0.1625 0.10833333281249999 0.15546875
0 0.43333333281249997 0.1 0.4388888890625 0.0984375 0.44444444375 0.09375 0.44444444375 0.07890625 0.44166666718750003 0.07578125 0.4361111109375 0.07421875 0.40138888906250003 0.07421875 0.3986111109375 0.07578125 0.3986111109375 0.0921875 0.4125 0.1 0.43333333281249997 0.1
0 0.372222221875 0.0921875 0.377777778125 0.0875 0.377777778125 0.06953125 0.3458333328125 0.06796875 0.34305555625 0.06953125 0.34305555625 0.090625 0.34861111093749997 0.09375 0.372222221875 0.0921875
0 0.43055555625 0.11875 0.43055555625 0.11796875 0.44444444375 0.1109375 0.44444444375 0.10078125 0.44305555625000004 0.10078125 0.44166666718750003 0.09921875 0.40138888906250003 0.09921875 0.40138888906250003 0.1 0.3986111109375 0.10078125 0.3986111109375 0.1125 0.4 0.1125 0.40972222187499996 0.11875 0.43055555625 0.11875
0 0.73055555625 0.50625 0.7333333328125 0.5046875 0.7333333328125 0.48828125 0.73055555625 0.48671875 0.7013888890625 0.48671875 0.6986111109375 0.48828125 0.6986111109375 0.5046875 0.70694444375 0.5078125 0.73055555625 0.50625
0 0.875 0.5015625 0.8763888890624999 0.503125 0.8861111109375001 0.503125 0.8875 0.5015625 0.897222221875 0.5 0.9 0.4984375 0.9 0.48828125 0.8861111109375001 0.48046875 0.8680555562500001 0.48046875 0.8652777781250001 0.48203125 0.8652777781250001 0.4984375 0.8708333328125001 0.5015625 0.875 0.5015625
0 0.9583333328125001 0.2609375 0.975 0.2546875 0.977777778125 0.24296875 0.975 0.23828125 0.9458333328125 0.23671875 0.94305555625 0.23828125 0.94305555625 0.2578125 0.9458333328125 0.2609375 0.9583333328125001 0.2609375
0 0.13333333281249998 0.4671875 0.14444444375 0.4609375 0.14444444375 0.45078125 0.1416666671875 0.44921875 0.1125 0.44921875 0.109722221875 0.45078125 0.109722221875 0.465625 0.115277778125 0.46875 0.13333333281249998 0.4671875
0 0.6861111109375 0.603125 0.6888888890625 0.6 0.6861111109375 0.58828125 0.6805555562500001 0.58671875 0.64305555625 0.58828125 0.64305555625 0.603125 0.6486111109375 0.60625 0.6777777781250001 0.60625 0.6861111109375 0.603125
0 0.097222221875 0.23046875 0.06805555625000001 0.23046875 0.06527777812499999 0.23203125 0.06805555625000001 0.24375 0.097222221875 0.24375 0.1 0.2421875 0.097222221875 0.23046875
0 0.9083333328125001 0.4546875 0.9111111109375001 0.43203125 0.9083333328125001 0.43046875 0.8819444437499999 0.43203125 0.8763888890624999 0.43671875 0.8763888890624999 0.4546875 0.8791666671874999 0.45625 0.9083333328125001 0.4546875
0 0.9416666671874999 0.2515625 0.9444444437499999 0.23984375 0.9388888890624999 0.23671875 0.9236111109375 0.23671875 0.9208333328125 0.23828125 0.9208333328125 0.2546875 0.9333333328125001 0.25625 0.9416666671874999 0.2515625
0 0.0638888890625 0.1734375 0.0666666671875 0.16953125 0.072222221875 0.1671875 0.075 0.15859375 0.0666666671875 0.15546875 0.0458333328125 0.15546875 0.04305555625 0.15703125 0.04305555625 0.171875 0.0486111109375 0.175 0.0638888890625 0.1734375
0 0.502777778125 0.2296875 0.5041666671875 0.2265625 0.5166666671875 0.2234375 0.5138888890625 0.21484375 0.5083333328124999 0.21171875 0.4791666671875 0.21171875 0.4763888890625 0.21328125 0.4763888890625 0.2296875 0.4791666671875 0.23125 0.497222221875 0.2328125 0.502777778125 0.2296875
0 0.8666666671875 0.4421875 0.8666666671875 0.43203125 0.8638888890624999 0.43046875 0.8458333328125001 0.43046875 0.8430555562500001 0.43203125 0.8430555562500001 0.446875 0.85555555625 0.4484375 0.8666666671875 0.4421875
0 0.5527777781250001 0.559375 0.55694444375 0.55625 0.5611111109375 0.55625 0.5666666671875 0.553125 0.5666666671875 0.54921875 0.5694444437499999 0.5484375 0.5666666671875 0.53984375 0.5611111109375 0.53671875 0.534722221875 0.53671875 0.5319444437499999 0.53828125 0.5319444437499999 0.5546875 0.5375 0.5578125 0.5527777781250001 0.559375
0 0.25 0.471875 0.24722222187499998 0.46328125 0.2416666671875 0.46171875 0.2125 0.46171875 0.20972222187499998 0.46328125 0.20972222187499998 0.478125 0.2125 0.4796875 0.23611111093749998 0.4796875 0.25 0.471875
0 0.030555556249999997 0.225 0.0333333328125 0.2234375 0.0333333328125 0.21328125 0.030555556249999997 0.21171875 0.0125 0.21171875 0.009722221875000001 0.21328125 0.009722221875000001 0.2234375 0.0125 0.225 0.030555556249999997 0.225
0 0.86944444375 0.48125 0.875 0.4796875 0.8833333328125 0.4734375 0.877777778125 0.46328125 0.875 0.46171875 0.8458333328125001 0.46171875 0.8430555562500001 0.46328125 0.8430555562500001 0.4765625 0.8486111109375001 0.48125 0.86944444375 0.48125
0 0.1458333328125 0.4296875 0.15277777812499999 0.4296875 0.16944444375 0.4234375 0.16944444375 0.41484375 0.16388888906250001 0.41171875 0.1458333328125 0.41171875 0.14305555625 0.41328125 0.14305555625 0.4265625 0.1458333328125 0.4296875
0 0.42222222187499997 0.525 0.42222222187499997 0.51328125 0.40138888906250003 0.51171875 0.3986111109375 0.51328125 0.3986111109375 0.528125 0.4138888890625 0.5296875 0.42222222187499997 0.525
0 0.1 0.359375 0.1 0.34453125 0.0791666671875 0.34296875 0.07638888906249999 0.3578125 0.0791666671875 0.3609375 0.09444444375 0.3625 0.1 0.359375
0 0.9 0.51484375 0.89444444375 0.51171875 0.8680555562500001 0.51171875 0.8652777781250001 0.51328125 0.8680555562500001 0.525 0.8888888890625 0.5265625 0.9 0.5234375 0.9 0.51484375
0 0.4 0.5109375 0.4 0.50078125 0.397222221875 0.49921875 0.384722221875 0.49921875 0.38333333281250004 0.50078125 0.36805555624999997 0.49921875 0.365277778125 0.50078125 0.365277778125 0.5171875 0.3861111109375 0.51875 0.4 0.5109375
0 0.625 0.3859375 0.63055555625 0.36953125 0.627777778125 0.36796875 0.6013888890625 0.36796875 0.5986111109375 0.36953125 0.5986111109375 0.3859375 0.6013888890625 0.3875 0.625 0.3859375
0 0.0125 0.240625 0.030555556249999997 0.2375 0.0333333328125 0.22734375 0.027777778125000003 0.22421875 0.0125 0.22421875 0.009722221875000001 0.22578125 0.009722221875000001 0.2375 0.0125 0.240625
0 0.6416666671875 0.625 0.64444444375 0.6234375 0.64444444375 0.61328125 0.6416666671875 0.61171875 0.6236111109375 0.61171875 0.6208333328125 0.61328125 0.6208333328125 0.6234375 0.6236111109375 0.625 0.6416666671875 0.625
0 0.9416666671874999 0.45 0.9444444437499999 0.4484375 0.9444444437499999 0.43828125 0.9416666671874999 0.43671875 0.9236111109375 0.43671875 0.9208333328125 0.43828125 0.9208333328125 0.4484375 0.9236111109375 0.45 0.9416666671874999 0.45
0 0.1861111109375 0.55 0.1888888890625 0.5484375 0.1888888890625 0.53828125 0.1861111109375 0.53671875 0.16805555625 0.53671875 0.165277778125 0.53828125 0.165277778125 0.5484375 0.16805555625 0.55 0.1861111109375 0.55
0 0.4875 0.146875 0.497222221875 0.1484375 0.497222221875 0.14453125 0.5083333328124999 0.1390625 0.5083333328124999 0.13046875 0.502777778125 0.128125 0.502777778125 0.12578125 0.497222221875 0.12421875 0.46805555625000006 0.12421875 0.46527777812500004 0.12578125 0.46805555625000006 0.1359375 0.4888888890625 0.1390625 0.4875 0.146875
0 0.477777778125 0.6984375 0.477777778125 0.68984375 0.47222222187499996 0.68671875 0.4458333328125 0.68671875 0.44305555625000004 0.68828125 0.44305555625000004 0.6984375 0.4486111109375 0.7015625 0.4611111109375 0.703125 0.477777778125 0.6984375
0 0.5388888890625 0.4484375 0.5416666671875 0.43203125 0.5125 0.43046875 0.5097222218749999 0.43203125 0.5125 0.4484375 0.5208333328125 0.45 0.5388888890625 0.4484375
0 0.3083333328125 0.375 0.3138888890625 0.371875 0.3166666671875 0.36484375 0.3111111109375 0.36171875 0.290277778125 0.36171875 0.2875 0.36328125 0.2875 0.3734375 0.290277778125 0.375 0.3083333328125 0.375
0 0.9277777781250001 0.48671875 0.9125 0.48671875 0.909722221875 0.48828125 0.9125 0.496875 0.91944444375 0.496875 0.9305555562500001 0.4921875 0.9277777781250001 0.48671875
0 0.13055555624999998 0.4125 0.1361111109375 0.409375 0.1361111109375 0.40078125 0.1125 0.39921875 0.109722221875 0.40078125 0.109722221875 0.4109375 0.115277778125 0.4140625 0.13055555624999998 0.4125
0 0.13888888906250002 0.4875 0.15 0.4765625 0.15 0.46953125 0.12361111093749999 0.46796875 0.1208333328125 0.46953125 0.1208333328125 0.4859375 0.12361111093749999 0.4875 0.13888888906250002 0.4875
0 0.7416666671875001 0.509375 0.75555555625 0.5046875 0.75555555625 0.49453125 0.752777778125 0.49296875 0.734722221875 0.49296875 0.73194444375 0.49453125 0.734722221875 0.509375 0.7416666671875001 0.509375
0 0.13333333281249998 0.31953125 0.12361111093749999 0.31796875 0.1208333328125 0.3328125 0.12361111093749999 0.3359375 0.13055555624999998 0.3359375 0.13333333281249998 0.31953125
0 0.9791666671874999 0.175 0.9916666671875 0.1734375 0.9916666671875 0.17109375 0.997222221875 0.16875 0.9986111109375001 0.16484375 0.99444444375 0.16171875 0.9791666671874999 0.16171875 0.9763888890624999 0.16328125 0.9763888890624999 0.1734375 0.9791666671874999 0.175
0 0.775 0.54296875 0.7541666671875 0.54453125 0.7569444437499999 0.55625 0.7805555562500001 0.5546875 0.7805555562500001 0.54765625 0.775 0.54296875
0 0.8055555562500001 0.7421875 0.8055555562500001 0.73828125 0.8 0.734375 0.8027777781250001 0.71953125 0.7791666671875 0.71796875 0.7763888890625 0.71953125 0.7791666671875 0.7421875 0.7875 0.74375 0.8055555562500001 0.7421875
0 0.26944444375 0.33984375 0.2638888890625 0.33671875 0.24583333281250003 0.33671875 0.24305555625 0.3546875 0.24583333281250003 0.35625 0.2666666671875 0.3546875 0.26944444375 0.33984375
0 0.44166666718750003 0.5390625 0.44444444375 0.5359375 0.44444444375 0.52578125 0.44166666718750003 0.52421875 0.4236111109375 0.52421875 0.42083333281249996 0.52578125 0.4236111109375 0.5421875 0.44166666718750003 0.5390625
0 0.35555555625 0.5671875 0.352777778125 0.56171875 0.33194444375 0.56328125 0.33194444375 0.5671875 0.3375 0.5703125 0.34722222187499996 0.5703125 0.35555555625 0.5671875
0 0.40555555625000006 0.7234375 0.41111111093749997 0.71484375 0.40555555625000006 0.71171875 0.39027777812500003 0.71171875 0.3875 0.71328125 0.3875 0.7234375 0.39027777812500003 0.725 0.40555555625000006 0.7234375
0 0.022222221875 0.26953125 0.0125 0.26796875 0.009722221875000001 0.2734375 0.0125 0.2765625 0.019444443750000002 0.2765625 0.022222221875 0.26953125
0 0.98055555625 0.17734375 0.9916666671875 0.175 0.99444444375 0.16953125 0.9680555562500001 0.16796875 0.965277778125 0.16953125 0.965277778125 0.1859375 0.977777778125 0.1875 0.98055555625 0.17734375
0 0.9861111109375 0.2515625 0.9916666671875 0.24453125 0.997222221875 0.2421875 0.997222221875 0.23828125 0.9791666671874999 0.23671875 0.9763888890624999 0.23828125 0.9763888890624999 0.246875 0.9791666671874999 0.2515625 0.9861111109375 0.2515625
0 0.0888888890625 0.63828125 0.06805555625000001 0.63671875 0.06527777812499999 0.63828125 0.06805555625000001 0.6515625 0.0861111109375 0.6515625 0.0888888890625 0.63828125