0 0.53984375 0.08203125 0.04296875 0.021875
0 0.4828125 0.10625 0.040625 0.02265625
0 0.496875 0.15625 0.04609375 0.01953125
0 0.521875 0.1734375 0.028125 0.01796875
0 0.4 0.18125 0.046875 0.02421875
0 0.43828125 0.1859375 0.03203125 0.02265625
0 0.584375 0.1875 0.04609375 0.02578125
0 0.378125 0.21484375 0.04140625 0.0265625
0 0.415625 0.2125 0.034375 0.021875
0 0.4640625 0.2234375 0.0359375 0.03203125
0 0.41171875 0.2390625 0.04609375 0.02109375
0 0.4390625 0.23828125 0.0359375 0.0171875
0 0.515625 0.240625 0.03359375 0.02109375
0 0.55625 0.271875 0.02890625 0.01640625
0 0.35390625 0.278125 0.046875 0.025
0 0.43203125 0.2734375 0.021875 0.01171875
0 0.534375 0.28203125 0.04140625 0.0234375
0 0.4484375 0.29296875 0.01640625 0.0125
0 0.378125 0.3 0.05546875 0.02109375
0 0.521875 0.30234375 0.0390625 0.0203125
0 0.64375 0.3078125 0.04609375 0.0296875
0 0.5859375 0.309375 0.0390625 0.02265625
0 0.46640625 0.31484375 0.03046875 0.0171875
0 0.6796875 0.340625 0.04609375 0.02578125
0 0.478125 0.3421875 0.02109375 0.02109375
0 0.4296875 0.3609375 0.0234375 0.015625
0 0.5234375 0.375 0.05 0.025
0 0.453125 0.37890625 0.02890625 0.0203125
0 0.590625 0.38125 0.0359375 0.02109375
0 0.3546875 0.3875 0.04296875 0.02578125
0 0.50546875 0.39296875 0.053125 0.028125
0 0.540625 0.39375 0.025 0.015625
0 0.68046875 0.39375 0.021875 0.01328125
0 0.296875 0.4359375 0.04296875 0.015625
0 0.6875 0.4640625 0.046875 0.02578125
0 0.284375 0.46484375 0.034375 0.021875
0 0.3578125 0.46796875 0.03203125 0.0171875
0 0.33046875 0.484375 0.04140625 0.02265625
0 0.38125 0.48125 0.03203125 0.0171875
0 0.26640625 0.503125 0.04453125 0.01953125
0 0.30234375 0.5296875 0.02890625 0.01640625
0 0.1046875 0.53359375 0.040625 0.021875
0 0.575 0.53125 0.01953125 0.01640625
0 0.70859375 0.5296875 0.0359375 0.0140625
0 0.4609375 0.534375 0.03046875 0.01953125
0 0.75390625 0.5359375 0.03046875 0.01875
0 0.5046875 0.546875 0.02890625 0.0171875
0 0.6203125 0.55 0.034375 0.01796875
0 0.9640625 0.559375 0.04140625 0.01796875
0 0.221875 0.565625 0.046875 0.0171875
0 0.3703125 0.57890625 0.040625 0.0203125
0 0.4265625 0.6203125 0.04453125 0.01953125
0 0.56796875 0.65390625 0.0359375 0.01875
0 0.853125 0.6515625 0.025 0.0109375
0 0.215625 0.6578125 0.040625 0.02109375
0 0.16875 0.66015625 0.0265625 0.0203125
0 0.271875 0.6953125 0.04140625 0.025
0 0.290625 0.703125 0.03203125 0.01640625
0 0.609375 0.7171875 0.05 0.02890625
0 0.03046875 0.7640625 0.0359375 0.01640625
0 0.621875 0.77265625 0.04296875 0.0328125
0 0.72578125 0.7796875 0.0484375 0.02890625
0 0.11875 0.7921875 0.04609375 0.0265625
0 0.88046875 0.8046875 0.0140625 0.01875
0 0.6859375 0.865625 0.05546875 0.03203125
0 0.1046875 0.92578125 0.02890625 0.015625
0 0.678125 0.9609375 0.0765625 0.04140625