0 0.7458333328125 0.2421875 0.7638888890625 0.2421875 0.76805555625 0.2390625 0.7861111109375 0.234375 0.7888888890625 0.23125 0.7861111109375 0.21328125 0.7805555562500001 0.21171875 0.734722221875 0.21171875 0.73194444375 0.21328125 0.73194444375 0.2359375 0.7375 0.2390625 0.7416666671875001 0.2390625 0.7458333328125 0.2421875
0 0.4236111109375 0.059375 0.4291666671875 0.0625 0.4361111109375 0.0625 0.4486111109375 0.06875 0.46944444374999994 0.06875 0.47083333281249995 0.0671875 0.475 0.0671875 0.477777778125 0.065625 0.477777778125 0.06015625 0.4888888890625 0.053125 0.4888888890625 0.03984375 0.4861111109375 0.0390625 0.4861111109375 0.03671875 0.475 0.03046875 0.4263888890625 0.03046875 0.42083333281249996 0.03359375 0.42083333281249996 0.05625 0.4236111109375 0.05703125 0.4236111109375 0.059375
0 0.6972222218749999 0.2234375 0.7013888890625 0.2203125 0.7111111109375 0.21875 0.722222221875 0.2125 0.722222221875 0.19453125 0.7166666671875 0.19296875 0.66805555625 0.19296875 0.665277778125 0.19453125 0.665277778125 0.2171875 0.672222221875 0.21875 0.6791666671875001 0.2234375 0.6972222218749999 0.2234375
0 0.36805555624999997 0.5265625 0.3888888890625 0.5265625 0.39027777812500003 0.525 0.397222221875 0.525 0.3986111109375 0.5234375 0.40833333281249995 0.521875 0.4125 0.51875 0.41944444374999995 0.5171875 0.41944444374999995 0.51484375 0.42222222187499997 0.5140625 0.42222222187499997 0.50078125 0.40833333281249995 0.48671875 0.36805555624999997 0.48671875 0.3541666671875 0.49453125 0.3541666671875 0.5203125 0.35972222187499997 0.525 0.36666666718749996 0.525 0.36805555624999997 0.5265625
0 0.32083333281250004 0.05546875 0.32083333281250004 0.0734375 0.3291666671875 0.0796875 0.334722221875 0.08125 0.36666666718749996 0.08125 0.36805555624999997 0.0796875 0.375 0.0796875 0.38194444375000003 0.075 0.3888888890625 0.0734375 0.3916666671875 0.05390625 0.3888888890625 0.053125 0.3888888890625 0.04453125 0.3861111109375 0.04296875 0.3513888890625 0.04296875 0.3236111109375 0.05078125 0.3236111109375 0.0546875 0.32083333281250004 0.05546875
0 0.925 0.7953125 0.9263888890624999 0.79375 0.9416666671874999 0.7921875 0.9416666671874999 0.78984375 0.952777778125 0.7828125 0.952777778125 0.77578125 0.9472222218749999 0.76953125 0.9416666671874999 0.7671875 0.9416666671874999 0.76484375 0.9333333328125001 0.76171875 0.89305555625 0.76171875 0.8875 0.76484375 0.8875 0.790625 0.9013888890624999 0.7953125 0.925 0.7953125
0 0.0125 0.4109375 0.0236111109375 0.41875 0.0388888890625 0.41875 0.04444444375 0.4171875 0.04444444375 0.41484375 0.055555556250000006 0.409375 0.055555556250000006 0.39609375 0.04444444375 0.390625 0.04444444375 0.38828125 0.0388888890625 0.38671875 0.0125 0.38671875 0.009722221875000001 0.38828125 0.009722221875000001 0.40625 0.0125 0.40703125 0.0125 0.4109375
0 0.659722221875 0.5078125 0.6666666671875 0.5078125 0.66805555625 0.50625 0.6777777781250001 0.5046875 0.68194444375 0.5015625 0.6972222218749999 0.4984375 0.6972222218749999 0.48828125 0.6916666671875 0.4859375 0.6888888890625 0.47890625 0.6833333328125 0.47578125 0.6791666671875001 0.47578125 0.6777777781250001 0.47421875 0.6375 0.47421875 0.6319444437499999 0.47734375 0.6319444437499999 0.5046875 0.6375 0.5078125 0.6583333328125 0.509375 0.659722221875 0.5078125
0 0.5388888890625 0.125 0.5486111109375 0.11875 0.5555555562500001 0.1171875 0.5555555562500001 0.11015625 0.5583333328125 0.109375 0.5555555562500001 0.09609375 0.55 0.09296875 0.5125 0.09296875 0.5097222218749999 0.09453125 0.5097222218749999 0.1203125 0.51805555625 0.125 0.5388888890625 0.125
0 0.565277778125 0.5421875 0.5722222218749999 0.5421875 0.5736111109375 0.54375 0.597222221875 0.5421875 0.6041666671875 0.5375 0.6083333328125 0.5375 0.6166666671875001 0.51953125 0.6138888890625 0.51875 0.6111111109375 0.51015625 0.60555555625 0.50703125 0.6013888890625 0.50703125 0.6 0.50546875 0.5458333328125 0.50546875 0.54305555625 0.50703125 0.54305555625 0.53125 0.5513888890625 0.5375 0.5555555562500001 0.5375 0.565277778125 0.5421875
0 0.440277778125 0.55625 0.447222221875 0.55625 0.4486111109375 0.5578125 0.49444444374999996 0.5546875 0.502777778125 0.55 0.502777778125 0.54765625 0.5083333328124999 0.54375 0.5083333328124999 0.53828125 0.50555555625 0.5375 0.502777778125 0.53203125 0.497222221875 0.5296875 0.497222221875 0.52734375 0.49305555625 0.52734375 0.4861111109375 0.52421875 0.4486111109375 0.52421875 0.434722221875 0.53046875 0.434722221875 0.5328125 0.43194444374999996 0.53359375 0.43194444374999996 0.55 0.440277778125 0.55625
0 0.23055555625 0.1953125 0.23194444375 0.19375 0.2416666671875 0.19375 0.25555555625 0.1859375 0.25555555625 0.17734375 0.25 0.17421875 0.20138888906250002 0.17421875 0.1986111109375 0.17578125 0.1986111109375 0.1984375 0.20138888906250002 0.2 0.21944444375 0.2 0.22638888906250001 0.1953125 0.23055555625 0.1953125
0 0.7236111109375 0.7515625 0.74444444375 0.7515625 0.7458333328125 0.75 0.752777778125 0.75 0.7611111109375 0.7421875 0.752777778125 0.72578125 0.747222221875 0.72421875 0.715277778125 0.72421875 0.709722221875 0.72734375 0.709722221875 0.7453125 0.7125 0.7484375 0.7236111109375 0.7515625
0 0.2916666671875 0.2109375 0.302777778125 0.20625 0.30555555624999997 0.18828125 0.3083333328125 0.1875 0.3083333328125 0.18046875 0.3111111109375 0.17734375 0.302777778125 0.17421875 0.26805555625 0.17421875 0.26527777812500003 0.17578125 0.26527777812500003 0.2046875 0.2791666671875 0.2109375 0.2916666671875 0.2109375
0 0.42222222187499997 0.09609375 0.4125 0.09609375 0.40972222187499996 0.09921875 0.40972222187499996 0.1171875 0.4125 0.1203125 0.425 0.121875 0.4263888890625 0.1234375 0.43194444374999996 0.121875 0.44444444375 0.121875 0.45555555625000005 0.1140625 0.4583333328125 0.10703125 0.46388888906250003 0.1046875 0.46388888906250003 0.09453125 0.4583333328125 0.09296875 0.440277778125 0.09296875 0.427777778125 0.09921875 0.42222222187499997 0.09609375
0 0.5305555562500001 0.0671875 0.54444444375 0.0625 0.54444444375 0.05078125 0.5416666671875 0.04921875 0.490277778125 0.04921875 0.4875 0.05078125 0.490277778125 0.0734375 0.5 0.0734375 0.5097222218749999 0.06875 0.5305555562500001 0.0671875
0 0.3958333328125 0.6046875 0.4 0.6046875 0.40138888906250003 0.60625 0.41111111093749997 0.60625 0.4125 0.6078125 0.43055555625 0.6078125 0.43194444374999996 0.60625 0.44166666718750003 0.60625 0.4486111109375 0.6015625 0.45277777812500003 0.6015625 0.45277777812500003 0.59921875 0.4583333328125 0.5953125 0.4583333328125 0.58046875 0.43333333281249997 0.56328125 0.3958333328125 0.56328125 0.39444444375 0.56171875 0.3791666671875 0.56171875 0.3763888890625 0.56328125 0.3763888890625 0.5796875 0.384722221875 0.58671875 0.384722221875 0.596875 0.3958333328125 0.6046875
0 0.190277778125 0.4734375 0.2 0.4734375 0.20138888906250002 0.471875 0.20833333281250002 0.471875 0.20972222187499998 0.4703125 0.21944444375 0.46875 0.225 0.465625 0.225 0.46328125 0.23055555625 0.4609375 0.23055555625 0.44609375 0.222222221875 0.44296875 0.15694444375 0.44296875 0.1541666671875 0.44453125 0.1541666671875 0.4609375 0.16805555625 0.46875 0.1833333328125 0.4703125 0.190277778125 0.4734375
0 0.577777778125 0.4828125 0.584722221875 0.4859375 0.5944444437499999 0.4859375 0.6013888890625 0.4890625 0.61944444375 0.4875 0.622222221875 0.4859375 0.622222221875 0.47578125 0.6138888890625 0.4734375 0.602777778125 0.45703125 0.597222221875 0.45546875 0.56805555625 0.45546875 0.565277778125 0.45703125 0.565277778125 0.4796875 0.5708333328124999 0.4828125 0.577777778125 0.4828125
0 0.70555555625 0.7328125 0.7111111109375 0.73125 0.7111111109375 0.72890625 0.722222221875 0.7234375 0.7194444437499999 0.71484375 0.7111111109375 0.71171875 0.690277778125 0.71171875 0.6875 0.71328125 0.6875 0.7296875 0.69305555625 0.7328125 0.70555555625 0.7328125
0 0.165277778125 0.5234375 0.1708333328125 0.525 0.197222221875 0.525 0.21111111093749999 0.51875 0.21111111093749999 0.51015625 0.20833333281250002 0.50703125 0.19583333281249998 0.50546875 0.1916666671875 0.50234375 0.18055555625 0.49921875 0.15694444375 0.49921875 0.1541666671875 0.50078125 0.1541666671875 0.5171875 0.15694444375 0.5203125 0.1611111109375 0.5203125 0.165277778125 0.5234375
0 0.2375 0.6421875 0.252777778125 0.640625 0.2611111109375 0.634375 0.25833333281250004 0.62578125 0.2541666671875 0.62578125 0.252777778125 0.62421875 0.2236111109375 0.62421875 0.2208333328125 0.62578125 0.2208333328125 0.6359375 0.22638888906250001 0.6390625 0.23055555625 0.6390625 0.2375 0.6421875
0 0.49444444374999996 0.5859375 0.5041666671875 0.5796875 0.5083333328124999 0.5796875 0.5138888890625 0.5734375 0.5138888890625 0.56953125 0.5166666671875 0.56875 0.5138888890625 0.55703125 0.5083333328124999 0.55546875 0.47083333281249995 0.55546875 0.46527777812500004 0.55859375 0.46527777812500004 0.58125 0.47361111093749997 0.5859375 0.49444444374999996 0.5859375
0 0.2986111109375 0.240625 0.3083333328125 0.240625 0.3111111109375 0.23359375 0.31944444375000003 0.23125 0.325 0.22109375 0.31944444375000003 0.21796875 0.290277778125 0.21796875 0.2875 0.21953125 0.2875 0.2359375 0.29444444375 0.2375 0.2986111109375 0.240625
0 0.46527777812500004 0.628125 0.47083333281249995 0.63125 0.4861111109375 0.6296875 0.4888888890625 0.62578125 0.497222221875 0.6234375 0.5 0.6203125 0.5 0.60703125 0.497222221875 0.60546875 0.4791666671875 0.60546875 0.47361111093749997 0.60703125 0.46527777812500004 0.61796875 0.46527777812500004 0.628125
0 0.1263888890625 0.6265625 0.15277777812499999 0.625 0.15555555625 0.61328125 0.14444444375 0.60546875 0.1125 0.60546875 0.109722221875 0.60703125 0.109722221875 0.6203125 0.115277778125 0.625 0.125 0.625 0.1263888890625 0.6265625
0 0.4 0.2296875 0.4 0.22734375 0.40833333281249995 0.2234375 0.40833333281249995 0.20546875 0.397222221875 0.19921875 0.3791666671875 0.19921875 0.3763888890625 0.20078125 0.3763888890625 0.228125 0.38194444375000003 0.23125 0.4 0.2296875
0 0.3958333328125 0.6515625 0.41111111093749997 0.6515625 0.41944444374999995 0.6484375 0.41944444374999995 0.64296875 0.42222222187499997 0.6421875 0.41944444374999995 0.63671875 0.40833333281249995 0.63046875 0.39027777812500003 0.63046875 0.3875 0.63203125 0.3875 0.646875 0.39027777812500003 0.65 0.3958333328125 0.6515625
0 0.2875 0.5203125 0.29722222187499997 0.5203125 0.2986111109375 0.51875 0.3083333328125 0.5171875 0.30555555624999997 0.50859375 0.2916666671875 0.503125 0.2888888890625 0.49765625 0.2833333328125 0.49453125 0.2791666671875 0.49453125 0.27777777812500004 0.49296875 0.25694444375000003 0.49296875 0.2541666671875 0.49453125 0.2541666671875 0.5171875 0.25694444375000003 0.51875 0.28611111093749997 0.521875 0.2875 0.5203125
0 0.497222221875 0.13125 0.5 0.12734375 0.5083333328124999 0.1234375 0.5083333328124999 0.10703125 0.50555555625 0.10625 0.502777778125 0.10078125 0.4986111109375 0.10078125 0.497222221875 0.09921875 0.46805555625000006 0.09921875 0.46527777812500004 0.10078125 0.46527777812500004 0.1234375 0.48194444374999995 0.13125 0.497222221875 0.13125
0 0.8833333328125 0.7796875 0.8888888890625 0.775 0.8916666671875 0.76484375 0.8861111109375001 0.76171875 0.85694444375 0.76171875 0.8541666671874999 0.76328125 0.8541666671874999 0.7796875 0.85694444375 0.78125 0.8833333328125 0.7796875
0 0.490277778125 0.38125 0.5166666671875 0.3796875 0.522222221875 0.375 0.522222221875 0.36328125 0.5166666671875 0.35703125 0.5111111109375 0.35546875 0.48472222187499997 0.35546875 0.4791666671875 0.35703125 0.4763888890625 0.36015625 0.4763888890625 0.375 0.4791666671875 0.378125 0.490277778125 0.38125
0 0.20138888906250002 0.5796875 0.2125 0.5875 0.23055555625 0.5859375 0.23611111093749998 0.57109375 0.24444444375000002 0.565625 0.24722222187499998 0.55859375 0.24444444375000002 0.55703125 0.2375 0.55703125 0.23611111093749998 0.55546875 0.20138888906250002 0.55546875 0.1986111109375 0.55703125 0.1986111109375 0.575 0.20138888906250002 0.57578125 0.20138888906250002 0.5796875
0 0.052777778124999994 0.1546875 0.055555556250000006 0.153125 0.055555556250000006 0.13828125 0.034722221875 0.13671875 0.03194444375 0.13828125 0.03194444375 0.153125 0.0375 0.15625 0.052777778124999994 0.1546875
0 0.9694444437499999 0.73828125 0.9638888890624999 0.73671875 0.9458333328125 0.73671875 0.94305555625 0.73828125 0.9458333328125 0.75 0.9638888890624999 0.7515625 0.972222221875 0.7484375 0.9694444437499999 0.73828125
0 0.5875 0.39375 0.590277778125 0.39453125 0.590277778125 0.396875 0.5944444437499999 0.396875 0.5958333328125 0.3984375 0.6111111109375 0.3984375 0.6111111109375 0.39609375 0.6166666671875001 0.3953125 0.622222221875 0.3921875 0.622222221875 0.37578125 0.6083333328125 0.36796875 0.58194444375 0.36796875 0.5763888890625 0.37109375 0.5763888890625 0.3796875 0.5875 0.38828125 0.5875 0.39375
0 0.1763888890625 0.384375 0.18194444375000002 0.3875 0.19444444375 0.3859375 0.2 0.3828125 0.20277777812500003 0.37734375 0.21111111093749999 0.3734375 0.21111111093749999 0.36328125 0.20833333281250002 0.36171875 0.17916666718750002 0.36328125 0.17916666718750002 0.3671875 0.1763888890625 0.36796875 0.1763888890625 0.384375
0 0.025 0.13203125 0.0125 0.13046875 0.009722221875000001 0.13203125 0.009722221875000001 0.140625 0.019444443750000002 0.1421875 0.025 0.13203125
0 0.46805555625000006 0.1234375 0.47083333281249995 0.125 0.475 0.125 0.4763888890625 0.1265625 0.48055555625 0.1265625 0.4875 0.1296875 0.49444444374999996 0.1296875 0.5013888890625 0.125 0.50555555625 0.125 0.5083333328124999 0.1234375 0.5083333328124999 0.10546875 0.50555555625 0.1046875 0.502777778125 0.09921875 0.49444444374999996 0.096875 0.4916666671875 0.09140625 0.4861111109375 0.08828125 0.47083333281249995 0.08671875 0.46527777812500004 0.08984375 0.46527777812500004 0.1203125 0.46805555625000006 0.12109375 0.46805555625000006 0.1234375
0 0.397222221875 0.1671875 0.397222221875 0.16328125 0.35694444375 0.16171875 0.3541666671875 0.16328125 0.3541666671875 0.1765625 0.35694444375 0.1796875 0.375 0.1796875 0.38055555625 0.17109375 0.397222221875 0.1671875
0 0.427777778125 0.11640625 0.4236111109375 0.11640625 0.42222222187499997 0.11484375 0.4125 0.11484375 0.4125 0.1171875 0.40972222187499996 0.11796875 0.40972222187499996 0.1296875 0.4166666671875 0.13125 0.4236111109375 0.1359375 0.4361111109375 0.1359375 0.4375 0.134375 0.45277777812500003 0.13125 0.4611111109375 0.1234375 0.4611111109375 0.11328125 0.45416666718750004 0.11328125 0.45277777812500003 0.11171875 0.4375 0.11171875 0.427777778125 0.11640625
0 0.38055555625 0.17109375 0.3861111109375 0.16875 0.3861111109375 0.16328125 0.35694444375 0.16171875 0.3541666671875 0.16328125 0.35694444375 0.1796875 0.375 0.1796875 0.38055555625 0.17109375
0 0.025 0.384375 0.025 0.37421875 0.019444443750000002 0.36953125 0.0125 0.36953125 0.009722221875000001 0.37265625 0.009722221875000001 0.384375 0.019444443750000002 0.3875 0.025 0.384375
0 0.015277778124999999 0.125 0.025 0.1234375 0.030555556249999997 0.1203125 0.0333333328125 0.11484375 0.027777778125000003 0.11171875 0.0125 0.11171875 0.009722221875000001 0.11328125 0.009722221875000001 0.121875 0.015277778124999999 0.125