0 0.40234375 0.0390625 0.04609375 0.02578125
0 0.44140625 0.10234375 0.04453125 0.028125
0 0.98671875 0.1296875 0.0234375 0.02578125
0 0.40859375 0.2078125 0.05 0.02421875
0 0.53125 0.2140625 0.040625 0.0125
0 0.36953125 0.225 0.04140625 0.01640625
0 0.4140625 0.23203125 0.04140625 0.021875
0 0.37734375 0.253125 0.05703125 0.03203125
0 0.6265625 0.25625 0.0390625 0.02734375
0 0.39609375 0.28125 0.0640625 0.01640625
0 0.41015625 0.3015625 0.04296875 0.0234375
0 0.29140625 0.3015625 0.03046875 0.01328125
0 0.421875 0.3125 0.034375 0.01640625
0 0.5484375 0.3140625 0.03046875 0.01875
0 0.37734375 0.3171875 0.034375 0.02265625
0 0.3234375 0.325 0.028125 0.0171875
0 0.528125 0.334375 0.03203125 0.01953125
0 0.559375 0.3359375 0.03203125 0.02109375
0 0.60390625 0.36015625 0.0390625 0.0203125
0 0.553125 0.3703125 0.02890625 0.01484375
0 0.6125 0.3828125 0.028125 0.02265625
0 0.18671875 0.39375 0.03203125 0.01953125
0 0.48984375 0.4 0.04296875 0.02109375
0 0.57265625 0.40625 0.0484375 0.02890625
0 0.36953125 0.428125 0.053125 0.03046875
0 0.32109375 0.425 0.03046875 0.01015625
0 0.3390625 0.44921875 0.0359375 0.021875
0 0.565625 0.45625 0.0234375 0.01875
0 0.2984375 0.4796875 0.0640625 0.01875
0 0.515625 0.50703125 0.05 0.028125
0 0.575 0.5109375 0.0359375 0.0203125
0 0.56640625 0.52734375 0.01953125 0.0140625
0 0.509375 0.5359375 0.03203125 0.02421875
0 0.1921875 0.55078125 0.040625 0.025
0 0.60859375 0.546875 0.025 0.015625
0 0.23359375 0.55625 0.0390625 0.01875
0 0.515625 0.5875 0.01796875 0.01875
0 0.69609375 0.6015625 0.0359375 0.01328125
0 0.278125 0.64609375 0.04609375 0.0234375
0 0.12578125 0.690625 0.04609375 0.02109375
0 0.16875 0.709375 0.04609375 0.02890625
0 0.23125 0.7171875 0.034375 0.01953125
0 0.2703125 0.715625 0.034375 0.01796875
0 0.90390625 0.7515625 0.04140625 0.02421875
0 0.72734375 0.78828125 0.0265625 0.025