0 0.59296875 0.4578125 0.0359375 0.0234375
0 0.65390625 0.4875 0.05 0.02890625
0 0.5921875 0.49140625 0.040625 0.01875
0 0.55390625 0.51953125 0.0359375 0.028125
0 0.65546875 0.5609375 0.025 0.01796875
0 0.52890625 0.57734375 0.05 0.01875
0 0.6140625 0.596875 0.05 0.02578125
0 0.50390625 0.6046875 0.01640625 0.01015625
0 0.42734375 0.6140625 0.02109375 0.01953125
0 0.546875 0.6265625 0.028125 0.01484375
0 0.94609375 0.628125 0.0390625 0.01953125
0 0.5 0.63046875 0.025 0.01875
0 0.6328125 0.6390625 0.0484375 0.02890625
0 0.73359375 0.6515625 0.04453125 0.01953125
0 0.909375 0.6578125 0.0484375 0.02421875
0 0.871875 0.6875 0.03046875 0.01875