0 0.0125 0.47578125 0.009722221875000001 0.47890625 0.009722221875000001 0.4921875 0.0125 0.49375 0.027777778125000003 0.49375 0.04444444375 0.4859375 0.04444444375 0.46953125 0.0416666671875 0.46796875 0.034722221875 0.46796875 0.027777778125000003 0.47578125 0.019444443750000002 0.47421875 0.0125 0.47578125
0 0.1125 0.64375 0.11944444375 0.64375 0.12222222187500001 0.63984375 0.13333333281249998 0.634375 0.13333333281249998 0.62421875 0.12222222187500001 0.61796875 0.0791666671875 0.61796875 0.07638888906249999 0.61953125 0.07638888906249999 0.6421875 0.0791666671875 0.64375 0.1111111109375 0.6453125 0.1125 0.64375
0 0.6986111109375 0.4609375 0.7041666671875 0.4625 0.7194444437499999 0.4625 0.722222221875 0.45859375 0.7333333328125 0.4546875 0.7333333328125 0.43984375 0.727777778125 0.43671875 0.690277778125 0.43671875 0.6875 0.43828125 0.6875 0.4546875 0.6944444437499999 0.45625 0.6986111109375 0.4609375
0 0.6805555562500001 0.46875 0.68194444375 0.4703125 0.7 0.46875 0.702777778125 0.46171875 0.6888888890625 0.453125 0.6888888890625 0.45078125 0.6861111109375 0.44921875 0.66805555625 0.44921875 0.665277778125 0.45078125 0.665277778125 0.4671875 0.66805555625 0.46875 0.6805555562500001 0.46875
0 0.1458333328125 0.70625 0.16944444375 0.70625 0.1888888890625 0.696875 0.1888888890625 0.68828125 0.18194444375000002 0.68671875 0.172222221875 0.68046875 0.140277778125 0.68046875 0.13888888906250002 0.68203125 0.134722221875 0.68203125 0.134722221875 0.684375 0.13194444375 0.68515625 0.13194444375 0.6984375 0.134722221875 0.69921875 0.134722221875 0.7015625 0.1458333328125 0.70625
0 0.7416666671875001 0.60625 0.74444444375 0.6046875 0.74444444375 0.58984375 0.7388888890625 0.58671875 0.7125 0.58671875 0.709722221875 0.58828125 0.709722221875 0.6046875 0.7208333328125 0.6078125 0.7416666671875001 0.60625
0 0.815277778125 0.55 0.825 0.5484375 0.8333333328125001 0.54375 0.8333333328125001 0.54140625 0.8361111109375001 0.540625 0.8361111109375001 0.53359375 0.83055555625 0.53046875 0.8125 0.53046875 0.809722221875 0.53203125 0.809722221875 0.546875 0.815277778125 0.55
0 0.030555556249999997 0.53125 0.0388888890625 0.5234375 0.0416666671875 0.51328125 0.034722221875 0.51328125 0.0333333328125 0.51171875 0.0125 0.51171875 0.009722221875000001 0.51328125 0.009722221875000001 0.5296875 0.0125 0.5328125 0.030555556249999997 0.53125
0 0.575 0.63125 0.577777778125 0.62734375 0.5861111109375 0.6234375 0.5833333328125 0.61484375 0.575 0.61171875 0.5458333328125 0.61171875 0.54305555625 0.61328125 0.54305555625 0.628125 0.5486111109375 0.63125 0.575 0.63125
0 0.827777778125 0.63125 0.8333333328125001 0.628125 0.8333333328125001 0.62109375 0.8222222218749999 0.615625 0.8194444437499999 0.61171875 0.8013888890624999 0.61171875 0.7986111109375 0.61328125 0.7986111109375 0.6296875 0.8013888890624999 0.6328125 0.827777778125 0.63125
0 0.64305555625 0.5984375 0.65 0.5984375 0.6611111109375 0.5921875 0.6583333328125 0.58203125 0.652777778125 0.58046875 0.6236111109375 0.58046875 0.6208333328125 0.58203125 0.6208333328125 0.59375 0.6263888890625 0.5984375 0.6416666671875 0.6 0.64305555625 0.5984375
0 0.8611111109375 0.6265625 0.8666666671875 0.6234375 0.8666666671875 0.62109375 0.872222221875 0.6171875 0.872222221875 0.61171875 0.86944444375 0.6109375 0.86944444375 0.60859375 0.8638888890624999 0.60546875 0.834722221875 0.60546875 0.83194444375 0.60703125 0.83194444375 0.6234375 0.8430555562500001 0.628125 0.8611111109375 0.6265625
0 0.6347222218749999 0.65625 0.652777778125 0.65625 0.6666666671875 0.6484375 0.6638888890625 0.63828125 0.659722221875 0.63828125 0.6583333328125 0.63671875 0.6236111109375 0.63671875 0.6208333328125 0.63828125 0.6208333328125 0.6484375 0.6236111109375 0.64921875 0.6236111109375 0.6515625 0.6347222218749999 0.65625
0 0.06527777812499999 0.67890625 0.06527777812499999 0.69375 0.07083333281250001 0.6984375 0.08333333281250001 0.7 0.09305555625 0.69375 0.1 0.6921875 0.102777778125 0.67734375 0.097222221875 0.67421875 0.07638888906249999 0.67421875 0.075 0.67578125 0.06805555625000001 0.67578125 0.06527777812499999 0.67890625
0 0.18194444375000002 0.73125 0.2 0.73125 0.20138888906250002 0.7296875 0.20833333281250002 0.7296875 0.222222221875 0.7234375 0.225 0.71171875 0.21944444375 0.70703125 0.20972222187499998 0.70703125 0.20277777812500003 0.71171875 0.19305555624999998 0.71171875 0.1916666671875 0.70859375 0.1861111109375 0.70546875 0.16805555625 0.70546875 0.165277778125 0.70703125 0.165277778125 0.7234375 0.1708333328125 0.7265625 0.175 0.7265625 0.18194444375000002 0.73125
0 0.70555555625 0.5828125 0.709722221875 0.5859375 0.722222221875 0.5859375 0.7333333328125 0.58125 0.7333333328125 0.56953125 0.73055555625 0.56640625 0.7194444437499999 0.56171875 0.7013888890625 0.56171875 0.6986111109375 0.56328125 0.6986111109375 0.5796875 0.7013888890625 0.5828125 0.70555555625 0.5828125
0 0.747222221875 0.61328125 0.7236111109375 0.61171875 0.7208333328125 0.6234375 0.7416666671875001 0.625 0.747222221875 0.61875 0.747222221875 0.61328125
0 0.0125 0.6703125 0.0236111109375 0.6765625 0.0388888890625 0.6765625 0.04444444375 0.6734375 0.04444444375 0.67109375 0.055555556250000006 0.6671875 0.055555556250000006 0.65703125 0.052777778124999994 0.65625 0.052777778124999994 0.65390625 0.0416666671875 0.64921875 0.0125 0.64921875 0.009722221875000001 0.65078125 0.009722221875000001 0.6671875 0.0125 0.66796875 0.0125 0.6703125
0 0.85555555625 0.646875 0.85555555625 0.63203125 0.8236111109375001 0.63046875 0.8208333328125 0.646875 0.8263888890625 0.65 0.85 0.65 0.85555555625 0.646875
0 0.877777778125 0.5640625 0.875 0.54921875 0.83194444375 0.55078125 0.83194444375 0.565625 0.8375 0.56875 0.875 0.5671875 0.877777778125 0.5640625
0 0.029166667187500002 0.5609375 0.0333333328125 0.5609375 0.034722221875 0.5625 0.061111110937500004 0.5625 0.0666666671875 0.559375 0.0666666671875 0.55078125 0.052777778124999994 0.54296875 0.0236111109375 0.54296875 0.0208333328125 0.54453125 0.0208333328125 0.5546875 0.0236111109375 0.55546875 0.0236111109375 0.5578125 0.029166667187500002 0.5609375
0 0.8708333328125001 0.53125 0.875 0.53125 0.8888888890625 0.5234375 0.8888888890625 0.51328125 0.8861111109375001 0.51171875 0.8680555562500001 0.51171875 0.8652777781250001 0.51328125 0.8652777781250001 0.528125 0.8708333328125001 0.53125
0 0.23472222187499997 0.678125 0.24444444375000002 0.678125 0.25555555625 0.6734375 0.252777778125 0.66484375 0.24444444375000002 0.66328125 0.2236111109375 0.66328125 0.222222221875 0.66171875 0.1986111109375 0.66328125 0.20138888906250002 0.6734375 0.20972222187499998 0.675 0.22777777812500002 0.675 0.23472222187499997 0.678125
0 0.9388888890624999 0.6546875 0.9472222218749999 0.6484375 0.9444444437499999 0.63828125 0.9416666671874999 0.63671875 0.9125 0.63671875 0.909722221875 0.63828125 0.909722221875 0.6546875 0.9125 0.65625 0.9388888890624999 0.6546875
0 0.0361111109375 0.575 0.0375 0.5734375 0.0416666671875 0.5734375 0.0416666671875 0.57109375 0.04444444375 0.5703125 0.04444444375 0.56328125 0.0361111109375 0.56015625 0.03194444375 0.56015625 0.0166666671875 0.54921875 0.0013888890625 0.54921875 0.0013888890625 0.56875 0.0111111109375 0.5703125 0.0208333328125 0.575 0.0361111109375 0.575
0 0.7583333328124999 0.49765625 0.752777778125 0.49296875 0.7458333328125 0.49296875 0.7430555562500001 0.509375 0.752777778125 0.5109375 0.7583333328124999 0.5046875 0.7583333328124999 0.49765625
0 0.515277778125 0.65390625 0.5111111109375 0.65078125 0.5013888890625 0.65078125 0.4986111109375 0.65234375 0.4986111109375 0.6609375 0.5097222218749999 0.6671875 0.5305555562500001 0.6671875 0.5375 0.6625 0.54444444375 0.6609375 0.54444444375 0.65078125 0.5416666671875 0.64921875 0.534722221875 0.64921875 0.527777778125 0.65390625 0.515277778125 0.65390625
0 0.7638888890625 0.57421875 0.7458333328125 0.57421875 0.7430555562500001 0.57578125 0.7458333328125 0.58125 0.7638888890625 0.58125 0.7666666671875 0.5796875 0.7638888890625 0.57421875
0 0.7805555562500001 0.43203125 0.76805555625 0.43046875 0.765277778125 0.4375 0.76805555625 0.440625 0.775 0.440625 0.7805555562500001 0.43203125
0 0.1416666671875 0.684375 0.13888888906250002 0.67421875 0.109722221875 0.67578125 0.109722221875 0.6828125 0.11805555625 0.6875 0.13333333281249998 0.6875 0.1416666671875 0.684375
0 0.5125 0.6375 0.51944444375 0.6375 0.5305555562500001 0.6328125 0.5333333328125 0.6296875 0.5305555562500001 0.62421875 0.5125 0.62421875 0.5097222218749999 0.62578125 0.5097222218749999 0.6359375 0.5125 0.6375
0 0.5555555562500001 0.63203125 0.5458333328125 0.63046875 0.54305555625 0.6421875 0.5458333328125 0.6453125 0.5527777781250001 0.6453125 0.5555555562500001 0.63203125
0 0.527777778125 0.634375 0.5375 0.63828125 0.540277778125 0.6421875 0.5458333328125 0.64375 0.5555555562500001 0.6421875 0.5527777781250001 0.63046875 0.5375 0.63046875 0.5305555562500001 0.62421875 0.5125 0.62421875 0.5097222218749999 0.62578125 0.5097222218749999 0.6359375 0.5125 0.6375 0.522222221875 0.6375 0.527777778125 0.634375