0 0.475 0.2875 0.48333333281249996 0.27734375 0.477777778125 0.27421875 0.46805555625000006 0.27421875 0.46527777812500004 0.27578125 0.46527777812500004 0.2859375 0.46805555625000006 0.2875 0.475 0.2875
0 0.43055555625 0.29375 0.4388888890625 0.2859375 0.4388888890625 0.28203125 0.4125 0.28046875 0.40972222187499996 0.28203125 0.40972222187499996 0.2921875 0.4125 0.29375 0.43055555625 0.29375
0 0.5666666671875 0.28203125 0.5458333328125 0.28046875 0.54305555625 0.2921875 0.5611111109375 0.29375 0.5666666671875 0.290625 0.5666666671875 0.28203125
0 0.25694444375000003 0.434375 0.259722221875 0.4359375 0.272222221875 0.4375 0.2888888890625 0.428125 0.28611111093749997 0.41953125 0.27638888906250003 0.41953125 0.275 0.42109375 0.2708333328125 0.42109375 0.2638888890625 0.41796875 0.25694444375000003 0.41796875 0.2541666671875 0.41953125 0.2541666671875 0.43125 0.25694444375000003 0.43203125 0.25694444375000003 0.434375
0 0.40555555625000006 0.2875 0.40555555625000006 0.28203125 0.39027777812500003 0.28046875 0.3875 0.28203125 0.3875 0.2921875 0.397222221875 0.29375 0.40555555625000006 0.2875
0 0.5083333328124999 0.28125 0.5111111109375 0.2796875 0.5111111109375 0.26953125 0.5083333328124999 0.26796875 0.490277778125 0.26796875 0.4875 0.26953125 0.4875 0.2796875 0.490277778125 0.28125 0.5083333328124999 0.28125
0 0.5722222218749999 0.2484375 0.5722222218749999 0.24453125 0.55694444375 0.24296875 0.5541666671875001 0.2546875 0.5638888890625 0.25625 0.5666666671875 0.25078125 0.5722222218749999 0.2484375
0 0.1888888890625 0.38984375 0.1833333328125 0.38671875 0.16805555625 0.38671875 0.165277778125 0.38828125 0.16805555625 0.4015625 0.1861111109375 0.4 0.1888888890625 0.38984375
0 0.45555555625000005 0.4296875 0.45555555625000005 0.41953125 0.45277777812500003 0.41796875 0.434722221875 0.41796875 0.43194444374999996 0.41953125 0.43194444374999996 0.4359375 0.44444444375 0.4375 0.45555555625000005 0.4296875
0 0.5861111109375 0.3125 0.5916666671875 0.30234375 0.5861111109375 0.29921875 0.56805555625 0.29921875 0.565277778125 0.30078125 0.565277778125 0.3109375 0.56805555625 0.3125 0.5861111109375 0.3125
0 0.597222221875 0.7109375 0.6111111109375 0.7046875 0.6111111109375 0.69453125 0.6083333328125 0.69296875 0.590277778125 0.69296875 0.5875 0.69453125 0.590277778125 0.7109375 0.597222221875 0.7109375
0 0.0333333328125 0.7234375 0.047222221875 0.7171875 0.047222221875 0.70703125 0.0416666671875 0.70546875 0.0236111109375 0.70546875 0.0208333328125 0.70703125 0.0208333328125 0.721875 0.0236111109375 0.7234375 0.0333333328125 0.7234375
0 0.22638888906250001 0.55 0.23055555625 0.55 0.24444444375000002 0.5421875 0.24444444375000002 0.53828125 0.2416666671875 0.53671875 0.2236111109375 0.53671875 0.2208333328125 0.53828125 0.2208333328125 0.546875 0.22638888906250001 0.55
0 0.1666666671875 0.40703125 0.15694444375 0.40546875 0.1541666671875 0.4125 0.15694444375 0.415625 0.16388888906250001 0.415625 0.1666666671875 0.40703125
0 0.7125 0.7484375 0.7194444437499999 0.7484375 0.7333333328125 0.7390625 0.7333333328125 0.73359375 0.727777778125 0.73046875 0.7125 0.73046875 0.709722221875 0.73203125 0.709722221875 0.7453125 0.7125 0.7484375
0 0.5791666671875 0.484375 0.5861111109375 0.484375 0.590277778125 0.48125 0.597222221875 0.4796875 0.597222221875 0.47578125 0.5944444437499999 0.47421875 0.56805555625 0.47421875 0.565277778125 0.47578125 0.565277778125 0.4796875 0.5708333328124999 0.4828125 0.577777778125 0.4828125 0.5791666671875 0.484375
0 0.46388888906250003 0.2125 0.46388888906250003 0.20703125 0.4611111109375 0.20546875 0.4458333328125 0.20546875 0.44305555625000004 0.20703125 0.44305555625000004 0.215625 0.45555555625000005 0.2171875 0.46388888906250003 0.2125
0 0.6861111109375 0.6375 0.6916666671875 0.634375 0.6944444437499999 0.62734375 0.6888888890625 0.62421875 0.66805555625 0.62421875 0.665277778125 0.62578125 0.665277778125 0.6359375 0.66805555625 0.6375 0.6861111109375 0.6375
0 0.54444444375 0.60234375 0.5388888890625 0.59921875 0.5236111109375 0.59921875 0.5208333328125 0.6109375 0.5388888890625 0.6125 0.54444444375 0.6078125 0.54444444375 0.60234375
0 0.6708333328125 0.3875 0.6861111109375 0.384375 0.6916666671875 0.378125 0.6916666671875 0.36953125 0.6861111109375 0.36796875 0.66805555625 0.36796875 0.665277778125 0.36953125 0.665277778125 0.384375 0.6708333328125 0.3875
0 0.76805555625 0.7796875 0.777777778125 0.7796875 0.7888888890625 0.7734375 0.7888888890625 0.76953125 0.7805555562500001 0.76328125 0.76805555625 0.76171875 0.765277778125 0.76328125 0.765277778125 0.7765625 0.76805555625 0.77734375 0.76805555625 0.7796875
0 0.48055555625 0.25859375 0.475 0.25546875 0.46805555625000006 0.25546875 0.46527777812500004 0.25703125 0.46527777812500004 0.2671875 0.475 0.26875 0.48055555625 0.25859375
0 0.5 0.2984375 0.5 0.28828125 0.490277778125 0.28671875 0.4875 0.28828125 0.4875 0.2984375 0.497222221875 0.3 0.5 0.2984375
0 0.23055555625 0.69375 0.2388888890625 0.684375 0.23611111093749998 0.67578125 0.23055555625 0.67421875 0.215277778125 0.67421875 0.20972222187499998 0.67734375 0.20972222187499998 0.6921875 0.2125 0.69375 0.23055555625 0.69375
0 0.3861111109375 0.425 0.3888888890625 0.4234375 0.3888888890625 0.41953125 0.3861111109375 0.41796875 0.3791666671875 0.41796875 0.3763888890625 0.41953125 0.3763888890625 0.4234375 0.3791666671875 0.425 0.3861111109375 0.425
0 0.622222221875 0.3046875 0.61944444375 0.29921875 0.5986111109375 0.30078125 0.5986111109375 0.30625 0.6041666671875 0.309375 0.61944444375 0.3078125 0.622222221875 0.3046875
0 0.0125 0.7546875 0.019444443750000002 0.7546875 0.0333333328125 0.746875 0.0333333328125 0.73984375 0.027777778125000003 0.73671875 0.0125 0.73671875 0.009722221875000001 0.73828125 0.009722221875000001 0.7515625 0.0125 0.7546875
0 0.6111111109375 0.56953125 0.590277778125 0.56796875 0.5875 0.5796875 0.60555555625 0.58125 0.6111111109375 0.578125 0.6111111109375 0.56953125
0 0.40277777812500004 0.61953125 0.39027777812500003 0.61796875 0.3875 0.6296875 0.39027777812500003 0.6328125 0.397222221875 0.6328125 0.40277777812500004 0.61953125
0 0.34722222187499996 0.61484375 0.3416666671875 0.61171875 0.334722221875 0.61171875 0.33194444375 0.61328125 0.33194444375 0.6234375 0.3416666671875 0.625 0.34722222187499996 0.61484375
0 0.64444444375 0.27578125 0.6347222218749999 0.27421875 0.6319444437499999 0.2796875 0.6347222218749999 0.2828125 0.6416666671875 0.2828125 0.64444444375 0.27578125
0 0.5861111109375 0.7390625 0.5916666671875 0.7359375 0.5916666671875 0.73203125 0.58194444375 0.73046875 0.5763888890625 0.73359375 0.5763888890625 0.7359375 0.58194444375 0.7390625 0.5861111109375 0.7390625
0 0.8222222218749999 0.45625 0.8194444437499999 0.44921875 0.7986111109375 0.45078125 0.7986111109375 0.45625 0.8041666671875 0.4609375 0.8194444437499999 0.459375 0.8222222218749999 0.45625
0 0.43333333281249997 0.578125 0.43333333281249997 0.56953125 0.4236111109375 0.56796875 0.42083333281249996 0.56953125 0.42083333281249996 0.578125 0.43055555625 0.5796875 0.43333333281249997 0.578125
0 0.51944444375 0.646875 0.522222221875 0.6421875 0.51944444375 0.63203125 0.5013888890625 0.63046875 0.4986111109375 0.63203125 0.4986111109375 0.6421875 0.5097222218749999 0.646875 0.51944444375 0.646875
0 0.26944444375 0.6671875 0.26944444375 0.65703125 0.2638888890625 0.65546875 0.23472222187499997 0.65546875 0.23194444375 0.65703125 0.23472222187499997 0.66875 0.24583333281250003 0.671875 0.2611111109375 0.671875 0.26944444375 0.6671875
0 0.8819444437499999 0.7625 0.8888888890625 0.7609375 0.8888888890625 0.75546875 0.8861111109375001 0.7546875 0.8861111109375001 0.75078125 0.8680555562500001 0.74921875 0.8652777781250001 0.75078125 0.8652777781250001 0.765625 0.875 0.7671875 0.8819444437499999 0.7625
0 0.5125 0.20703125 0.5125 0.2109375 0.527777778125 0.2109375 0.527777778125 0.20703125 0.5125 0.20703125
0 0.15694444375 0.4421875 0.16388888906250001 0.4421875 0.175 0.4359375 0.172222221875 0.43046875 0.15694444375 0.43046875 0.1541666671875 0.43203125 0.1541666671875 0.440625 0.15694444375 0.4421875
0 0.83055555625 0.8203125 0.8416666671874999 0.8125 0.8416666671874999 0.80703125 0.8361111109375001 0.80546875 0.8236111109375001 0.80546875 0.8208333328125 0.80703125 0.8208333328125 0.8171875 0.8263888890625 0.8203125 0.83055555625 0.8203125
0 0.40138888906250003 0.26953125 0.40138888906250003 0.2734375 0.40833333281249995 0.2734375 0.40833333281249995 0.26953125 0.40138888906250003 0.26953125
0 0.65 0.36328125 0.64444444375 0.36171875 0.6208333328125 0.36328125 0.6236111109375 0.36875 0.6347222218749999 0.3703125 0.65 0.3671875 0.65 0.36328125
0 0.922222221875 0.78125 0.922222221875 0.77578125 0.9013888890624999 0.77421875 0.8986111109375001 0.7859375 0.9013888890624999 0.7875 0.9166666671874999 0.7859375 0.922222221875 0.78125
0 0.66944444375 0.35078125 0.6569444437499999 0.34921875 0.6541666671875 0.3578125 0.6569444437499999 0.3609375 0.6638888890625 0.3609375 0.66944444375 0.35078125
0 0.24444444375000002 0.38203125 0.2236111109375 0.38046875 0.2208333328125 0.3921875 0.2236111109375 0.39375 0.2416666671875 0.3921875 0.24444444375000002 0.38203125
0 0.1361111109375 0.4109375 0.14444444375 0.40234375 0.13888888906250002 0.39921875 0.12361111093749999 0.39921875 0.1208333328125 0.40078125 0.1208333328125 0.409375 0.12361111093749999 0.4109375 0.1361111109375 0.4109375
0 0.5666666671875 0.71953125 0.55694444375 0.71796875 0.5541666671875001 0.7265625 0.55694444375 0.7296875 0.5638888890625 0.7296875 0.5666666671875 0.71953125
0 0.47222222187499996 0.62421875 0.45694444375 0.62421875 0.45416666718750004 0.62578125 0.45694444375 0.63125 0.47222222187499996 0.63125 0.475 0.6296875 0.47222222187499996 0.62421875
0 0.627777778125 0.4796875 0.6333333328124999 0.47109375 0.627777778125 0.46796875 0.6125 0.46796875 0.609722221875 0.46953125 0.609722221875 0.4796875 0.6125 0.48125 0.627777778125 0.4796875
0 0.79444444375 0.45546875 0.7763888890625 0.45703125 0.7763888890625 0.4609375 0.7819444437499999 0.4640625 0.797222221875 0.4625 0.79444444375 0.45546875
0 0.415277778125 0.33671875 0.40972222187499996 0.33984375 0.4125 0.34375 0.43333333281249997 0.3421875 0.43055555625 0.33671875 0.415277778125 0.33671875
0 0.6111111109375 0.71796875 0.5986111109375 0.71953125 0.6013888890625 0.7265625 0.6166666671875001 0.7234375 0.6166666671875001 0.71953125 0.6111111109375 0.71796875
0 0.35694444375 0.46953125 0.35694444375 0.4734375 0.3638888890625 0.4734375 0.3638888890625 0.46953125 0.35694444375 0.46953125
0 0.3 0.6109375 0.3 0.60703125 0.29305555625 0.60546875 0.290277778125 0.60703125 0.290277778125 0.6109375 0.29722222187499997 0.6125 0.3 0.6109375
0 0.6208333328125 0.7421875 0.6347222218749999 0.7453125 0.652777778125 0.74375 0.6555555562500001 0.7421875 0.6555555562500001 0.73203125 0.652777778125 0.73046875 0.6263888890625 0.73203125 0.6208333328125 0.73671875 0.6208333328125 0.7421875
0 0.134722221875 0.7125 0.1416666671875 0.7125 0.15277777812499999 0.70625 0.15 0.69921875 0.134722221875 0.69921875 0.13194444375 0.70078125 0.13194444375 0.7109375 0.134722221875 0.7125
0 0.6416666671875 0.63125 0.64444444375 0.6296875 0.64444444375 0.62578125 0.6416666671875 0.62421875 0.6347222218749999 0.62421875 0.6319444437499999 0.62578125 0.6319444437499999 0.6296875 0.6347222218749999 0.63125 0.6416666671875 0.63125
0 0.577777778125 0.4109375 0.575 0.40546875 0.55694444375 0.40546875 0.5541666671875001 0.40703125 0.55694444375 0.4171875 0.5638888890625 0.4171875 0.5708333328124999 0.4125 0.577777778125 0.4109375
0 0.64444444375 0.6296875 0.64444444375 0.62578125 0.6416666671875 0.62421875 0.6236111109375 0.62421875 0.6208333328125 0.62578125 0.6208333328125 0.634375 0.6333333328124999 0.6359375 0.64444444375 0.6296875
0 0.45694444375 0.62421875 0.45416666718750004 0.62578125 0.45694444375 0.63125 0.48055555625 0.6296875 0.475 0.62421875 0.45694444375 0.62421875
0 0.8 0.4484375 0.8 0.44453125 0.797222221875 0.44296875 0.7791666671875 0.44296875 0.7763888890625 0.44453125 0.7791666671875 0.4515625 0.79444444375 0.453125 0.8 0.4484375
0 0.20833333281250002 0.6796875 0.20833333281250002 0.67265625 0.197222221875 0.66796875 0.190277778125 0.66796875 0.1875 0.6796875 0.190277778125 0.6828125 0.2 0.6828125 0.20833333281250002 0.6796875
0 0.675 0.78125 0.6833333328125 0.775 0.6833333328125 0.76953125 0.66805555625 0.76796875 0.665277778125 0.76953125 0.665277778125 0.778125 0.6708333328125 0.78125 0.675 0.78125
0 0.64444444375 0.43203125 0.6347222218749999 0.43046875 0.6319444437499999 0.4359375 0.6347222218749999 0.4390625 0.6416666671875 0.4390625 0.64444444375 0.43203125