0 0.0666666671875 0.6671875 0.0666666671875 0.65703125 0.0638888890625 0.65546875 0.0236111109375 0.65546875 0.0208333328125 0.65703125 0.0208333328125 0.6671875 0.029166667187500002 0.6703125 0.0416666671875 0.671875 0.0666666671875 0.6671875
0 0.2986111109375 0.6671875 0.3125 0.675 0.32777777812500003 0.675 0.3291666671875 0.6734375 0.3361111109375 0.6734375 0.35 0.665625 0.35 0.66328125 0.352777778125 0.6625 0.352777778125 0.65703125 0.34444444375 0.653125 0.3416666671875 0.64765625 0.3361111109375 0.64453125 0.33194444375 0.64453125 0.33055555625 0.64296875 0.30416666718749996 0.64296875 0.3013888890625 0.64453125 0.3013888890625 0.646875 0.2986111109375 0.64765625 0.2986111109375 0.6671875
0 0.25555555625 0.6125 0.25694444375000003 0.6140625 0.2638888890625 0.6140625 0.26527777812500003 0.6125 0.2833333328125 0.6125 0.29722222187499997 0.6015625 0.29722222187499997 0.59296875 0.28611111093749997 0.58671875 0.24583333281250003 0.58671875 0.24305555625 0.58828125 0.24305555625 0.6109375 0.24583333281250003 0.6125 0.25555555625 0.6125
0 0.8888888890625 0.58125 0.8916666671875 0.57578125 0.8861111109375001 0.56796875 0.85694444375 0.56796875 0.8541666671874999 0.56953125 0.8541666671874999 0.5828125 0.85694444375 0.5859375 0.877777778125 0.5859375 0.8888888890625 0.58125
0 0.12361111093749999 0.75 0.13333333281249998 0.7484375 0.13333333281249998 0.73359375 0.127777778125 0.73046875 0.090277778125 0.73046875 0.0875 0.73203125 0.090277778125 0.75 0.10138888906250001 0.753125 0.11944444375 0.753125 0.12361111093749999 0.75
0 0.1875 0.6453125 0.19444444375 0.6453125 0.19583333281249998 0.64375 0.20555555625 0.64375 0.21944444375 0.6359375 0.21944444375 0.62578125 0.21111111093749999 0.621875 0.21111111093749999 0.61953125 0.20833333281250002 0.61796875 0.16805555625 0.61796875 0.165277778125 0.61953125 0.165277778125 0.6359375 0.1763888890625 0.64375 0.1861111109375 0.64375 0.1875 0.6453125
0 0.12361111093749999 0.61875 0.13888888906250002 0.61875 0.14444444375 0.6140625 0.14444444375 0.60859375 0.12222222187500001 0.59921875 0.10138888906250001 0.59921875 0.0958333328125 0.60234375 0.0958333328125 0.6046875 0.090277778125 0.60546875 0.090277778125 0.6078125 0.0875 0.60859375 0.0875 0.6234375 0.090277778125 0.625 0.10833333281249999 0.625 0.12361111093749999 0.61875
0 0.8 0.57109375 0.8111111109375001 0.5671875 0.8083333328125001 0.55859375 0.8 0.55546875 0.76805555625 0.55546875 0.765277778125 0.55703125 0.765277778125 0.571875 0.7708333328125 0.575 0.797222221875 0.575 0.8 0.57109375
0 0.252777778125 0.6671875 0.259722221875 0.6625 0.2666666671875 0.6609375 0.2666666671875 0.64453125 0.2638888890625 0.64296875 0.23472222187499997 0.64296875 0.23194444375 0.64453125 0.23194444375 0.6609375 0.240277778125 0.665625 0.252777778125 0.6671875
0 0.102777778125 0.4734375 0.1111111109375 0.46875 0.1111111109375 0.45078125 0.10833333281249999 0.44921875 0.06805555625000001 0.44921875 0.06527777812499999 0.45078125 0.06527777812499999 0.471875 0.07083333281250001 0.475 0.102777778125 0.4734375
0 0.20833333281250002 0.4609375 0.21111111093749999 0.45703125 0.21944444375 0.4546875 0.21944444375 0.44453125 0.20416666718749998 0.44453125 0.19444444375 0.43828125 0.17916666718750002 0.43671875 0.1763888890625 0.43828125 0.1763888890625 0.4609375 0.17916666718750002 0.4625 0.20833333281250002 0.4609375
0 0.7138888890625 0.6046875 0.722222221875 0.5984375 0.722222221875 0.58828125 0.7194444437499999 0.58671875 0.690277778125 0.58671875 0.6875 0.58828125 0.6875 0.603125 0.69305555625 0.60625 0.7138888890625 0.6046875
0 0.1 0.54453125 0.0791666671875 0.54296875 0.07638888906249999 0.5546875 0.0791666671875 0.55625 0.097222221875 0.5546875 0.1 0.54453125
0 0.8458333328125001 0.42890625 0.8458333328125001 0.43125 0.85 0.43125 0.8541666671874999 0.43359375 0.85694444375 0.4375 0.8611111109375 0.4375 0.8625 0.4390625 0.877777778125 0.4390625 0.8791666671874999 0.4375 0.8833333328125 0.4375 0.8888888890625 0.434375 0.8888888890625 0.43203125 0.897222221875 0.428125 0.897222221875 0.42109375 0.8833333328125 0.41171875 0.8513888890624999 0.41171875 0.85 0.41328125 0.8458333328125001 0.41328125 0.8458333328125001 0.415625 0.8430555562500001 0.41640625 0.8430555562500001 0.428125 0.8458333328125001 0.42890625
0 0.20138888906250002 0.5 0.20833333281250002 0.4984375 0.21111111093749999 0.4953125 0.21111111093749999 0.48359375 0.20555555625 0.48046875 0.16805555625 0.48046875 0.165277778125 0.48203125 0.165277778125 0.5 0.17361111093749998 0.5046875 0.19444444375 0.5046875 0.20138888906250002 0.5
0 0.1208333328125 0.6859375 0.1263888890625 0.6890625 0.13055555624999998 0.6890625 0.13194444375 0.6875 0.15 0.6875 0.15555555625 0.684375 0.1583333328125 0.67109375 0.15277777812499999 0.66796875 0.134722221875 0.66796875 0.13194444375 0.671875 0.1208333328125 0.67578125 0.1208333328125 0.6859375
0 0.834722221875 0.446875 0.8416666671874999 0.446875 0.8430555562500001 0.4484375 0.85 0.4484375 0.8611111109375 0.4421875 0.8611111109375 0.43828125 0.85555555625 0.4359375 0.85555555625 0.43203125 0.8416666671874999 0.42421875 0.834722221875 0.42421875 0.83194444375 0.42578125 0.83194444375 0.44375 0.834722221875 0.44453125 0.834722221875 0.446875
0 0.22777777812500002 0.53125 0.23333333281250002 0.528125 0.23055555625 0.51171875 0.190277778125 0.51171875 0.1875 0.51328125 0.1875 0.521875 0.197222221875 0.525 0.20138888906250002 0.5296875 0.22777777812500002 0.53125
0 0.075 0.75 0.08055555625000001 0.7421875 0.077777778125 0.73203125 0.075 0.73046875 0.0458333328125 0.73046875 0.04305555625 0.73203125 0.0458333328125 0.7484375 0.05694444375 0.7515625 0.075 0.75
0 0.13194444375 0.4921875 0.1361111109375 0.4921875 0.14444444375 0.4875 0.14444444375 0.47578125 0.1416666671875 0.47421875 0.1125 0.47421875 0.0986111109375 0.48203125 0.0986111109375 0.4921875 0.10138888906250001 0.49375 0.13055555624999998 0.49375 0.13194444375 0.4921875
0 0.975 0.528125 0.9791666671874999 0.525 0.9861111109375 0.525 0.997222221875 0.5203125 0.9986111109375001 0.50859375 0.99444444375 0.50546875 0.9708333328125001 0.50546875 0.965277778125 0.50859375 0.9680555562500001 0.528125 0.975 0.528125
0 0.075 0.4875 0.077777778125 0.48046875 0.08055555625000001 0.4796875 0.08055555625000001 0.47734375 0.075 0.47421875 0.0458333328125 0.47421875 0.04305555625 0.47578125 0.04305555625 0.4859375 0.0486111109375 0.4890625 0.0638888890625 0.490625 0.075 0.4875
0 0.14444444375 0.4125 0.1458333328125 0.4109375 0.15277777812499999 0.4109375 0.15555555625 0.40234375 0.1583333328125 0.4015625 0.1583333328125 0.39609375 0.15277777812499999 0.39296875 0.1263888890625 0.39296875 0.1208333328125 0.39609375 0.1208333328125 0.4109375 0.12361111093749999 0.4125 0.14444444375 0.4125
0 0.877777778125 0.54453125 0.85694444375 0.54296875 0.8541666671874999 0.5609375 0.872222221875 0.5625 0.877777778125 0.559375 0.877777778125 0.54453125
0 0.3638888890625 0.6984375 0.377777778125 0.6921875 0.38055555625 0.6890625 0.377777778125 0.68046875 0.35972222187499997 0.68046875 0.35555555625 0.67578125 0.35 0.67421875 0.334722221875 0.67421875 0.33194444375 0.67578125 0.33194444375 0.6921875 0.34444444375 0.6953125 0.34861111093749997 0.6984375 0.3638888890625 0.6984375
0 0.8861111109375001 0.603125 0.897222221875 0.59375 0.897222221875 0.58984375 0.8888888890625 0.58671875 0.8680555562500001 0.58671875 0.8652777781250001 0.58828125 0.8680555562500001 0.6015625 0.8708333328125001 0.603125 0.8861111109375001 0.603125
0 0.3986111109375 0.6484375 0.41111111093749997 0.646875 0.41111111093749997 0.63671875 0.40833333281249995 0.63515625 0.39305555625 0.63359375 0.3861111109375 0.63046875 0.36805555624999997 0.63046875 0.365277778125 0.63203125 0.365277778125 0.6421875 0.36805555624999997 0.64375 0.3861111109375 0.64375 0.3986111109375 0.6484375
0 0.147222221875 0.42578125 0.12361111093749999 0.42421875 0.1208333328125 0.4359375 0.1416666671875 0.4375 0.147222221875 0.434375 0.147222221875 0.42578125
0 0.8027777781250001 0.61484375 0.797222221875 0.61171875 0.765277778125 0.61328125 0.76805555625 0.625 0.797222221875 0.625 0.8027777781250001 0.621875 0.8027777781250001 0.61484375
0 0.172222221875 0.5375 0.17916666718750002 0.5421875 0.1833333328125 0.5421875 0.184722221875 0.54375 0.197222221875 0.54375 0.1986111109375 0.5421875 0.20277777812500003 0.5421875 0.20833333281250002 0.5390625 0.21111111093749999 0.53359375 0.20833333281250002 0.5328125 0.20833333281250002 0.53046875 0.2 0.5265625 0.2 0.52421875 0.1888888890625 0.51796875 0.1763888890625 0.51796875 0.175 0.51953125 0.16805555625 0.51953125 0.16805555625 0.5234375 0.165277778125 0.52421875 0.165277778125 0.5359375 0.172222221875 0.5375
0 0.972222221875 0.6125 0.977777778125 0.609375 0.977777778125 0.59453125 0.975 0.59296875 0.9458333328125 0.59296875 0.94305555625 0.59453125 0.94305555625 0.6046875 0.959722221875 0.6125 0.972222221875 0.6125
0 0.6888888890625 0.60859375 0.6833333328125 0.60546875 0.6458333328125 0.60546875 0.64305555625 0.60703125 0.64305555625 0.615625 0.6458333328125 0.61875 0.675 0.61875 0.6861111109375 0.6140625 0.6888888890625 0.60859375
0 0.922222221875 0.55078125 0.9013888890624999 0.54921875 0.8986111109375001 0.5609375 0.9166666671874999 0.5625 0.922222221875 0.559375 0.922222221875 0.55078125
0 0.9986111109375001 0.5421875 0.997222221875 0.52421875 0.9791666671874999 0.52421875 0.9763888890624999 0.52578125 0.9763888890624999 0.5421875 0.99444444375 0.5453125 0.9986111109375001 0.5421875
0 0.6361111109375 0.6421875 0.6375 0.640625 0.64444444375 0.640625 0.6555555562500001 0.6359375 0.6555555562500001 0.63046875 0.6416666671875 0.62421875 0.6263888890625 0.62421875 0.6208333328125 0.62734375 0.6208333328125 0.6375 0.6236111109375 0.63828125 0.6236111109375 0.6421875 0.6361111109375 0.6421875
0 0.052777778124999994 0.40625 0.058333332812500006 0.39609375 0.052777778124999994 0.39296875 0.034722221875 0.39296875 0.03194444375 0.39453125 0.03194444375 0.4046875 0.034722221875 0.40625 0.052777778124999994 0.40625
0 0.675 0.6359375 0.6777777781250001 0.6328125 0.675 0.62109375 0.6638888890625 0.61796875 0.6458333328125 0.61796875 0.64305555625 0.61953125 0.64305555625 0.625 0.6486111109375 0.6328125 0.675 0.6359375
0 0.997222221875 0.6078125 0.9986111109375001 0.58203125 0.9875 0.58046875 0.9763888890624999 0.58671875 0.9763888890624999 0.6 0.98194444375 0.6078125 0.997222221875 0.6078125
0 0.9902777781250001 0.61171875 0.9875 0.6296875 0.997222221875 0.63125 0.9986111109375001 0.61328125 0.9902777781250001 0.61171875
0 0.034722221875 0.38125 0.0416666671875 0.38125 0.052777778124999994 0.3734375 0.05 0.36796875 0.034722221875 0.36796875 0.03194444375 0.36953125 0.03194444375 0.3796875 0.034722221875 0.38125
0 0.997222221875 0.61171875 0.9791666671874999 0.61171875 0.9763888890624999 0.628125 0.98194444375 0.63125 0.997222221875 0.63125 0.997222221875 0.61171875
0 0.172222221875 0.65 0.18055555625 0.646875 0.177777778125 0.63984375 0.16944444375 0.6359375 0.16944444375 0.63359375 0.16388888906250001 0.63046875 0.15694444375 0.63046875 0.1541666671875 0.63203125 0.1541666671875 0.6484375 0.15694444375 0.65 0.172222221875 0.65
0 0.13333333281249998 0.7109375 0.13055555624999998 0.70546875 0.1125 0.70546875 0.109722221875 0.70703125 0.1125 0.7171875 0.11944444375 0.7171875 0.1263888890625 0.7125 0.13333333281249998 0.7109375