0 0.59453125 0.015625 0.0390625 0.0234375
0 0.72578125 0.03828125 0.0265625 0.0109375
0 0.68984375 0.0609375 0.0375 0.01796875
0 0.63828125 0.0890625 0.0265625 0.0171875
0 0.81015625 0.0921875 0.0234375 0.01640625
0 0.609375 0.0984375 0.046875 0.0265625
0 0.7453125 0.10625 0.059375 0.03671875
0 0.69296875 0.11796875 0.03046875 0.021875
0 0.68671875 0.128125 0.040625 0.02890625
0 0.65859375 0.128125 0.021875 0.0234375
0 0.55546875 0.14921875 0.04453125 0.025
0 0.51328125 0.18671875 0.02109375 0.0171875
0 0.734375 0.2078125 0.04140625 0.025
0 0.83671875 0.2109375 0.04609375 0.02578125
0 0.659375 0.22421875 0.034375 0.0265625
0 0.5234375 0.2234375 0.0390625 0.0203125
0 0.9453125 0.240625 0.040625 0.02578125
0 0.521875 0.240625 0.0390625 0.01328125
0 0.59765625 0.25 0.0515625 0.02890625
0 0.021875 0.26640625 0.04375 0.0265625
0 0.1859375 0.27421875 0.028125 0.01875
0 0.1703125 0.28671875 0.034375 0.01875
0 0.8203125 0.303125 0.04609375 0.02578125
0 0.5765625 0.30234375 0.0359375 0.01875
0 0.85234375 0.31171875 0.0375 0.0265625
0 0.59921875 0.31640625 0.05703125 0.0265625
0 0.990625 0.321875 0.015625 0.0171875
0 0.159375 0.3265625 0.02109375 0.02265625
0 0.86875 0.3234375 0.0375 0.01484375
0 0.6515625 0.3421875 0.03046875 0.0203125
0 0.5390625 0.3515625 0.04453125 0.02734375
0 0.94375 0.3625 0.059375 0.0296875
0 0.29765625 0.365625 0.0375 0.00859375
0 0.546875 0.38359375 0.053125 0.0359375
0 0.28046875 0.396875 0.05 0.0265625
0 0.184375 0.396875 0.0234375 0.015625
0 0.81484375 0.4 0.0375 0.01953125
0 0.51796875 0.4125 0.05 0.02734375
0 0.4875 0.409375 0.04140625 0.01484375
0 0.9703125 0.4640625 0.0515625 0.02578125
0 0.440625 0.46328125 0.02109375 0.0140625
0 0.54375 0.4625 0.02890625 0.01171875
0 0.246875 0.490625 0.059375 0.03046875
0 0.98984375 0.503125 0.01796875 0.02265625
0 0.97890625 0.5234375 0.0359375 0.01640625
0 0.33125 0.534375 0.02890625 0.00859375
0 0.17578125 0.5546875 0.034375 0.01484375
0 0.64921875 0.6140625 0.0375 0.01953125
0 0.840625 0.621875 0.04609375 0.0125
0 0.44921875 0.6265625 0.04296875 0.01953125
0 0.4234375 0.64453125 0.0390625 0.025
0 0.8 0.653125 0.01953125 0.01640625
0 0.8734375 0.671875 0.04453125 0.01953125
0 0.86796875 0.6875 0.04140625 0.015625
0 0.91015625 0.8296875 0.040625 0.02734375