0 0.56328125 0.2953125 0.065625 0.0375
0 0.915625 0.30859375 0.078125 0.034375
0 0.90078125 0.3484375 0.0515625 0.03125
0 0.971875 0.35234375 0.05390625 0.03125
0 0.81015625 0.390625 0.0515625 0.02421875
0 0.95703125 0.4203125 0.06953125 0.04140625
0 0.90703125 0.446875 0.04453125 0.02421875
0 0.871875 0.45625 0.03046875 0.0234375
0 0.83828125 0.49296875 0.065625 0.034375
0 0.8890625 0.503125 0.046875 0.03203125
0 0.80546875 0.5078125 0.0359375 0.0265625
0 0.85234375 0.5734375 0.07890625 0.0390625
0 0.796875 0.5890625 0.05546875 0.02578125