0 0.3638888890625 0.25625 0.375 0.2484375 0.372222221875 0.23984375 0.3638888890625 0.23671875 0.3458333328125 0.23671875 0.34305555625 0.23828125 0.34305555625 0.2546875 0.3458333328125 0.25625 0.3638888890625 0.25625
0 0.34444444375 0.246875 0.34444444375 0.23828125 0.3236111109375 0.23671875 0.32083333281250004 0.2484375 0.3236111109375 0.2515625 0.3333333328125 0.2515625 0.34444444375 0.246875
0 0.39305555625 0.175 0.397222221875 0.175 0.39444444375 0.16796875 0.3763888890625 0.16953125 0.3791666671875 0.1796875 0.3861111109375 0.1796875 0.39305555625 0.175
0 0.40833333281249995 0.2484375 0.41111111093749997 0.24453125 0.41944444374999995 0.240625 0.41944444374999995 0.23828125 0.40833333281249995 0.23046875 0.40138888906250003 0.23046875 0.3986111109375 0.23203125 0.3986111109375 0.246875 0.40138888906250003 0.2484375 0.40833333281249995 0.2484375
0 0.49444444374999996 0.20546875 0.4791666671875 0.20546875 0.4763888890625 0.20703125 0.4763888890625 0.2109375 0.48194444374999995 0.2140625 0.497222221875 0.2109375 0.49444444374999996 0.20546875
0 0.522222221875 0.43203125 0.490277778125 0.43046875 0.490277778125 0.45 0.5166666671875 0.45 0.522222221875 0.446875 0.522222221875 0.43203125
0 0.44444444375 0.2359375 0.44444444375 0.23203125 0.44166666718750003 0.23046875 0.4236111109375 0.23046875 0.42083333281249996 0.23203125 0.42083333281249996 0.240625 0.43333333281249997 0.2421875 0.44444444375 0.2359375
0 0.522222221875 0.54609375 0.5305555562500001 0.5421875 0.5305555562500001 0.53359375 0.522222221875 0.53046875 0.5125 0.53046875 0.5097222218749999 0.53203125 0.5097222218749999 0.5484375 0.51944444375 0.55 0.522222221875 0.54609375
0 0.48472222187499997 0.671875 0.497222221875 0.671875 0.5083333328124999 0.6671875 0.5111111109375 0.65703125 0.5083333328124999 0.65390625 0.497222221875 0.64921875 0.4791666671875 0.64921875 0.4763888890625 0.65078125 0.4763888890625 0.6671875 0.4791666671875 0.6703125 0.48472222187499997 0.671875
0 0.497222221875 0.24453125 0.4916666671875 0.24296875 0.46805555625000006 0.24296875 0.46527777812500004 0.24453125 0.46805555625000006 0.25625 0.4861111109375 0.25625 0.497222221875 0.25 0.497222221875 0.24453125
0 0.8222222218749999 0.41484375 0.8166666671874999 0.41171875 0.8013888890624999 0.41171875 0.7986111109375 0.41328125 0.8013888890624999 0.4265625 0.8194444437499999 0.425 0.8222222218749999 0.41484375
0 0.5138888890625 0.4234375 0.5138888890625 0.41484375 0.5083333328124999 0.41171875 0.490277778125 0.41171875 0.4875 0.4296875 0.502777778125 0.43125 0.5083333328124999 0.4296875 0.5138888890625 0.4234375
0 0.40833333281249995 0.2296875 0.40833333281249995 0.22734375 0.41944444374999995 0.2234375 0.4166666671875 0.21796875 0.3986111109375 0.21953125 0.3986111109375 0.225 0.40416666718750005 0.2296875 0.40833333281249995 0.2296875
0 0.5013888890625 0.275 0.5083333328124999 0.275 0.51944444375 0.26875 0.5166666671875 0.26171875 0.5013888890625 0.26171875 0.4986111109375 0.26328125 0.4986111109375 0.2734375 0.5013888890625 0.275
0 0.5986111109375 0.3453125 0.6111111109375 0.3421875 0.6111111109375 0.33359375 0.60555555625 0.33046875 0.5875 0.33046875 0.5763888890625 0.33671875 0.5791666671875 0.3484375 0.597222221875 0.3484375 0.5986111109375 0.3453125
0 0.56805555625 0.325 0.575 0.325 0.5888888890625 0.3171875 0.5888888890625 0.31328125 0.5861111109375 0.31171875 0.56805555625 0.31171875 0.565277778125 0.31328125 0.565277778125 0.3234375 0.56805555625 0.325
0 0.434722221875 0.1984375 0.44166666718750003 0.1984375 0.4486111109375 0.19375 0.45555555625000005 0.1921875 0.4583333328125 0.18359375 0.45277777812500003 0.18046875 0.4375 0.18046875 0.43194444374999996 0.18359375 0.43194444374999996 0.1953125 0.434722221875 0.1984375
0 0.477777778125 0.1515625 0.477777778125 0.14453125 0.475 0.14296875 0.45694444375 0.14296875 0.45416666718750004 0.14453125 0.45694444375 0.1515625 0.47222222187499996 0.1546875 0.477777778125 0.1515625
0 0.097222221875 0.36171875 0.0791666671875 0.36171875 0.07638888906249999 0.36328125 0.07638888906249999 0.371875 0.0861111109375 0.3734375 0.1 0.3671875 0.1 0.36328125 0.097222221875 0.36171875
0 0.7791666671875 0.41171875 0.7763888890625 0.4171875 0.7888888890625 0.41875 0.7888888890625 0.41328125 0.7791666671875 0.41171875
0 0.16388888906250001 0.59375 0.1666666671875 0.590625 0.16388888906250001 0.58046875 0.1458333328125 0.58046875 0.14305555625 0.58203125 0.1458333328125 0.596875 0.16388888906250001 0.59375
0 0.31944444375000003 0.38046875 0.309722221875 0.38203125 0.3125 0.3875 0.325 0.3859375 0.325 0.38203125 0.31944444375000003 0.38046875
0 0.5638888890625 0.43359375 0.5555555562500001 0.43046875 0.534722221875 0.43046875 0.5319444437499999 0.43203125 0.534722221875 0.4453125 0.5527777781250001 0.4453125 0.5638888890625 0.440625 0.5638888890625 0.43359375
0 0.06944444375 0.36328125 0.05694444375 0.36171875 0.054166667187499996 0.3734375 0.0638888890625 0.375 0.06944444375 0.36875 0.06944444375 0.36328125
0 0.40555555625000006 0.6046875 0.40555555625000006 0.59609375 0.4 0.59296875 0.39027777812500003 0.59296875 0.3875 0.59453125 0.3875 0.6109375 0.397222221875 0.6125 0.40555555625000006 0.6046875
0 0.547222221875 0.2671875 0.547222221875 0.25703125 0.5236111109375 0.25546875 0.5208333328125 0.25703125 0.5208333328125 0.2671875 0.5319444437499999 0.2703125 0.547222221875 0.2671875
0 0.27777777812500004 0.56953125 0.25694444375000003 0.56796875 0.2541666671875 0.590625 0.259722221875 0.59375 0.275 0.59375 0.27777777812500004 0.56953125
0 0.3541666671875 0.6015625 0.35694444375 0.603125 0.36666666718749996 0.603125 0.375 0.596875 0.375 0.58984375 0.372222221875 0.58828125 0.36805555624999997 0.58828125 0.36666666718749996 0.58671875 0.3458333328125 0.58671875 0.34305555625 0.58828125 0.3458333328125 0.5953125 0.3541666671875 0.59921875 0.3541666671875 0.6015625
0 0.1 0.3984375 0.1 0.39453125 0.097222221875 0.39296875 0.0791666671875 0.39296875 0.07638888906249999 0.39453125 0.07638888906249999 0.4015625 0.0791666671875 0.4046875 0.0861111109375 0.4046875 0.1 0.3984375
0 0.42222222187499997 0.57109375 0.43055555625 0.5671875 0.43055555625 0.56328125 0.4125 0.56171875 0.40972222187499996 0.56328125 0.40972222187499996 0.5734375 0.41944444374999995 0.575 0.42222222187499997 0.57109375
0 0.54444444375 0.659375 0.54444444375 0.65078125 0.5416666671875 0.64921875 0.5236111109375 0.64921875 0.5208333328125 0.6546875 0.534722221875 0.6609375 0.5416666671875 0.6609375 0.54444444375 0.659375
0 0.56805555625 0.6 0.575 0.6 0.5888888890625 0.590625 0.5888888890625 0.58203125 0.5861111109375 0.58046875 0.56805555625 0.58046875 0.565277778125 0.58203125 0.565277778125 0.5984375 0.56805555625 0.6
0 0.1833333328125 0.56171875 0.15694444375 0.56171875 0.1541666671875 0.56328125 0.15694444375 0.5734375 0.172222221875 0.5734375 0.1861111109375 0.56875 0.1833333328125 0.56171875
0 0.6777777781250001 0.72578125 0.6569444437499999 0.72421875 0.6541666671875 0.72578125 0.6569444437499999 0.740625 0.675 0.7421875 0.6777777781250001 0.72578125
0 0.5666666671875 0.24375 0.5666666671875 0.23359375 0.5611111109375 0.23046875 0.5458333328125 0.23046875 0.54305555625 0.23203125 0.5458333328125 0.24375 0.5638888890625 0.246875 0.5666666671875 0.24375
0 0.44444444375 0.36953125 0.4236111109375 0.36796875 0.42083333281249996 0.36953125 0.4236111109375 0.384375 0.44166666718750003 0.3859375 0.44444444375 0.36953125
0 0.5 0.2984375 0.5 0.28828125 0.490277778125 0.28671875 0.4875 0.28828125 0.4875 0.2984375 0.497222221875 0.3 0.5 0.2984375
0 0.49444444374999996 0.1734375 0.5 0.1703125 0.502777778125 0.16484375 0.497222221875 0.16171875 0.4791666671875 0.16171875 0.4763888890625 0.16328125 0.4763888890625 0.1734375 0.4791666671875 0.175 0.49444444374999996 0.1734375
0 0.2375 0.52734375 0.23194444375 0.53203125 0.23194444375 0.5421875 0.24583333281250003 0.5453125 0.272222221875 0.5421875 0.27638888906250003 0.5390625 0.2888888890625 0.5359375 0.2888888890625 0.52578125 0.28611111093749997 0.52421875 0.25694444375000003 0.52421875 0.25555555625 0.52578125 0.2375 0.52734375
0 0.5236111109375 0.70625 0.5416666671875 0.7046875 0.54444444375 0.7015625 0.5416666671875 0.69296875 0.5319444437499999 0.69296875 0.5236111109375 0.69609375 0.5208333328125 0.69921875 0.5236111109375 0.70625
0 0.46805555625000006 0.7015625 0.477777778125 0.7015625 0.4791666671875 0.7 0.4861111109375 0.7 0.4916666671875 0.696875 0.4916666671875 0.69453125 0.4888888890625 0.69375 0.4888888890625 0.68828125 0.48472222187499997 0.68828125 0.48333333281249996 0.68671875 0.47361111093749997 0.68671875 0.46388888906250003 0.68046875 0.4458333328125 0.68046875 0.44305555625000004 0.68203125 0.44305555625000004 0.6921875 0.45694444375 0.6984375 0.4611111109375 0.6984375 0.46805555625000006 0.7015625
0 0.5416666671875 0.75625 0.54444444375 0.7546875 0.54444444375 0.75078125 0.5416666671875 0.74921875 0.534722221875 0.74921875 0.5319444437499999 0.75078125 0.5319444437499999 0.7546875 0.534722221875 0.75625 0.5416666671875 0.75625
0 0.28055555625 0.33984375 0.275 0.33671875 0.26805555625 0.33671875 0.26527777812500003 0.33828125 0.26527777812500003 0.3484375 0.275 0.35 0.28055555625 0.33984375
0 0.352777778125 0.48203125 0.334722221875 0.48046875 0.33194444375 0.4921875 0.334722221875 0.49375 0.35 0.4921875 0.352777778125 0.48203125
0 0.11388888906250001 0.64375 0.11388888906250001 0.63359375 0.10833333281249999 0.63046875 0.090277778125 0.63046875 0.0875 0.63203125 0.090277778125 0.6515625 0.10833333281249999 0.65 0.11388888906250001 0.64375
0 0.2611111109375 0.33828125 0.24583333281250003 0.33671875 0.24583333281250003 0.3453125 0.25555555625 0.3453125 0.2611111109375 0.3421875 0.2611111109375 0.33828125
0 0.1111111109375 0.35078125 0.090277778125 0.34921875 0.0875 0.35078125 0.090277778125 0.3609375 0.10833333281249999 0.3625 0.1111111109375 0.35078125
0 0.6236111109375 0.43125 0.6361111109375 0.4296875 0.6361111109375 0.42734375 0.64444444375 0.4234375 0.6416666671875 0.41796875 0.6236111109375 0.41796875 0.6208333328125 0.41953125 0.6208333328125 0.4296875 0.6236111109375 0.43125
0 0.48055555625 0.60546875 0.46527777812500004 0.60703125 0.46805555625000006 0.6125 0.4861111109375 0.6109375 0.4861111109375 0.60703125 0.48055555625 0.60546875
0 0.497222221875 0.53671875 0.490277778125 0.53671875 0.4875 0.5421875 0.5 0.54375 0.502777778125 0.53984375 0.497222221875 0.53671875
0 0.275 0.540625 0.2888888890625 0.5359375 0.2888888890625 0.52578125 0.28611111093749997 0.52421875 0.26805555625 0.52421875 0.26527777812500003 0.52578125 0.26805555625 0.540625 0.275 0.540625
0 0.63055555625 0.703125 0.63055555625 0.69453125 0.6125 0.69296875 0.609722221875 0.69453125 0.609722221875 0.709375 0.622222221875 0.7109375 0.63055555625 0.703125
0 0.50555555625 0.628125 0.5083333328124999 0.61953125 0.490277778125 0.61796875 0.4875 0.61953125 0.4875 0.6296875 0.497222221875 0.63125 0.50555555625 0.628125
0 0.43333333281249997 0.2609375 0.43333333281249997 0.25078125 0.4236111109375 0.24921875 0.42083333281249996 0.25078125 0.42083333281249996 0.2609375 0.43055555625 0.2625 0.43333333281249997 0.2609375
0 0.29722222187499997 0.4375 0.3 0.4359375 0.3 0.43203125 0.29722222187499997 0.43046875 0.290277778125 0.43046875 0.2875 0.43203125 0.2875 0.4359375 0.290277778125 0.4375 0.29722222187499997 0.4375
0 0.490277778125 0.14453125 0.490277778125 0.1484375 0.497222221875 0.1484375 0.497222221875 0.14453125 0.490277778125 0.14453125
0 0.46944444374999994 0.16484375 0.46388888906250003 0.16171875 0.45694444375 0.16171875 0.45416666718750004 0.16328125 0.45416666718750004 0.171875 0.46388888906250003 0.1734375 0.46944444374999994 0.16484375
0 0.7916666671875 0.58828125 0.7791666671875 0.58671875 0.7763888890625 0.5921875 0.7791666671875 0.59375 0.7888888890625 0.59375 0.7916666671875 0.58828125
0 0.384722221875 0.6109375 0.397222221875 0.6125 0.40277777812500004 0.609375 0.40277777812500004 0.60546875 0.40555555625000006 0.6046875 0.40555555625000006 0.59609375 0.4 0.59296875 0.3791666671875 0.59296875 0.3763888890625 0.59453125 0.3763888890625 0.6046875 0.38194444375000003 0.60703125 0.384722221875 0.6109375
0 0.14444444375 0.340625 0.14444444375 0.33203125 0.134722221875 0.33046875 0.13194444375 0.33203125 0.13194444375 0.340625 0.1416666671875 0.3421875 0.14444444375 0.340625
0 0.7 0.596875 0.7 0.58828125 0.690277778125 0.58671875 0.6875 0.58828125 0.6875 0.596875 0.6972222218749999 0.5984375 0.7 0.596875
0 0.4916666671875 0.521875 0.49444444374999996 0.51328125 0.4791666671875 0.51171875 0.4763888890625 0.51328125 0.4763888890625 0.5234375 0.4861111109375 0.525 0.4916666671875 0.521875
0 0.6611111109375 0.69375 0.6666666671875 0.6921875 0.6666666671875 0.68203125 0.652777778125 0.67421875 0.6458333328125 0.67421875 0.64305555625 0.67578125 0.64305555625 0.6921875 0.6458333328125 0.69375 0.6611111109375 0.69375
0 0.63055555625 0.72421875 0.6013888890625 0.72421875 0.5986111109375 0.72578125 0.6013888890625 0.740625 0.6166666671875001 0.740625 0.6333333328124999 0.7359375 0.63055555625 0.72421875