0 0.1390625 0.4640625 0.0359375 0.02109375
0 0.05234375 0.5046875 0.04609375 0.02421875
0 0.2375 0.53125 0.04140625 0.025
0 0.29140625 0.53125 0.025 0.0171875
0 0.271875 0.5359375 0.0390625 0.02578125
0 0.053125 0.56171875 0.03046875 0.01875
0 0.31875 0.6984375 0.02890625 0.01796875
0 0.3171875 0.70859375 0.02890625 0.0140625
0 0.52890625 0.7140625 0.025 0.02421875
0 0.82265625 0.39765625 0.01875 0.0125
0 0.846875 0.3953125 0.01796875 0.01328125
0 0.76796875 0.421875 0.02109375 0.0109375
0 0.7515625 0.4 0.01953125 0.0109375
0 0.734375 0.38671875 0.01796875 0.0125
0 0.75546875 0.38671875 0.01875 0.0109375
0 0.78828125 0.3875 0.0171875 0.0109375
0 0.8078125 0.38671875 0.015625 0.0078125
0 0.6640625 0.4171875 0.01875 0.009375
0 0.60625 0.4234375 0.01953125 0.01015625
0 0.6640625 0.4 0.015625 0.00859375
0 0.646875 0.3671875 0.01640625 0.0109375
0 0.6796875 0.37421875 0.01484375 0.009375
0 0.6640625 0.37890625 0.0171875 0.0078125
0 0.77734375 0.3421875 0.01953125 0.0109375
0 0.70390625 0.34765625 0.021875 0.01171875
0 0.73125 0.34453125 0.01953125 0.01015625
0 0.6875 0.2953125 0.01640625 0.01015625
0 0.6671875 0.296875 0.015625 0.009375
0 0.6765625 0.3125 0.015625 0.0109375
0 0.48046875 0.440625 0.0203125 0.0125
0 0.4328125 0.35859375 0.01640625 0.0109375
0 0.5 0.29609375 0.01328125 0.00859375
0 0.5015625 0.32578125 0.01328125 0.0078125
0 0.8375 0.3296875 0.01015625 0.0078125
0 0.80625 0.3140625 0.0078125 0.0046875
0 0.96015625 0.31875 0.01484375 0.009375
0 0.9578125 0.334375 0.009375 0.00859375
0 0.2 0.2765625 0.0171875 0.01015625
0 0.22578125 0.27890625 0.0171875 0.00859375
0 0.2484375 0.33125 0.015625 0.009375
0 0.3375 0.325 0.01015625 0.009375
0 0.30078125 0.3234375 0.0140625 0.0078125
0 0.26953125 0.31171875 0.0109375 0.00703125