0 0.055555556250000006 0.33125 0.055555556250000006 0.31484375 0.05 0.31171875 0.0125 0.31171875 0.009722221875000001 0.3359375 0.0125 0.3375 0.05 0.3359375 0.055555556250000006 0.33125
0 0.0416666671875 0.30625 0.055555556250000006 0.296875 0.055555556250000006 0.28828125 0.052777778124999994 0.2875 0.052777778124999994 0.28359375 0.04444444375 0.28046875 0.015277778124999999 0.28046875 0.009722221875000001 0.28359375 0.009722221875000001 0.3046875 0.0125 0.30625 0.0416666671875 0.30625
0 0.0236111109375 0.421875 0.03194444375 0.425 0.061111110937500004 0.425 0.072222221875 0.4171875 0.072222221875 0.41328125 0.06944444375 0.4125 0.0666666671875 0.40703125 0.059722221875 0.40546875 0.05 0.39921875 0.0236111109375 0.39921875 0.0208333328125 0.40078125 0.0208333328125 0.41875 0.0236111109375 0.41953125 0.0236111109375 0.421875
0 0.2638888890625 0.475 0.2666666671875 0.4734375 0.2666666671875 0.45703125 0.2638888890625 0.45546875 0.23472222187499997 0.45546875 0.23194444375 0.45703125 0.23194444375 0.4734375 0.23472222187499997 0.475 0.2638888890625 0.475
0 0.40555555625000006 0.7078125 0.4125 0.7125 0.4388888890625 0.7125 0.440277778125 0.7109375 0.44444444375 0.7109375 0.44444444375 0.70859375 0.4486111109375 0.70625 0.45555555625000005 0.7046875 0.45555555625000005 0.68984375 0.45 0.68671875 0.415277778125 0.68671875 0.3986111109375 0.69453125 0.3986111109375 0.7046875 0.40138888906250003 0.70546875 0.40138888906250003 0.7078125 0.40555555625000006 0.7078125
0 0.1833333328125 0.5046875 0.1833333328125 0.49609375 0.175 0.49296875 0.1625 0.49296875 0.15277777812499999 0.49765625 0.14861111093749999 0.49765625 0.1416666671875 0.49296875 0.134722221875 0.49296875 0.13194444375 0.49453125 0.13194444375 0.509375 0.1375 0.5125 0.175 0.5125 0.1833333328125 0.5046875
0 0.39444444375 0.5421875 0.397222221875 0.53828125 0.39444444375 0.53203125 0.3888888890625 0.5296875 0.3888888890625 0.52578125 0.36805555624999997 0.52421875 0.365277778125 0.52578125 0.365277778125 0.5421875 0.36805555624999997 0.54375 0.39444444375 0.5421875
0 0.058333332812500006 0.35078125 0.0666666671875 0.3484375 0.0638888890625 0.33984375 0.055555556250000006 0.33671875 0.0236111109375 0.33671875 0.0208333328125 0.33828125 0.0208333328125 0.3515625 0.029166667187500002 0.35625 0.052777778124999994 0.35625 0.058333332812500006 0.35078125
0 0.3611111109375 0.525 0.3611111109375 0.51953125 0.35555555625 0.51796875 0.3236111109375 0.51796875 0.32083333281250004 0.51953125 0.3236111109375 0.5359375 0.35 0.5359375 0.3611111109375 0.525
0 0.41111111093749997 0.51953125 0.39027777812500003 0.51796875 0.3875 0.51953125 0.39027777812500003 0.534375 0.40833333281249995 0.5359375 0.41111111093749997 0.51953125
0 0.16944444375 0.55703125 0.15694444375 0.55546875 0.1541666671875 0.5640625 0.15694444375 0.5671875 0.16388888906250001 0.5671875 0.16944444375 0.55703125
0 0.0791666671875 0.478125 0.0875 0.48203125 0.0875 0.484375 0.097222221875 0.4859375 0.10555555624999999 0.478125 0.10555555624999999 0.46953125 0.097222221875 0.46171875 0.0791666671875 0.46171875 0.07638888906249999 0.46328125 0.07638888906249999 0.4734375 0.0791666671875 0.47421875 0.0791666671875 0.478125
0 0.0875 0.48359375 0.0875 0.490625 0.1 0.490625 0.10555555624999999 0.484375 0.102777778125 0.48125 0.10555555624999999 0.47109375 0.1 0.46796875 0.0791666671875 0.46796875 0.07638888906249999 0.4734375 0.0791666671875 0.47421875 0.0791666671875 0.478125 0.0875 0.48359375