0 0.67578125 0.0078125 0.0578125 0.015625
0 0.784375 0.0203125 0.05 0.03359375
0 0.39140625 0.034375 0.05 0.02734375
0 0.46796875 0.0375 0.0390625 0.028125
0 0.43046875 0.0390625 0.04140625 0.02421875
0 0.19140625 0.04609375 0.0609375 0.028125
0 0.053125 0.0515625 0.04609375 0.03125
0 0.94609375 0.05625 0.06640625 0.03984375
0 0.71171875 0.07109375 0.0765625 0.0484375
0 0.4515625 0.05859375 0.04140625 0.021875
0 0.0234375 0.0671875 0.046875 0.0265625
0 0.24921875 0.084375 0.05390625 0.03046875
0 0.03828125 0.08125 0.04296875 0.021875
0 0.7625 0.09296875 0.05 0.040625
0 0.10859375 0.084375 0.04140625 0.021875
0 0.47890625 0.09375 0.05 0.02890625
0 0.66875 0.1015625 0.05703125 0.04296875
0 0.13671875 0.09296875 0.0375 0.0203125
0 0.409375 0.0921875 0.0390625 0.01796875
0 0.52890625 0.10625 0.05546875 0.0296875
0 0.9125 0.1125 0.0640625 0.03984375
0 0.0625 0.103125 0.03359375 0.01875
0 0.603125 0.1078125 0.0359375 0.02421875
0 0.203125 0.1125 0.04453125 0.02734375
0 0.5734375 0.1140625 0.046875 0.025
0 0.83046875 0.1265625 0.08046875 0.04609375
0 0.0125 0.11953125 0.025 0.01875
0 0.2484375 0.1234375 0.025 0.01328125
0 0.5328125 0.13203125 0.05390625 0.0296875
0 0.053125 0.13125 0.02890625 0.02109375
0 0.6953125 0.1390625 0.040625 0.03359375
0 0.21015625 0.14140625 0.04609375 0.0359375
0 0.3109375 0.14453125 0.04453125 0.0421875
0 0.5609375 0.1453125 0.04140625 0.02265625
0 0.79140625 0.1625 0.0890625 0.04921875
0 0.0765625 0.15 0.04453125 0.0234375
0 0.04453125 0.1484375 0.021875 0.01640625
0 0.15625 0.1546875 0.034375 0.01875
0 0.5234375 0.1625 0.075 0.03359375
0 0.103125 0.1671875 0.03046875 0.01484375
0 0.44765625 0.1734375 0.05390625 0.025
0 0.16328125 0.1734375 0.03203125 0.01484375
0 0.0671875 0.1875 0.02890625 0.02265625
0 0.60390625 0.2046875 0.05546875 0.03125
0 0.6953125 0.20859375 0.0515625 0.0328125
0 0.059375 0.2046875 0.025 0.0171875
0 0.521875 0.21796875 0.05703125 0.0375
0 0.04921875 0.2171875 0.040625 0.02265625
0 0.14609375 0.221875 0.0609375 0.03046875
0 0.42578125 0.23515625 0.065625 0.0390625
0 0.371875 0.25 0.059375 0.03828125
0 0.159375 0.2484375 0.046875 0.01953125
0 0.1046875 0.259375 0.0375 0.0234375
0 0.30234375 0.2625 0.02890625 0.02421875
0 0.85859375 0.2671875 0.053125 0.021875
0 0.3578125 0.26875 0.0484375 0.02421875
0 0.6390625 0.2828125 0.05859375 0.02734375
0 0.22265625 0.2859375 0.034375 0.02890625
0 0.26953125 0.2921875 0.05 0.03046875
0 0.1453125 0.3 0.0375 0.0265625
0 0.753125 0.3140625 0.05390625 0.02265625
0 0.203125 0.3125 0.05859375 0.01640625
0 0.2625 0.3234375 0.053125 0.02578125
0 0.1828125 0.325 0.040625 0.01875
0 0.08046875 0.3359375 0.0359375 0.01953125
0 0.14375 0.353125 0.0375 0.015625
0 0.5109375 0.35859375 0.04140625 0.025
0 0.159375 0.3671875 0.025 0.01640625
0 0.228125 0.4125 0.040625 0.02265625
0 0.7046875 0.4328125 0.03203125 0.01796875
0 0.3375 0.4453125 0.03359375 0.01640625
0 0.04921875 0.4671875 0.0375 0.02421875
0 0.721875 0.47109375 0.065625 0.0296875
0 0.3296875 0.478125 0.040625 0.01796875
0 0.03359375 0.4921875 0.0390625 0.02109375
0 0.0078125 0.49765625 0.015625 0.021875
0 0.6171875 0.4984375 0.04296875 0.0234375
0 0.353125 0.50625 0.04453125 0.02421875
0 0.4890625 0.53984375 0.053125 0.0265625
0 0.5734375 0.5515625 0.03359375 0.01953125
0 0.959375 0.6078125 0.0640625 0.02890625
0 0.8203125 0.62578125 0.059375 0.0328125
0 0.459375 0.66875 0.05 0.025
0 0.13515625 0.7109375 0.03203125 0.02265625
0 0.40546875 0.7171875 0.0609375 0.03203125