0 0.546875 0.1671875 0.0375 0.025
0 0.5453125 0.18359375 0.0484375 0.021875
0 0.02421875 0.20625 0.040625 0.028125
0 0.03984375 0.290625 0.03203125 0.0171875
0 0.009375 0.38203125 0.01796875 0.0203125
0 0.084375 0.384375 0.0375 0.0234375
0 0.0390625 0.38671875 0.0359375 0.0171875
0 0.040625 0.409375 0.02890625 0.01796875
0 0.10546875 0.415625 0.0359375 0.01953125
0 0.584375 0.4265625 0.028125 0.01640625
0 0.0125 0.459375 0.025 0.01796875
0 0.1046875 0.51640625 0.0234375 0.0203125
0 0.5296875 0.5328125 0.034375 0.0125
0 0.14921875 0.5765625 0.040625 0.02265625
0 0.31953125 0.5796875 0.028125 0.01640625
0 0.165625 0.58984375 0.025 0.015625
0 0.53515625 0.6265625 0.05703125 0.0328125
0 0.32578125 0.63125 0.04296875 0.0234375
0 0.18671875 0.6265625 0.02109375 0.01171875
0 0.465625 0.759375 0.0390625 0.02890625
0 0.93046875 0.7609375 0.04453125 0.0234375
0 0.62265625 0.7703125 0.0265625 0.01328125
0 0.8046875 0.8015625 0.0515625 0.02109375
0 0.1625 0.80546875 0.025 0.01875
0 0.77421875 0.80625 0.02109375 0.0140625
0 0.4546875 0.834375 0.0375 0.0359375
0 0.3671875 0.9 0.06796875 0.03515625
0 0.596875 0.90234375 0.0375 0.01875
0 0.659375 0.90859375 0.05 0.021875