0 0.42222222187499997 0.43125 0.42222222187499997 0.41953125 0.39027777812500003 0.41796875 0.3875 0.4359375 0.39027777812500003 0.4375 0.4166666671875 0.4359375 0.42222222187499997 0.43125
0 0.36805555624999997 0.53125 0.38333333281250004 0.5296875 0.3888888890625 0.5265625 0.3916666671875 0.51953125 0.39444444375 0.51875 0.39444444375 0.51328125 0.3861111109375 0.50546875 0.35694444375 0.50546875 0.3541666671875 0.50703125 0.3541666671875 0.525 0.35694444375 0.528125 0.36805555624999997 0.53125
0 0.5555555562500001 0.434375 0.5555555562500001 0.42578125 0.5527777781250001 0.42421875 0.5125 0.42421875 0.5097222218749999 0.42578125 0.5125 0.4421875 0.5416666671875 0.44375 0.54444444375 0.43984375 0.5555555562500001 0.434375
0 0.5666666671875 0.3515625 0.5694444437499999 0.33828125 0.5458333328125 0.33671875 0.54305555625 0.33828125 0.54305555625 0.3546875 0.5583333328125 0.35625 0.5666666671875 0.3515625
0 0.5111111109375 0.55703125 0.4791666671875 0.55546875 0.4763888890625 0.5734375 0.50555555625 0.575 0.5111111109375 0.571875 0.5111111109375 0.55703125
0 0.6013888890625 0.9890625 0.63055555625 0.9875 0.6333333328124999 0.98359375 0.64444444375 0.9796875 0.64444444375 0.97109375 0.647222221875 0.9703125 0.64444444375 0.95078125 0.590277778125 0.94921875 0.5875 0.95078125 0.5875 0.9796875 0.5930555562500001 0.9859375 0.6013888890625 0.9890625
0 0.5111111109375 0.41328125 0.5083333328124999 0.41171875 0.4791666671875 0.41171875 0.4763888890625 0.41328125 0.4791666671875 0.4296875 0.497222221875 0.4296875 0.5111111109375 0.4234375 0.5111111109375 0.41328125
0 0.2958333328125 0.7265625 0.3138888890625 0.7265625 0.3333333328125 0.7171875 0.3333333328125 0.70703125 0.33055555625 0.70546875 0.290277778125 0.70546875 0.2875 0.70703125 0.2875 0.7234375 0.290277778125 0.725 0.29444444375 0.725 0.2958333328125 0.7265625
0 0.6972222218749999 0.39375 0.6986111109375 0.3921875 0.7083333328125 0.3921875 0.722222221875 0.384375 0.722222221875 0.37421875 0.7194444437499999 0.3734375 0.7194444437499999 0.37109375 0.7166666671875 0.36953125 0.7125 0.36953125 0.7111111109375 0.36796875 0.6791666671875001 0.36796875 0.6763888890625 0.36953125 0.6763888890625 0.3859375 0.69305555625 0.39375 0.6972222218749999 0.39375
0 0.547222221875 0.20234375 0.5416666671875 0.19921875 0.5125 0.19921875 0.5097222218749999 0.2171875 0.5416666671875 0.21875 0.547222221875 0.2125 0.547222221875 0.20234375
0 0.54305555625 0.425 0.5611111109375 0.425 0.5694444437499999 0.4203125 0.5694444437499999 0.41796875 0.575 0.415625 0.5722222218749999 0.40859375 0.5638888890625 0.40546875 0.534722221875 0.40546875 0.5319444437499999 0.40703125 0.5319444437499999 0.41875 0.534722221875 0.41953125 0.534722221875 0.421875 0.54305555625 0.425
0 0.07083333281250001 0.3359375 0.075 0.3359375 0.077777778125 0.31953125 0.075 0.31796875 0.0458333328125 0.31796875 0.04305555625 0.31953125 0.0458333328125 0.3421875 0.061111110937500004 0.3421875 0.07083333281250001 0.3359375
0 0.6458333328125 0.3609375 0.65 0.3609375 0.6513888890625 0.3625 0.672222221875 0.3625 0.6888888890625 0.35 0.6888888890625 0.33984375 0.6833333328125 0.33671875 0.6458333328125 0.33671875 0.64305555625 0.33828125 0.64305555625 0.3578125 0.6458333328125 0.35859375 0.6458333328125 0.3609375
0 0.41944444374999995 0.6109375 0.42222222187499997 0.60234375 0.4166666671875 0.59921875 0.39027777812500003 0.59921875 0.3875 0.60078125 0.3875 0.6109375 0.39027777812500003 0.6125 0.41111111093749997 0.6140625 0.41944444374999995 0.6109375
0 0.4263888890625 0.35625 0.43333333281249997 0.35625 0.44444444375 0.3484375 0.44444444375 0.33984375 0.4388888890625 0.33671875 0.40138888906250003 0.33671875 0.3986111109375 0.33828125 0.3986111109375 0.3546875 0.40694444374999994 0.3578125 0.425 0.3578125 0.4263888890625 0.35625
0 0.61944444375 0.3609375 0.625 0.3546875 0.622222221875 0.34453125 0.61944444375 0.34296875 0.6013888890625 0.34296875 0.5986111109375 0.34453125 0.5986111109375 0.359375 0.6041666671875 0.3625 0.61944444375 0.3609375
0 0.46944444374999994 0.22734375 0.46388888906250003 0.22421875 0.434722221875 0.22421875 0.43194444374999996 0.2421875 0.46388888906250003 0.24375 0.46944444374999994 0.2375 0.46944444374999994 0.22734375
0 0.1541666671875 0.8171875 0.16944444375 0.8171875 0.175 0.815625 0.175 0.81328125 0.18055555625 0.8109375 0.1861111109375 0.8046875 0.1833333328125 0.79453125 0.177777778125 0.79296875 0.1458333328125 0.79296875 0.14305555625 0.79453125 0.14305555625 0.8109375 0.1458333328125 0.8140625 0.1541666671875 0.8171875
0 0.030555556249999997 0.35078125 0.025 0.34921875 0.0013888890625 0.34921875 0.0013888890625 0.36875 0.027777778125000003 0.3671875 0.0333333328125 0.3625 0.030555556249999997 0.35078125
0 0.1861111109375 0.5734375 0.197222221875 0.565625 0.197222221875 0.55703125 0.1916666671875 0.55546875 0.16805555625 0.55546875 0.165277778125 0.55703125 0.165277778125 0.571875 0.1708333328125 0.575 0.1861111109375 0.5734375
0 0.5555555562500001 0.3359375 0.55694444375 0.3375 0.5722222218749999 0.3359375 0.577777778125 0.3328125 0.577777778125 0.32109375 0.5722222218749999 0.31796875 0.5458333328125 0.31796875 0.54305555625 0.31953125 0.54305555625 0.33125 0.5513888890625 0.3359375 0.5555555562500001 0.3359375
0 0.3361111109375 0.5109375 0.34444444375 0.50625 0.34444444375 0.49453125 0.3416666671875 0.49296875 0.3125 0.49296875 0.309722221875 0.49453125 0.309722221875 0.5109375 0.3125 0.5125 0.3361111109375 0.5109375
0 0.1111111109375 0.778125 0.1111111109375 0.76953125 0.0916666671875 0.76171875 0.06805555625000001 0.76171875 0.06527777812499999 0.76328125 0.06527777812499999 0.778125 0.06805555625000001 0.78125 0.10555555624999999 0.78125 0.1111111109375 0.778125
0 0.477777778125 0.32734375 0.4888888890625 0.3234375 0.4888888890625 0.31328125 0.4861111109375 0.31171875 0.45694444375 0.31171875 0.45416666718750004 0.31328125 0.45694444375 0.3296875 0.475 0.33125 0.477777778125 0.32734375
0 0.6319444437499999 0.87734375 0.6291666671875 0.8859375 0.6263888890625 0.88671875 0.6236111109375 0.89375 0.6208333328125 0.89453125 0.6208333328125 0.90625 0.6236111109375 0.90703125 0.6236111109375 0.909375 0.6263888890625 0.9109375 0.6388888890625 0.9109375 0.6486111109375 0.90625 0.652777778125 0.90625 0.6666666671875 0.8984375 0.66944444375 0.89296875 0.675 0.890625 0.675 0.88046875 0.6638888890625 0.87421875 0.640277778125 0.87421875 0.6388888890625 0.87578125 0.6347222218749999 0.87578125 0.6319444437499999 0.87734375
0 0.5875 0.7484375 0.590277778125 0.75 0.6166666671875001 0.75 0.622222221875 0.746875 0.625 0.73828125 0.627777778125 0.7375 0.627777778125 0.72890625 0.625 0.72578125 0.609722221875 0.72421875 0.590277778125 0.73046875 0.5875 0.73359375 0.5875 0.7484375
0 0.597222221875 0.684375 0.602777778125 0.6796875 0.602777778125 0.67109375 0.597222221875 0.66796875 0.565277778125 0.66953125 0.565277778125 0.684375 0.5708333328124999 0.6875 0.5861111109375 0.6875 0.597222221875 0.684375
0 0.44444444375 0.25703125 0.4125 0.25546875 0.4125 0.2734375 0.4388888890625 0.2734375 0.44444444375 0.2703125 0.44444444375 0.25703125
0 0.6583333328125 0.5796875 0.6555555562500001 0.56953125 0.6347222218749999 0.56796875 0.6319444437499999 0.56953125 0.6319444437499999 0.5859375 0.652777778125 0.5875 0.6583333328125 0.5796875
0 0.459722221875 0.6484375 0.46388888906250003 0.6484375 0.4611111109375 0.63828125 0.45555555625000005 0.63671875 0.434722221875 0.63671875 0.43194444374999996 0.63828125 0.43194444374999996 0.65 0.4375 0.653125 0.45277777812500003 0.653125 0.459722221875 0.6484375
0 0.2875 0.5421875 0.290277778125 0.54375 0.322222221875 0.54375 0.3333333328125 0.5359375 0.3333333328125 0.52734375 0.32777777812500003 0.52421875 0.290277778125 0.52578125 0.2875 0.52734375 0.2875 0.5421875
0 0.5305555562500001 0.16875 0.5333333328125 0.1671875 0.5333333328125 0.15703125 0.5305555562500001 0.15546875 0.5125 0.15546875 0.5097222218749999 0.15703125 0.5097222218749999 0.1671875 0.5125 0.16875 0.5305555562500001 0.16875
0 0.40138888906250003 0.5109375 0.40833333281249995 0.5109375 0.42222222187499997 0.5046875 0.42222222187499997 0.49453125 0.41944444374999995 0.49296875 0.40138888906250003 0.49296875 0.3986111109375 0.49453125 0.3986111109375 0.509375 0.40138888906250003 0.5109375
0 0.477777778125 0.271875 0.477777778125 0.25703125 0.45694444375 0.25546875 0.45416666718750004 0.271875 0.459722221875 0.275 0.46944444374999994 0.275 0.477777778125 0.271875
0 0.5791666671875 0.325 0.5861111109375 0.325 0.6 0.3171875 0.6 0.30859375 0.5944444437499999 0.30546875 0.5791666671875 0.30546875 0.5763888890625 0.30703125 0.5763888890625 0.3234375 0.5791666671875 0.325
0 0.7194444437499999 0.56875 0.73055555625 0.559375 0.73055555625 0.55078125 0.725 0.54921875 0.7125 0.54921875 0.709722221875 0.55078125 0.709722221875 0.5671875 0.7125 0.56875 0.7194444437499999 0.56875
0 0.61944444375 0.2453125 0.6208333328125 0.24375 0.63055555625 0.2421875 0.63055555625 0.23828125 0.6333333328124999 0.2375 0.6333333328124999 0.23203125 0.61944444375 0.22421875 0.6013888890625 0.22421875 0.5986111109375 0.22578125 0.5986111109375 0.2421875 0.6041666671875 0.2453125 0.61944444375 0.2453125
0 0.5541666671875001 0.13671875 0.5541666671875001 0.1484375 0.55694444375 0.14921875 0.55694444375 0.153125 0.5722222218749999 0.1546875 0.5763888890625 0.1515625 0.5861111109375 0.15 0.5916666671875 0.14296875 0.597222221875 0.140625 0.5944444437499999 0.12734375 0.5861111109375 0.12421875 0.56805555625 0.12421875 0.5625 0.12734375 0.5625 0.1296875 0.5541666671875001 0.13671875
0 0.952777778125 0.64375 0.9541666671875 0.6421875 0.9611111109375001 0.6421875 0.975 0.63125 0.975 0.62578125 0.9694444437499999 0.6234375 0.9694444437499999 0.62109375 0.9638888890624999 0.61796875 0.934722221875 0.61796875 0.93194444375 0.61953125 0.93194444375 0.640625 0.9375 0.64375 0.952777778125 0.64375
0 0.7166666671875 0.5046875 0.7333333328125 0.496875 0.7333333328125 0.48828125 0.73055555625 0.48671875 0.7013888890625 0.48671875 0.6986111109375 0.48828125 0.6986111109375 0.5 0.7013888890625 0.50078125 0.7013888890625 0.5046875 0.7166666671875 0.5046875
0 0.36666666718749996 0.475 0.3638888890625 0.46796875 0.334722221875 0.46796875 0.33194444375 0.46953125 0.334722221875 0.475 0.3541666671875 0.4796875 0.3638888890625 0.4796875 0.36666666718749996 0.475
0 0.5527777781250001 0.56796875 0.5208333328125 0.56953125 0.5236111109375 0.58125 0.5527777781250001 0.5796875 0.5555555562500001 0.575 0.5527777781250001 0.56796875
0 0.3861111109375 0.65 0.38333333281250004 0.64296875 0.3541666671875 0.64453125 0.35694444375 0.65625 0.375 0.65625 0.38055555625 0.65078125 0.3861111109375 0.65
0 0.40555555625000006 0.325 0.40555555625000006 0.31953125 0.39027777812500003 0.31796875 0.3875 0.3328125 0.39027777812500003 0.3359375 0.397222221875 0.3359375 0.40555555625000006 0.325
0 0.44444444375 0.50703125 0.4236111109375 0.50546875 0.42083333281249996 0.50703125 0.4236111109375 0.5203125 0.44166666718750003 0.51875 0.44444444375 0.50703125
0 0.4861111109375 0.4046875 0.48333333281249996 0.39921875 0.45694444375 0.39921875 0.45416666718750004 0.40078125 0.45694444375 0.4109375 0.47222222187499996 0.4109375 0.4791666671875 0.40625 0.4861111109375 0.4046875
0 0.5 0.27734375 0.49444444374999996 0.27421875 0.4791666671875 0.27421875 0.4791666671875 0.2921875 0.4916666671875 0.2921875 0.5 0.2859375 0.5 0.27734375
0 0.4583333328125 0.58203125 0.4458333328125 0.58046875 0.44305555625000004 0.5875 0.4458333328125 0.590625 0.45277777812500003 0.590625 0.4583333328125 0.58203125
0 0.27777777812500004 0.6796875 0.275 0.67421875 0.24305555625 0.67578125 0.24305555625 0.6796875 0.2541666671875 0.6828125 0.272222221875 0.6828125 0.27777777812500004 0.6796875
0 0.7194444437499999 0.503125 0.7166666671875 0.49609375 0.7083333328125 0.49296875 0.690277778125 0.49296875 0.6875 0.49453125 0.6875 0.5046875 0.690277778125 0.50625 0.7111111109375 0.50625 0.7194444437499999 0.503125
0 0.46388888906250003 0.296875 0.47222222187499996 0.290625 0.46944444374999994 0.28203125 0.46388888906250003 0.28046875 0.4458333328125 0.28046875 0.44305555625000004 0.28203125 0.44305555625000004 0.2921875 0.4486111109375 0.296875 0.46388888906250003 0.296875
0 0.984722221875 0.5984375 0.9916666671875 0.5984375 0.99444444375 0.596875 0.997222221875 0.58984375 0.98055555625 0.58203125 0.9763888890624999 0.58203125 0.975 0.58046875 0.95694444375 0.58046875 0.9541666671875 0.58203125 0.9541666671875 0.596875 0.959722221875 0.6 0.9833333328125 0.6 0.984722221875 0.5984375
0 0.497222221875 0.59375 0.5083333328124999 0.584375 0.5083333328124999 0.57578125 0.4791666671875 0.57421875 0.4763888890625 0.57578125 0.4763888890625 0.5921875 0.4791666671875 0.59375 0.497222221875 0.59375
0 0.4763888890625 0.2484375 0.497222221875 0.25 0.5 0.23984375 0.50555555625 0.2375 0.50555555625 0.23046875 0.497222221875 0.22421875 0.4791666671875 0.22421875 0.4763888890625 0.22578125 0.4763888890625 0.2375 0.4791666671875 0.23828125 0.4763888890625 0.2484375
0 0.28611111093749997 0.5625 0.2916666671875 0.55234375 0.28611111093749997 0.54921875 0.26805555625 0.54921875 0.26527777812500003 0.55078125 0.26527777812500003 0.5609375 0.26805555625 0.5625 0.28611111093749997 0.5625
0 0.5666666671875 0.29375 0.5638888890625 0.28203125 0.5458333328125 0.28046875 0.54305555625 0.2921875 0.5486111109375 0.2953125 0.5638888890625 0.2953125 0.5666666671875 0.29375
0 0.6333333328124999 0.425 0.6416666671875 0.4171875 0.6416666671875 0.41328125 0.6361111109375 0.41171875 0.6125 0.41171875 0.609722221875 0.41328125 0.609722221875 0.4234375 0.6152777781250001 0.4265625 0.6333333328124999 0.425
0 0.0333333328125 0.51328125 0.0125 0.51171875 0.009722221875000001 0.5234375 0.027777778125000003 0.525 0.0333333328125 0.521875 0.0333333328125 0.51328125
0 0.36666666718749996 0.56484375 0.377777778125 0.559375 0.377777778125 0.54609375 0.372222221875 0.54296875 0.35694444375 0.54296875 0.3541666671875 0.54453125 0.3541666671875 0.565625 0.36666666718749996 0.5671875 0.36666666718749996 0.56484375
0 0.7638888890625 0.88984375 0.775 0.8859375 0.772222221875 0.88046875 0.7541666671875 0.88203125 0.7569444437499999 0.8921875 0.7638888890625 0.8921875 0.7638888890625 0.88984375
0 0.51944444375 0.3671875 0.5305555562500001 0.3609375 0.5305555562500001 0.35703125 0.5125 0.35546875 0.5097222218749999 0.3625 0.5125 0.36328125 0.5125 0.3671875 0.51944444375 0.3671875
0 0.872222221875 0.825 0.872222221875 0.81953125 0.8666666671875 0.81796875 0.8458333328125001 0.81796875 0.8430555562500001 0.81953125 0.8458333328125001 0.8328125 0.8638888890624999 0.83125 0.872222221875 0.825
0 0.497222221875 0.25 0.50555555625 0.23984375 0.49444444374999996 0.23671875 0.4791666671875 0.23671875 0.4763888890625 0.23828125 0.4763888890625 0.2484375 0.4791666671875 0.25 0.497222221875 0.25
0 0.6083333328125 0.7875 0.6166666671875001 0.7796875 0.6166666671875001 0.77578125 0.590277778125 0.77421875 0.5875 0.77578125 0.5875 0.7859375 0.590277778125 0.7875 0.6083333328125 0.7875
0 0.56805555625 0.4375 0.575 0.4375 0.5861111109375 0.4328125 0.5888888890625 0.4296875 0.5861111109375 0.42421875 0.56805555625 0.42421875 0.565277778125 0.42578125 0.565277778125 0.4359375 0.56805555625 0.4375
0 0.5555555562500001 0.3796875 0.5555555562500001 0.37109375 0.55 0.36796875 0.5208333328125 0.36796875 0.5125 0.36953125 0.5097222218749999 0.37421875 0.5097222218749999 0.38125 0.515277778125 0.3859375 0.5388888890625 0.3859375 0.5555555562500001 0.3796875
0 0.6041666671875 0.45703125 0.5986111109375 0.46171875 0.5986111109375 0.471875 0.6041666671875 0.475 0.622222221875 0.475 0.6236111109375 0.4734375 0.63055555625 0.4734375 0.63055555625 0.47109375 0.6375 0.4671875 0.6416666671875 0.4671875 0.64444444375 0.45859375 0.6388888890625 0.45546875 0.6152777781250001 0.45546875 0.6138888890625 0.45703125 0.6041666671875 0.45703125
0 0.522222221875 0.2640625 0.522222221875 0.25703125 0.5013888890625 0.25546875 0.4986111109375 0.2671875 0.5013888890625 0.2703125 0.5111111109375 0.2703125 0.522222221875 0.2640625
0 0.5416666671875 0.3859375 0.5555555562500001 0.3796875 0.5555555562500001 0.37109375 0.55 0.36796875 0.5291666671875 0.36796875 0.5208333328125 0.37265625 0.5208333328125 0.3828125 0.5236111109375 0.3859375 0.5416666671875 0.3859375
0 0.5138888890625 0.27109375 0.5013888890625 0.26953125 0.4986111109375 0.27109375 0.4986111109375 0.284375 0.5111111109375 0.2859375 0.5138888890625 0.27109375
0 0.5555555562500001 0.7921875 0.5555555562500001 0.78359375 0.55 0.78046875 0.534722221875 0.78046875 0.5319444437499999 0.79375 0.534722221875 0.796875 0.54444444375 0.796875 0.5555555562500001 0.7921875
0 0.8666666671875 0.6796875 0.8666666671875 0.66953125 0.85694444375 0.66796875 0.8541666671874999 0.66953125 0.8541666671874999 0.6796875 0.8638888890624999 0.68125 0.8666666671875 0.6796875
0 0.5527777781250001 0.23125 0.5555555562500001 0.2296875 0.5555555562500001 0.22578125 0.5527777781250001 0.22421875 0.5458333328125 0.22421875 0.54305555625 0.22578125 0.54305555625 0.2296875 0.5458333328125 0.23125 0.5527777781250001 0.23125
0 0.997222221875 0.5734375 0.997222221875 0.55546875 0.9791666671874999 0.55546875 0.9763888890624999 0.55703125 0.9763888890624999 0.5671875 0.9875 0.5734375 0.997222221875 0.5734375