0 0.4296875 0.26328125 0.034375 0.034375
0 0.6015625 0.278125 0.0359375 0.01953125
0 0.45625 0.27734375 0.0375 0.0171875
0 0.646875 0.2953125 0.0390625 0.02109375
0 0.55390625 0.3109375 0.046875 0.02734375
0 0.821875 0.3046875 0.0359375 0.015625
0 0.59609375 0.31484375 0.04140625 0.028125
0 0.63984375 0.3578125 0.04296875 0.02578125
0 0.496875 0.421875 0.04140625 0.02109375
0 0.7328125 0.4296875 0.034375 0.02265625
0 0.5515625 0.43125 0.028125 0.02265625
0 0.69921875 0.43515625 0.0484375 0.0265625
0 0.78125 0.4296875 0.0234375 0.0140625
0 0.615625 0.48046875 0.04140625 0.025
0 0.73359375 0.49140625 0.025 0.0125
0 0.7125 0.50234375 0.0359375 0.021875
0 0.5921875 0.51015625 0.04296875 0.028125
0 0.565625 0.53046875 0.053125 0.0328125
0 0.53359375 0.53359375 0.01953125 0.0171875
0 0.6328125 0.53984375 0.0484375 0.0265625
0 0.34140625 0.5453125 0.0390625 0.01640625
0 0.375 0.56953125 0.053125 0.0296875
0 0.54921875 0.65859375 0.07109375 0.040625
0 0.3109375 0.67890625 0.04140625 0.0265625
0 0.79140625 0.67890625 0.03046875 0.025
0 0.51484375 0.6953125 0.065625 0.046875
0 0.490625 0.728125 0.04609375 0.0109375