0 0.84140625 0.309375 0.05859375 0.03359375
0 0.95546875 0.32265625 0.0390625 0.021875
0 0.93984375 0.334375 0.0375 0.02265625
0 0.90078125 0.378125 0.015625 0.02265625
0 0.6421875 0.4109375 0.034375 0.0140625
0 0.0875 0.47421875 0.028125 0.0265625
0 0.57265625 0.4734375 0.0265625 0.0171875
0 0.25859375 0.53203125 0.03046875 0.0140625
0 0.91875 0.565625 0.0375 0.01875
0 0.77578125 0.5859375 0.015625 0.01015625
0 0.03046875 0.60625 0.05546875 0.02265625
0 0.05546875 0.6375 0.04140625 0.03359375
0 0.0203125 0.65625 0.040625 0.04453125
0 0.02109375 0.71875 0.028125 0.0140625