0 0.159375 0.3390625 0.034375 0.0140625
0 0.1859375 0.35 0.03359375 0.01953125
0 0.21875 0.41015625 0.03203125 0.0140625
0 0.18984375 0.41875 0.03203125 0.0234375
0 0.69375 0.3390625 0.015625 0.0078125
0 0.71015625 0.33984375 0.0171875 0.00859375
0 0.68046875 0.33515625 0.01328125 0.00703125
0 0.76171875 0.303125 0.015625 0.0109375
0 0.77890625 0.3015625 0.0203125 0.009375
0 0.84921875 0.29921875 0.01953125 0.01171875
0 0.78359375 0.309375 0.0171875 0.01015625
0 0.83515625 0.28984375 0.01640625 0.0109375
0 0.828125 0.27734375 0.02109375 0.0109375
0 0.87421875 0.26328125 0.01484375 0.00859375
0 0.97265625 0.24609375 0.01796875 0.009375
0 0.9671875 0.228125 0.0203125 0.01171875
0 0.99296875 0.22890625 0.01171875 0.01171875
0 0.80703125 0.25625 0.0171875 0.0125
0 0.84453125 0.22421875 0.01640625 0.009375
0 0.85859375 0.23203125 0.01640625 0.009375
0 0.74140625 0.25390625 0.0125 0.0078125
0 0.67578125 0.25390625 0.0125 0.0078125
0 0.58125 0.25234375 0.0140625 0.0078125
0 0.59609375 0.23828125 0.01875 0.0078125
0 0.6375 0.2390625 0.01796875 0.00859375
0 0.15625 0.2046875 0.01953125 0.01015625
0 0.184375 0.203125 0.01484375 0.01015625
0 0.165625 0.259375 0.0140625 0.0078125
0 0.178125 0.2625 0.01640625 0.00859375
0 0.18984375 0.26796875 0.015625 0.00859375
0 0.20390625 0.28046875 0.01328125 0.00546875
0 0.1953125 0.1703125 0.0171875 0.00859375
0 0.321875 0.15390625 0.01171875 0.00859375
0 0.440625 0.159375 0.01796875 0.009375
0 0.3609375 0.14453125 0.0125 0.0078125
0 0.353125 0.1375 0.0125 0.00703125
0 0.3265625 0.10703125 0.01171875 0.009375
0 0.359375 0.115625 0.01015625 0.00703125
0 0.3703125 0.11796875 0.01328125 0.0078125
0 0.3515625 0.11953125 0.00859375 0.00625
0 0.42421875 0.134375 0.015625 0.009375
0 0.0390625 0.19921875 0.0140625 0.01171875
0 0.20234375 0.2578125 0.01328125 0.00859375
0 0.23671875 0.246875 0.009375 0.00859375
0 0.03671875 0.24140625 0.01015625 0.00703125
0 0.05 0.26171875 0.01328125 0.00859375
0 0.62421875 0.21796875 0.01328125 0.00703125
0 0.64296875 0.2234375 0.0171875 0.0078125
0 0.703125 0.2078125 0.01328125 0.0078125
0 0.71640625 0.21171875 0.01640625 0.00703125
0 0.73203125 0.228125 0.0125 0.00703125
0 0.715625 0.2375 0.015625 0.00859375
0 0.8046875 0.21328125 0.015625 0.00859375
0 0.8140625 0.22734375 0.01796875 0.01015625
0 0.9515625 0.23125 0.01328125 0.00859375
0 0.95390625 0.246875 0.015625 0.00859375
0 0.79140625 0.228125 0.0171875 0.009375
0 0.8296875 0.25078125 0.015625 0.01015625
0 0.775 0.25859375 0.01015625 0.009375
0 0.61875 0.22734375 0.01171875 0.00703125
0 0.609375 0.221875 0.009375 0.0046875
0 0.62734375 0.225 0.0109375 0.00625
0 0.19375 0.234375 0.01328125 0.00859375
0 0.2515625 0.1296875 0.0234375 0.01171875