0 0.815277778125 0.1125 0.83055555625 0.1125 0.83194444375 0.1140625 0.852777778125 0.1125 0.8666666671875 0.1046875 0.8666666671875 0.08828125 0.8638888890624999 0.0875 0.8638888890624999 0.08515625 0.85555555625 0.08046875 0.81805555625 0.08046875 0.8166666671874999 0.08203125 0.8125 0.08203125 0.8125 0.084375 0.809722221875 0.08515625 0.809722221875 0.109375 0.815277778125 0.1125
0 0.6041666671875 0.5234375 0.625 0.5234375 0.6291666671875 0.5203125 0.64444444375 0.5171875 0.64444444375 0.51328125 0.647222221875 0.5125 0.647222221875 0.50078125 0.6388888890625 0.49296875 0.590277778125 0.49296875 0.5875 0.49453125 0.5875 0.5171875 0.590277778125 0.51875 0.6 0.5203125 0.6041666671875 0.5234375
0 0.6888888890625 0.3359375 0.690277778125 0.334375 0.6972222218749999 0.334375 0.6986111109375 0.3328125 0.7138888890625 0.3296875 0.725 0.321875 0.725 0.31171875 0.722222221875 0.3109375 0.722222221875 0.30703125 0.7194444437499999 0.30546875 0.6708333328125 0.30546875 0.665277778125 0.30859375 0.665277778125 0.3296875 0.672222221875 0.33125 0.6791666671875001 0.3359375 0.6888888890625 0.3359375
0 0.6875 0.5109375 0.6986111109375 0.5171875 0.702777778125 0.5171875 0.7041666671875 0.51875 0.73055555625 0.51875 0.7402777781250001 0.5125 0.74444444375 0.5125 0.747222221875 0.50703125 0.752777778125 0.5046875 0.752777778125 0.49453125 0.74444444375 0.490625 0.74444444375 0.48828125 0.73055555625 0.48046875 0.6986111109375 0.48046875 0.6972222218749999 0.48203125 0.69305555625 0.48203125 0.690277778125 0.48359375 0.690277778125 0.4859375 0.6875 0.48671875 0.6875 0.5109375
0 0.4986111109375 0.79609375 0.4986111109375 0.8171875 0.5125 0.825 0.522222221875 0.825 0.5236111109375 0.8265625 0.5416666671875 0.8265625 0.54305555625 0.825 0.5583333328125 0.8234375 0.5638888890625 0.8203125 0.5666666671875 0.81328125 0.5694444437499999 0.8125 0.5694444437499999 0.80078125 0.5666666671875 0.8 0.5638888890625 0.79140625 0.5527777781250001 0.78671875 0.5125 0.78671875 0.5069444437499999 0.78984375 0.5069444437499999 0.7921875 0.5013888890625 0.79296875 0.4986111109375 0.79609375
0 0.9069444437499999 0.6828125 0.925 0.6828125 0.9416666671874999 0.6796875 0.9472222218749999 0.671875 0.9444444437499999 0.65078125 0.9416666671874999 0.64921875 0.890277778125 0.64921875 0.8875 0.65078125 0.8875 0.675 0.890277778125 0.678125 0.9069444437499999 0.6828125
0 0.9 0.15 0.9013888890624999 0.1484375 0.9083333328125001 0.1484375 0.9083333328125001 0.14609375 0.91944444375 0.1359375 0.91944444375 0.13046875 0.9166666671874999 0.1296875 0.9166666671874999 0.12734375 0.9083333328125001 0.12421875 0.8680555562500001 0.12421875 0.8652777781250001 0.12578125 0.8652777781250001 0.1421875 0.8791666671874999 0.15 0.9 0.15
0 0.8222222218749999 0.184375 0.8416666671874999 0.178125 0.8416666671874999 0.17265625 0.8444444437499999 0.171875 0.8416666671874999 0.15703125 0.8361111109375001 0.15546875 0.790277778125 0.15546875 0.7875 0.15703125 0.7875 0.178125 0.79305555625 0.18125 0.809722221875 0.184375 0.8222222218749999 0.184375
0 0.0791666671875 0.81875 0.0888888890625 0.81875 0.1 0.8125 0.1 0.81015625 0.10694444375 0.80625 0.1111111109375 0.80625 0.11388888906250001 0.8046875 0.11388888906250001 0.80234375 0.11944444375 0.8 0.11944444375 0.79140625 0.10833333281249999 0.78671875 0.08194444375 0.78671875 0.07638888906249999 0.78984375 0.07638888906249999 0.8171875 0.0791666671875 0.81875
0 0.64305555625 0.23671875 0.64305555625 0.2484375 0.6458333328125 0.25 0.6611111109375 0.25 0.6708333328125 0.24375 0.675 0.24375 0.6805555562500001 0.240625 0.68194444375 0.2375 0.6861111109375 0.2375 0.6861111109375 0.23515625 0.6888888890625 0.234375 0.6888888890625 0.22109375 0.6833333328125 0.21796875 0.665277778125 0.21796875 0.659722221875 0.22109375 0.6569444437499999 0.228125 0.64305555625 0.23671875
0 0.13055555624999998 0.8703125 0.134722221875 0.8734375 0.1416666671875 0.8734375 0.14305555625 0.871875 0.16388888906250001 0.8671875 0.16388888906250001 0.86484375 0.16944444375 0.8625 0.16944444375 0.86015625 0.177777778125 0.8546875 0.175 0.84609375 0.1666666671875 0.84296875 0.12361111093749999 0.84296875 0.1208333328125 0.84453125 0.1208333328125 0.8671875 0.1263888890625 0.8703125 0.13055555624999998 0.8703125
0 0.147222221875 0.7078125 0.14861111093749999 0.709375 0.177777778125 0.7046875 0.177777778125 0.70234375 0.1888888890625 0.696875 0.1888888890625 0.68203125 0.1861111109375 0.68125 0.1861111109375 0.67890625 0.175 0.67421875 0.134722221875 0.67421875 0.13194444375 0.67578125 0.13194444375 0.7046875 0.140277778125 0.7078125 0.147222221875 0.7078125
0 0.94305555625 0.3109375 0.9611111109375001 0.3109375 0.965277778125 0.3078125 0.977777778125 0.3046875 0.9833333328125 0.28828125 0.98055555625 0.2875 0.98055555625 0.28359375 0.975 0.28046875 0.9236111109375 0.28046875 0.9208333328125 0.28203125 0.9208333328125 0.3046875 0.9236111109375 0.30625 0.9305555562500001 0.30625 0.94305555625 0.3109375
0 0.6555555562500001 0.26328125 0.6458333328125 0.26328125 0.64305555625 0.26484375 0.64305555625 0.284375 0.6486111109375 0.2875 0.6666666671875 0.2875 0.6763888890625 0.2828125 0.6944444437499999 0.2796875 0.6972222218749999 0.278125 0.6972222218749999 0.27578125 0.7 0.275 0.7 0.26328125 0.6972222218749999 0.26171875 0.6708333328125 0.26171875 0.6611111109375 0.26640625 0.6555555562500001 0.26328125
0 0.5013888890625 0.39375 0.5069444437499999 0.3953125 0.51944444375 0.3953125 0.5305555562500001 0.390625 0.5333333328125 0.38203125 0.527777778125 0.37578125 0.522222221875 0.37421875 0.490277778125 0.37421875 0.4875 0.37578125 0.4875 0.3796875 0.49583333281249997 0.38515625 0.49583333281249997 0.3890625 0.5013888890625 0.39375
0 0.44444444375 0.3921875 0.45694444375 0.3875 0.46388888906250003 0.3875 0.47222222187499996 0.3796875 0.47222222187499996 0.36953125 0.46944444374999994 0.36875 0.46666666718750005 0.36328125 0.46388888906250003 0.36171875 0.4236111109375 0.36171875 0.42083333281249996 0.36328125 0.42083333281249996 0.3859375 0.434722221875 0.3921875 0.44444444375 0.3921875
0 0.47222222187499996 0.4171875 0.477777778125 0.4109375 0.48055555625 0.39609375 0.475 0.39296875 0.434722221875 0.39296875 0.43194444374999996 0.39453125 0.43194444374999996 0.415625 0.4375 0.41875 0.47222222187499996 0.4171875
0 0.372222221875 0.4875 0.38194444375000003 0.4921875 0.39444444375 0.490625 0.4 0.4875 0.4 0.48359375 0.40555555625000006 0.4796875 0.40833333281249995 0.46953125 0.4 0.465625 0.4 0.46328125 0.397222221875 0.46171875 0.36805555624999997 0.46171875 0.365277778125 0.46328125 0.365277778125 0.4859375 0.36805555624999997 0.4875 0.372222221875 0.4875
0 0.1708333328125 0.2734375 0.175 0.2734375 0.1763888890625 0.275 0.20555555625 0.275 0.20694444375 0.2734375 0.21111111093749999 0.2734375 0.2138888890625 0.26796875 0.21944444375 0.265625 0.222222221875 0.25859375 0.20833333281250002 0.24921875 0.17361111093749998 0.24921875 0.172222221875 0.25078125 0.16805555625 0.25078125 0.16805555625 0.253125 0.165277778125 0.25390625 0.165277778125 0.26875 0.1708333328125 0.2734375
0 0.6458333328125 0.0359375 0.6638888890625 0.0359375 0.6708333328125 0.03125 0.6777777781250001 0.0296875 0.6805555562500001 0.00703125 0.675 0.00546875 0.6347222218749999 0.00546875 0.6319444437499999 0.00703125 0.6319444437499999 0.0296875 0.6388888890625 0.03125 0.6458333328125 0.0359375
0 0.477777778125 0.4921875 0.48194444374999995 0.4890625 0.497222221875 0.4859375 0.5 0.48125 0.497222221875 0.46796875 0.49305555625 0.46796875 0.48333333281249996 0.46171875 0.45694444375 0.46171875 0.45416666718750004 0.46328125 0.45416666718750004 0.4875 0.45694444375 0.490625 0.477777778125 0.4921875
0 0.775 0.2578125 0.7763888890625 0.25625 0.7861111109375 0.2546875 0.7916666671875 0.25 0.7916666671875 0.24765625 0.79444444375 0.246875 0.79444444375 0.23671875 0.7916666671875 0.2359375 0.7916666671875 0.23359375 0.7833333328125 0.23046875 0.7458333328125 0.23046875 0.7430555562500001 0.23203125 0.7430555562500001 0.2484375 0.7569444437499999 0.25625 0.775 0.2578125
0 0.8416666671874999 0.275 0.8486111109375001 0.278125 0.872222221875 0.2765625 0.8861111109375001 0.265625 0.8861111109375001 0.26171875 0.8888888890625 0.2609375 0.8861111109375001 0.25390625 0.875 0.24921875 0.8652777781250001 0.24921875 0.8638888890624999 0.25078125 0.834722221875 0.24921875 0.83194444375 0.25078125 0.83194444375 0.271875 0.834722221875 0.275 0.8416666671874999 0.275
0 0.8638888890624999 0.5796875 0.8638888890624999 0.57734375 0.872222221875 0.571875 0.872222221875 0.56328125 0.8666666671875 0.56171875 0.8236111109375001 0.56171875 0.8208333328125 0.56328125 0.8208333328125 0.58125 0.8291666671875 0.5859375 0.8444444437499999 0.5859375 0.8486111109375001 0.5828125 0.8638888890624999 0.5796875
0 0.44166666718750003 0.49375 0.44444444375 0.4921875 0.44444444375 0.46953125 0.4125 0.46796875 0.40972222187499996 0.46953125 0.40972222187499996 0.4921875 0.415277778125 0.4953125 0.44166666718750003 0.49375
0 0.1416666671875 0.25 0.147222221875 0.2453125 0.147222221875 0.23828125 0.15277777812499999 0.2359375 0.15277777812499999 0.23359375 0.14444444375 0.23046875 0.1125 0.23046875 0.109722221875 0.23203125 0.1125 0.246875 0.1208333328125 0.25 0.1416666671875 0.25
0 0.375 0.384375 0.375 0.37578125 0.36944444375 0.37421875 0.334722221875 0.37421875 0.33194444375 0.37578125 0.33194444375 0.3921875 0.3458333328125 0.3953125 0.3611111109375 0.39375 0.375 0.384375
0 0.9680555562500001 0.46875 0.9763888890624999 0.4734375 0.997222221875 0.475 0.997222221875 0.44296875 0.9680555562500001 0.44296875 0.965277778125 0.44453125 0.965277778125 0.465625 0.9680555562500001 0.46640625 0.9680555562500001 0.46875
0 0.5236111109375 0.359375 0.5319444437499999 0.3625 0.5416666671875 0.3625 0.54305555625 0.3640625 0.5555555562500001 0.3640625 0.55694444375 0.365625 0.5611111109375 0.365625 0.5722222218749999 0.359375 0.5722222218749999 0.35546875 0.575 0.3546875 0.575 0.34453125 0.5638888890625 0.33828125 0.55694444375 0.33828125 0.5555555562500001 0.33671875 0.5236111109375 0.33671875 0.5208333328125 0.33828125 0.5208333328125 0.35625 0.5236111109375 0.35703125 0.5236111109375 0.359375
0 0.1666666671875 0.6046875 0.1666666671875 0.59609375 0.177777778125 0.5875 0.177777778125 0.58203125 0.175 0.58046875 0.1458333328125 0.58046875 0.14305555625 0.58203125 0.14305555625 0.6046875 0.1611111109375 0.6078125 0.1666666671875 0.6046875
0 0.622222221875 0.76875 0.6236111109375 0.7671875 0.6333333328124999 0.7671875 0.6375 0.7640625 0.6416666671875 0.7640625 0.647222221875 0.75234375 0.6333333328124999 0.7453125 0.6333333328124999 0.74296875 0.6291666671875 0.74296875 0.61944444375 0.73671875 0.6013888890625 0.73671875 0.5986111109375 0.73828125 0.5986111109375 0.765625 0.6041666671875 0.76875 0.622222221875 0.76875
0 0.834722221875 0.3671875 0.8388888890624999 0.3671875 0.840277778125 0.36875 0.8638888890624999 0.36875 0.86944444375 0.365625 0.8666666671875 0.35859375 0.8861111109375001 0.3484375 0.8861111109375001 0.34453125 0.8833333328125 0.34296875 0.8430555562500001 0.34296875 0.8416666671874999 0.34453125 0.8375 0.34453125 0.83194444375 0.34921875 0.83194444375 0.3625 0.834722221875 0.36328125 0.834722221875 0.3671875
0 0.722222221875 0.52578125 0.7194444437499999 0.52421875 0.690277778125 0.52421875 0.6875 0.52578125 0.690277778125 0.5421875 0.70555555625 0.5421875 0.722222221875 0.5359375 0.722222221875 0.52578125
0 0.6111111109375 0.41796875 0.60555555625 0.41328125 0.6 0.41171875 0.5708333328124999 0.41171875 0.565277778125 0.41484375 0.56805555625 0.43125 0.602777778125 0.43125 0.6083333328125 0.4296875 0.6111111109375 0.41796875
0 0.34722222187499996 0.7171875 0.352777778125 0.7125 0.352777778125 0.70546875 0.3416666671875 0.69921875 0.3125 0.69921875 0.309722221875 0.70078125 0.309722221875 0.7171875 0.3125 0.71875 0.3333333328125 0.7203125 0.34722222187499996 0.7171875
0 0.0125 0.59609375 0.009722221875000001 0.6078125 0.0125 0.60859375 0.015277778124999999 0.61875 0.0208333328125 0.6203125 0.0416666671875 0.6203125 0.04305555625 0.61875 0.052777778124999994 0.61875 0.059722221875 0.6140625 0.0638888890625 0.6140625 0.06944444375 0.60078125 0.0666666671875 0.6 0.0666666671875 0.58984375 0.061111110937500004 0.58671875 0.0375 0.58671875 0.025 0.59609375 0.019444443750000002 0.59453125 0.0125 0.59609375
0 0.40833333281249995 0.825 0.42222222187499997 0.8171875 0.42222222187499997 0.81171875 0.425 0.8109375 0.425 0.80234375 0.41944444374999995 0.79921875 0.39305555625 0.79921875 0.3875 0.80234375 0.3875 0.8234375 0.39027777812500003 0.825 0.40833333281249995 0.825
0 0.6208333328125 0.4421875 0.6291666671875 0.4484375 0.6333333328124999 0.4484375 0.6347222218749999 0.45 0.652777778125 0.45 0.6555555562500001 0.4484375 0.6583333328125 0.44140625 0.6666666671875 0.4375 0.6666666671875 0.42578125 0.6638888890625 0.42421875 0.64305555625 0.42421875 0.6388888890625 0.42734375 0.6208333328125 0.43203125 0.6208333328125 0.4421875
0 0.0333333328125 0.5625 0.0333333328125 0.55078125 0.030555556249999997 0.54921875 0.0125 0.54921875 0.009722221875000001 0.55078125 0.009722221875000001 0.5671875 0.022222221875 0.56875 0.0333333328125 0.5625
0 0.88055555625 0.1796875 0.88055555625 0.17109375 0.875 0.16796875 0.8458333328125001 0.16796875 0.8430555562500001 0.16953125 0.8430555562500001 0.178125 0.8458333328125001 0.18125 0.872222221875 0.184375 0.88055555625 0.1796875
0 0.6944444437499999 0.303125 0.6972222218749999 0.3015625 0.6972222218749999 0.29921875 0.7 0.2984375 0.7 0.28828125 0.6972222218749999 0.28671875 0.66805555625 0.28671875 0.665277778125 0.28828125 0.66805555625 0.2953125 0.6791666671875001 0.3015625 0.6944444437499999 0.303125
0 0.45694444375 0.92578125 0.45416666718750004 0.92890625 0.45416666718750004 0.9453125 0.45694444375 0.9484375 0.4625 0.95 0.48333333281249996 0.95 0.49305555625 0.94375 0.5 0.9421875 0.502777778125 0.93671875 0.5083333328124999 0.934375 0.5083333328124999 0.92265625 0.50555555625 0.91953125 0.490277778125 0.91796875 0.475 0.92421875 0.4625 0.92421875 0.45694444375 0.92578125
0 0.690277778125 0.0234375 0.6972222218749999 0.025 0.70555555625 0.0203125 0.709722221875 0.0359375 0.7194444437499999 0.0359375 0.7333333328125 0.028125 0.7333333328125 0.01328125 0.73055555625 0.0125 0.73055555625 0.00859375 0.722222221875 0.00546875 0.690277778125 0.00546875 0.6875 0.00703125 0.6875 0.01875 0.690277778125 0.01953125 0.690277778125 0.0234375
0 0.19305555624999998 0.4609375 0.20555555625 0.459375 0.20972222187499998 0.45625 0.2138888890625 0.45625 0.222222221875 0.45 0.222222221875 0.43359375 0.2166666671875 0.43046875 0.190277778125 0.43046875 0.1875 0.43203125 0.1875 0.45625 0.19305555624999998 0.4609375
0 0.109722221875 0.934375 0.115277778125 0.9375 0.13888888906250002 0.9359375 0.15277777812499999 0.928125 0.15277777812499999 0.92421875 0.15555555625 0.9234375 0.15555555625 0.91328125 0.15277777812499999 0.9125 0.15277777812499999 0.90859375 0.14444444375 0.90546875 0.1208333328125 0.90546875 0.1125 0.90859375 0.109722221875 0.91171875 0.109722221875 0.934375
0 0.14305555625 0.93046875 0.14305555625 0.9421875 0.1458333328125 0.94375 0.16388888906250001 0.94375 0.1888888890625 0.934375 0.1888888890625 0.93046875 0.1916666671875 0.9296875 0.1916666671875 0.91953125 0.1888888890625 0.91875 0.1888888890625 0.91328125 0.1861111109375 0.91171875 0.15694444375 0.91171875 0.1541666671875 0.91328125 0.1541666671875 0.9203125 0.14305555625 0.93046875
0 0.85694444375 0.3296875 0.875 0.33125 0.8888888890625 0.3203125 0.8916666671875 0.30703125 0.8875 0.30703125 0.8861111109375001 0.30546875 0.85694444375 0.30546875 0.8541666671874999 0.30703125 0.8541666671874999 0.3265625 0.85694444375 0.32734375 0.85694444375 0.3296875
0 0.590277778125 0.5546875 0.597222221875 0.5546875 0.6013888890625 0.5515625 0.6111111109375 0.55 0.6166666671875001 0.546875 0.61944444375 0.53984375 0.6138888890625 0.5375 0.6083333328125 0.53046875 0.56805555625 0.53046875 0.565277778125 0.53203125 0.565277778125 0.546875 0.56805555625 0.55 0.575 0.55 0.590277778125 0.5546875
0 0.7236111109375 0.2359375 0.73055555625 0.2359375 0.74444444375 0.2265625 0.74444444375 0.21953125 0.7416666671875001 0.21796875 0.7236111109375 0.21796875 0.7208333328125 0.21953125 0.7208333328125 0.234375 0.7236111109375 0.2359375
0 0.45694444375 0.625 0.47222222187499996 0.625 0.477777778125 0.621875 0.48055555625 0.61640625 0.4861111109375 0.6140625 0.4861111109375 0.60390625 0.477777778125 0.59921875 0.4458333328125 0.59921875 0.44305555625000004 0.60078125 0.44305555625000004 0.6171875 0.4458333328125 0.6203125 0.45694444375 0.625
0 0.8111111109375001 0.1921875 0.8111111109375001 0.18671875 0.8055555562500001 0.18203125 0.8 0.18046875 0.7791666671875 0.18046875 0.7763888890625 0.18203125 0.7763888890625 0.1984375 0.7791666671875 0.2 0.7888888890625 0.2 0.8111111109375001 0.1921875
0 0.175 0.8078125 0.1763888890625 0.80625 0.1861111109375 0.8046875 0.1861111109375 0.80234375 0.19444444375 0.796875 0.19444444375 0.79296875 0.197222221875 0.7921875 0.19444444375 0.78515625 0.1861111109375 0.78046875 0.15694444375 0.78046875 0.1541666671875 0.78203125 0.1541666671875 0.8046875 0.15972222187500001 0.8078125 0.175 0.8078125
0 0.10833333281249999 0.934375 0.1111111109375 0.9328125 0.1111111109375 0.91640625 0.1166666671875 0.90703125 0.0791666671875 0.90546875 0.07638888906249999 0.90703125 0.07638888906249999 0.928125 0.08194444375 0.93125 0.10833333281249999 0.934375
0 0.6666666671875 0.36640625 0.6611111109375 0.36328125 0.6458333328125 0.36328125 0.64444444375 0.36171875 0.6208333328125 0.36328125 0.6236111109375 0.3796875 0.6611111109375 0.38125 0.6666666671875 0.378125 0.6666666671875 0.36640625
0 0.5416666671875 0.4640625 0.547222221875 0.45703125 0.5527777781250001 0.4546875 0.5555555562500001 0.44609375 0.55 0.44296875 0.5236111109375 0.44296875 0.5208333328125 0.44453125 0.5208333328125 0.4609375 0.5263888890625 0.4640625 0.5416666671875 0.4640625
0 0.9083333328125001 0.80625 0.922222221875 0.7984375 0.922222221875 0.78828125 0.91944444375 0.78671875 0.890277778125 0.78671875 0.8875 0.78828125 0.8875 0.803125 0.89305555625 0.80625 0.9083333328125001 0.80625
0 0.030555556249999997 0.325 0.0333333328125 0.3234375 0.0333333328125 0.31328125 0.030555556249999997 0.31171875 0.0125 0.31171875 0.009722221875000001 0.31328125 0.009722221875000001 0.3234375 0.015277778124999999 0.3265625 0.030555556249999997 0.325
0 0.45277777812500003 0.1875 0.45555555625000005 0.1859375 0.45555555625000005 0.17578125 0.45277777812500003 0.17421875 0.434722221875 0.17421875 0.43194444374999996 0.17578125 0.43194444374999996 0.1859375 0.434722221875 0.1875 0.45277777812500003 0.1875
0 0.0125 0.50625 0.019444443750000002 0.50625 0.025 0.49921875 0.030555556249999997 0.496875 0.030555556249999997 0.48828125 0.027777778125000003 0.48671875 0.0125 0.48671875 0.009722221875000001 0.48828125 0.009722221875000001 0.5046875 0.0125 0.50625
0 0.6416666671875 0.63125 0.65 0.62109375 0.64444444375 0.61796875 0.6236111109375 0.61796875 0.6208333328125 0.61953125 0.6208333328125 0.6296875 0.6236111109375 0.63125 0.6416666671875 0.63125
0 0.1041666671875 0.275 0.13055555624999998 0.275 0.14444444375 0.2671875 0.14444444375 0.25859375 0.13888888906250002 0.25546875 0.10138888906250001 0.25546875 0.0986111109375 0.25703125 0.0986111109375 0.2703125 0.10138888906250001 0.27109375 0.10138888906250001 0.2734375 0.1041666671875 0.275
0 0.9708333328125001 0.5375 0.9861111109375 0.5375 0.9888888890624999 0.5359375 0.9888888890624999 0.52734375 0.9916666671875 0.5265625 0.9916666671875 0.52109375 0.997222221875 0.5171875 0.997222221875 0.51328125 0.95694444375 0.51171875 0.9541666671875 0.51328125 0.9541666671875 0.5296875 0.9611111109375001 0.53125 0.9708333328125001 0.5375
0 0.690277778125 0.33203125 0.690277778125 0.334375 0.6875 0.33515625 0.6875 0.3421875 0.7013888890625 0.3484375 0.7194444437499999 0.3484375 0.7194444437499999 0.34609375 0.7236111109375 0.34375 0.727777778125 0.34375 0.734722221875 0.3390625 0.7388888890625 0.3390625 0.74444444375 0.3359375 0.74444444375 0.32578125 0.7416666671875001 0.32421875 0.715277778125 0.32421875 0.70555555625 0.33046875 0.690277778125 0.33203125
0 0.6611111109375 0.1109375 0.66805555625 0.115625 0.6777777781250001 0.115625 0.7 0.109375 0.702777778125 0.10625 0.702777778125 0.09765625 0.6972222218749999 0.09296875 0.6569444437499999 0.09296875 0.6541666671875 0.09453125 0.6541666671875 0.10625 0.6569444437499999 0.10703125 0.6569444437499999 0.1109375 0.6611111109375 0.1109375
0 0.41944444374999995 0.39453125 0.4166666671875 0.39296875 0.39027777812500003 0.39296875 0.3875 0.403125 0.39027777812500003 0.4046875 0.40833333281249995 0.4046875 0.41944444374999995 0.3984375 0.41944444374999995 0.39453125
0 0.8416666671874999 0.484375 0.8444444437499999 0.48125 0.8444444437499999 0.47109375 0.8388888890624999 0.46796875 0.8013888890624999 0.46796875 0.7986111109375 0.46953125 0.7986111109375 0.4796875 0.809722221875 0.4859375 0.83055555625 0.4875 0.8416666671874999 0.484375
0 0.23055555625 0.4921875 0.2375 0.4875 0.24444444375000002 0.4859375 0.24444444375000002 0.47109375 0.2388888890625 0.46796875 0.2125 0.46796875 0.20972222187499998 0.46953125 0.20972222187499998 0.4859375 0.215277778125 0.490625 0.23055555625 0.4921875
0 0.9416666671874999 0.4765625 0.9458333328125 0.4796875 0.9694444437499999 0.4796875 0.975 0.47109375 0.972222221875 0.4703125 0.9638888890624999 0.45859375 0.95555555625 0.45546875 0.934722221875 0.45546875 0.93194444375 0.45703125 0.93194444375 0.4734375 0.9375 0.4765625 0.9416666671874999 0.4765625
0 0.11944444375 0.44375 0.11944444375 0.43828125 0.090277778125 0.43671875 0.0875 0.45 0.090277778125 0.453125 0.097222221875 0.453125 0.1041666671875 0.4453125 0.11944444375 0.44375
0 0.46388888906250003 0.6296875 0.46388888906250003 0.62578125 0.459722221875 0.62578125 0.45277777812500003 0.621875 0.45277777812500003 0.61953125 0.4458333328125 0.61953125 0.44444444375 0.61796875 0.4236111109375 0.61796875 0.42083333281249996 0.61953125 0.42083333281249996 0.634375 0.4263888890625 0.6375 0.45277777812500003 0.6359375 0.46388888906250003 0.6296875
0 0.6666666671875 0.55234375 0.6583333328125 0.54921875 0.6458333328125 0.54921875 0.64305555625 0.5734375 0.6583333328125 0.575 0.6666666671875 0.571875 0.6666666671875 0.55234375
0 0.352777778125 0.8625 0.35694444375 0.8578125 0.375 0.8546875 0.377777778125 0.84609375 0.372222221875 0.84296875 0.3263888890625 0.84296875 0.32083333281250004 0.84609375 0.32083333281250004 0.8609375 0.3263888890625 0.8640625 0.34444444375 0.8640625 0.3458333328125 0.8625 0.352777778125 0.8625
0 0.8055555562500001 0.2796875 0.8 0.26328125 0.7791666671875 0.26171875 0.7763888890625 0.26328125 0.7763888890625 0.2796875 0.7791666671875 0.28125 0.8055555562500001 0.2796875
0 0.38333333281250004 0.50078125 0.36805555624999997 0.49921875 0.365277778125 0.5109375 0.377777778125 0.5125 0.38333333281250004 0.50625 0.38333333281250004 0.50078125
0 0.49444444374999996 0.4546875 0.502777778125 0.4484375 0.502777778125 0.44453125 0.497222221875 0.44296875 0.4791666671875 0.44296875 0.4763888890625 0.44453125 0.4763888890625 0.45 0.48194444374999995 0.453125 0.49444444374999996 0.4546875
0 0.177777778125 0.99921875 0.1888888890625 0.9921875 0.1888888890625 0.98828125 0.1916666671875 0.9875 0.1916666671875 0.98203125 0.1888888890625 0.98125 0.1888888890625 0.96328125 0.1861111109375 0.96171875 0.1541666671875 0.96171875 0.15277777812499999 0.96328125 0.1458333328125 0.96328125 0.13194444375 0.97265625 0.13194444375 0.9921875 0.140277778125 0.99921875 0.177777778125 0.99921875
0 0.24722222187499998 0.946875 0.2486111109375 0.9453125 0.2638888890625 0.94375 0.272222221875 0.9375 0.272222221875 0.93046875 0.2666666671875 0.92421875 0.259722221875 0.92265625 0.25833333281250004 0.91953125 0.252777778125 0.91796875 0.23472222187499997 0.91796875 0.23194444375 0.91953125 0.23194444375 0.94375 0.23472222187499997 0.946875 0.24722222187499998 0.946875
0 0.1111111109375 0.6625 0.1111111109375 0.65078125 0.090277778125 0.64921875 0.0875 0.65078125 0.0875 0.6671875 0.1 0.66875 0.1111111109375 0.6625
0 0.3791666671875 0.87421875 0.3791666671875 0.8765625 0.3861111109375 0.8765625 0.40416666718750005 0.865625 0.40833333281249995 0.865625 0.40972222187499996 0.8640625 0.4138888890625 0.8640625 0.41944444374999995 0.8609375 0.41944444374999995 0.85703125 0.4138888890625 0.8546875 0.4138888890625 0.85234375 0.40833333281249995 0.84921875 0.38194444375000003 0.84921875 0.3763888890625 0.85234375 0.3763888890625 0.8734375 0.3791666671875 0.87421875
0 0.590277778125 0.56875 0.6138888890625 0.56875 0.61944444375 0.5671875 0.61944444375 0.56484375 0.625 0.5625 0.63055555625 0.55234375 0.622222221875 0.54921875 0.6013888890625 0.54921875 0.5958333328125 0.55078125 0.5875 0.55703125 0.5875 0.565625 0.590277778125 0.56875
0 0.4583333328125 0.51484375 0.45277777812500003 0.51171875 0.434722221875 0.51171875 0.434722221875 0.5265625 0.45277777812500003 0.5265625 0.4583333328125 0.521875 0.4583333328125 0.51484375
0 0.09444444375 0.70625 0.102777778125 0.703125 0.10555555624999999 0.7 0.10555555624999999 0.69296875 0.1 0.68984375 0.0888888890625 0.68671875 0.06805555625000001 0.68671875 0.06527777812499999 0.68828125 0.06527777812499999 0.6984375 0.0736111109375 0.7046875 0.0791666671875 0.70625 0.09444444375 0.70625
0 0.675 0.3609375 0.675 0.35234375 0.6666666671875 0.34921875 0.6569444437499999 0.34921875 0.6541666671875 0.3625 0.6569444437499999 0.365625 0.6638888890625 0.365625 0.675 0.3609375
0 0.9305555562500001 0.3359375 0.9333333328125001 0.32734375 0.9277777781250001 0.32421875 0.9013888890624999 0.32421875 0.8986111109375001 0.32578125 0.8986111109375001 0.3359375 0.9013888890624999 0.3375 0.91944444375 0.3390625 0.9305555562500001 0.3359375
0 0.1861111109375 0.37578125 0.18055555625 0.37421875 0.1458333328125 0.37421875 0.14305555625 0.37578125 0.14305555625 0.384375 0.15277777812499999 0.3875 0.165277778125 0.3828125 0.1833333328125 0.38125 0.1861111109375 0.37578125
0 0.022222221875 0.9140625 0.0333333328125 0.909375 0.0361111109375 0.9046875 0.0333333328125 0.89453125 0.0125 0.89296875 0.009722221875000001 0.89453125 0.009722221875000001 0.9109375 0.0125 0.9140625 0.022222221875 0.9140625
0 0.5527777781250001 0.74921875 0.5611111109375 0.746875 0.5611111109375 0.74453125 0.5388888890625 0.74375 0.5388888890625 0.73984375 0.547222221875 0.7375 0.547222221875 0.73359375 0.5305555562500001 0.73046875 0.5125 0.73046875 0.5097222218749999 0.753125 0.5263888890625 0.7578125 0.5527777781250001 0.7546875 0.5527777781250001 0.74921875
0 0.922222221875 0.3859375 0.922222221875 0.38203125 0.91944444375 0.38046875 0.9013888890624999 0.38046875 0.8986111109375001 0.38203125 0.9013888890624999 0.3921875 0.9166666671874999 0.390625 0.922222221875 0.3859375
0 0.0166666671875 0.98125 0.022222221875 0.975 0.022222221875 0.95859375 0.0166666671875 0.95546875 0.0013888890625 0.95546875 0.0013888890625 0.9859375 0.0111111109375 0.9859375 0.0111111109375 0.98359375 0.0166666671875 0.98125
0 0.8361111109375001 0.69375 0.8388888890624999 0.6921875 0.8388888890624999 0.68828125 0.8222222218749999 0.68046875 0.790277778125 0.68046875 0.7875 0.68203125 0.790277778125 0.6953125 0.8138888890624999 0.6953125 0.815277778125 0.69375 0.8361111109375001 0.69375
0 0.097222221875 0.6703125 0.10138888906250001 0.6671875 0.10555555624999999 0.6671875 0.1111111109375 0.6625 0.1111111109375 0.65078125 0.1 0.6453125 0.1 0.63828125 0.09444444375 0.63671875 0.07083333281250001 0.63671875 0.06527777812499999 0.64140625 0.06805555625000001 0.6671875 0.0736111109375 0.6703125 0.097222221875 0.6703125
0 0.6486111109375 0.7546875 0.652777778125 0.7546875 0.6541666671875 0.753125 0.6638888890625 0.7515625 0.66944444375 0.7484375 0.66944444375 0.73984375 0.6638888890625 0.73671875 0.6347222218749999 0.73671875 0.6319444437499999 0.73828125 0.6319444437499999 0.746875 0.64305555625 0.753125 0.647222221875 0.753125 0.6486111109375 0.7546875
0 0.652777778125 0.03671875 0.6236111109375 0.03671875 0.6208333328125 0.03828125 0.6236111109375 0.05 0.647222221875 0.05 0.6555555562500001 0.0453125 0.652777778125 0.03671875
0 0.15694444375 0.97890625 0.1541666671875 0.984375 0.15972222187500001 0.9875 0.16944444375 0.9875 0.1708333328125 0.9859375 0.1833333328125 0.9875 0.1888888890625 0.9859375 0.1888888890625 0.95703125 0.1861111109375 0.95546875 0.15694444375 0.95546875 0.1541666671875 0.95703125 0.1541666671875 0.9671875 0.1625 0.9765625 0.15694444375 0.97890625
0 0.12222222187500001 0.4421875 0.12222222187500001 0.43828125 0.090277778125 0.43671875 0.0875 0.43828125 0.090277778125 0.4546875 0.097222221875 0.4546875 0.1041666671875 0.446875 0.1166666671875 0.4453125 0.12222222187500001 0.4421875
0 0.9277777781250001 0.578125 0.9305555562500001 0.5765625 0.9305555562500001 0.56328125 0.91944444375 0.55546875 0.9125 0.55546875 0.909722221875 0.55703125 0.909722221875 0.571875 0.915277778125 0.5765625 0.9277777781250001 0.578125
0 0.027777778125000003 0.30078125 0.0125 0.29921875 0.009722221875000001 0.30078125 0.009722221875000001 0.321875 0.030555556249999997 0.3234375 0.027777778125000003 0.30078125
0 0.7013888890625 0.33046875 0.6986111109375 0.33203125 0.6986111109375 0.3453125 0.7013888890625 0.34609375 0.7013888890625 0.3484375 0.7194444437499999 0.3484375 0.7263888890625 0.34375 0.73055555625 0.34375 0.74444444375 0.3359375 0.74444444375 0.33359375 0.747222221875 0.3328125 0.747222221875 0.32734375 0.7416666671875001 0.32421875 0.715277778125 0.32421875 0.70555555625 0.33046875 0.7013888890625 0.33046875
0 0.41805555625 0.3984375 0.42222222187499997 0.3984375 0.42222222187499997 0.38828125 0.39305555625 0.38671875 0.3875 0.38984375 0.3875 0.403125 0.39027777812500003 0.4046875 0.40833333281249995 0.4046875 0.41805555625 0.3984375
0 0.35972222187499997 0.684375 0.372222221875 0.6828125 0.38333333281250004 0.675 0.38333333281250004 0.66484375 0.38055555625 0.66328125 0.3763888890625 0.66328125 0.375 0.66171875 0.35694444375 0.66171875 0.3541666671875 0.66328125 0.3541666671875 0.68125 0.35972222187499997 0.684375
0 0.45 0.6375 0.45555555625000005 0.6359375 0.4611111109375 0.6296875 0.4611111109375 0.62421875 0.45277777812500003 0.6203125 0.45555555625000005 0.6171875 0.45277777812500003 0.61328125 0.4375 0.61171875 0.43194444374999996 0.61484375 0.43194444374999996 0.6359375 0.434722221875 0.6375 0.45 0.6375