0 0.06796875 0.06875 0.0390625 0.02265625
0 0.0140625 0.09296875 0.01640625 0.01875
0 0.04140625 0.0953125 0.03359375 0.01875
0 0.21953125 0.1109375 0.04140625 0.02109375
0 0.075 0.1171875 0.025 0.01640625
0 0.03203125 0.12265625 0.03046875 0.015625
0 0.24609375 0.13515625 0.0359375 0.0171875
0 0.08359375 0.1390625 0.03046875 0.02265625
0 0.33203125 0.1390625 0.028125 0.02109375
0 0.10859375 0.1453125 0.0390625 0.025
0 0.190625 0.14609375 0.03203125 0.0203125
0 0.14296875 0.14375 0.025 0.01484375
0 0.040625 0.15 0.0375 0.01953125
0 0.228125 0.1546875 0.04453125 0.02265625
0 0.2953125 0.159375 0.03203125 0.021875
0 0.13984375 0.1765625 0.034375 0.021875
0 0.33125 0.1828125 0.040625 0.02265625
0 0.30078125 0.1875 0.03203125 0.01875
0 0.04921875 0.19375 0.03203125 0.01875
0 0.2546875 0.2015625 0.02890625 0.0171875
0 0.01328125 0.203125 0.0265625 0.01875
0 0.346875 0.2046875 0.03203125 0.02265625
0 0.40078125 0.2015625 0.0234375 0.015625
0 0.14140625 0.21640625 0.03046875 0.0203125
0 0.05078125 0.23125 0.03203125 0.01484375
0 0.075 0.2484375 0.025 0.01171875
0 0.359375 0.28125 0.040625 0.01796875
0 0.14765625 0.309375 0.04296875 0.01484375
0 0.31171875 0.3125 0.034375 0.01953125
0 0.71484375 0.32734375 0.0375 0.0203125
0 0.36328125 0.32578125 0.0265625 0.0125
0 0.328125 0.328125 0.021875 0.01484375
0 0.13359375 0.34375 0.03046875 0.01953125
0 0.53515625 0.34375 0.040625 0.01953125
0 0.365625 0.3390625 0.01796875 0.00859375
0 0.584375 0.3453125 0.03203125 0.0171875
0 0.175 0.3578125 0.04140625 0.0234375
0 0.09921875 0.3640625 0.03203125 0.0125
0 0.203125 0.378125 0.028125 0.009375
0 0.17109375 0.37890625 0.021875 0.009375
0 0.1328125 0.390625 0.0375 0.02421875
0 0.56484375 0.38515625 0.03203125 0.0109375
0 0.665625 0.3890625 0.02890625 0.0171875
0 0.2265625 0.3921875 0.0359375 0.01796875
0 0.26015625 0.39375 0.02890625 0.01484375
0 0.584375 0.4046875 0.04296875 0.02109375
0 0.715625 0.40625 0.02109375 0.01328125
0 0.66171875 0.4078125 0.02890625 0.0140625
0 0.6765625 0.41171875 0.03046875 0.0125
0 0.17734375 0.428125 0.0265625 0.01640625
0 0.5328125 0.428125 0.03203125 0.01640625
0 0.22109375 0.43359375 0.04140625 0.0171875
0 0.65 0.47578125 0.04453125 0.0234375
0 0.3140625 0.48984375 0.046875 0.028125
0 0.83046875 0.5046875 0.046875 0.02890625
0 0.6171875 0.5140625 0.0515625 0.02421875
0 0.54921875 0.515625 0.04296875 0.0234375
0 0.32265625 0.51796875 0.04609375 0.025
0 0.528125 0.52421875 0.04609375 0.025
0 0.74296875 0.5359375 0.04453125 0.0265625
0 0.709375 0.5390625 0.028125 0.02734375
0 0.378125 0.540625 0.053125 0.02578125
0 0.08984375 0.58125 0.0515625 0.02734375
0 0.05078125 0.5859375 0.04609375 0.02734375
0 0.02890625 0.6140625 0.04453125 0.021875