0 0.18576388906250002 0.474609375 0.17361111093749998 0.4794921875 0.17361111093749998 0.4892578125 0.18923611093749998 0.498046875 0.20138888906250002 0.4970703125 0.21180555625 0.4912109375 0.21180555625 0.4814453125 0.19965277812499999 0.474609375 0.18576388906250002 0.474609375
0 0.0017361109374999999 0.494140625 0 0.5166015625 0.0173611109375 0.5185546875 0.03125 0.5146484375 0.034722221875 0.5009765625 0.015625 0.494140625 0.0017361109374999999 0.494140625
0 0.1770833328125 0.3408203125 0.1822916671875 0.34375 0.20833333281250002 0.3427734375 0.21180555625 0.3291015625 0.18576388906250002 0.32421875 0.17361111093749998 0.3330078125 0.1770833328125 0.3408203125
0 0.25868055624999997 0.47265625 0.237847221875 0.47265625 0.22916666718749998 0.4794921875 0.23263888906250002 0.4912109375 0.24131944375 0.49609375 0.25347222187499996 0.4970703125 0.2638888890625 0.4951171875 0.27430555624999997 0.4873046875 0.27430555624999997 0.4814453125 0.25868055624999997 0.47265625
0 0.8211805562500001 0.17578125 0.8055555562500001 0.1865234375 0.8055555562500001 0.1943359375 0.8177083328125001 0.203125 0.8368055562500001 0.2021484375 0.8541666671874999 0.1943359375 0.8541666671874999 0.1826171875 0.8420138890625 0.17578125 0.8211805562500001 0.17578125
0 0.230902778125 0.37890625 0.22569444375 0.3818359375 0.22569444375 0.3935546875 0.234375 0.3984375 0.25694444375000003 0.3974609375 0.2673611109375 0.3876953125 0.2638888890625 0.3837890625 0.25868055624999997 0.380859375 0.230902778125 0.37890625
0 0.9392361109375 0.29296875 0.9270833328125001 0.2998046875 0.9236111109375 0.3115234375 0.9392361109375 0.322265625 0.9513888890625 0.3212890625 0.965277778125 0.3134765625 0.96875 0.3056640625 0.9461805562500001 0.29296875 0.9392361109375 0.29296875
0 0.8524305562500001 0.529296875 0.8211805562500001 0.533203125 0.8125 0.5400390625 0.8194444437499999 0.5478515625 0.8350694437499999 0.5546875 0.847222221875 0.5537109375 0.8611111109375 0.5498046875 0.8680555562500001 0.5400390625 0.8645833328125001 0.5341796875 0.8524305562500001 0.529296875
0 0.894097221875 0.486328125 0.8819444437499999 0.4931640625 0.8819444437499999 0.5009765625 0.890625 0.5078125 0.909722221875 0.5068359375 0.9270833328125001 0.4990234375 0.9270833328125001 0.4892578125 0.9149305562500001 0.484375 0.894097221875 0.486328125
0 0.453125 0.46484375 0.44444444375 0.4697265625 0.44444444375 0.4755859375 0.453125 0.48046875 0.4791666671875 0.4814453125 0.4861111109375 0.4775390625 0.4861111109375 0.4697265625 0.4739583328125 0.462890625 0.453125 0.46484375
0 0.6302083328125 0.474609375 0.6111111109375 0.4833984375 0.6111111109375 0.4912109375 0.6232638890625 0.498046875 0.6388888890625 0.4970703125 0.652777778125 0.4912109375 0.65625 0.4833984375 0.644097221875 0.474609375 0.6302083328125 0.474609375
0 0.38715277812500004 0.314453125 0.38194444375000003 0.3173828125 0.38194444375000003 0.3251953125 0.39756944375000003 0.33203125 0.40625 0.3310546875 0.4166666671875 0.3232421875 0.41319444375 0.3173828125 0.4010416671875 0.3125 0.38715277812500004 0.314453125
0 0.15277777812499999 0.4931640625 0.16493055625 0.505859375 0.1875 0.5048828125 0.19444444375 0.5029296875 0.19444444375 0.4990234375 0.16840277812499999 0.486328125 0.15277777812499999 0.4931640625
0 0.019097221875 0.19921875 0.006944443749999999 0.2041015625 0.0034722218749999997 0.2099609375 0.015625 0.220703125 0.03125 0.2216796875 0.03819444375 0.2197265625 0.03819444375 0.2138671875 0.03125 0.2021484375 0.019097221875 0.19921875
0 0.8107638890625 0.50390625 0.7986111109375 0.5107421875 0.7986111109375 0.5263671875 0.8142361109375 0.533203125 0.8368055562500001 0.5322265625 0.8541666671874999 0.5283203125 0.8541666671874999 0.5146484375 0.828125 0.50390625 0.8107638890625 0.50390625
0 0.32465277812500004 0.48828125 0.3125 0.4951171875 0.3125 0.5107421875 0.3177083328125 0.513671875 0.3263888890625 0.5126953125 0.35069444375000003 0.5087890625 0.35069444375000003 0.4912109375 0.3454861109375 0.48828125 0.32465277812500004 0.48828125
0 0.4114583328125 0.501953125 0.39756944375000003 0.498046875 0.3923611109375 0.5009765625 0.3923611109375 0.5107421875 0.39756944375000003 0.513671875 0.4166666671875 0.5126953125 0.43055555625 0.5048828125 0.4270833328125 0.4990234375 0.41840277812500004 0.49609375 0.4114583328125 0.501953125
0 1 0.3017578125 0.9947916671874999 0.298828125 0.9774305562500001 0.302734375 0.965277778125 0.3115234375 0.965277778125 0.3173828125 0.9739583328125001 0.32421875 0.9930555562500001 0.3232421875 1 0.3212890625 1 0.3017578125
0 0.8263888890625 0.3076171875 0.8263888890625 0.3212890625 0.831597221875 0.32421875 0.8506944437499999 0.3232421875 0.8611111109375 0.3017578125 0.855902778125 0.298828125 0.8420138890625 0.298828125 0.8263888890625 0.3076171875
0 0.33680555624999997 0.3095703125 0.33680555624999997 0.3154296875 0.3489583328125 0.3203125 0.3611111109375 0.3193359375 0.36805555624999997 0.3134765625 0.3645833328125 0.3056640625 0.3489583328125 0.302734375 0.33680555624999997 0.3095703125
0 0.38194444375000003 0.3818359375 0.38715277812500004 0.38671875 0.39930555624999997 0.3857421875 0.40625 0.3798828125 0.39409722187499996 0.37109375 0.38715277812500004 0.37109375 0.38194444375000003 0.3818359375
0 0.7708333328125 0.1845703125 0.7708333328125 0.1962890625 0.7795138890625 0.19921875 0.7916666671875 0.1982421875 0.8055555562500001 0.1943359375 0.8055555562500001 0.1845703125 0.7760416671875 0.181640625 0.7708333328125 0.1845703125
0 0.21180555625 0.3759765625 0.21701388906250002 0.37890625 0.23263888906250002 0.3779296875 0.23958333281250002 0.3701171875 0.22048611093749998 0.36328125 0.21180555625 0.3681640625 0.21180555625 0.3759765625
0 0.65625 0.4619140625 0.6614583328125 0.470703125 0.675347221875 0.474609375 0.684027778125 0.4736328125 0.684027778125 0.4677734375 0.675347221875 0.4609375 0.6614583328125 0.458984375 0.65625 0.4619140625
0 0.8611111109375 0.3017578125 0.8697916671874999 0.306640625 0.8888888890625 0.3076171875 0.8958333328125001 0.2998046875 0.8732638890625 0.28515625 0.8645833328125001 0.2900390625 0.8611111109375 0.3017578125
0 0 0.2001953125 0.006944443749999999 0.2001953125 0.02430555625 0.1923828125 0.02430555625 0.1826171875 0.012152778125 0.177734375 0 0.1787109375 0 0.2001953125
0 0.41319444375 0.4755859375 0.43055555625 0.4873046875 0.4375 0.4833984375 0.4375 0.4716796875 0.41840277812500004 0.470703125 0.41319444375 0.4755859375
0 0.24826388906250002 0.32421875 0.23611111093749998 0.3291015625 0.23263888906250002 0.3408203125 0.24479166718749998 0.345703125 0.25347222187499996 0.3447265625 0.2638888890625 0.3408203125 0.2673611109375 0.3330078125 0.2552083328125 0.32421875 0.24826388906250002 0.32421875
0 0.065972221875 0.2724609375 0.0625 0.2802734375 0.06770833281250001 0.283203125 0.09375 0.2841796875 0.097222221875 0.2783203125 0.08854166718749999 0.271484375 0.074652778125 0.26953125 0.065972221875 0.2724609375
0 0.4201388890625 0.4482421875 0.42534722187499996 0.451171875 0.4375 0.4501953125 0.44444444375 0.4404296875 0.42881944375 0.4375 0.4201388890625 0.4423828125 0.4201388890625 0.4482421875
0 0.27430555624999997 0.4521484375 0.2829861109375 0.458984375 0.2951388890625 0.4599609375 0.2951388890625 0.4462890625 0.2864583328125 0.443359375 0.27430555624999997 0.4482421875 0.27430555624999997 0.4521484375
0 0.4114583328125 0.404296875 0.4270833328125 0.4033203125 0.4375 0.3974609375 0.42881944375 0.388671875 0.40625 0.3935546875 0.4114583328125 0.404296875
0 0.08506944375 0.326171875 0.1041666671875 0.3251953125 0.1076388890625 0.3193359375 0.10243055625 0.314453125 0.07986111093750001 0.3173828125 0.08506944375 0.326171875
0 0.38194444375000003 0.3955078125 0.3923611109375 0.4033203125 0.40625 0.3994140625 0.40625 0.3955078125 0.39409722187499996 0.390625 0.38194444375000003 0.3955078125
0 0.0173611109375 0.1455078125 0.0208333328125 0.1513671875 0.0295138890625 0.154296875 0.0416666671875 0.1533203125 0.0451388890625 0.1455078125 0.0295138890625 0.138671875 0.02256944375 0.140625 0.0173611109375 0.1455078125
0 0.24826388906250002 0.404296875 0.23958333281250002 0.4111328125 0.23958333281250002 0.4169921875 0.24826388906250002 0.423828125 0.2604166671875 0.4228515625 0.2708333328125 0.4150390625 0.2708333328125 0.4091796875 0.25868055624999997 0.404296875 0.24826388906250002 0.404296875
0 0.0208333328125 0.2802734375 0.0364583328125 0.2890625 0.0416666671875 0.2880859375 0.0451388890625 0.2802734375 0.0364583328125 0.275390625 0.02256944375 0.275390625 0.0208333328125 0.2802734375
0 0.38368055624999997 0.474609375 0.38194444375000003 0.4853515625 0.39930555624999997 0.4853515625 0.40625 0.4814453125 0.40277777812500004 0.4775390625 0.390625 0.47265625 0.38368055624999997 0.474609375
0 0.26215277812500004 0.404296875 0.24826388906250002 0.404296875 0.23958333281250002 0.4111328125 0.23958333281250002 0.4208984375 0.25 0.4248046875 0.25868055624999997 0.423828125 0.2708333328125 0.4150390625 0.2708333328125 0.4091796875 0.26215277812500004 0.404296875
0 0.878472221875 0.2177734375 0.887152778125 0.224609375 0.8958333328125001 0.2236328125 0.902777778125 0.2158203125 0.8975694437499999 0.2109375 0.887152778125 0.2109375 0.878472221875 0.2177734375
0 0.3854166671875 0.3955078125 0.3888888890625 0.4072265625 0.40625 0.4091796875 0.41319444375 0.4013671875 0.39756944375000003 0.392578125 0.390625 0.392578125 0.3854166671875 0.3955078125
0 0.0451388890625 0.2158203125 0.0625 0.2158203125 0.06944444375 0.2119140625 0.06944444375 0.2021484375 0.053819443749999994 0.19921875 0.0451388890625 0.2158203125
0 0.3177083328125 0.4921875 0.30555555624999997 0.5009765625 0.3125 0.5126953125 0.3263888890625 0.5126953125 0.3333333328125 0.5107421875 0.3263888890625 0.5048828125 0.33159722187499996 0.490234375 0.3177083328125 0.4921875
0 0.33159722187499996 0.40234375 0.3541666671875 0.4013671875 0.3541666671875 0.3955078125 0.3454861109375 0.390625 0.3298611109375 0.3916015625 0.33159722187499996 0.40234375
0 0.953125 0.208984375 0.96875 0.2099609375 0.9670138890625 0.19921875 0.956597221875 0.19921875 0.9479166671874999 0.2041015625 0.953125 0.208984375
0 0.046875 0.197265625 0.006944443749999999 0.2021484375 0.006944443749999999 0.2158203125 0.02256944375 0.22265625 0.034722221875 0.2216796875 0.065972221875 0.2119140625 0.06944444375 0.2080078125 0.06423611093750001 0.19921875 0.046875 0.197265625