0 0.778125 0.3203125 0.040625 0.015625
0 0.571875 0.328125 0.0390625 0.0203125
0 0.55 0.3453125 0.025 0.0140625
0 0.63828125 0.35703125 0.0375 0.01875
0 0.4 0.359375 0.028125 0.01484375
0 0.6171875 0.3640625 0.034375 0.0203125
0 0.659375 0.36171875 0.02109375 0.0125
0 0.596875 0.39375 0.03203125 0.01484375
0 0.60859375 0.4546875 0.03359375 0.01953125
0 0.515625 0.45625 0.03203125 0.02109375
0 0.56015625 0.4578125 0.0375 0.02109375
0 0.7125 0.4578125 0.0359375 0.02265625
0 0.37734375 0.48984375 0.03203125 0.0171875
0 0.68515625 0.49375 0.01796875 0.01640625
0 0.72265625 0.5046875 0.034375 0.02578125
0 0.71875 0.525 0.03203125 0.0171875
0 0.49453125 0.5375 0.0359375 0.02421875
0 0.65078125 0.54375 0.02890625 0.01796875
0 0.34609375 0.5484375 0.01953125 0.009375
0 0.134375 0.5703125 0.0359375 0.0140625
0 0.36953125 0.578125 0.053125 0.028125
0 0.0265625 0.5859375 0.0359375 0.01484375
0 0.01328125 0.6 0.0265625 0.01484375
0 0.428125 0.61328125 0.04453125 0.0203125
0 0.059375 0.61875 0.0375 0.02734375
0 0.1546875 0.62265625 0.0234375 0.01875
0 0.81875 0.62578125 0.02890625 0.025
0 0.89140625 0.6203125 0.028125 0.01171875
0 0.45234375 0.62265625 0.04296875 0.015625
0 0.84921875 0.628125 0.0265625 0.0171875
0 0.92265625 0.63203125 0.034375 0.021875
0 0.19375 0.6328125 0.040625 0.01875
0 0.853125 0.63984375 0.05 0.01875
0 0.5625 0.65625 0.046875 0.02265625