0 0.9680555562500001 0.11875 0.977777778125 0.11875 0.9902777781250001 0.1125 0.997222221875 0.1109375 0.997222221875 0.09296875 0.9680555562500001 0.09296875 0.965277778125 0.09453125 0.965277778125 0.1171875 0.9680555562500001 0.11875
0 0.9083333328125001 0.275 0.91944444375 0.2671875 0.91944444375 0.25703125 0.8791666671874999 0.25546875 0.8763888890624999 0.25703125 0.8763888890624999 0.2734375 0.8791666671874999 0.275 0.9083333328125001 0.275
0 0.36666666718749996 0.146875 0.3708333328125 0.15 0.3861111109375 0.15 0.3861111109375 0.14921875 0.4 0.1421875 0.4 0.12734375 0.3986111109375 0.12734375 0.39444444375 0.12421875 0.36805555624999997 0.12421875 0.36805555624999997 0.125 0.365277778125 0.12578125 0.365277778125 0.146875 0.36666666718749996 0.146875
0 0.9694444437499999 0.2671875 0.9694444437499999 0.25859375 0.977777778125 0.253125 0.977777778125 0.24453125 0.9458333328125 0.24296875 0.94305555625 0.24453125 0.94305555625 0.2671875 0.9638888890624999 0.2703125 0.9694444437499999 0.2671875
0 0.3763888890625 0.49296875 0.3763888890625 0.5046875 0.384722221875 0.5078125 0.4 0.5078125 0.40138888906250003 0.50625 0.40555555625000006 0.50625 0.42222222187499997 0.4953125 0.42222222187499997 0.48984375 0.4166666671875 0.48671875 0.3875 0.48671875 0.3861111109375 0.48828125 0.38194444375000003 0.48828125 0.3763888890625 0.49296875
0 0.9791666671874999 0.11796875 0.9763888890624999 0.1421875 0.997222221875 0.14375 0.9986111109375001 0.11953125 0.9791666671874999 0.11796875
0 0.36666666718749996 0.58203125 0.372222221875 0.5796875 0.36944444375 0.57109375 0.3638888890625 0.56796875 0.334722221875 0.56796875 0.33194444375 0.56953125 0.334722221875 0.5875 0.3638888890625 0.5875 0.36666666718749996 0.58203125
0 0.0361111109375 0.3984375 0.0361111109375 0.38828125 0.0125 0.38671875 0.009722221875000001 0.38828125 0.009722221875000001 0.403125 0.025 0.4046875 0.0361111109375 0.3984375
0 0.890277778125 0.521875 0.9055555562500001 0.5203125 0.922222221875 0.5109375 0.9166666671874999 0.50078125 0.909722221875 0.50078125 0.9083333328125001 0.49921875 0.8791666671874999 0.49921875 0.8763888890624999 0.50078125 0.8763888890624999 0.5171875 0.8819444437499999 0.5203125 0.8888888890625 0.5203125 0.890277778125 0.521875
0 0.9 0.665625 0.9 0.65078125 0.8680555562500001 0.64921875 0.8652777781250001 0.65078125 0.8680555562500001 0.6671875 0.89444444375 0.66875 0.9 0.665625
0 0.852777778125 0.35 0.8583333328125 0.33984375 0.852777778125 0.33671875 0.834722221875 0.33671875 0.83194444375 0.33828125 0.83194444375 0.3484375 0.834722221875 0.35 0.852777778125 0.35
0 0.34722222187499996 0.390625 0.34444444375 0.37578125 0.3236111109375 0.37421875 0.32083333281250004 0.37578125 0.32083333281250004 0.3921875 0.3416666671875 0.39375 0.34722222187499996 0.390625
0 0.054166667187499996 0.6609375 0.05694444375 0.6625 0.0638888890625 0.6625 0.06527777812499999 0.6640625 0.08333333281250001 0.6640625 0.1 0.65625 0.1 0.65234375 0.10555555624999999 0.6484375 0.10555555624999999 0.64296875 0.097222221875 0.63671875 0.06805555625000001 0.63671875 0.0625 0.63984375 0.0625 0.64375 0.054166667187499996 0.64921875 0.054166667187499996 0.6609375
0 0.5388888890625 0.3375 0.5527777781250001 0.3265625 0.5555555562500001 0.31953125 0.5527777781250001 0.31796875 0.5236111109375 0.31796875 0.5208333328125 0.31953125 0.5208333328125 0.3359375 0.5236111109375 0.3375 0.5388888890625 0.3375
0 0.5555555562500001 0.4546875 0.5527777781250001 0.44296875 0.5236111109375 0.44296875 0.5208333328125 0.44453125 0.5208333328125 0.459375 0.5236111109375 0.4609375 0.5416666671875 0.4609375 0.5555555562500001 0.4546875
0 0.29722222187499997 0.275 0.3083333328125 0.26875 0.3083333328125 0.26015625 0.29722222187499997 0.25546875 0.2791666671875 0.25546875 0.27638888906250003 0.25703125 0.27638888906250003 0.2734375 0.2791666671875 0.275 0.29722222187499997 0.275
0 0.5458333328125 0.3484375 0.5555555562500001 0.3484375 0.5666666671875 0.3421875 0.5694444437499999 0.33203125 0.5666666671875 0.33125 0.5666666671875 0.32578125 0.5638888890625 0.32421875 0.5486111109375 0.32578125 0.54305555625 0.33046875 0.54305555625 0.3453125 0.5458333328125 0.3484375
0 0.102777778125 0.43125 0.1041666671875 0.4328125 0.11944444375 0.43125 0.125 0.4265625 0.12222222187500001 0.41640625 0.1111111109375 0.41171875 0.090277778125 0.41171875 0.0875 0.41328125 0.0875 0.428125 0.09305555625 0.43125 0.102777778125 0.43125
0 0.9111111109375001 0.2390625 0.922222221875 0.2359375 0.91944444375 0.21953125 0.9138888890624999 0.21796875 0.8791666671874999 0.21953125 0.8763888890624999 0.22265625 0.8791666671874999 0.2359375 0.8958333328125001 0.2390625 0.9111111109375001 0.2390625
0 0.38333333281250004 0.29296875 0.36805555624999997 0.29296875 0.365277778125 0.3109375 0.3861111109375 0.3125 0.3888888890625 0.29609375 0.38333333281250004 0.29296875
0 0.22777777812500002 0.2578125 0.23333333281250002 0.2546875 0.23055555625 0.23984375 0.21944444375 0.23671875 0.20138888906250002 0.23671875 0.1986111109375 0.23828125 0.20138888906250002 0.2609375 0.2138888890625 0.2609375 0.22777777812500002 0.2578125
0 0.45694444375 0.3484375 0.46944444374999994 0.346875 0.477777778125 0.3421875 0.48055555625 0.33359375 0.475 0.33046875 0.45694444375 0.33046875 0.45416666718750004 0.33203125 0.45416666718750004 0.3453125 0.45694444375 0.3484375
0 0.3138888890625 0.18359375 0.3083333328125 0.18046875 0.290277778125 0.18046875 0.2875 0.1984375 0.290277778125 0.2 0.3166666671875 0.1984375 0.3138888890625 0.18359375
0 0.40555555625000006 0.34921875 0.3875 0.35078125 0.39027777812500003 0.3578125 0.4 0.3578125 0.40833333281249995 0.3546875 0.40555555625000006 0.34921875
0 0.33055555625 0.16171875 0.3125 0.16171875 0.3125 0.1796875 0.3416666671875 0.1796875 0.3416666671875 0.16484375 0.33055555625 0.16171875
0 0.2 0.43359375 0.21111111093749999 0.428125 0.21111111093749999 0.42578125 0.20833333281250002 0.425 0.20833333281250002 0.41953125 0.190277778125 0.41796875 0.1875 0.41953125 0.1875 0.4359375 0.197222221875 0.4375 0.2 0.43359375
0 0.3888888890625 0.2359375 0.3888888890625 0.22578125 0.3791666671875 0.22421875 0.3763888890625 0.22578125 0.3763888890625 0.2359375 0.3861111109375 0.2375 0.3888888890625 0.2359375
0 0.827777778125 0.4125 0.8444444437499999 0.4015625 0.8444444437499999 0.38828125 0.8416666671874999 0.38671875 0.8125 0.38671875 0.809722221875 0.38828125 0.809722221875 0.409375 0.815277778125 0.4125 0.827777778125 0.4125
0 0.98055555625 0.40625 0.99444444375 0.403125 0.99444444375 0.40078125 0.9861111109375 0.396875 0.9833333328125 0.38828125 0.977777778125 0.38671875 0.95694444375 0.38671875 0.9541666671875 0.38828125 0.9541666671875 0.39375 0.959722221875 0.39609375 0.9680555562500001 0.40625 0.98055555625 0.40625
0 0.3638888890625 0.12578125 0.3583333328125 0.12421875 0.334722221875 0.12421875 0.33194444375 0.12578125 0.33194444375 0.134375 0.3375 0.1375 0.352777778125 0.1375 0.3638888890625 0.1296875 0.3638888890625 0.12578125
0 0.127777778125 0.4078125 0.13333333281249998 0.4046875 0.13055555624999998 0.39453125 0.1125 0.39296875 0.109722221875 0.39453125 0.109722221875 0.4046875 0.115277778125 0.4078125 0.127777778125 0.4078125
0 0.3958333328125 0.2046875 0.4138888890625 0.2046875 0.42222222187499997 0.2 0.42222222187499997 0.18984375 0.41111111093749997 0.184375 0.40833333281249995 0.18046875 0.39027777812500003 0.18046875 0.3875 0.18203125 0.3875 0.2 0.39027777812500003 0.203125 0.3958333328125 0.2046875
0 0.997222221875 0.6734375 0.9986111109375001 0.65078125 0.997222221875 0.64921875 0.9791666671874999 0.64921875 0.9763888890624999 0.65078125 0.9763888890624999 0.6671875 0.9875 0.6734375 0.997222221875 0.6734375
0 0.61944444375 0.4453125 0.622222221875 0.43828125 0.6166666671875001 0.43203125 0.6111111109375 0.43046875 0.5791666671875 0.43046875 0.5763888890625 0.43203125 0.5763888890625 0.44375 0.584722221875 0.4484375 0.6111111109375 0.4484375 0.61944444375 0.4453125
0 0.2125 0.5125 0.21944444375 0.5125 0.2208333328125 0.5109375 0.225 0.5109375 0.22916666718749998 0.5078125 0.2388888890625 0.50625 0.24444444375000002 0.503125 0.24444444375000002 0.49453125 0.2416666671875 0.49296875 0.2236111109375 0.49296875 0.20972222187499998 0.50078125 0.20972222187499998 0.5109375 0.2125 0.5125
0 0.43055555625 0.5125 0.4361111109375 0.50234375 0.43055555625 0.49921875 0.4125 0.49921875 0.40972222187499996 0.50078125 0.40972222187499996 0.5109375 0.4125 0.5140625 0.43055555625 0.5125
0 0.36666666718749996 0.3859375 0.36666666718749996 0.37578125 0.35694444375 0.37421875 0.3541666671875 0.37578125 0.3541666671875 0.3859375 0.3638888890625 0.3875 0.36666666718749996 0.3859375
0 0.9111111109375001 0.35078125 0.890277778125 0.34921875 0.8875 0.3609375 0.9055555562500001 0.3625 0.9111111109375001 0.359375 0.9111111109375001 0.35078125
0 0.197222221875 0.6890625 0.2 0.6859375 0.197222221875 0.67421875 0.16805555625 0.67421875 0.165277778125 0.67578125 0.165277778125 0.690625 0.1708333328125 0.69375 0.1861111109375 0.69375 0.197222221875 0.6890625
0 0.06944444375 0.4359375 0.06944444375 0.42578125 0.05694444375 0.42421875 0.054166667187499996 0.42578125 0.054166667187499996 0.4359375 0.0666666671875 0.4375 0.06944444375 0.4359375
0 0.41111111093749997 0.2046875 0.41944444374999995 0.2 0.41944444374999995 0.18828125 0.4138888890625 0.1875 0.40833333281249995 0.18046875 0.39027777812500003 0.18046875 0.3875 0.18203125 0.3875 0.1984375 0.3986111109375 0.2046875 0.41111111093749997 0.2046875
0 0.46666666718750005 0.3875 0.46666666718750005 0.38203125 0.4458333328125 0.38046875 0.44305555625000004 0.3921875 0.4458333328125 0.39375 0.4611111109375 0.3921875 0.46666666718750005 0.3875
0 0.9458333328125 0.534375 0.95555555625 0.534375 0.95694444375 0.5328125 0.9611111109375001 0.5328125 0.9666666671874999 0.5296875 0.9666666671874999 0.52578125 0.952777778125 0.51796875 0.934722221875 0.51796875 0.93194444375 0.51953125 0.93194444375 0.5296875 0.934722221875 0.53125 0.9388888890624999 0.53125 0.9458333328125 0.534375
0 0.7388888890625 0.5296875 0.7416666671875001 0.528125 0.7416666671875001 0.51328125 0.7361111109375 0.51171875 0.7125 0.51171875 0.709722221875 0.51328125 0.7125 0.5265625 0.7236111109375 0.53125 0.7388888890625 0.5296875
0 0.9583333328125001 0.2359375 0.9583333328125001 0.22734375 0.9638888890624999 0.2234375 0.9666666671874999 0.20859375 0.9583333328125001 0.20546875 0.934722221875 0.20546875 0.93194444375 0.20703125 0.934722221875 0.2359375 0.952777778125 0.2375 0.9583333328125001 0.2359375
0 0.027777778125000003 0.36796875 0.0125 0.36796875 0.0125 0.38125 0.030555556249999997 0.38125 0.0333333328125 0.37109375 0.027777778125000003 0.36796875
0 0.952777778125 0.2390625 0.9611111109375001 0.234375 0.9611111109375001 0.22734375 0.952777778125 0.22421875 0.934722221875 0.22421875 0.93194444375 0.22578125 0.93194444375 0.2359375 0.94305555625 0.2390625 0.952777778125 0.2390625
0 0.9902777781250001 0.38046875 0.9875 0.4046875 0.997222221875 0.40625 0.9986111109375001 0.38203125 0.9902777781250001 0.38046875
0 0.054166667187499996 0.415625 0.0638888890625 0.4140625 0.06805555625000001 0.4109375 0.072222221875 0.4109375 0.072222221875 0.40859375 0.0638888890625 0.40546875 0.0458333328125 0.40546875 0.04305555625 0.40703125 0.04305555625 0.4125 0.0486111109375 0.4171875 0.052777778124999994 0.4171875 0.054166667187499996 0.415625
0 0.075 0.3828125 0.08055555625000001 0.3796875 0.0861111109375 0.37109375 0.075 0.36796875 0.05694444375 0.36796875 0.054166667187499996 0.36953125 0.054166667187499996 0.3796875 0.0625 0.3828125 0.075 0.3828125
0 0.22638888906250001 0.4625 0.2416666671875 0.4578125 0.2416666671875 0.45078125 0.2388888890625 0.44921875 0.2236111109375 0.44921875 0.2208333328125 0.45078125 0.2208333328125 0.459375 0.22638888906250001 0.4625
0 0.3861111109375 0.2375 0.3888888890625 0.2359375 0.3888888890625 0.22578125 0.3861111109375 0.22421875 0.36805555624999997 0.22421875 0.365277778125 0.22578125 0.365277778125 0.2359375 0.3708333328125 0.2390625 0.3861111109375 0.2375