0 0.025 0.25859375 0.030555556249999997 0.25625 0.030555556249999997 0.25078125 0.0125 0.24921875 0.009722221875000001 0.25078125 0.009722221875000001 0.265625 0.019444443750000002 0.2671875 0.025 0.25859375
0 0.030555556249999997 0.4 0.04444444375 0.3921875 0.04444444375 0.38203125 0.0416666671875 0.38046875 0.0125 0.38046875 0.009722221875000001 0.38203125 0.009722221875000001 0.3984375 0.0125 0.4 0.030555556249999997 0.4
0 0.51944444375 0.2828125 0.5333333328125 0.275 0.5333333328125 0.26328125 0.5305555562500001 0.26171875 0.5013888890625 0.26171875 0.4986111109375 0.26328125 0.4986111109375 0.2796875 0.5041666671875 0.2828125 0.51944444375 0.2828125
0 0.31944444375000003 0.1421875 0.322222221875 0.13828125 0.33055555625 0.1359375 0.33055555625 0.12890625 0.322222221875 0.1234375 0.322222221875 0.11953125 0.31944444375000003 0.11796875 0.290277778125 0.11796875 0.2875 0.11953125 0.2875 0.1359375 0.30416666718749996 0.1421875 0.31944444375000003 0.1421875
0 0.477777778125 0.275 0.4791666671875 0.2765625 0.49444444374999996 0.2734375 0.497222221875 0.271875 0.497222221875 0.26796875 0.5 0.2671875 0.5 0.26328125 0.4861111109375 0.25546875 0.46805555625000006 0.25546875 0.46527777812500004 0.25703125 0.46527777812500004 0.2734375 0.46805555625000006 0.275 0.477777778125 0.275
0 0.0416666671875 0.4359375 0.04444444375 0.4328125 0.0416666671875 0.42421875 0.0125 0.42421875 0.009722221875000001 0.42578125 0.015277778124999999 0.434375 0.027777778125000003 0.4328125 0.03194444375 0.4359375 0.0416666671875 0.4359375
0 0.21944444375 0.71875 0.222222221875 0.7171875 0.21944444375 0.70546875 0.20833333281250002 0.69921875 0.190277778125 0.69921875 0.1875 0.70078125 0.1875 0.715625 0.19305555624999998 0.71875 0.21944444375 0.71875
0 0.952777778125 0.43203125 0.95 0.43046875 0.9236111109375 0.43046875 0.9208333328125 0.43203125 0.9208333328125 0.44375 0.9236111109375 0.446875 0.9416666671874999 0.44375 0.952777778125 0.4375 0.952777778125 0.43203125
0 0.26944444375 0.13828125 0.2638888890625 0.13671875 0.23194444375 0.13828125 0.23472222187499997 0.15625 0.2666666671875 0.15625 0.272222221875 0.153125 0.26944444375 0.13828125
0 0.29722222187499997 0.1859375 0.3 0.184375 0.3 0.16640625 0.29722222187499997 0.16328125 0.2916666671875 0.16171875 0.26805555625 0.16171875 0.26527777812500003 0.16328125 0.26805555625 0.178125 0.28194444375 0.1859375 0.29722222187499997 0.1859375
0 0.875 0.6625 0.872222221875 0.65546875 0.8430555562500001 0.65703125 0.8458333328125001 0.66875 0.8638888890624999 0.66875 0.86944444375 0.66328125 0.875 0.6625
0 0.9986111109375001 0.35078125 0.9791666671874999 0.34921875 0.9763888890624999 0.371875 0.98194444375 0.375 0.997222221875 0.375 0.9986111109375001 0.35078125
0 0.15555555625 0.425 0.15555555625 0.41953125 0.15277777812499999 0.41796875 0.12361111093749999 0.41796875 0.1208333328125 0.41953125 0.12361111093749999 0.4265625 0.13194444375 0.4296875 0.14444444375 0.4296875 0.15555555625 0.425
0 0.2638888890625 0.128125 0.26944444375 0.1234375 0.26944444375 0.11328125 0.24583333281250003 0.11171875 0.24305555625 0.11328125 0.24305555625 0.1234375 0.2486111109375 0.1265625 0.2638888890625 0.128125
0 0.98194444375 0.55 0.9916666671875 0.5484375 0.997222221875 0.5453125 0.997222221875 0.53046875 0.9791666671874999 0.53046875 0.9763888890624999 0.53203125 0.9763888890624999 0.546875 0.98194444375 0.55
0 0.30416666718749996 0.15 0.3111111109375 0.1484375 0.3083333328125 0.14140625 0.30416666718749996 0.14140625 0.29444444375 0.13671875 0.2791666671875 0.13671875 0.27638888906250003 0.13828125 0.27638888906250003 0.1546875 0.2791666671875 0.15625 0.29722222187499997 0.1546875 0.30416666718749996 0.15
0 0.4486111109375 0.48671875 0.44305555625000004 0.48984375 0.4458333328125 0.5 0.477777778125 0.4984375 0.475 0.48671875 0.4486111109375 0.48671875
0 0.034722221875 0.7453125 0.04444444375 0.746875 0.0486111109375 0.75 0.06944444375 0.75 0.07083333281250001 0.7484375 0.075 0.7484375 0.075 0.74609375 0.077777778125 0.7453125 0.077777778125 0.73671875 0.0666666671875 0.73046875 0.0625 0.73046875 0.052777778124999994 0.72421875 0.034722221875 0.72421875 0.03194444375 0.72578125 0.03194444375 0.7421875 0.034722221875 0.74296875 0.034722221875 0.7453125
0 0.177777778125 0.409375 0.177777778125 0.40078125 0.15694444375 0.39921875 0.1541666671875 0.4109375 0.15694444375 0.4140625 0.1666666671875 0.4140625 0.177777778125 0.409375
0 0.0361111109375 0.66171875 0.0416666671875 0.6609375 0.0416666671875 0.65703125 0.015277778124999999 0.65546875 0.009722221875000001 0.65859375 0.009722221875000001 0.6671875 0.030555556249999997 0.66875 0.0361111109375 0.66171875
0 0.0638888890625 0.64453125 0.0458333328125 0.64296875 0.04305555625 0.6546875 0.0458333328125 0.65625 0.061111110937500004 0.6546875 0.0638888890625 0.64453125
0 0.04444444375 0.3734375 0.04444444375 0.36484375 0.0388888890625 0.36171875 0.0125 0.36171875 0.009722221875000001 0.36328125 0.009722221875000001 0.3703125 0.015277778124999999 0.375 0.030555556249999997 0.3765625 0.04444444375 0.3734375
0 0.1111111109375 0.7359375 0.1111111109375 0.71953125 0.10138888906250001 0.71796875 0.0986111109375 0.71953125 0.0986111109375 0.7359375 0.10833333281249999 0.7375 0.1111111109375 0.7359375
0 0.9986111109375001 0.50625 0.997222221875 0.49921875 0.9791666671874999 0.49921875 0.9763888890624999 0.50078125 0.9791666671874999 0.509375 0.99444444375 0.5109375 0.9986111109375001 0.50625
0 0.475 0.5 0.477777778125 0.4984375 0.475 0.48671875 0.4611111109375 0.48828125 0.4375 0.48671875 0.43194444374999996 0.48984375 0.434722221875 0.5 0.4583333328125 0.5 0.459722221875 0.4984375 0.475 0.5
0 0.46388888906250003 0.2 0.46388888906250003 0.19765625 0.475 0.1921875 0.47222222187499996 0.18671875 0.45694444375 0.18671875 0.45416666718750004 0.18828125 0.45694444375 0.2 0.46388888906250003 0.2
0 0.019444443750000002 0.3671875 0.030555556249999997 0.359375 0.030555556249999997 0.35234375 0.022222221875 0.34921875 0.0125 0.34921875 0.009722221875000001 0.35078125 0.009722221875000001 0.3609375 0.0125 0.365625 0.019444443750000002 0.3671875
0 0.375 0.4625 0.377777778125 0.4609375 0.377777778125 0.45703125 0.375 0.45546875 0.36805555624999997 0.45546875 0.365277778125 0.45703125 0.365277778125 0.4609375 0.36805555624999997 0.4625 0.375 0.4625