0 0.625 0.5921875 0.6333333328124999 0.5859375 0.6333333328124999 0.56953125 0.63055555625 0.56796875 0.590277778125 0.56796875 0.5875 0.56953125 0.590277778125 0.5921875 0.5986111109375 0.59375 0.625 0.5921875
0 0.95555555625 0.70234375 0.9666666671874999 0.6984375 0.9666666671874999 0.68359375 0.9611111109375001 0.68046875 0.9236111109375 0.68046875 0.9208333328125 0.68203125 0.9208333328125 0.7046875 0.952777778125 0.70625 0.95555555625 0.70234375
0 0.32777777812500003 0.2109375 0.3333333328125 0.20625 0.3333333328125 0.18984375 0.32777777812500003 0.18671875 0.290277778125 0.18671875 0.2875 0.18828125 0.2875 0.2109375 0.30416666718749996 0.2140625 0.32777777812500003 0.2109375
0 0.9763888890624999 0.575 0.9833333328125 0.575 0.9888888890624999 0.571875 0.9888888890624999 0.56796875 0.9916666671875 0.5671875 0.9916666671875 0.55546875 0.9861111109375 0.54921875 0.934722221875 0.54921875 0.93194444375 0.55078125 0.93194444375 0.5734375 0.9513888890625 0.5796875 0.9638888890624999 0.5796875 0.9763888890624999 0.575
0 0.922222221875 0.61484375 0.9333333328125001 0.6109375 0.9333333328125001 0.59609375 0.9277777781250001 0.59296875 0.890277778125 0.59296875 0.8875 0.615625 0.89305555625 0.61875 0.91944444375 0.61875 0.922222221875 0.61484375
0 0.8875 0.65 0.91944444375 0.65 0.922222221875 0.64609375 0.9305555562500001 0.6421875 0.9305555562500001 0.63671875 0.9333333328125001 0.6359375 0.925 0.62734375 0.91944444375 0.62421875 0.8791666671874999 0.62421875 0.8763888890624999 0.62578125 0.8763888890624999 0.64375 0.8791666671874999 0.646875 0.8875 0.65
0 0.7194444437499999 0.5921875 0.7236111109375 0.5890625 0.7416666671875001 0.5859375 0.7416666671875001 0.58203125 0.74444444375 0.58125 0.74444444375 0.57265625 0.7416666671875001 0.56953125 0.725 0.56171875 0.7013888890625 0.56171875 0.6986111109375 0.56328125 0.6986111109375 0.5875 0.7013888890625 0.590625 0.7194444437499999 0.5921875
0 0.7 0.40703125 0.6791666671875001 0.40546875 0.6763888890625 0.4171875 0.6944444437499999 0.41875 0.7 0.415625 0.7 0.40703125
0 0.16388888906250001 0.10625 0.177777778125 0.0984375 0.177777778125 0.08359375 0.172222221875 0.08046875 0.134722221875 0.08046875 0.13194444375 0.08203125 0.13194444375 0.103125 0.134722221875 0.10625 0.16388888906250001 0.10625
0 0.9 0.47578125 0.8680555562500001 0.47421875 0.8652777781250001 0.4921875 0.89444444375 0.49375 0.9 0.490625 0.9 0.47578125
0 0.7638888890625 0.1484375 0.7638888890625 0.14609375 0.777777778125 0.1375 0.777777778125 0.12578125 0.775 0.12421875 0.7458333328125 0.12421875 0.7430555562500001 0.12578125 0.7430555562500001 0.146875 0.7458333328125 0.1484375 0.7638888890625 0.1484375
0 0.5333333328125 0.2484375 0.5305555562500001 0.23671875 0.5013888890625 0.23671875 0.4986111109375 0.23828125 0.4986111109375 0.246875 0.5041666671875 0.25 0.522222221875 0.2515625 0.5333333328125 0.2484375
0 0.26805555625 0.3953125 0.272222221875 0.3953125 0.2791666671875 0.4 0.28611111093749997 0.4 0.3 0.39375 0.302777778125 0.38671875 0.30555555624999997 0.3859375 0.30555555624999997 0.38203125 0.29722222187499997 0.37421875 0.26805555625 0.37421875 0.26527777812500003 0.37578125 0.26527777812500003 0.3921875 0.26805555625 0.39296875 0.26805555625 0.3953125
0 0.8111111109375001 0.38203125 0.8083333328125001 0.38046875 0.7791666671875 0.38046875 0.7763888890625 0.3921875 0.7791666671875 0.39375 0.8 0.39375 0.8083333328125001 0.3890625 0.8111111109375001 0.38203125
0 0.827777778125 0.4875 0.8361111109375001 0.48125 0.8361111109375001 0.46953125 0.8013888890624999 0.46796875 0.7986111109375 0.46953125 0.7986111109375 0.4859375 0.8013888890624999 0.4875 0.827777778125 0.4875
0 0.5666666671875 0.40703125 0.5458333328125 0.40546875 0.54305555625 0.4171875 0.5611111109375 0.41875 0.5666666671875 0.415625 0.5666666671875 0.40703125
0 0.42083333281249996 0.3359375 0.43333333281249997 0.3359375 0.44444444375 0.3296875 0.447222221875 0.32421875 0.45277777812500003 0.321875 0.45277777812500003 0.31171875 0.447222221875 0.309375 0.447222221875 0.30703125 0.44166666718750003 0.30546875 0.4125 0.30546875 0.40972222187499996 0.30703125 0.40972222187499996 0.3296875 0.4125 0.3328125 0.42083333281249996 0.3359375
0 0.5722222218749999 0.53125 0.577777778125 0.528125 0.577777778125 0.52421875 0.5833333328125 0.51875 0.577777778125 0.50703125 0.575 0.50546875 0.54305555625 0.50546875 0.5375 0.50703125 0.5319444437499999 0.51171875 0.5319444437499999 0.528125 0.5375 0.53125 0.5722222218749999 0.53125
0 0.31944444375000003 0.26875 0.32083333281250004 0.2703125 0.3416666671875 0.26875 0.34722222187499996 0.26015625 0.35555555625 0.2546875 0.35555555625 0.24609375 0.35 0.24296875 0.309722221875 0.24296875 0.30416666718749996 0.24453125 0.2986111109375 0.24921875 0.2986111109375 0.2640625 0.30416666718749996 0.26875 0.31944444375000003 0.26875
0 0.722222221875 0.39453125 0.7013888890625 0.39296875 0.6986111109375 0.4109375 0.7166666671875 0.4125 0.722222221875 0.409375 0.722222221875 0.39453125
0 0.7361111109375 0.23125 0.74444444375 0.228125 0.7458333328125 0.225 0.752777778125 0.2234375 0.752777778125 0.21796875 0.74444444375 0.21171875 0.7236111109375 0.21171875 0.7208333328125 0.21328125 0.7208333328125 0.228125 0.7263888890625 0.23125 0.7361111109375 0.23125
0 0.0458333328125 0.53828125 0.0458333328125 0.540625 0.0486111109375 0.5421875 0.0638888890625 0.5421875 0.07083333281250001 0.5375 0.075 0.5375 0.077777778125 0.5359375 0.077777778125 0.53359375 0.08055555625000001 0.5328125 0.08055555625000001 0.52265625 0.077777778125 0.521875 0.077777778125 0.51953125 0.075 0.51796875 0.05694444375 0.51796875 0.04305555625 0.52578125 0.04305555625 0.5375 0.0458333328125 0.53828125
0 0.0486111109375 0.05625 0.052777778124999994 0.05625 0.055555556250000006 0.05078125 0.05 0.04453125 0.04444444375 0.04296875 0.0236111109375 0.04296875 0.0208333328125 0.04453125 0.0208333328125 0.05625 0.029166667187500002 0.0609375 0.0416666671875 0.0609375 0.0486111109375 0.05625
0 0.44166666718750003 0.23125 0.45555555625000005 0.221875 0.45555555625000005 0.21328125 0.45277777812500003 0.21171875 0.4236111109375 0.21171875 0.42083333281249996 0.21328125 0.42083333281249996 0.2296875 0.4236111109375 0.23125 0.44166666718750003 0.23125
0 0.055555556250000006 0.1421875 0.055555556250000006 0.13203125 0.052777778124999994 0.13046875 0.0236111109375 0.13046875 0.0208333328125 0.13203125 0.0208333328125 0.1421875 0.026388889062499997 0.146875 0.0416666671875 0.1484375 0.055555556250000006 0.1421875
0 0.775 0.6375 0.777777778125 0.6359375 0.777777778125 0.62578125 0.775 0.62421875 0.7569444437499999 0.62421875 0.7541666671875 0.62578125 0.7541666671875 0.6359375 0.7569444437499999 0.6375 0.775 0.6375
0 0.7458333328125 0.18046875 0.7458333328125 0.1828125 0.7569444437499999 0.1875 0.76944444375 0.1875 0.7708333328125 0.1859375 0.775 0.1859375 0.7888888890625 0.175 0.7888888890625 0.16484375 0.7833333328125 0.16171875 0.7458333328125 0.16328125 0.7458333328125 0.1671875 0.7430555562500001 0.16796875 0.7430555562500001 0.1796875 0.7458333328125 0.18046875
0 0.14444444375 0.18203125 0.1125 0.18046875 0.109722221875 0.1984375 0.1125 0.2 0.1416666671875 0.1984375 0.14444444375 0.18203125
0 0.172222221875 0.3921875 0.1763888890625 0.3890625 0.1861111109375 0.3875 0.1888888890625 0.3859375 0.1888888890625 0.36484375 0.1833333328125 0.36171875 0.1458333328125 0.36171875 0.14305555625 0.36328125 0.14305555625 0.3859375 0.15694444375 0.3921875 0.172222221875 0.3921875
0 0.827777778125 0.2375 0.8416666671874999 0.225 0.8416666671874999 0.21953125 0.834722221875 0.21953125 0.8333333328125001 0.21796875 0.8125 0.21796875 0.809722221875 0.21953125 0.809722221875 0.2359375 0.8125 0.2375 0.827777778125 0.2375
0 0.54444444375 0.36328125 0.5236111109375 0.36171875 0.5208333328125 0.36328125 0.5236111109375 0.3765625 0.5416666671875 0.375 0.54444444375 0.36328125
0 0.50555555625 0.2171875 0.50555555625 0.20859375 0.497222221875 0.20546875 0.4791666671875 0.20546875 0.4763888890625 0.20703125 0.4763888890625 0.2234375 0.497222221875 0.225 0.50555555625 0.2171875
0 0.0125 0.3921875 0.025 0.3921875 0.0416666671875 0.3859375 0.0416666671875 0.38203125 0.0333333328125 0.375 0.0333333328125 0.37109375 0.027777778125000003 0.36796875 0.0125 0.36796875 0.009722221875000001 0.36953125 0.009722221875000001 0.3875 0.0125 0.38828125 0.0125 0.3921875
0 0.66944444375 0.1609375 0.6777777781250001 0.1546875 0.6777777781250001 0.14609375 0.672222221875 0.14296875 0.6458333328125 0.14296875 0.64305555625 0.14453125 0.64305555625 0.1609375 0.6458333328125 0.1625 0.66944444375 0.1609375
0 0.5555555562500001 0.56875 0.5555555562500001 0.55703125 0.5236111109375 0.55546875 0.5208333328125 0.5734375 0.5236111109375 0.575 0.55 0.5734375 0.5555555562500001 0.56875
0 0.590277778125 0.30625 0.6 0.3046875 0.597222221875 0.29296875 0.56805555625 0.29296875 0.565277778125 0.29453125 0.565277778125 0.3046875 0.5708333328124999 0.3078125 0.5861111109375 0.309375 0.590277778125 0.30625
0 0.725 0.4921875 0.7333333328125 0.4875 0.7333333328125 0.47578125 0.73055555625 0.47421875 0.709722221875 0.47578125 0.709722221875 0.4921875 0.7125 0.49375 0.725 0.4921875
0 0.14305555625 0.52578125 0.14305555625 0.53125 0.1458333328125 0.53203125 0.14305555625 0.5390625 0.1375 0.54140625 0.13055555624999998 0.53671875 0.12361111093749999 0.53671875 0.12361111093749999 0.5390625 0.1208333328125 0.53984375 0.1208333328125 0.5484375 0.12361111093749999 0.55 0.16388888906250001 0.55 0.1666666671875 0.54609375 0.177777778125 0.540625 0.177777778125 0.53203125 0.16388888906250001 0.52421875 0.14861111093749999 0.52421875 0.147222221875 0.52578125 0.14305555625 0.52578125
0 0.8194444437499999 0.5609375 0.8194444437499999 0.55859375 0.827777778125 0.55625 0.8333333328125001 0.5515625 0.83055555625 0.53984375 0.8222222218749999 0.53671875 0.790277778125 0.53671875 0.7875 0.53828125 0.7875 0.559375 0.79305555625 0.5625 0.8194444437499999 0.5609375
0 0.8458333328125001 0.184375 0.8486111109375001 0.1859375 0.8611111109375 0.1875 0.8666666671875 0.184375 0.86944444375 0.17890625 0.877777778125 0.1734375 0.877777778125 0.16484375 0.872222221875 0.16171875 0.8458333328125001 0.16171875 0.8430555562500001 0.16328125 0.8430555562500001 0.18125 0.8458333328125001 0.18203125 0.8458333328125001 0.184375
0 0.475 0.24296875 0.44305555625000004 0.24453125 0.4458333328125 0.25625 0.46944444374999994 0.25625 0.477777778125 0.2515625 0.475 0.24296875
0 0.9263888890624999 0.3125 0.9361111109375001 0.3109375 0.9444444437499999 0.3046875 0.9444444437499999 0.29453125 0.9416666671874999 0.29296875 0.9236111109375 0.29296875 0.9208333328125 0.29453125 0.9208333328125 0.309375 0.9263888890624999 0.3125
0 0.6083333328125 0.6375 0.6111111109375 0.6359375 0.6111111109375 0.62578125 0.6083333328125 0.62421875 0.590277778125 0.62421875 0.5875 0.62578125 0.5875 0.6359375 0.590277778125 0.6375 0.6083333328125 0.6375
0 0.8638888890624999 0.18828125 0.834722221875 0.18671875 0.83194444375 0.18828125 0.83194444375 0.1984375 0.834722221875 0.2 0.852777778125 0.2 0.8611111109375 0.1953125 0.8638888890624999 0.18828125
0 0.475 0.59921875 0.4458333328125 0.59921875 0.44305555625000004 0.60078125 0.4458333328125 0.6125 0.46666666718750005 0.6125 0.477777778125 0.60625 0.475 0.59921875
0 0.0888888890625 0.1140625 0.090277778125 0.115625 0.097222221875 0.115625 0.0986111109375 0.1140625 0.10833333281249999 0.1125 0.11388888906250001 0.109375 0.11388888906250001 0.10703125 0.11944444375 0.1046875 0.1166666671875 0.09765625 0.10833333281249999 0.09296875 0.0791666671875 0.09296875 0.07638888906249999 0.09453125 0.07638888906249999 0.1109375 0.084722221875 0.1140625 0.0888888890625 0.1140625
0 0.6375 0.2375 0.65 0.2375 0.659722221875 0.23125 0.6666666671875 0.2296875 0.6666666671875 0.21953125 0.6638888890625 0.21796875 0.6375 0.21796875 0.6319444437499999 0.22109375 0.6319444437499999 0.234375 0.6375 0.2375
0 0.6666666671875 0.41875 0.6666666671875 0.40703125 0.6458333328125 0.40546875 0.64305555625 0.40703125 0.64305555625 0.4234375 0.6555555562500001 0.425 0.6666666671875 0.41875
0 0.3083333328125 0.1359375 0.322222221875 0.128125 0.322222221875 0.11328125 0.31944444375000003 0.11171875 0.290277778125 0.11171875 0.2875 0.11328125 0.2875 0.13125 0.2958333328125 0.1359375 0.3083333328125 0.1359375
0 0.0638888890625 0.11875 0.075 0.1125 0.075 0.11015625 0.077777778125 0.109375 0.075 0.10390625 0.06944444375 0.10078125 0.06527777812499999 0.10078125 0.0638888890625 0.09921875 0.0458333328125 0.09921875 0.04305555625 0.10078125 0.04305555625 0.115625 0.0486111109375 0.11875 0.0638888890625 0.11875
0 0.097222221875 0.15078125 0.0916666671875 0.14921875 0.06805555625000001 0.14921875 0.06527777812499999 0.15078125 0.06805555625000001 0.1640625 0.08333333281250001 0.1640625 0.097222221875 0.15625 0.097222221875 0.15078125
0 0.652777778125 0.38046875 0.6347222218749999 0.38046875 0.6319444437499999 0.38203125 0.6319444437499999 0.390625 0.6416666671875 0.3921875 0.6555555562500001 0.3859375 0.6555555562500001 0.38203125 0.652777778125 0.38046875
0 0.5236111109375 0.5171875 0.5305555562500001 0.5171875 0.5333333328125 0.51171875 0.54444444375 0.5046875 0.5388888890625 0.49921875 0.5236111109375 0.49921875 0.5208333328125 0.50078125 0.5208333328125 0.5140625 0.5236111109375 0.5171875
0 0.19444444375 0.35625 0.20833333281250002 0.3484375 0.20833333281250002 0.33984375 0.20555555625 0.3390625 0.20277777812500003 0.33203125 0.197222221875 0.33046875 0.16805555625 0.33046875 0.165277778125 0.33203125 0.165277778125 0.353125 0.1708333328125 0.35625 0.19444444375 0.35625
0 0.952777778125 0.1859375 0.959722221875 0.18125 0.9666666671874999 0.1796875 0.9666666671874999 0.17578125 0.9694444437499999 0.175 0.9666666671874999 0.16484375 0.9611111109375001 0.16171875 0.934722221875 0.16171875 0.93194444375 0.16328125 0.93194444375 0.18125 0.94305555625 0.1859375 0.952777778125 0.1859375
0 0.797222221875 0.2 0.8111111109375001 0.1921875 0.8111111109375001 0.18203125 0.8083333328125001 0.18046875 0.7791666671875 0.18046875 0.7763888890625 0.18203125 0.7763888890625 0.1984375 0.7791666671875 0.2 0.797222221875 0.2
0 0.21944444375 0.059375 0.222222221875 0.05234375 0.2166666671875 0.04921875 0.20138888906250002 0.04921875 0.1986111109375 0.05078125 0.1986111109375 0.0609375 0.2138888890625 0.0625 0.21944444375 0.059375
0 0.5125 0.225 0.515277778125 0.22578125 0.515277778125 0.228125 0.51805555625 0.2296875 0.5305555562500001 0.2296875 0.5333333328125 0.228125 0.5333333328125 0.22578125 0.5416666671875 0.2203125 0.5416666671875 0.21171875 0.5305555562500001 0.20546875 0.5125 0.20546875 0.5097222218749999 0.20703125 0.5097222218749999 0.221875 0.5125 0.22265625 0.5125 0.225
0 0.325 0.6109375 0.3361111109375 0.6046875 0.3361111109375 0.59609375 0.33055555625 0.59296875 0.3125 0.59296875 0.309722221875 0.59453125 0.309722221875 0.609375 0.3125 0.6109375 0.325 0.6109375
0 0.29444444375 0.1109375 0.3 0.10625 0.3 0.09453125 0.29722222187499997 0.09296875 0.27638888906250003 0.09453125 0.27638888906250003 0.109375 0.28194444375 0.1125 0.29444444375 0.1109375
0 0.9694444437499999 0.33046875 0.94305555625 0.33203125 0.9458333328125 0.3390625 0.9666666671874999 0.3390625 0.975 0.3359375 0.9694444437499999 0.33046875
0 0.925 0.28828125 0.922222221875 0.28671875 0.9013888890624999 0.28671875 0.8986111109375001 0.2984375 0.9166666671874999 0.3 0.925 0.29375 0.925 0.28828125
0 0.2916666671875 0.29765625 0.28611111093749997 0.29296875 0.25694444375000003 0.29296875 0.2541666671875 0.29453125 0.25694444375000003 0.30625 0.28611111093749997 0.3078125 0.2916666671875 0.3046875 0.2916666671875 0.29765625
0 0.9125 0.2109375 0.91944444375 0.2109375 0.9236111109375 0.2078125 0.9333333328125001 0.20625 0.9388888890624999 0.19453125 0.9333333328125001 0.19296875 0.9125 0.19296875 0.909722221875 0.19453125 0.9125 0.2109375
0 0.12361111093749999 0.0640625 0.1291666671875 0.0671875 0.15 0.0671875 0.16388888906250001 0.059375 0.16388888906250001 0.05546875 0.1666666671875 0.0546875 0.16388888906250001 0.04765625 0.15277777812499999 0.04296875 0.12361111093749999 0.04296875 0.1208333328125 0.04453125 0.1208333328125 0.0609375 0.12361111093749999 0.06171875 0.12361111093749999 0.0640625
0 0.5666666671875 0.2359375 0.5666666671875 0.22578125 0.5458333328125 0.22421875 0.54305555625 0.2375 0.5458333328125 0.240625 0.5555555562500001 0.240625 0.5666666671875 0.2359375
0 0.15277777812499999 0.40625 0.15555555625 0.40234375 0.16388888906250001 0.3984375 0.16388888906250001 0.39453125 0.15694444375 0.39296875 0.15 0.38828125 0.14305555625 0.38828125 0.1416666671875 0.38671875 0.1125 0.38828125 0.109722221875 0.39140625 0.109722221875 0.4046875 0.11805555625 0.4078125 0.15277777812499999 0.40625
0 0.8861111109375001 0.19375 0.9 0.1859375 0.9 0.17578125 0.897222221875 0.17421875 0.8736111109375001 0.17421875 0.8652777781250001 0.17890625 0.8652777781250001 0.1921875 0.8680555562500001 0.19375 0.8861111109375001 0.19375
0 0.10555555624999999 0.21875 0.1111111109375 0.215625 0.1111111109375 0.20703125 0.10833333281249999 0.20546875 0.090277778125 0.20546875 0.0875 0.20703125 0.0875 0.2171875 0.09305555625 0.2203125 0.10555555624999999 0.21875
0 0.5555555562500001 0.5921875 0.5527777781250001 0.58046875 0.5208333328125 0.58203125 0.5208333328125 0.5921875 0.5263888890625 0.5953125 0.55 0.5953125 0.5555555562500001 0.5921875
0 0.2638888890625 0.1015625 0.275 0.0984375 0.27777777812500004 0.08828125 0.28055555625 0.0875 0.27777777812500004 0.07734375 0.26944444375 0.07421875 0.24583333281250003 0.07421875 0.24305555625 0.07578125 0.24305555625 0.096875 0.2541666671875 0.1015625 0.2638888890625 0.1015625
0 0.8194444437499999 0.59375 0.8222222218749999 0.590625 0.8222222218749999 0.58359375 0.8166666671874999 0.58046875 0.79305555625 0.58046875 0.7875 0.58359375 0.7875 0.5921875 0.79305555625 0.5953125 0.8111111109375001 0.5953125 0.8194444437499999 0.59375
0 0.030555556249999997 0.1859375 0.0388888890625 0.1796875 0.0388888890625 0.17421875 0.0361111109375 0.1734375 0.0361111109375 0.17109375 0.030555556249999997 0.16796875 0.0125 0.16796875 0.009722221875000001 0.16953125 0.009722221875000001 0.1796875 0.0208333328125 0.1859375 0.030555556249999997 0.1859375
0 0.175 0.1703125 0.18055555625 0.1671875 0.18055555625 0.16171875 0.1666666671875 0.15546875 0.15694444375 0.15546875 0.1541666671875 0.15703125 0.1541666671875 0.1671875 0.15694444375 0.1703125 0.175 0.1703125
0 0.477777778125 0.32578125 0.475 0.32421875 0.4458333328125 0.32421875 0.44305555625000004 0.32578125 0.4458333328125 0.3421875 0.4611111109375 0.3421875 0.477777778125 0.3359375 0.477777778125 0.32578125
0 0.072222221875 0.1984375 0.072222221875 0.18984375 0.0666666671875 0.18671875 0.05694444375 0.18671875 0.054166667187499996 0.2 0.05694444375 0.203125 0.0638888890625 0.203125 0.072222221875 0.1984375
0 0.23055555625 0.3515625 0.23333333281250002 0.34140625 0.222222221875 0.33671875 0.2125 0.33671875 0.20972222187499998 0.33828125 0.20972222187499998 0.3484375 0.21805555625 0.3515625 0.23055555625 0.3515625
0 0.41944444374999995 0.21875 0.42222222187499997 0.21328125 0.4166666671875 0.20703125 0.41111111093749997 0.20546875 0.39027777812500003 0.20546875 0.3875 0.20703125 0.39027777812500003 0.215625 0.40138888906250003 0.2203125 0.4166666671875 0.2203125 0.41944444374999995 0.21875
0 0.4388888890625 0.55625 0.44166666718750003 0.54921875 0.4361111109375 0.546875 0.43333333281249997 0.53828125 0.4236111109375 0.53671875 0.42083333281249996 0.53828125 0.42083333281249996 0.553125 0.4263888890625 0.55625 0.4388888890625 0.55625
0 0.2611111109375 0.228125 0.272222221875 0.221875 0.26944444375 0.21328125 0.2638888890625 0.21171875 0.24583333281250003 0.21171875 0.24305555625 0.21328125 0.24305555625 0.225 0.24583333281250003 0.228125 0.2611111109375 0.228125
0 0.9694444437499999 0.4015625 0.9694444437499999 0.39453125 0.95694444375 0.39296875 0.9541666671875 0.39453125 0.9541666671875 0.403125 0.9638888890624999 0.40625 0.9694444437499999 0.4015625
0 0.9416666671874999 0.41796875 0.9236111109375 0.41796875 0.9208333328125 0.41953125 0.9236111109375 0.425 0.9388888890624999 0.4265625 0.9444444437499999 0.4234375 0.9416666671874999 0.41796875
0 0.9138888890624999 0.40234375 0.9083333328125001 0.39921875 0.890277778125 0.39921875 0.8875 0.40078125 0.8875 0.409375 0.89305555625 0.4125 0.9111111109375001 0.4109375 0.9138888890624999 0.40234375
0 0.5666666671875 0.34609375 0.5611111109375 0.34296875 0.5458333328125 0.34296875 0.54305555625 0.3546875 0.5458333328125 0.35625 0.5638888890625 0.3546875 0.5666666671875 0.34609375
0 0.7361111109375 0.42578125 0.7125 0.42421875 0.7125 0.4359375 0.73055555625 0.4359375 0.7361111109375 0.43125 0.7361111109375 0.42578125
0 0.0861111109375 0.3984375 0.097222221875 0.39375 0.1 0.390625 0.097222221875 0.38046875 0.0791666671875 0.38046875 0.07638888906249999 0.38203125 0.0791666671875 0.3984375 0.0861111109375 0.3984375
0 0.997222221875 0.44921875 0.9791666671874999 0.44921875 0.9763888890624999 0.4609375 0.9791666671874999 0.4625 0.997222221875 0.4609375 0.997222221875 0.44921875
0 0.997222221875 0.16796875 0.9791666671874999 0.16796875 0.9763888890624999 0.16953125 0.9791666671874999 0.184375 0.997222221875 0.1859375 0.997222221875 0.16796875
0 0.60555555625 0.61328125 0.6 0.61171875 0.5763888890625 0.61328125 0.5791666671875 0.621875 0.5916666671875 0.621875 0.60555555625 0.6171875 0.60555555625 0.61328125
0 0.897222221875 0.31796875 0.8763888890624999 0.31953125 0.8791666671874999 0.3265625 0.897222221875 0.3265625 0.902777778125 0.3234375 0.897222221875 0.31796875
0 0.1111111109375 0.08359375 0.11944444375 0.078125 0.11944444375 0.07109375 0.1111111109375 0.06796875 0.10138888906250001 0.06796875 0.0986111109375 0.0859375 0.1041666671875 0.090625 0.10833333281249999 0.090625 0.1111111109375 0.08359375
0 0.025 0.2421875 0.0333333328125 0.2375 0.0333333328125 0.22578125 0.030555556249999997 0.22421875 0.009722221875000001 0.22578125 0.009722221875000001 0.2421875 0.0125 0.24375 0.025 0.2421875
0 0.6611111109375 0.25 0.66944444375 0.24375 0.66944444375 0.23828125 0.6458333328125 0.23671875 0.64305555625 0.23828125 0.64305555625 0.246875 0.6486111109375 0.25 0.6611111109375 0.25
0 0.897222221875 0.21875 0.9 0.21171875 0.897222221875 0.20703125 0.8791666671874999 0.20546875 0.8763888890624999 0.221875 0.8888888890625 0.2234375 0.8888888890625 0.22109375 0.897222221875 0.21875
0 0.22777777812500002 0.0765625 0.23333333281250002 0.0734375 0.23333333281250002 0.06484375 0.22777777812500002 0.06171875 0.21805555625 0.06171875 0.2125 0.06328125 0.20972222187499998 0.06640625 0.20972222187499998 0.0734375 0.22777777812500002 0.0765625
0 0.5416666671875 0.184375 0.5555555562500001 0.178125 0.5555555562500001 0.16953125 0.5527777781250001 0.16796875 0.534722221875 0.16796875 0.5319444437499999 0.16953125 0.534722221875 0.184375 0.5416666671875 0.184375
0 0.022222221875 0.4640625 0.0333333328125 0.459375 0.0333333328125 0.45703125 0.025 0.45078125 0.0125 0.44921875 0.009722221875000001 0.45078125 0.009722221875000001 0.4609375 0.0125 0.4640625 0.022222221875 0.4640625
0 0.34444444375 0.3625 0.34444444375 0.35078125 0.3236111109375 0.34921875 0.32083333281250004 0.35078125 0.32083333281250004 0.365625 0.3333333328125 0.3671875 0.34444444375 0.3625
0 0.9986111109375001 0.159375 0.9986111109375001 0.13828125 0.9791666671874999 0.13671875 0.9763888890624999 0.159375 0.98194444375 0.1625 0.99444444375 0.1625 0.9986111109375001 0.159375
0 0.8222222218749999 0.41953125 0.8013888890624999 0.41796875 0.7986111109375 0.4296875 0.8166666671874999 0.43125 0.8222222218749999 0.428125 0.8222222218749999 0.41953125
0 0.15 0.1265625 0.15277777812499999 0.11328125 0.134722221875 0.11171875 0.13194444375 0.11328125 0.13194444375 0.1296875 0.1416666671875 0.13125 0.15 0.1265625
0 0.25 0.2015625 0.252777778125 0.1984375 0.25 0.18828125 0.23472222187499997 0.18828125 0.23333333281250002 0.18671875 0.20972222187499998 0.18828125 0.20972222187499998 0.2 0.215277778125 0.2046875 0.2388888890625 0.20625 0.25 0.2015625
0 0.73055555625 0.37109375 0.722222221875 0.36796875 0.7125 0.36796875 0.709722221875 0.3796875 0.73055555625 0.38125 0.7333333328125 0.3796875 0.73055555625 0.37109375
0 0.3 0.078125 0.3 0.07109375 0.29444444375 0.06796875 0.2791666671875 0.06796875 0.27638888906250003 0.0796875 0.2791666671875 0.0828125 0.2888888890625 0.0828125 0.3 0.078125
0 0.13333333281249998 0.08203125 0.12361111093749999 0.08203125 0.1208333328125 0.090625 0.12361111093749999 0.0953125 0.13055555624999998 0.096875 0.13333333281249998 0.08203125
0 0.8611111109375 0.221875 0.8666666671875 0.21875 0.86944444375 0.20859375 0.8638888890624999 0.20546875 0.8458333328125001 0.20546875 0.8430555562500001 0.20703125 0.8430555562500001 0.2171875 0.8458333328125001 0.2203125 0.8611111109375 0.221875
0 0.6666666671875 0.39453125 0.6611111109375 0.39296875 0.64305555625 0.39453125 0.6486111109375 0.403125 0.6569444437499999 0.4046875 0.6666666671875 0.403125 0.6666666671875 0.39453125
0 0.48055555625 0.3640625 0.477777778125 0.35078125 0.45694444375 0.34921875 0.45416666718750004 0.35078125 0.45416666718750004 0.3671875 0.475 0.36875 0.48055555625 0.3640625
0 0.8 0.446875 0.8 0.43828125 0.797222221875 0.43671875 0.7791666671875 0.43671875 0.7763888890625 0.4421875 0.7875 0.4484375 0.797222221875 0.4484375 0.8 0.446875
0 0.6972222218749999 0.17578125 0.6791666671875001 0.17421875 0.6763888890625 0.1859375 0.6791666671875001 0.1875 0.6944444437499999 0.1859375 0.6972222218749999 0.17578125
0 0.352777778125 0.11171875 0.334722221875 0.11171875 0.33194444375 0.11328125 0.334722221875 0.1234375 0.34444444375 0.1234375 0.35555555625 0.1171875 0.352777778125 0.11171875
0 0.5763888890625 0.35078125 0.5791666671875 0.35625 0.597222221875 0.35625 0.5944444437499999 0.34921875 0.5763888890625 0.35078125
0 0.9444444437499999 0.48203125 0.934722221875 0.48046875 0.93194444375 0.4875 0.934722221875 0.490625 0.9416666671874999 0.490625 0.9444444437499999 0.48203125
0 0.9888888890624999 0.6234375 0.9916666671875 0.621875 0.9916666671875 0.61328125 0.9861111109375 0.60703125 0.98055555625 0.6046875 0.98055555625 0.60234375 0.975 0.59921875 0.9680555562500001 0.59921875 0.965277778125 0.60078125 0.965277778125 0.6171875 0.9763888890624999 0.6234375 0.9888888890624999 0.6234375
0 0.9902777781250001 0.16796875 0.9875 0.1828125 0.997222221875 0.1859375 0.9986111109375001 0.16953125 0.9902777781250001 0.16796875
0 0.9986111109375001 0.2 0.997222221875 0.18671875 0.9680555562500001 0.18671875 0.9680555562500001 0.2015625 0.9763888890624999 0.2046875 0.99444444375 0.2046875 0.9986111109375001 0.2
0 0.9361111109375001 0.471875 0.9333333328125001 0.46328125 0.9236111109375 0.46171875 0.9208333328125 0.46328125 0.9208333328125 0.4734375 0.9305555562500001 0.475 0.9361111109375001 0.471875
0 0.997222221875 0.21484375 0.9888888890624999 0.21171875 0.9680555562500001 0.21171875 0.965277778125 0.21328125 0.965277778125 0.2234375 0.9680555562500001 0.225 0.9833333328125 0.225 0.9888888890624999 0.2234375 0.997222221875 0.21484375
0 0.8611111109375 0.36953125 0.8458333328125001 0.36796875 0.8430555562500001 0.375 0.85555555625 0.3765625 0.8611111109375 0.3734375 0.8611111109375 0.36953125
0 0.334722221875 0.13125 0.34444444375 0.1296875 0.34444444375 0.12578125 0.35555555625 0.1171875 0.352777778125 0.11171875 0.334722221875 0.11171875 0.33194444375 0.11328125 0.33194444375 0.1296875 0.334722221875 0.13125
0 0.2513888890625 0.40625 0.25694444375000003 0.409375 0.2638888890625 0.409375 0.2666666671875 0.40625 0.2638888890625 0.38828125 0.23472222187499997 0.38671875 0.23194444375 0.38828125 0.23472222187499997 0.3984375 0.25 0.4015625 0.2513888890625 0.40625
0 0.477777778125 0.26484375 0.47222222187499996 0.26171875 0.45694444375 0.26171875 0.45416666718750004 0.2734375 0.47222222187499996 0.275 0.477777778125 0.271875 0.477777778125 0.26484375
0 0.5416666671875 0.68125 0.54444444375 0.6796875 0.54444444375 0.66953125 0.5416666671875 0.66796875 0.5236111109375 0.66796875 0.5208333328125 0.66953125 0.5208333328125 0.6796875 0.5236111109375 0.68125 0.5416666671875 0.68125
0 0.9902777781250001 0.27421875 0.9875 0.2859375 0.997222221875 0.2890625 0.9986111109375001 0.27578125 0.9902777781250001 0.27421875
0 0.5638888890625 0.20234375 0.5555555562500001 0.19921875 0.5458333328125 0.19921875 0.54305555625 0.2109375 0.5458333328125 0.2125 0.5611111109375 0.2109375 0.5638888890625 0.20234375
0 0.16388888906250001 0.10625 0.1666666671875 0.1046875 0.1666666671875 0.08203125 0.16388888906250001 0.08046875 0.140277778125 0.08046875 0.13888888906250002 0.08203125 0.12361111093749999 0.08046875 0.1208333328125 0.08203125 0.12361111093749999 0.103125 0.14305555625 0.10625 0.16388888906250001 0.10625
0 0.15555555625 0.1046875 0.15555555625 0.08203125 0.15277777812499999 0.08046875 0.13888888906250002 0.08203125 0.12361111093749999 0.08046875 0.1208333328125 0.08203125 0.12361111093749999 0.1046875 0.15277777812499999 0.10625 0.15555555625 0.1046875
0 0.10833333281249999 0.0875 0.11388888906250001 0.08046875 0.11944444375 0.078125 0.11944444375 0.06953125 0.090277778125 0.06796875 0.0875 0.06953125 0.0875 0.084375 0.09305555625 0.0875 0.10833333281249999 0.0875
0 0.477777778125 0.60625 0.475 0.59921875 0.4513888890625 0.59921875 0.4458333328125 0.60078125 0.4458333328125 0.6078125 0.45416666718750004 0.6125 0.46666666718750005 0.6125 0.477777778125 0.60625
0 0.8222222218749999 0.19921875 0.7986111109375 0.20078125 0.8013888890624999 0.2078125 0.827777778125 0.2046875 0.827777778125 0.20078125 0.8222222218749999 0.19921875