0 0.025 0.20078125 0.030555556249999997 0.2 0.0333333328125 0.196875 0.030555556249999997 0.18671875 0.009722221875000001 0.18828125 0.0125 0.20625 0.019444443750000002 0.20625 0.025 0.20078125
0 0.997222221875 0.5125 0.997222221875 0.49453125 0.99444444375 0.49296875 0.9680555562500001 0.49296875 0.965277778125 0.49453125 0.965277778125 0.5109375 0.9680555562500001 0.5125 0.997222221875 0.5125
0 0.075 0.125 0.08055555625000001 0.121875 0.08055555625000001 0.11953125 0.0861111109375 0.1171875 0.08333333281250001 0.11015625 0.075 0.10546875 0.05694444375 0.10546875 0.054166667187499996 0.10703125 0.054166667187499996 0.1234375 0.05694444375 0.125 0.075 0.125
0 0.74444444375 0.49453125 0.7416666671875001 0.49296875 0.7125 0.49296875 0.709722221875 0.49453125 0.7125 0.50625 0.7388888890625 0.509375 0.74444444375 0.50625 0.74444444375 0.49453125
0 0.12222222187500001 0.19375 0.12222222187500001 0.18359375 0.1166666671875 0.18046875 0.090277778125 0.18046875 0.0875 0.1984375 0.090277778125 0.2 0.1166666671875 0.1984375 0.12222222187500001 0.19375
0 0.6638888890625 0.5109375 0.6638888890625 0.50859375 0.6777777781250001 0.503125 0.6777777781250001 0.49609375 0.672222221875 0.49296875 0.6458333328125 0.49296875 0.64305555625 0.49453125 0.64305555625 0.509375 0.6486111109375 0.5125 0.6638888890625 0.5109375
0 0.15555555625 0.36328125 0.12361111093749999 0.36171875 0.1208333328125 0.378125 0.1263888890625 0.38125 0.15277777812499999 0.38125 0.15555555625 0.36328125
0 0.054166667187499996 0.4875 0.059722221875 0.4921875 0.0666666671875 0.4921875 0.06805555625000001 0.49375 0.08333333281250001 0.49375 0.1 0.484375 0.1 0.47421875 0.097222221875 0.4734375 0.097222221875 0.47109375 0.0888888890625 0.46796875 0.06527777812499999 0.46796875 0.0638888890625 0.46953125 0.059722221875 0.46953125 0.054166667187499996 0.47421875 0.054166667187499996 0.4875
0 0.052777778124999994 0.46796875 0.0208333328125 0.46953125 0.0236111109375 0.48125 0.055555556250000006 0.4796875 0.058333332812500006 0.46953125 0.052777778124999994 0.46796875
0 0.14444444375 0.31953125 0.1416666671875 0.31796875 0.1125 0.31796875 0.109722221875 0.31953125 0.109722221875 0.3296875 0.115277778125 0.3328125 0.1361111109375 0.3296875 0.14444444375 0.3234375 0.14444444375 0.31953125
0 0.04444444375 0.275 0.0416666671875 0.26796875 0.0125 0.26796875 0.009722221875000001 0.26953125 0.009722221875000001 0.2796875 0.015277778124999999 0.2828125 0.0416666671875 0.2796875 0.04444444375 0.275
0 0.7416666671875001 0.46953125 0.7333333328125 0.46796875 0.709722221875 0.46953125 0.7125 0.48125 0.7333333328125 0.48125 0.7388888890625 0.478125 0.7416666671875001 0.46953125
0 0.077777778125 0.1484375 0.077777778125 0.13828125 0.05694444375 0.13671875 0.054166667187499996 0.15 0.05694444375 0.153125 0.0666666671875 0.153125 0.077777778125 0.1484375
0 0.875 0.475 0.8888888890625 0.4671875 0.8888888890625 0.45546875 0.8861111109375001 0.4546875 0.8861111109375001 0.45078125 0.8791666671874999 0.45078125 0.877777778125 0.44921875 0.85694444375 0.44921875 0.8541666671874999 0.45078125 0.8541666671874999 0.471875 0.859722221875 0.475 0.875 0.475
0 0.31944444375000003 0.14375 0.32777777812500003 0.1375 0.325 0.12734375 0.31944444375000003 0.12421875 0.3013888890625 0.12421875 0.2986111109375 0.12578125 0.2986111109375 0.1421875 0.3013888890625 0.14375 0.31944444375000003 0.14375
0 0.5138888890625 0.34375 0.5305555562500001 0.3359375 0.5305555562500001 0.32578125 0.525 0.32421875 0.5013888890625 0.32421875 0.4986111109375 0.32578125 0.4986111109375 0.340625 0.5041666671875 0.34375 0.5138888890625 0.34375
0 0.7361111109375 0.5640625 0.7361111109375 0.56171875 0.7416666671875001 0.559375 0.7416666671875001 0.55703125 0.7361111109375 0.5546875 0.7361111109375 0.55234375 0.73055555625 0.54921875 0.7013888890625 0.54921875 0.6986111109375 0.55078125 0.6986111109375 0.565625 0.7041666671875 0.56875 0.727777778125 0.56875 0.7361111109375 0.5640625
0 0.477777778125 0.2484375 0.477777778125 0.23828125 0.475 0.23671875 0.4458333328125 0.23671875 0.44305555625000004 0.23828125 0.44305555625000004 0.2484375 0.4513888890625 0.2546875 0.46388888906250003 0.2546875 0.477777778125 0.2484375
0 0.13055555624999998 0.18125 0.13888888906250002 0.1734375 0.1361111109375 0.16484375 0.13055555624999998 0.16171875 0.1125 0.16171875 0.109722221875 0.16328125 0.109722221875 0.1796875 0.1125 0.18125 0.13055555624999998 0.18125
0 0.075 0.2 0.08055555625000001 0.18984375 0.075 0.18671875 0.05694444375 0.18671875 0.054166667187499996 0.18828125 0.054166667187499996 0.1984375 0.05694444375 0.2 0.075 0.2
0 0.91944444375 0.3625 0.91944444375 0.35078125 0.890277778125 0.34921875 0.8875 0.3671875 0.890277778125 0.36875 0.9138888890624999 0.3671875 0.91944444375 0.3625
0 0.177777778125 0.12578125 0.15694444375 0.12421875 0.1541666671875 0.1421875 0.16944444375 0.14375 0.177777778125 0.140625 0.177777778125 0.12578125
0 0.39444444375 0.478125 0.40555555625000006 0.4703125 0.40555555625000006 0.46328125 0.4 0.46171875 0.36805555624999997 0.46171875 0.365277778125 0.46328125 0.365277778125 0.4734375 0.3708333328125 0.478125 0.3791666671875 0.4796875 0.39444444375 0.478125
0 0.58055555625 0.3 0.5930555562500001 0.2921875 0.597222221875 0.2921875 0.597222221875 0.28203125 0.56805555625 0.28046875 0.565277778125 0.28203125 0.565277778125 0.296875 0.5708333328124999 0.3 0.58055555625 0.3
0 0.8958333328125001 0.4234375 0.9055555562500001 0.421875 0.909722221875 0.41875 0.9166666671874999 0.4171875 0.9166666671874999 0.41171875 0.9083333328125001 0.40546875 0.8791666671874999 0.40546875 0.8763888890624999 0.40703125 0.8763888890624999 0.421875 0.8819444437499999 0.425 0.89444444375 0.425 0.8958333328125001 0.4234375
0 0.34444444375 0.16875 0.3458333328125 0.1671875 0.35 0.1671875 0.352777778125 0.165625 0.352777778125 0.16171875 0.35555555625 0.1609375 0.352777778125 0.15546875 0.3416666671875 0.14921875 0.3236111109375 0.14921875 0.32083333281250004 0.15078125 0.32083333281250004 0.165625 0.3263888890625 0.16875 0.34444444375 0.16875
0 0.15277777812499999 0.45078125 0.147222221875 0.44921875 0.1125 0.44921875 0.109722221875 0.45078125 0.109722221875 0.4609375 0.115277778125 0.465625 0.13888888906250002 0.4640625 0.15 0.4578125 0.15277777812499999 0.45078125
0 0.175 0.121875 0.177777778125 0.11875 0.177777778125 0.11015625 0.175 0.10703125 0.15972222187500001 0.10546875 0.1541666671875 0.10859375 0.1541666671875 0.121875 0.15972222187500001 0.125 0.175 0.121875
0 0.3583333328125 0.1859375 0.3583333328125 0.18046875 0.35555555625 0.1796875 0.35555555625 0.17578125 0.352777778125 0.17421875 0.3236111109375 0.17421875 0.32083333281250004 0.17578125 0.32083333281250004 0.1875 0.3291666671875 0.1921875 0.34444444375 0.1921875 0.3583333328125 0.1859375
0 0.35694444375 0.3671875 0.3638888890625 0.3671875 0.377777778125 0.359375 0.377777778125 0.35234375 0.372222221875 0.34921875 0.35694444375 0.34921875 0.3541666671875 0.35078125 0.3541666671875 0.3640625 0.35694444375 0.3671875
0 0.79444444375 0.4734375 0.79444444375 0.46796875 0.7833333328125 0.45859375 0.775 0.45546875 0.76805555625 0.45546875 0.765277778125 0.45703125 0.765277778125 0.4734375 0.76805555625 0.475 0.79444444375 0.4734375
0 0.27777777812500004 0.1921875 0.275 0.18203125 0.26944444375 0.18046875 0.24305555625 0.18203125 0.24583333281250003 0.1953125 0.2513888890625 0.196875 0.275 0.1953125 0.27777777812500004 0.1921875
0 0.197222221875 0.29296875 0.16805555625 0.29296875 0.165277778125 0.29453125 0.16805555625 0.3046875 0.1916666671875 0.30625 0.2 0.303125 0.197222221875 0.29296875
0 0.48333333281249996 0.225 0.4888888890625 0.221875 0.4888888890625 0.21328125 0.4861111109375 0.21171875 0.46805555625000006 0.21171875 0.46527777812500004 0.21328125 0.46527777812500004 0.2234375 0.47083333281249995 0.2265625 0.48333333281249996 0.225
0 0.1541666671875 0.1875 0.172222221875 0.1859375 0.18055555625 0.1796875 0.1833333328125 0.17109375 0.175 0.16796875 0.1458333328125 0.16796875 0.14305555625 0.16953125 0.1458333328125 0.1859375 0.15277777812499999 0.1859375 0.1541666671875 0.1875
0 0.20555555625 0.16875 0.2138888890625 0.1625 0.21111111093749999 0.15078125 0.20833333281250002 0.14921875 0.17916666718750002 0.14921875 0.1763888890625 0.15078125 0.17916666718750002 0.16875 0.190277778125 0.1703125 0.20555555625 0.16875
0 0.27777777812500004 0.2171875 0.28611111093749997 0.2109375 0.28611111093749997 0.20078125 0.25694444375000003 0.19921875 0.2541666671875 0.20078125 0.2541666671875 0.2171875 0.25694444375000003 0.21875 0.27777777812500004 0.2171875
0 0.2236111109375 0.44375 0.2416666671875 0.44375 0.24444444375000002 0.43984375 0.252777778125 0.4359375 0.252777778125 0.42734375 0.24444444375000002 0.42421875 0.2125 0.42421875 0.20972222187499998 0.42578125 0.20972222187499998 0.4359375 0.2125 0.4390625 0.2236111109375 0.44375
0 0.91944444375 0.44375 0.922222221875 0.43984375 0.9305555562500001 0.4359375 0.9305555562500001 0.43203125 0.925 0.4296875 0.925 0.42734375 0.91944444375 0.42421875 0.890277778125 0.42421875 0.8875 0.42578125 0.8875 0.4375 0.8958333328125001 0.4421875 0.91944444375 0.44375
0 0.49444444374999996 0.20625 0.5083333328124999 0.1984375 0.5083333328124999 0.18828125 0.502777778125 0.18671875 0.4791666671875 0.18671875 0.4763888890625 0.18828125 0.4763888890625 0.203125 0.48194444374999995 0.20625 0.49444444374999996 0.20625
0 0.8861111109375001 0.43203125 0.88055555625 0.43046875 0.8541666671874999 0.43203125 0.8541666671874999 0.440625 0.859722221875 0.44375 0.8861111109375001 0.440625 0.8861111109375001 0.43203125
0 0.3 0.13984375 0.29444444375 0.13671875 0.26805555625 0.13671875 0.26527777812500003 0.13828125 0.26527777812500003 0.146875 0.2708333328125 0.15 0.29722222187499997 0.1484375 0.3 0.13984375
0 0.15277777812499999 0.1671875 0.1666666671875 0.1609375 0.1666666671875 0.15546875 0.1611111109375 0.15078125 0.1458333328125 0.14921875 0.14305555625 0.15078125 0.14305555625 0.1640625 0.1458333328125 0.1671875 0.15277777812499999 0.1671875
0 0.33055555625 0.2625 0.3416666671875 0.25625 0.3416666671875 0.24921875 0.33055555625 0.24296875 0.32083333281250004 0.24296875 0.31944444375000003 0.24453125 0.30416666718749996 0.24296875 0.2986111109375 0.24609375 0.2986111109375 0.25625 0.3013888890625 0.2609375 0.30694444375 0.2625 0.33055555625 0.2625
0 0.17916666718750002 0.3421875 0.190277778125 0.3484375 0.197222221875 0.3484375 0.20833333281250002 0.3421875 0.20833333281250002 0.33671875 0.20555555625 0.3359375 0.20555555625 0.33359375 0.197222221875 0.33046875 0.17916666718750002 0.33046875 0.1763888890625 0.33203125 0.1763888890625 0.3390625 0.17916666718750002 0.33984375 0.17916666718750002 0.3421875
0 0.1861111109375 0.09296875 0.1541666671875 0.09453125 0.1541666671875 0.103125 0.15972222187500001 0.10625 0.1888888890625 0.1046875 0.1861111109375 0.09296875
0 0.6333333328124999 0.315625 0.6361111109375 0.30859375 0.63055555625 0.30546875 0.6125 0.30546875 0.609722221875 0.30703125 0.609722221875 0.3171875 0.627777778125 0.31875 0.6333333328124999 0.315625
0 0.23472222187499997 0.18125 0.25555555625 0.1796875 0.25555555625 0.17734375 0.2638888890625 0.175 0.26944444375 0.16875 0.26944444375 0.16328125 0.2638888890625 0.16171875 0.23472222187499997 0.16328125 0.23194444375 0.1796875 0.23472222187499997 0.18125
0 0.6111111109375 0.309375 0.6111111109375 0.30078125 0.590277778125 0.29921875 0.5875 0.3109375 0.5930555562500001 0.3140625 0.60555555625 0.3140625 0.6111111109375 0.309375
0 0.24722222187499998 0.20625 0.24722222187499998 0.20078125 0.2236111109375 0.19921875 0.2208333328125 0.209375 0.22638888906250001 0.2125 0.2416666671875 0.2125 0.24722222187499998 0.20625
0 0.8194444437499999 0.46875 0.8194444437499999 0.46328125 0.8013888890624999 0.46171875 0.7986111109375 0.4734375 0.8013888890624999 0.4765625 0.8111111109375001 0.4765625 0.8194444437499999 0.46875
0 0.2638888890625 0.2890625 0.2666666671875 0.2859375 0.2666666671875 0.27578125 0.2611111109375 0.27421875 0.23472222187499997 0.27421875 0.23194444375 0.27578125 0.23194444375 0.2859375 0.23472222187499997 0.2890625 0.24583333281250003 0.2921875 0.2638888890625 0.2890625
0 0.275 0.275 0.28055555625 0.26875 0.28055555625 0.26328125 0.25694444375000003 0.26171875 0.2541666671875 0.26328125 0.2541666671875 0.2734375 0.259722221875 0.2765625 0.275 0.275
0 0.290277778125 0.26875 0.29722222187499997 0.26875 0.302777778125 0.2625 0.302777778125 0.25078125 0.29722222187499997 0.24921875 0.2791666671875 0.24921875 0.27638888906250003 0.25078125 0.27638888906250003 0.2609375 0.2791666671875 0.2640625 0.290277778125 0.26875
0 0.2166666671875 0.31953125 0.21111111093749999 0.31796875 0.190277778125 0.31796875 0.1875 0.31953125 0.190277778125 0.3296875 0.20138888906250002 0.3328125 0.2166666671875 0.3296875 0.2166666671875 0.31953125
0 0.922222221875 0.47578125 0.9013888890624999 0.47421875 0.8986111109375001 0.4859375 0.9013888890624999 0.4875 0.91944444375 0.4859375 0.922222221875 0.47578125
0 0.6666666671875 0.33359375 0.6611111109375 0.33046875 0.6458333328125 0.33046875 0.64305555625 0.3421875 0.6458333328125 0.34375 0.6638888890625 0.3421875 0.6666666671875 0.33359375
0 0.66805555625 0.36875 0.675 0.36875 0.6861111109375 0.3640625 0.6888888890625 0.35859375 0.6833333328125 0.35546875 0.66805555625 0.35546875 0.665277778125 0.35703125 0.665277778125 0.3671875 0.66805555625 0.36875
0 0.897222221875 0.37578125 0.8791666671874999 0.37421875 0.8763888890624999 0.37578125 0.8791666671874999 0.3890625 0.897222221875 0.3859375 0.897222221875 0.37578125
0 0.5638888890625 0.2546875 0.575 0.2484375 0.575 0.24453125 0.55694444375 0.24296875 0.5541666671875001 0.24453125 0.5541666671875001 0.2515625 0.55694444375 0.2546875 0.5638888890625 0.2546875
0 0.025 0.14765625 0.019444443750000002 0.14296875 0.0125 0.14296875 0.009722221875000001 0.1578125 0.019444443750000002 0.1609375 0.025 0.15625 0.025 0.14765625
0 0.190277778125 0.1703125 0.2 0.1703125 0.20138888906250002 0.171875 0.2138888890625 0.1703125 0.222222221875 0.165625 0.222222221875 0.15703125 0.20833333281250002 0.14921875 0.190277778125 0.14921875 0.1875 0.15078125 0.1875 0.1671875 0.190277778125 0.16796875 0.190277778125 0.1703125
0 0.29444444375 0.1671875 0.29722222187499997 0.1640625 0.29722222187499997 0.15234375 0.28611111093749997 0.14921875 0.26805555625 0.14921875 0.26527777812500003 0.15078125 0.26805555625 0.1640625 0.2791666671875 0.16875 0.29444444375 0.1671875
0 0.13888888906250002 0.16796875 0.12361111093749999 0.16796875 0.12361111093749999 0.184375 0.14444444375 0.1859375 0.14444444375 0.17109375 0.13888888906250002 0.16796875
0 0.2638888890625 0.1296875 0.275 0.1234375 0.275 0.11953125 0.26944444375 0.11796875 0.25694444375000003 0.11796875 0.2541666671875 0.11953125 0.2541666671875 0.128125 0.25694444375000003 0.1296875 0.2638888890625 0.1296875
0 0.40555555625000006 0.31171875 0.39027777812500003 0.31171875 0.3875 0.3234375 0.40833333281249995 0.325 0.41111111093749997 0.31484375 0.40555555625000006 0.31171875
0 0.27777777812500004 0.3109375 0.275 0.30546875 0.25694444375000003 0.30546875 0.2541666671875 0.30703125 0.2541666671875 0.3125 0.259722221875 0.3171875 0.275 0.3140625 0.27777777812500004 0.3109375
0 0.3166666671875 0.4390625 0.325 0.4328125 0.322222221875 0.41953125 0.3013888890625 0.41796875 0.2986111109375 0.41953125 0.2986111109375 0.4359375 0.3013888890625 0.4390625 0.3166666671875 0.4390625
0 0.6986111109375 0.5453125 0.7013888890625 0.5484375 0.7138888890625 0.5484375 0.7236111109375 0.54375 0.727777778125 0.54375 0.73055555625 0.5421875 0.73055555625 0.53359375 0.722222221875 0.53046875 0.70694444375 0.53203125 0.6986111109375 0.53828125 0.6986111109375 0.5453125
0 0.27777777812500004 0.34453125 0.25694444375000003 0.34296875 0.25694444375000003 0.3578125 0.272222221875 0.3578125 0.27777777812500004 0.3546875 0.27777777812500004 0.34453125
0 0.702777778125 0.55234375 0.6972222218749999 0.54921875 0.690277778125 0.54921875 0.6875 0.55078125 0.6875 0.5609375 0.6972222218749999 0.5625 0.702777778125 0.55234375
0 0.8222222218749999 0.46875 0.8222222218749999 0.46328125 0.8013888890624999 0.46171875 0.7986111109375 0.4734375 0.8013888890624999 0.4765625 0.8111111109375001 0.4765625 0.8222222218749999 0.46875
0 0.022222221875 0.47578125 0.0125 0.47421875 0.009722221875000001 0.48125 0.0125 0.484375 0.019444443750000002 0.484375 0.022222221875 0.47578125
0 0.1111111109375 0.159375 0.10833333281249999 0.15078125 0.090277778125 0.14921875 0.0875 0.15078125 0.090277778125 0.1625 0.10555555624999999 0.1625 0.1111111109375 0.159375
0 0.40138888906250003 0.2046875 0.4138888890625 0.203125 0.42222222187499997 0.196875 0.42222222187499997 0.18984375 0.4166666671875 0.18671875 0.40138888906250003 0.18671875 0.3986111109375 0.18828125 0.3986111109375 0.2015625 0.40138888906250003 0.2046875
0 0.19444444375 0.30625 0.2 0.3015625 0.197222221875 0.29296875 0.16805555625 0.29296875 0.165277778125 0.29453125 0.16805555625 0.3109375 0.177777778125 0.3109375 0.18194444375000002 0.3078125 0.19444444375 0.30625
0 0.29722222187499997 0.1484375 0.3 0.13984375 0.29444444375 0.13671875 0.26805555625 0.13671875 0.26527777812500003 0.13828125 0.26527777812500003 0.146875 0.2708333328125 0.1515625 0.28611111093749997 0.1515625 0.29722222187499997 0.1484375
0 0.6333333328124999 0.30078125 0.63055555625 0.29921875 0.61944444375 0.30078125 0.6013888890625 0.29921875 0.5986111109375 0.30078125 0.6013888890625 0.3171875 0.63055555625 0.3171875 0.6333333328124999 0.30078125
0 0.0861111109375 0.16328125 0.06805555625000001 0.16171875 0.06527777812499999 0.1734375 0.07638888906249999 0.178125 0.0861111109375 0.178125 0.0861111109375 0.16328125
0 0.1833333328125 0.30625 0.1833333328125 0.30234375 0.175 0.29921875 0.15694444375 0.29921875 0.1541666671875 0.30078125 0.1541666671875 0.309375 0.15972222187500001 0.3125 0.177777778125 0.3109375 0.1833333328125 0.30625
0 0.434722221875 0.284375 0.45277777812500003 0.28125 0.45555555625000005 0.27109375 0.45 0.26796875 0.434722221875 0.26796875 0.43194444374999996 0.26953125 0.43194444374999996 0.28125 0.434722221875 0.284375