0 0.825 0.046875 0.04453125 0.03203125
0 0.90234375 0.1265625 0.03203125 0.01171875
0 0.796875 0.1546875 0.05859375 0.0296875
0 0.91484375 0.15703125 0.05390625 0.0234375
0 0.72265625 0.171875 0.0484375 0.02109375
0 0.7765625 0.178125 0.05 0.0296875
0 0.72734375 0.2015625 0.059375 0.03359375
0 0.79140625 0.2015625 0.06640625 0.028125
0 0.9875 0.2125 0.021875 0.0140625
0 0.75625 0.2296875 0.040625 0.01640625
0 0.68828125 0.24453125 0.0375 0.015625
0 0.78515625 0.253125 0.040625 0.02890625
0 0.73125 0.2640625 0.0484375 0.025
0 0.88984375 0.2671875 0.04296875 0.0171875
0 0.6671875 0.2765625 0.02890625 0.01484375
0 0.88828125 0.2890625 0.0484375 0.0234375
0 0.9015625 0.325 0.0359375 0.0203125
0 0.653125 0.3203125 0.01796875 0.01015625
0 0.54140625 0.34375 0.03046875 0.02109375
0 0.915625 0.34609375 0.03359375 0.021875
0 0.871875 0.35625 0.046875 0.02109375
0 0.94296875 0.3578125 0.0359375 0.02265625
0 0.98515625 0.3625 0.0234375 0.03046875
0 0.765625 0.3828125 0.05390625 0.0296875
0 0.69296875 0.38046875 0.03359375 0.0125
0 0.9578125 0.4046875 0.01796875 0.01796875
0 0.71015625 0.4078125 0.04609375 0.01953125
0 0.853125 0.43203125 0.053125 0.0296875
0 0.68359375 0.4390625 0.03046875 0.01640625
0 0.95 0.46796875 0.05859375 0.0328125
0 0.9890625 0.4703125 0.01953125 0.03046875
0 0.89140625 0.49453125 0.0390625 0.025
0 0.58203125 0.509375 0.04140625 0.028125
0 0.85234375 0.50859375 0.0484375 0.021875
0 0.628125 0.51484375 0.04453125 0.0234375
0 0.890625 0.5515625 0.05546875 0.02734375
0 0.21484375 0.5578125 0.04609375 0.02734375
0 0.2171875 0.5828125 0.0515625 0.028125
0 0.17109375 0.58203125 0.0359375 0.01875
0 0.6125 0.646875 0.0609375 0.0375
0 0.646875 0.678125 0.05859375 0.03125
0 0.5296875 0.6765625 0.0265625 0.01640625
0 0.5125 0.73046875 0.04140625 0.01875