0 0.140625 0.22890625 0.040625 0.0203125
0 0.7859375 0.3140625 0.021875 0.01328125
0 0.959375 0.315625 0.03046875 0.01328125
0 0.83203125 0.3234375 0.03046875 0.01640625
0 0.85625 0.328125 0.0234375 0.01328125
0 0.8109375 0.3390625 0.025 0.0171875
0 0.8359375 0.3453125 0.03046875 0.015625
0 0.94140625 0.36171875 0.03046875 0.0171875
0 0.325 0.4171875 0.03046875 0.01953125
0 0.2734375 0.4234375 0.03046875 0.025
0 0.23046875 0.4203125 0.0359375 0.01796875
0 0.30390625 0.43046875 0.0140625 0.015625
0 0.35859375 0.44921875 0.03046875 0.025
0 0.1859375 0.47578125 0.0390625 0.01875
0 0.91796875 0.4859375 0.025 0.02109375
0 0.0078125 0.4921875 0.015625 0.01796875
0 0.65546875 0.5109375 0.01640625 0.00703125
0 0.9421875 0.5140625 0.01796875 0.009375
0 0.91171875 0.51796875 0.034375 0.015625
0 0.97734375 0.5140625 0.015625 0.00546875
0 0.9234375 0.53984375 0.025 0.0125
0 0.7578125 0.55 0.009375 0.009375
0 0.646875 0.553125 0.0125 0.00859375
0 0.88125 0.5625 0.009375 0.00859375
0 0.89921875 0.56484375 0.015625 0.0078125
0 0.58359375 0.5671875 0.0140625 0.01015625
0 0.87109375 0.5765625 0.025 0.01484375
0 0.9078125 0.58125 0.0234375 0.01015625
0 0.971875 0.59921875 0.028125 0.015625
0 0.74296875 0.6015625 0.01640625 0.01953125
0 0.9890625 0.6109375 0.01953125 0.01953125
0 0.3484375 0.6265625 0.03359375 0.02734375
0 0.80234375 0.62578125 0.0234375 0.015625
0 0.903125 0.6359375 0.0359375 0.02421875
0 0.17734375 0.6359375 0.04296875 0.02265625
0 0.840625 0.6359375 0.03359375 0.01953125
0 0.47265625 0.6359375 0.02890625 0.01953125
0 0.915625 0.653125 0.028125 0.01640625
0 0.78046875 0.65546875 0.028125 0.0203125
0 0.5265625 0.67734375 0.01640625 0.0171875
0 0.278125 0.6953125 0.01796875 0.0203125