0 0.5 0.0390625 0.0390625 0.03203125
0 0.52578125 0.053125 0.04609375 0.03359375
0 0.5 0.0671875 0.0359375 0.01796875
0 0.4625 0.07421875 0.04453125 0.0234375
0 0.41484375 0.09375 0.02109375 0.02734375
0 0.43671875 0.1140625 0.04609375 0.02578125
0 0.48125 0.1203125 0.04609375 0.02890625
0 0.50625 0.1203125 0.02890625 0.02734375
0 0.46328125 0.1515625 0.03203125 0.01953125
0 0.5296875 0.159375 0.03203125 0.02265625
0 0.409375 0.1671875 0.04296875 0.028125
0 0.5015625 0.178125 0.04453125 0.028125
0 0.471875 0.196875 0.05703125 0.03046875
0 0.54765625 0.203125 0.040625 0.02109375
0 0.41640625 0.21796875 0.0359375 0.0203125
0 0.53125 0.2359375 0.040625 0.02421875
0 0.38203125 0.2625 0.04140625 0.02578125
0 0.62265625 0.2703125 0.040625 0.02421875
0 0.3625 0.2734375 0.03359375 0.01796875
0 0.54765625 0.29375 0.04609375 0.01796875
0 0.6875 0.296875 0.04453125 0.0203125
0 0.5125 0.30859375 0.03046875 0.0171875
0 0.53984375 0.309375 0.03203125 0.0171875
0 0.70234375 0.3125 0.034375 0.02265625
0 0.52890625 0.3328125 0.025 0.01484375
0 0.50390625 0.353125 0.046875 0.028125
0 0.23671875 0.353125 0.02890625 0.01328125
0 0.66328125 0.4 0.0375 0.02421875
0 0.634375 0.4171875 0.04453125 0.025
0 0.7140625 0.415625 0.04140625 0.02265625
0 0.40390625 0.42265625 0.05 0.025
0 0.66953125 0.4234375 0.03359375 0.02578125
0 0.334375 0.4484375 0.05703125 0.02109375
0 0.54140625 0.4640625 0.05 0.02265625
0 0.3125 0.4796875 0.05 0.03046875
0 0.5625 0.48125 0.04453125 0.0234375
0 0.35859375 0.48515625 0.046875 0.0296875
0 0.609375 0.50390625 0.03359375 0.021875
0 0.56796875 0.5203125 0.0359375 0.02265625
0 0.409375 0.5359375 0.04140625 0.015625
0 0.540625 0.54609375 0.0484375 0.0234375
0 0.38046875 0.55 0.05 0.028125
0 0.271875 0.55234375 0.04453125 0.01875
0 0.39765625 0.5671875 0.0375 0.02421875
0 0.33515625 0.584375 0.040625 0.02109375
0 0.275 0.5953125 0.03359375 0.0171875
0 0.553125 0.603125 0.0390625 0.0203125
0 0.58515625 0.60625 0.02890625 0.01484375
0 0.54140625 0.62109375 0.04140625 0.028125
0 0.5109375 0.6234375 0.03046875 0.01953125
0 0.6328125 0.678125 0.02109375 0.01640625
0 0.53046875 0.6953125 0.04453125 0.0265625
0 0.6109375 0.69375 0.025 0.01484375
0 0.55546875 0.7390625 0.0390625 0.03671875
0 0.4546875 0.7390625 0.03203125 0.0203125
0 0.96875 0.76328125 0.05703125 0.0265625
0 0.65859375 0.8140625 0.05546875 0.0296875
0 0.615625 0.8171875 0.0375 0.03359375