0 0.14444444375 0.1625 0.14444444375 0.15078125 0.1125 0.14921875 0.109722221875 0.1671875 0.1125 0.16875 0.13888888906250002 0.1671875 0.14444444375 0.1625
0 0.8791666671874999 0.653125 0.8861111109375001 0.653125 0.8875 0.6546875 0.9 0.6546875 0.9069444437499999 0.6515625 0.91944444375 0.65 0.9277777781250001 0.6421875 0.9277777781250001 0.63515625 0.925 0.634375 0.922222221875 0.62578125 0.9083333328125001 0.61796875 0.8736111109375001 0.61796875 0.872222221875 0.61953125 0.8680555562500001 0.61953125 0.8680555562500001 0.621875 0.8652777781250001 0.62265625 0.8652777781250001 0.6484375 0.8791666671874999 0.653125
0 0.15 0.2609375 0.1583333328125 0.2546875 0.1583333328125 0.24609375 0.15277777812499999 0.24296875 0.12361111093749999 0.24296875 0.1208333328125 0.24453125 0.1208333328125 0.2609375 0.12361111093749999 0.2625 0.15 0.2609375
0 0.222222221875 0.49375 0.225 0.48984375 0.23055555625 0.4890625 0.23333333281250002 0.4859375 0.23333333281250002 0.47578125 0.23055555625 0.47421875 0.190277778125 0.47421875 0.1875 0.47578125 0.1875 0.4921875 0.19305555624999998 0.496875 0.20555555625 0.4984375 0.222222221875 0.49375
0 0.734722221875 0.3234375 0.7416666671875001 0.3234375 0.7583333328124999 0.315625 0.7583333328124999 0.31328125 0.7638888890625 0.3109375 0.7638888890625 0.30703125 0.7611111109375 0.30625 0.7583333328124999 0.30078125 0.7541666671875 0.30078125 0.752777778125 0.29921875 0.7236111109375 0.29921875 0.7208333328125 0.30078125 0.7208333328125 0.3171875 0.727777778125 0.31875 0.734722221875 0.3234375
0 0.1888888890625 0.1796875 0.1888888890625 0.16328125 0.1861111109375 0.16171875 0.15694444375 0.16171875 0.1541666671875 0.16328125 0.15694444375 0.1859375 0.1666666671875 0.1859375 0.1888888890625 0.1796875
0 0.1666666671875 0.26328125 0.134722221875 0.26171875 0.13194444375 0.2796875 0.134722221875 0.28125 0.16388888906250001 0.2796875 0.1666666671875 0.26328125
0 0.675 0.4765625 0.6805555562500001 0.471875 0.6805555562500001 0.46953125 0.6916666671875 0.4625 0.6916666671875 0.45234375 0.6861111109375 0.44921875 0.6569444437499999 0.44921875 0.6541666671875 0.45078125 0.6541666671875 0.4734375 0.6625 0.4765625 0.675 0.4765625
0 0.25833333281250004 0.178125 0.25555555625 0.16328125 0.23472222187499997 0.16171875 0.23194444375 0.16328125 0.23194444375 0.1796875 0.252777778125 0.18125 0.25833333281250004 0.178125
0 0.23055555625 0.225 0.2416666671875 0.2171875 0.2416666671875 0.20703125 0.23611111093749998 0.20546875 0.2125 0.20546875 0.20972222187499998 0.20703125 0.20972222187499998 0.2203125 0.2125 0.2234375 0.23055555625 0.225
0 0.2 0.3359375 0.2 0.31953125 0.17916666718750002 0.31796875 0.1763888890625 0.31953125 0.1763888890625 0.3359375 0.197222221875 0.3375 0.2 0.3359375
0 0.6666666671875 0.25703125 0.6583333328125 0.25078125 0.652777778125 0.24921875 0.6236111109375 0.24921875 0.6208333328125 0.25078125 0.6208333328125 0.2640625 0.6263888890625 0.26875 0.6638888890625 0.2671875 0.6666666671875 0.25703125
0 0.8458333328125001 0.215625 0.8541666671874999 0.21875 0.8666666671875 0.21875 0.8680555562500001 0.2171875 0.872222221875 0.2171875 0.8833333328125 0.209375 0.8833333328125 0.20703125 0.8861111109375001 0.20625 0.8861111109375001 0.19921875 0.88055555625 0.196875 0.877777778125 0.18984375 0.872222221875 0.18671875 0.8458333328125001 0.18671875 0.8430555562500001 0.18828125 0.8430555562500001 0.2125 0.8458333328125001 0.21328125 0.8458333328125001 0.215625
0 0.752777778125 0.2125 0.75555555625 0.20859375 0.7638888890625 0.2046875 0.76944444375 0.18984375 0.7638888890625 0.18671875 0.734722221875 0.18671875 0.73194444375 0.18828125 0.73194444375 0.2109375 0.734722221875 0.2125 0.752777778125 0.2125
0 0.1125 0.29375 0.125 0.2921875 0.13333333281249998 0.2859375 0.13333333281249998 0.27734375 0.127777778125 0.27421875 0.1125 0.27421875 0.109722221875 0.27578125 0.109722221875 0.2921875 0.1125 0.29375
0 0.1541666671875 0.5421875 0.1611111109375 0.5421875 0.16805555625 0.5375 0.175 0.5359375 0.175 0.53359375 0.177777778125 0.5328125 0.177777778125 0.52734375 0.16388888906250001 0.51796875 0.134722221875 0.51796875 0.13194444375 0.51953125 0.13194444375 0.5375 0.1375 0.5421875 0.15277777812499999 0.54375 0.1541666671875 0.5421875
0 0.55 0.4328125 0.547222221875 0.42109375 0.5416666671875 0.41796875 0.5236111109375 0.41796875 0.5208333328125 0.4359375 0.5236111109375 0.4375 0.547222221875 0.4359375 0.55 0.4328125
0 0.8125 0.5921875 0.8194444437499999 0.5921875 0.8208333328125 0.59375 0.8444444437499999 0.5921875 0.847222221875 0.58828125 0.85555555625 0.584375 0.85555555625 0.56953125 0.8416666671874999 0.56171875 0.8125 0.56171875 0.809722221875 0.56328125 0.809722221875 0.5875 0.8125 0.58828125 0.8125 0.5921875
0 0.7666666671875 0.4046875 0.7638888890625 0.39921875 0.73194444375 0.40078125 0.734722221875 0.4125 0.75555555625 0.4125 0.7638888890625 0.409375 0.7666666671875 0.4046875
0 0.2236111109375 0.3421875 0.23055555625 0.3421875 0.2416666671875 0.3390625 0.252777778125 0.3296875 0.252777778125 0.32578125 0.24722222187499998 0.32421875 0.2236111109375 0.32421875 0.2208333328125 0.32578125 0.2236111109375 0.3421875
0 0.8763888890624999 0.53203125 0.8763888890624999 0.5484375 0.8791666671874999 0.55 0.9055555562500001 0.5515625 0.9069444437499999 0.55 0.91944444375 0.55 0.9277777781250001 0.5453125 0.9305555562500001 0.53671875 0.925 0.5328125 0.925 0.52734375 0.91944444375 0.52421875 0.9013888890624999 0.52421875 0.8916666671875 0.52890625 0.8847222218749999 0.52890625 0.8763888890624999 0.53203125
0 0.8222222218749999 0.184375 0.8222222218749999 0.17109375 0.8166666671874999 0.16796875 0.790277778125 0.16796875 0.7875 0.16953125 0.790277778125 0.1859375 0.8166666671874999 0.1875 0.8222222218749999 0.184375
0 0.0388888890625 0.64921875 0.03194444375 0.65078125 0.03194444375 0.6609375 0.0375 0.6640625 0.058333332812500006 0.6640625 0.059722221875 0.6625 0.0638888890625 0.6625 0.075 0.6546875 0.075 0.64453125 0.07083333281250001 0.64453125 0.06944444375 0.64296875 0.0486111109375 0.64296875 0.0388888890625 0.64921875
0 0.41944444374999995 0.4328125 0.42222222187499997 0.4296875 0.41944444374999995 0.41796875 0.39027777812500003 0.41796875 0.3875 0.41953125 0.39027777812500003 0.4328125 0.3986111109375 0.4359375 0.41111111093749997 0.4359375 0.41944444374999995 0.4328125
0 0.1416666671875 0.62578125 0.1361111109375 0.62421875 0.109722221875 0.62578125 0.1125 0.6375 0.127777778125 0.6390625 0.1416666671875 0.6359375 0.1416666671875 0.62578125
0 0.9236111109375 0.3421875 0.9361111109375001 0.3421875 0.9416666671874999 0.340625 0.952777778125 0.33125 0.952777778125 0.32421875 0.95 0.32109375 0.9416666671874999 0.31796875 0.9125 0.31796875 0.909722221875 0.31953125 0.909722221875 0.3359375 0.9166666671874999 0.3375 0.9236111109375 0.3421875
0 0.5111111109375 0.4625 0.51944444375 0.45625 0.51944444375 0.44921875 0.5166666671875 0.4484375 0.5166666671875 0.44609375 0.5083333328124999 0.44296875 0.490277778125 0.44296875 0.4875 0.44453125 0.490277778125 0.4578125 0.4986111109375 0.4625 0.5111111109375 0.4625
0 0.2666666671875 0.31875 0.2666666671875 0.30703125 0.24583333281250003 0.30546875 0.24305555625 0.30703125 0.24305555625 0.3234375 0.25555555625 0.325 0.2666666671875 0.31875
0 0.009722221875000001 0.46796875 0.009722221875000001 0.4796875 0.015277778124999999 0.484375 0.030555556249999997 0.4859375 0.04444444375 0.478125 0.04444444375 0.47578125 0.05 0.4734375 0.05 0.46953125 0.052777778124999994 0.46875 0.052777778124999994 0.46484375 0.04444444375 0.46171875 0.0208333328125 0.46171875 0.0125 0.46484375 0.0125 0.4671875 0.009722221875000001 0.46796875
0 0.222222221875 0.16953125 0.20138888906250002 0.16796875 0.1986111109375 0.16953125 0.20138888906250002 0.184375 0.21944444375 0.1859375 0.222222221875 0.16953125
0 0.9 0.40859375 0.89444444375 0.40546875 0.8680555562500001 0.40546875 0.8652777781250001 0.40703125 0.8680555562500001 0.41875 0.8888888890625 0.4203125 0.9 0.4171875 0.9 0.40859375
0 0.9125 0.42578125 0.9125 0.4296875 0.9277777781250001 0.428125 0.9388888890624999 0.421875 0.9388888890624999 0.41328125 0.9333333328125001 0.41171875 0.9125 0.41171875 0.909722221875 0.41328125 0.909722221875 0.425 0.9125 0.42578125
0 0.8541666671874999 0.14375 0.859722221875 0.1453125 0.875 0.14375 0.877777778125 0.13359375 0.8666666671875 0.128125 0.8666666671875 0.12578125 0.8638888890624999 0.12421875 0.8458333328125001 0.12421875 0.8430555562500001 0.12578125 0.8430555562500001 0.1359375 0.8541666671874999 0.14140625 0.8541666671874999 0.14375
0 0.1763888890625 0.4640625 0.19444444375 0.4609375 0.2 0.4546875 0.2 0.45078125 0.197222221875 0.44921875 0.15694444375 0.44921875 0.1541666671875 0.45078125 0.1541666671875 0.465625 0.15972222187500001 0.46875 0.172222221875 0.4671875 0.1763888890625 0.4640625
0 0.2541666671875 0.2859375 0.2638888890625 0.2859375 0.272222221875 0.2796875 0.2666666671875 0.26953125 0.2638888890625 0.26796875 0.24583333281250003 0.26796875 0.24305555625 0.26953125 0.24305555625 0.2796875 0.24583333281250003 0.2828125 0.2541666671875 0.2859375
0 0.9861111109375 0.3984375 0.9888888890624999 0.38203125 0.9680555562500001 0.38046875 0.965277778125 0.38203125 0.965277778125 0.396875 0.9708333328125001 0.4 0.9861111109375 0.3984375
0 0.83055555625 0.13828125 0.8236111109375001 0.13828125 0.8222222218749999 0.13671875 0.8013888890624999 0.13671875 0.7986111109375 0.13828125 0.8013888890624999 0.153125 0.8083333328125001 0.153125 0.8208333328125 0.14375 0.83055555625 0.1421875 0.83055555625 0.13828125
0 0.8416666671874999 0.18125 0.85555555625 0.171875 0.85555555625 0.16015625 0.852777778125 0.15703125 0.847222221875 0.15546875 0.8236111109375001 0.15546875 0.8208333328125 0.15703125 0.8208333328125 0.178125 0.8263888890625 0.18125 0.8416666671874999 0.18125
0 0.86944444375 0.27578125 0.8611111109375 0.27421875 0.85555555625 0.27578125 0.834722221875 0.27421875 0.83194444375 0.27578125 0.834722221875 0.2875 0.8666666671875 0.2875 0.872222221875 0.284375 0.86944444375 0.27578125
0 0.215277778125 0.325 0.23055555625 0.3203125 0.23333333281250002 0.3171875 0.23333333281250002 0.30859375 0.22777777812500002 0.30546875 0.2125 0.30546875 0.20972222187499998 0.30703125 0.20972222187499998 0.321875 0.215277778125 0.325
0 0.5125 0.715625 0.515277778125 0.7171875 0.5361111109375 0.7171875 0.54444444375 0.7125 0.54444444375 0.71015625 0.55 0.70625 0.55 0.69921875 0.547222221875 0.6984375 0.547222221875 0.69609375 0.5416666671875 0.69296875 0.5125 0.69296875 0.5097222218749999 0.69453125 0.5097222218749999 0.7125 0.5125 0.71328125 0.5125 0.715625
0 0.334722221875 0.6296875 0.34444444375 0.6296875 0.3638888890625 0.621875 0.3638888890625 0.61796875 0.36666666718749996 0.6171875 0.36666666718749996 0.61484375 0.352777778125 0.60546875 0.334722221875 0.60546875 0.33194444375 0.60703125 0.33194444375 0.6265625 0.334722221875 0.62734375 0.334722221875 0.6296875
0 0.8861111109375001 0.4921875 0.897222221875 0.4828125 0.897222221875 0.47578125 0.8791666671874999 0.47421875 0.8763888890624999 0.47578125 0.8763888890624999 0.4890625 0.8791666671874999 0.4921875 0.8861111109375001 0.4921875
0 0.17916666718750002 0.4625 0.1833333328125 0.4625 0.1888888890625 0.459375 0.1888888890625 0.45390625 0.1833333328125 0.44921875 0.15694444375 0.44921875 0.1541666671875 0.45078125 0.1541666671875 0.465625 0.15972222187500001 0.46875 0.172222221875 0.4671875 0.17916666718750002 0.4625
0 0.7611111109375 0.2671875 0.7611111109375 0.26328125 0.734722221875 0.26171875 0.73194444375 0.26328125 0.73194444375 0.2734375 0.734722221875 0.2765625 0.752777778125 0.2734375 0.752777778125 0.27109375 0.7611111109375 0.2671875
0 0.46388888906250003 0.39296875 0.4458333328125 0.39296875 0.44305555625000004 0.4046875 0.46666666718750005 0.40625 0.46944444374999994 0.39609375 0.46388888906250003 0.39296875
0 0.647222221875 0.428125 0.65 0.42109375 0.6416666671875 0.41796875 0.6347222218749999 0.41796875 0.6319444437499999 0.41953125 0.6319444437499999 0.4296875 0.6416666671875 0.43125 0.647222221875 0.428125
0 0.40277777812500004 0.39453125 0.3791666671875 0.39296875 0.3763888890625 0.4046875 0.397222221875 0.40625 0.40277777812500004 0.4015625 0.40277777812500004 0.39453125
0 0.6638888890625 0.6640625 0.675 0.65625 0.675 0.64609375 0.6666666671875 0.64296875 0.6458333328125 0.64296875 0.64305555625 0.64453125 0.64305555625 0.6609375 0.6486111109375 0.6640625 0.6638888890625 0.6640625
0 0.6611111109375 0.278125 0.6638888890625 0.2703125 0.6611111109375 0.26171875 0.6416666671875 0.26328125 0.6236111109375 0.26171875 0.6208333328125 0.26328125 0.6236111109375 0.2734375 0.6361111109375 0.2734375 0.64305555625 0.278125 0.6611111109375 0.278125
0 0.640277778125 0.26796875 0.6319444437499999 0.27265625 0.6347222218749999 0.28125 0.6666666671875 0.2796875 0.6638888890625 0.26796875 0.640277778125 0.26796875
0 0.9666666671874999 0.3609375 0.9666666671874999 0.35234375 0.9611111109375001 0.34921875 0.9458333328125 0.34921875 0.94305555625 0.3640625 0.9458333328125 0.3671875 0.95555555625 0.3671875 0.9666666671874999 0.3609375
0 0.2888888890625 0.24921875 0.2791666671875 0.24921875 0.27638888906250003 0.2609375 0.29444444375 0.2609375 0.29444444375 0.25234375 0.2888888890625 0.24921875
0 0.34722222187499996 0.40859375 0.3416666671875 0.40546875 0.334722221875 0.40546875 0.33194444375 0.40703125 0.33194444375 0.4171875 0.3416666671875 0.41875 0.34722222187499996 0.40859375
0 0.5638888890625 0.53046875 0.5458333328125 0.53046875 0.54305555625 0.53203125 0.5458333328125 0.5390625 0.5638888890625 0.5390625 0.5666666671875 0.5375 0.5638888890625 0.53046875
0 0.1125 0.5171875 0.11944444375 0.5171875 0.12222222187500001 0.515625 0.12222222187500001 0.50234375 0.1166666671875 0.49921875 0.090277778125 0.49921875 0.0875 0.50078125 0.0875 0.5109375 0.10833333281249999 0.5140625 0.1125 0.5171875
0 0.4611111109375 0.4734375 0.46388888906250003 0.471875 0.46666666718750005 0.46484375 0.4611111109375 0.46171875 0.4458333328125 0.46171875 0.44305555625000004 0.46328125 0.44305555625000004 0.471875 0.4486111109375 0.475 0.4611111109375 0.4734375
0 0.48055555625 0.43203125 0.477777778125 0.43046875 0.46805555625000006 0.43046875 0.46527777812500004 0.4359375 0.46805555625000006 0.4375 0.477777778125 0.4375 0.48055555625 0.43203125
0 0.6638888890625 0.26875 0.6638888890625 0.26328125 0.6333333328124999 0.26171875 0.6208333328125 0.26328125 0.6236111109375 0.2734375 0.63055555625 0.2734375 0.6375 0.2671875 0.6638888890625 0.26875
0 0.7916666671875 0.16171875 0.7763888890625 0.16328125 0.7791666671875 0.1703125 0.797222221875 0.1671875 0.797222221875 0.16328125 0.7916666671875 0.16171875
0 0.352777778125 0.46171875 0.334722221875 0.46171875 0.33194444375 0.46328125 0.334722221875 0.46875 0.352777778125 0.46875 0.35555555625 0.4671875 0.352777778125 0.46171875
0 0.9333333328125001 0.55546875 0.9361111109375001 0.5546875 0.9361111109375001 0.55234375 0.9305555562500001 0.54921875 0.9013888890624999 0.54921875 0.8986111109375001 0.55078125 0.9013888890624999 0.5671875 0.9166666671874999 0.5671875 0.9333333328125001 0.559375 0.9333333328125001 0.55546875
0 0.177777778125 0.365625 0.177777778125 0.35703125 0.16805555625 0.35546875 0.165277778125 0.35703125 0.165277778125 0.365625 0.175 0.3671875 0.177777778125 0.365625
0 0.36666666718749996 0.453125 0.36666666718749996 0.44453125 0.3458333328125 0.44296875 0.34305555625 0.453125 0.34861111093749997 0.45625 0.3611111109375 0.45625 0.36666666718749996 0.453125
0 0.3611111109375 0.4046875 0.372222221875 0.3984375 0.372222221875 0.38984375 0.3638888890625 0.38671875 0.3458333328125 0.38671875 0.34305555625 0.38828125 0.34305555625 0.4 0.3458333328125 0.403125 0.3611111109375 0.4046875
0 0.23611111093749998 0.359375 0.23611111093749998 0.35078125 0.2236111109375 0.34921875 0.2208333328125 0.35078125 0.2208333328125 0.359375 0.23333333281250002 0.3609375 0.23611111093749998 0.359375
0 0.8013888890624999 0.5390625 0.8041666671875 0.540625 0.8222222218749999 0.540625 0.827777778125 0.5375 0.827777778125 0.53203125 0.8166666671874999 0.52578125 0.8013888890624999 0.52421875 0.7986111109375 0.52578125 0.7986111109375 0.5359375 0.8013888890624999 0.53671875 0.8013888890624999 0.5390625
0 0.3888888890625 0.6015625 0.3888888890625 0.59453125 0.36805555624999997 0.59296875 0.365277778125 0.59453125 0.36805555624999997 0.603125 0.38333333281250004 0.6046875 0.3888888890625 0.6015625