0 0.9680555562500001 0.4640625 0.977777778125 0.4625 0.98055555625 0.45859375 0.9888888890624999 0.4546875 0.9888888890624999 0.44609375 0.9833333328125 0.44296875 0.9458333328125 0.44296875 0.94305555625 0.44453125 0.94305555625 0.4609375 0.9541666671875 0.465625 0.9666666671874999 0.465625 0.9680555562500001 0.4640625
0 0.23333333281250002 0.41015625 0.22777777812500002 0.40546875 0.190277778125 0.40546875 0.1875 0.40703125 0.190277778125 0.425 0.222222221875 0.425 0.23055555625 0.421875 0.23333333281250002 0.41015625
0 0.5208333328125 0 0.5208333328125 0.0109375 0.55 0.0125 0.5611111109375 0.0046875 0.5611111109375 0 0.5208333328125 0
0 0.7638888890625 0.325 0.76944444375 0.31875 0.76944444375 0.31015625 0.7583333328124999 0.30546875 0.734722221875 0.30546875 0.73194444375 0.30703125 0.73194444375 0.3234375 0.7458333328125 0.3265625 0.7638888890625 0.325
0 0.8444444437499999 0.2984375 0.8444444437499999 0.28984375 0.8388888890624999 0.28671875 0.8013888890624999 0.28671875 0.7986111109375 0.28828125 0.7986111109375 0.3046875 0.8013888890624999 0.30625 0.83055555625 0.30625 0.8444444437499999 0.2984375
0 0.934722221875 0.6 0.9444444437499999 0.6 0.9583333328125001 0.59375 0.9583333328125001 0.59140625 0.9666666671874999 0.5875 0.9638888890624999 0.58046875 0.934722221875 0.58046875 0.93194444375 0.58203125 0.93194444375 0.5984375 0.934722221875 0.6
0 0.38333333281250004 0.16796875 0.36805555624999997 0.16796875 0.365277778125 0.1859375 0.3861111109375 0.1875 0.3888888890625 0.17109375 0.38333333281250004 0.16796875
0 0.6 0.5921875 0.6 0.57578125 0.597222221875 0.57421875 0.5708333328124999 0.57421875 0.565277778125 0.57734375 0.56805555625 0.5921875 0.597222221875 0.59375 0.6 0.5921875
0 0.7458333328125 0.59296875 0.7458333328125 0.5984375 0.7513888890625 0.6 0.775 0.6 0.7805555562500001 0.5984375 0.7805555562500001 0.59609375 0.7888888890625 0.590625 0.7861111109375 0.57890625 0.775 0.57421875 0.7458333328125 0.57421875 0.7430555562500001 0.5796875 0.7513888890625 0.58359375 0.7513888890625 0.590625 0.7458333328125 0.59296875
0 0.875 0.3640625 0.877777778125 0.34453125 0.875 0.34296875 0.8458333328125001 0.34296875 0.8430555562500001 0.34453125 0.8458333328125001 0.359375 0.85694444375 0.3640625 0.875 0.3640625
0 0.25694444375000003 0.3578125 0.26805555625 0.3625 0.27777777812500004 0.3609375 0.2888888890625 0.3546875 0.2888888890625 0.34453125 0.28611111093749997 0.34296875 0.25694444375000003 0.34296875 0.2541666671875 0.34453125 0.2541666671875 0.3546875 0.25694444375000003 0.35546875 0.25694444375000003 0.3578125
0 0.3861111109375 0.2125 0.3888888890625 0.20859375 0.4 0.2046875 0.397222221875 0.19296875 0.3763888890625 0.19453125 0.3763888890625 0.2109375 0.3791666671875 0.2125 0.3861111109375 0.2125
0 0.8416666671874999 0.51796875 0.809722221875 0.51953125 0.8125 0.5328125 0.8333333328125001 0.5328125 0.8444444437499999 0.5296875 0.8416666671874999 0.51796875
0 0.475 0.41796875 0.4458333328125 0.41796875 0.44305555625000004 0.41953125 0.4458333328125 0.4296875 0.47222222187499996 0.43125 0.477777778125 0.428125 0.475 0.41796875
0 0.377777778125 0.55703125 0.35694444375 0.55546875 0.3541666671875 0.5671875 0.372222221875 0.56875 0.377777778125 0.565625 0.377777778125 0.55703125
0 0.997222221875 0.30625 0.997222221875 0.29296875 0.9791666671874999 0.29296875 0.9763888890624999 0.29453125 0.9763888890624999 0.3046875 0.98194444375 0.3078125 0.997222221875 0.30625
0 0.9444444437499999 0.19375 0.9444444437499999 0.18828125 0.940277778125 0.18828125 0.9305555562500001 0.18046875 0.9236111109375 0.18046875 0.9208333328125 0.1953125 0.9236111109375 0.1984375 0.9388888890624999 0.1984375 0.9444444437499999 0.19375
0 0.775 0.55546875 0.7430555562500001 0.55703125 0.7430555562500001 0.5671875 0.7486111109375 0.5703125 0.777777778125 0.56875 0.775 0.55546875
0 0.15555555625 0.6 0.15555555625 0.59453125 0.134722221875 0.59296875 0.13194444375 0.6046875 0.134722221875 0.60625 0.15 0.6046875 0.15555555625 0.6
0 0.46666666718750005 0.01953125 0.4458333328125 0.01796875 0.44305555625000004 0.01953125 0.4458333328125 0.034375 0.46666666718750005 0.0359375 0.46666666718750005 0.01953125
0 0.99444444375 0.1671875 0.99444444375 0.16484375 0.9861111109375 0.16171875 0.965277778125 0.16328125 0.965277778125 0.1671875 0.9708333328125001 0.1703125 0.9861111109375 0.1703125 0.99444444375 0.1671875
0 0.6333333328124999 0.58828125 0.63055555625 0.58671875 0.6125 0.58671875 0.609722221875 0.596875 0.6152777781250001 0.6 0.63055555625 0.5984375 0.6333333328124999 0.58828125
0 0.44444444375 0.50078125 0.4236111109375 0.49921875 0.42083333281249996 0.5109375 0.4388888890625 0.5125 0.44444444375 0.509375 0.44444444375 0.50078125
0 0.44166666718750003 0.5125 0.44444444375 0.5109375 0.44444444375 0.50078125 0.44166666718750003 0.49921875 0.4236111109375 0.49921875 0.42083333281249996 0.50078125 0.42083333281249996 0.5109375 0.4236111109375 0.5125 0.44166666718750003 0.5125