0 0.5875 0.0171875 0.05859375 0.034375
0 0.62734375 0.0109375 0.0484375 0.021875
0 0.56015625 0.0421875 0.0484375 0.0359375
0 0.68671875 0.0890625 0.03203125 0.02109375
0 0.57421875 0.09765625 0.0515625 0.0328125
0 0.634375 0.0984375 0.04453125 0.02265625
0 0.528125 0.1046875 0.025 0.0140625
0 0.50234375 0.121875 0.02890625 0.0203125
0 0.62421875 0.14140625 0.03203125 0.025
0 0.684375 0.14453125 0.05703125 0.028125
0 0.559375 0.15546875 0.06796875 0.0375
0 0.6328125 0.15234375 0.03203125 0.028125
0 0.65859375 0.159375 0.021875 0.0375
0 0.6 0.16484375 0.0359375 0.0234375
0 0.553125 0.1921875 0.04296875 0.02734375
0 0.865625 0.2296875 0.05546875 0.02890625
0 0.93046875 0.2421875 0.05546875 0.03203125
0 0.41015625 0.24140625 0.034375 0.025
0 0.57578125 0.26796875 0.02109375 0.01875
0 0.509375 0.271875 0.04140625 0.01953125
0 0.56640625 0.2828125 0.04453125 0.02421875
0 0.453125 0.28046875 0.0265625 0.0171875
0 0.59140625 0.34296875 0.0390625 0.025
0 0.0296875 0.371875 0.034375 0.01796875
0 0.75859375 0.415625 0.0390625 0.02265625
0 0.190625 0.41875 0.05703125 0.0171875
0 0.215625 0.43984375 0.05859375 0.028125
0 0.12265625 0.4671875 0.04609375 0.01796875
0 0.17578125 0.46640625 0.02890625 0.0171875
0 0.36328125 0.48125 0.0515625 0.02890625
0 0.09140625 0.4859375 0.01953125 0.01640625
0 0.6953125 0.5015625 0.0375 0.0125
0 0.74609375 0.5109375 0.06953125 0.03125
0 0.496875 0.525 0.053125 0.02890625
0 0.25625 0.5359375 0.040625 0.02421875
0 0.66328125 0.540625 0.04609375 0.025
0 0.815625 0.540625 0.04140625 0.0234375
0 0.54765625 0.5609375 0.06796875 0.03359375
0 0.42265625 0.5734375 0.0375 0.03046875
0 0.4578125 0.571875 0.02109375 0.01015625
0 0.8734375 0.58125 0.04140625 0.01953125
0 0.5578125 0.58828125 0.034375 0.028125
0 0.41015625 0.5890625 0.04296875 0.01953125
0 0.5125 0.6 0.05546875 0.0375
0 0.56953125 0.63125 0.03046875 0.01328125
0 0.146875 0.634375 0.04609375 0.01484375
0 0.44765625 0.64609375 0.02890625 0.015625
0 0.6734375 0.64375 0.021875 0.01015625
0 0.09453125 0.69296875 0.01953125 0.0171875
0 0.22578125 0.6953125 0.04609375 0.0203125
0 0.8640625 0.746875 0.028125 0.02578125
0 0.88515625 0.76171875 0.0484375 0.03125