0 0.26805555625 0.659375 0.27777777812500004 0.659375 0.2888888890625 0.6546875 0.2888888890625 0.63359375 0.2833333328125 0.63046875 0.24305555625 0.63046875 0.23472222187499997 0.63359375 0.23194444375 0.63671875 0.23472222187499997 0.65625 0.25833333281250004 0.65625 0.26805555625 0.659375
0 0.43333333281249997 0.4171875 0.440277778125 0.4125 0.44444444375 0.4125 0.447222221875 0.4109375 0.447222221875 0.40859375 0.45277777812500003 0.40625 0.45277777812500003 0.39765625 0.447222221875 0.3953125 0.44444444375 0.38828125 0.44166666718750003 0.38671875 0.40138888906250003 0.38671875 0.3986111109375 0.38828125 0.3986111109375 0.4109375 0.415277778125 0.41875 0.43333333281249997 0.4171875
0 0.3236111109375 0.5359375 0.3263888890625 0.5375 0.33055555625 0.5375 0.334722221875 0.540625 0.352777778125 0.540625 0.36666666718749996 0.5328125 0.36666666718749996 0.53046875 0.36944444375 0.5296875 0.36944444375 0.52578125 0.375 0.5234375 0.36944444375 0.51484375 0.3638888890625 0.51171875 0.3263888890625 0.51171875 0.32083333281250004 0.51484375 0.32083333281250004 0.5328125 0.3236111109375 0.53359375 0.3236111109375 0.5359375
0 0.3125 0.5828125 0.309722221875 0.58359375 0.309722221875 0.596875 0.3125 0.59765625 0.3125 0.6 0.322222221875 0.6 0.3236111109375 0.6015625 0.352777778125 0.6 0.35555555625 0.59609375 0.36666666718749996 0.590625 0.36666666718749996 0.58046875 0.3583333328125 0.575 0.352777778125 0.56796875 0.33194444375 0.56796875 0.33055555625 0.56953125 0.3263888890625 0.56953125 0.3125 0.57890625 0.3125 0.5828125
0 0.03194444375 0.3640625 0.05 0.3625 0.055555556250000006 0.359375 0.055555556250000006 0.35703125 0.061111110937500004 0.353125 0.058333332812500006 0.34609375 0.055555556250000006 0.34453125 0.0513888890625 0.34453125 0.05 0.34296875 0.0125 0.34296875 0.009722221875000001 0.34453125 0.009722221875000001 0.3546875 0.0208333328125 0.3625 0.030555556249999997 0.3625 0.03194444375 0.3640625
0 0.6777777781250001 0.56875 0.6791666671875001 0.5703125 0.6972222218749999 0.56875 0.70555555625 0.559375 0.70555555625 0.54921875 0.6972222218749999 0.54296875 0.66805555625 0.54296875 0.665277778125 0.54453125 0.665277778125 0.5671875 0.66805555625 0.56875 0.6777777781250001 0.56875
0 0.097222221875 0.575 0.1 0.5734375 0.097222221875 0.56015625 0.0861111109375 0.55546875 0.06805555625000001 0.55546875 0.06527777812499999 0.55703125 0.06527777812499999 0.5734375 0.0736111109375 0.5765625 0.097222221875 0.575
0 0.2791666671875 0.4046875 0.29722222187499997 0.4046875 0.3111111109375 0.3984375 0.3138888890625 0.38671875 0.3083333328125 0.38046875 0.28472222187499996 0.38046875 0.27638888906250003 0.38515625 0.27638888906250003 0.4 0.2791666671875 0.40078125 0.2791666671875 0.4046875
0 0.5555555562500001 0.65625 0.5555555562500001 0.64453125 0.5527777781250001 0.64296875 0.5125 0.64296875 0.5097222218749999 0.64453125 0.5125 0.6625 0.5333333328125 0.6640625 0.5527777781250001 0.659375 0.5555555562500001 0.65625
0 0.2416666671875 0.41875 0.24444444375000002 0.41484375 0.252777778125 0.4109375 0.25 0.40078125 0.24444444375000002 0.39921875 0.2236111109375 0.39921875 0.2208333328125 0.40078125 0.2208333328125 0.4171875 0.22638888906250001 0.4203125 0.2416666671875 0.41875
0 0.44166666718750003 0.30625 0.44166666718750003 0.30078125 0.4361111109375 0.29921875 0.40138888906250003 0.29921875 0.3986111109375 0.30078125 0.3986111109375 0.315625 0.40416666718750005 0.31875 0.42222222187499997 0.31875 0.427777778125 0.3171875 0.44166666718750003 0.30625
0 0.3763888890625 0.48515625 0.3763888890625 0.4953125 0.3791666671875 0.49609375 0.3791666671875 0.4984375 0.39444444375 0.5015625 0.415277778125 0.5109375 0.42222222187499997 0.5109375 0.4236111109375 0.5125 0.4388888890625 0.5109375 0.45 0.5 0.45 0.49765625 0.45277777812500003 0.496875 0.45277777812500003 0.49453125 0.45555555625000005 0.49375 0.45555555625000005 0.48984375 0.4583333328125 0.4890625 0.4583333328125 0.48046875 0.45555555625000005 0.4796875 0.45277777812500003 0.47421875 0.44444444375 0.4703125 0.44166666718750003 0.46484375 0.4291666671875 0.46328125 0.427777778125 0.46171875 0.3791666671875 0.46328125 0.3791666671875 0.475 0.38194444375000003 0.47578125 0.38194444375000003 0.4796875 0.3763888890625 0.48515625
0 0.6638888890625 0.5703125 0.6666666671875 0.5671875 0.6638888890625 0.55234375 0.6555555562500001 0.54921875 0.6375 0.54921875 0.6319444437499999 0.55234375 0.6319444437499999 0.5671875 0.640277778125 0.5703125 0.6638888890625 0.5703125
0 0.20416666718749998 0.365625 0.2166666671875 0.3640625 0.225 0.359375 0.225 0.34609375 0.21944444375 0.34296875 0.20138888906250002 0.34296875 0.1986111109375 0.34453125 0.1986111109375 0.3625 0.20416666718749998 0.365625
0 0.5013888890625 0.540625 0.5041666671875 0.5421875 0.5111111109375 0.5421875 0.5125 0.54375 0.525 0.5421875 0.5333333328125 0.5359375 0.5305555562500001 0.52734375 0.522222221875 0.52421875 0.5013888890625 0.52421875 0.4986111109375 0.52578125 0.4986111109375 0.5375 0.5013888890625 0.53828125 0.5013888890625 0.540625
0 0.022222221875 0.41328125 0.030555556249999997 0.409375 0.030555556249999997 0.40234375 0.022222221875 0.39921875 0.0125 0.39921875 0.009722221875000001 0.40078125 0.009722221875000001 0.415625 0.019444443750000002 0.4171875 0.022222221875 0.41328125
0 0.8111111109375001 0.5296875 0.8138888890624999 0.51640625 0.8027777781250001 0.51171875 0.76805555625 0.51171875 0.765277778125 0.51328125 0.765277778125 0.5296875 0.76805555625 0.53125 0.8 0.5328125 0.8111111109375001 0.5296875
0 0.46388888906250003 0.2078125 0.46805555625000006 0.2109375 0.477777778125 0.2109375 0.4861111109375 0.2046875 0.4861111109375 0.19921875 0.48333333281249996 0.1984375 0.48055555625 0.18984375 0.475 0.18671875 0.45694444375 0.18671875 0.45416666718750004 0.18828125 0.45416666718750004 0.2046875 0.459722221875 0.2078125 0.46388888906250003 0.2078125
0 0.075 0.36171875 0.0458333328125 0.36171875 0.04305555625 0.36328125 0.0458333328125 0.375 0.075 0.375 0.077777778125 0.3734375 0.075 0.36171875
0 0.5333333328125 0.57734375 0.527777778125 0.57421875 0.5125 0.57421875 0.5097222218749999 0.57578125 0.5125 0.5953125 0.5305555562500001 0.59375 0.5333333328125 0.57734375
0 0.2638888890625 0.34453125 0.25833333281250004 0.34296875 0.23194444375 0.34453125 0.23194444375 0.353125 0.2375 0.35625 0.2638888890625 0.353125 0.2638888890625 0.34453125
0 0.5666666671875 0.646875 0.577777778125 0.6421875 0.58055555625 0.63359375 0.575 0.63046875 0.55694444375 0.63046875 0.5541666671875001 0.63203125 0.5541666671875001 0.64375 0.55694444375 0.646875 0.5666666671875 0.646875
0 0.10833333281249999 0.6 0.1166666671875 0.59375 0.1166666671875 0.58828125 0.090277778125 0.58671875 0.0875 0.58828125 0.0875 0.5984375 0.090277778125 0.6 0.10833333281249999 0.6
0 0.4888888890625 0.646875 0.4888888890625 0.63828125 0.4861111109375 0.63671875 0.459722221875 0.63671875 0.45416666718750004 0.63984375 0.45416666718750004 0.6484375 0.459722221875 0.6515625 0.475 0.6515625 0.4888888890625 0.646875
0 0.1166666671875 0.36484375 0.10694444375 0.36640625 0.097222221875 0.36171875 0.0875 0.36328125 0.0875 0.3734375 0.090277778125 0.375 0.1166666671875 0.3734375 0.1166666671875 0.36484375
0 0.06805555625000001 0.3609375 0.08333333281250001 0.359375 0.0888888890625 0.3546875 0.0861111109375 0.34453125 0.05694444375 0.34296875 0.054166667187499996 0.34453125 0.05694444375 0.3609375 0.0666666671875 0.3625 0.06805555625000001 0.3609375
0 0.10833333281249999 0.50546875 0.0791666671875 0.50546875 0.07638888906249999 0.50703125 0.0791666671875 0.51875 0.10833333281249999 0.51875 0.1111111109375 0.5171875 0.10833333281249999 0.50546875