0 0.06805555625000001 0.05625 0.072222221875 0.05625 0.0791666671875 0.0609375 0.097222221875 0.0609375 0.1111111109375 0.053125 0.1111111109375 0.04140625 0.10833333281249999 0.040625 0.10833333281249999 0.03828125 0.1 0.034375 0.097222221875 0.03046875 0.06805555625000001 0.03046875 0.06527777812499999 0.03203125 0.06527777812499999 0.053125 0.06805555625000001 0.05390625 0.06805555625000001 0.05625
0 0.722222221875 0.0640625 0.7236111109375 0.065625 0.734722221875 0.0625 0.7416666671875001 0.0625 0.75 0.053125 0.75 0.04453125 0.7416666671875001 0.03671875 0.7013888890625 0.03671875 0.6986111109375 0.03828125 0.6986111109375 0.059375 0.7041666671875 0.0625 0.722222221875 0.0640625
0 0.5888888890625 0.68359375 0.5833333328125 0.68046875 0.55694444375 0.68046875 0.5541666671875001 0.7046875 0.5888888890625 0.70625 0.5916666671875 0.7046875 0.5888888890625 0.68359375
0 0.015277778124999999 0.4 0.019444443750000002 0.4 0.0208333328125 0.3984375 0.030555556249999997 0.3984375 0.0333333328125 0.39453125 0.0416666671875 0.390625 0.0416666671875 0.38671875 0.04444444375 0.3859375 0.0416666671875 0.37578125 0.030555556249999997 0.36796875 0.0125 0.36796875 0.009722221875000001 0.36953125 0.009722221875000001 0.396875 0.015277778124999999 0.4
0 0.04444444375 0.2171875 0.04444444375 0.21484375 0.055555556250000006 0.209375 0.055555556250000006 0.19921875 0.058333332812500006 0.1984375 0.055555556250000006 0.18984375 0.047222221875 0.18671875 0.0125 0.18671875 0.009722221875000001 0.18828125 0.009722221875000001 0.215625 0.015277778124999999 0.21875 0.04444444375 0.2171875
0 0.652777778125 0.08125 0.6583333328125 0.075 0.6555555562500001 0.05703125 0.652777778125 0.05546875 0.6347222218749999 0.05546875 0.6263888890625 0.06015625 0.61944444375 0.05546875 0.6125 0.05546875 0.609722221875 0.05703125 0.609722221875 0.078125 0.6152777781250001 0.08125 0.652777778125 0.08125
0 0.17361111093749998 0.1671875 0.17916666718750002 0.16875 0.197222221875 0.16875 0.2 0.16484375 0.21111111093749999 0.1609375 0.20833333281250002 0.14453125 0.20138888906250002 0.14453125 0.19444444375 0.15390625 0.184722221875 0.15390625 0.1861111109375 0.14609375 0.1708333328125 0.14296875 0.165277778125 0.14609375 0.16805555625 0.1640625 0.172222221875 0.1640625 0.17361111093749998 0.1671875
0 0.2833333328125 0.21875 0.3 0.2109375 0.3 0.19453125 0.29722222187499997 0.19296875 0.26805555625 0.19296875 0.26527777812500003 0.19453125 0.26527777812500003 0.215625 0.2708333328125 0.21875 0.2833333328125 0.21875
0 0.047222221875 0.16875 0.0486111109375 0.1671875 0.061111110937500004 0.165625 0.06944444375 0.1609375 0.0666666671875 0.14453125 0.061111110937500004 0.14296875 0.0236111109375 0.14296875 0.0208333328125 0.14453125 0.0208333328125 0.1625 0.026388889062499997 0.1671875 0.03194444375 0.16875 0.047222221875 0.16875
0 0.2416666671875 0.4734375 0.24444444375000002 0.45859375 0.2388888890625 0.45546875 0.20138888906250002 0.45546875 0.1986111109375 0.45703125 0.1986111109375 0.4734375 0.20416666718749998 0.4765625 0.23055555625 0.4765625 0.2416666671875 0.4734375
0 0.8611111109375 0.2234375 0.877777778125 0.2171875 0.88055555625 0.20234375 0.875 0.19921875 0.8458333328125001 0.19921875 0.8430555562500001 0.20078125 0.8430555562500001 0.2203125 0.8458333328125001 0.2234375 0.8611111109375 0.2234375
0 0.15555555625 0.4796875 0.165277778125 0.4765625 0.175 0.4765625 0.1763888890625 0.475 0.1833333328125 0.475 0.1888888890625 0.471875 0.1888888890625 0.46328125 0.18055555625 0.459375 0.177777778125 0.45078125 0.175 0.44921875 0.134722221875 0.44921875 0.13194444375 0.45078125 0.13194444375 0.4734375 0.13888888906250002 0.475 0.1458333328125 0.4796875 0.15555555625 0.4796875
0 0.8041666671875 0.2171875 0.8166666671874999 0.21875 0.83055555625 0.2140625 0.83055555625 0.21171875 0.8388888890624999 0.2046875 0.8388888890624999 0.19453125 0.834722221875 0.19453125 0.8333333328125001 0.19296875 0.8013888890624999 0.19296875 0.7986111109375 0.19453125 0.7986111109375 0.2125 0.8041666671875 0.2171875
0 0.1666666671875 0.359375 0.1666666671875 0.34609375 0.1611111109375 0.34296875 0.15555555625 0.34453125 0.12361111093749999 0.34296875 0.1208333328125 0.34453125 0.1208333328125 0.3609375 0.12361111093749999 0.3625 0.15 0.3640625 0.1666666671875 0.359375
0 0.6763888890625 0.0796875 0.6861111109375 0.0796875 0.690277778125 0.0765625 0.7 0.075 0.7111111109375 0.0671875 0.7111111109375 0.06328125 0.7041666671875 0.06171875 0.6972222218749999 0.05703125 0.690277778125 0.05703125 0.6861111109375 0.06015625 0.68194444375 0.06015625 0.675 0.05546875 0.66805555625 0.05546875 0.665277778125 0.05703125 0.665277778125 0.0734375 0.66805555625 0.0765625 0.672222221875 0.0765625 0.6763888890625 0.0796875
0 0.0125 0.27578125 0.0125 0.2796875 0.019444443750000002 0.2796875 0.0375 0.26875 0.05 0.2671875 0.05 0.26328125 0.047222221875 0.2625 0.047222221875 0.26015625 0.0416666671875 0.25546875 0.0125 0.25546875 0.009722221875000001 0.25703125 0.009722221875000001 0.275 0.0125 0.27578125
0 0.2236111109375 0.3390625 0.23472222187499997 0.3453125 0.252777778125 0.3453125 0.25694444375000003 0.3421875 0.2611111109375 0.3421875 0.2611111109375 0.33984375 0.2638888890625 0.3390625 0.2638888890625 0.32890625 0.2611111109375 0.328125 0.2611111109375 0.32578125 0.24444444375000002 0.31796875 0.2236111109375 0.31796875 0.2208333328125 0.31953125 0.2208333328125 0.3359375 0.2236111109375 0.33671875 0.2236111109375 0.3390625
0 0.20833333281250002 0.2734375 0.20833333281250002 0.27109375 0.222222221875 0.2625 0.222222221875 0.25703125 0.21944444375 0.25546875 0.190277778125 0.25546875 0.1875 0.25703125 0.1875 0.271875 0.19305555624999998 0.275 0.20833333281250002 0.2734375
0 0.397222221875 0.74375 0.40416666718750005 0.746875 0.4138888890625 0.746875 0.415277778125 0.7453125 0.427777778125 0.74375 0.43333333281249997 0.7390625 0.43333333281249997 0.73203125 0.41944444374999995 0.725 0.41944444374999995 0.72265625 0.4138888890625 0.71953125 0.40972222187499996 0.71953125 0.40833333281249995 0.71796875 0.39305555625 0.71796875 0.3875 0.72109375 0.3875 0.7421875 0.39027777812500003 0.74375 0.397222221875 0.74375
0 0.290277778125 0.50625 0.29722222187499997 0.5046875 0.29722222187499997 0.50078125 0.2916666671875 0.4984375 0.2916666671875 0.49609375 0.28611111093749997 0.49296875 0.26805555625 0.49296875 0.26527777812500003 0.49453125 0.26527777812500003 0.5046875 0.2708333328125 0.509375 0.2833333328125 0.5109375 0.290277778125 0.50625
0 0.8166666671874999 0.1375 0.83055555625 0.125 0.83055555625 0.11953125 0.825 0.11796875 0.8013888890624999 0.11796875 0.7986111109375 0.11953125 0.7986111109375 0.1359375 0.8013888890624999 0.1375 0.8166666671874999 0.1375
0 0.0333333328125 0.16953125 0.030555556249999997 0.16796875 0.0125 0.16796875 0.009722221875000001 0.16953125 0.009722221875000001 0.178125 0.015277778124999999 0.18125 0.0333333328125 0.1765625 0.0333333328125 0.16953125
0 0.640277778125 0.0375 0.65 0.0375 0.659722221875 0.046875 0.672222221875 0.046875 0.6777777781250001 0.0421875 0.6777777781250001 0.03515625 0.672222221875 0.03046875 0.6208333328125 0.03203125 0.6236111109375 0.0421875 0.6333333328124999 0.0421875 0.6333333328124999 0.03984375 0.640277778125 0.0375
0 0.190277778125 0.61484375 0.1875 0.621875 0.19305555624999998 0.625 0.20277777812500003 0.6234375 0.21111111093749999 0.6171875 0.21111111093749999 0.60703125 0.20833333281250002 0.60546875 0.190277778125 0.60546875 0.1875 0.60703125 0.1875 0.6140625 0.190277778125 0.61484375
0 0.190277778125 0.3671875 0.20833333281250002 0.36875 0.20972222187499998 0.3703125 0.225 0.36875 0.23055555625 0.365625 0.23055555625 0.36328125 0.225 0.3609375 0.222222221875 0.35078125 0.20833333281250002 0.34296875 0.190277778125 0.34296875 0.1875 0.34453125 0.1875 0.3625 0.190277778125 0.36328125 0.190277778125 0.3671875
0 0.2916666671875 0.3234375 0.2916666671875 0.32109375 0.29722222187499997 0.3203125 0.3 0.3171875 0.29722222187499997 0.30859375 0.2888888890625 0.30546875 0.26805555625 0.30546875 0.26527777812500003 0.30703125 0.26527777812500003 0.3234375 0.2708333328125 0.3265625 0.2916666671875 0.3234375
0 0.18194444375000002 0.29375 0.2 0.29375 0.20555555625 0.2953125 0.2138888890625 0.290625 0.21944444375 0.284375 0.2166666671875 0.27890625 0.21111111093749999 0.27578125 0.20416666718749998 0.27578125 0.20277777812500003 0.27421875 0.17361111093749998 0.27421875 0.16805555625 0.27578125 0.165277778125 0.27890625 0.165277778125 0.2921875 0.1708333328125 0.296875 0.18194444375000002 0.29375
0 0.875 0.459375 0.8791666671874999 0.45625 0.8861111109375001 0.45625 0.8888888890625 0.4546875 0.8888888890625 0.44765625 0.8861111109375001 0.44453125 0.872222221875 0.43671875 0.8458333328125001 0.43671875 0.8430555562500001 0.43828125 0.8458333328125001 0.4609375 0.8513888890624999 0.4625 0.8638888890624999 0.4625 0.875 0.459375
0 0.075 0.16796875 0.0458333328125 0.16796875 0.04305555625 0.16953125 0.0458333328125 0.18125 0.0638888890625 0.1828125 0.077777778125 0.1796875 0.075 0.16796875
0 0.21111111093749999 0.5921875 0.21111111093749999 0.58828125 0.20833333281250002 0.58671875 0.190277778125 0.58671875 0.1875 0.58828125 0.1875 0.596875 0.2 0.5984375 0.21111111093749999 0.5921875
0 0.2916666671875 0.33671875 0.26805555625 0.33671875 0.26527777812500003 0.33828125 0.26805555625 0.35 0.30555555624999997 0.3515625 0.3 0.33828125 0.2916666671875 0.33671875
0 0.18055555625 0.4421875 0.18055555625 0.43359375 0.175 0.43046875 0.1541666671875 0.43203125 0.1541666671875 0.4375 0.15972222187500001 0.4421875 0.16805555625 0.44375 0.18055555625 0.4421875
0 0.222222221875 0.48046875 0.20972222187499998 0.48203125 0.2125 0.4890625 0.22777777812500002 0.4859375 0.22777777812500002 0.48203125 0.222222221875 0.48046875
0 0.2541666671875 0.29453125 0.2541666671875 0.3046875 0.25694444375000003 0.30546875 0.25694444375000003 0.3078125 0.2638888890625 0.3078125 0.27777777812500004 0.3 0.27777777812500004 0.29609375 0.28055555625 0.2953125 0.28055555625 0.28828125 0.27638888906250003 0.28828125 0.275 0.28671875 0.26805555625 0.28671875 0.2541666671875 0.29453125
0 0.190277778125 0.3125 0.20277777812500003 0.3109375 0.21111111093749999 0.3046875 0.21111111093749999 0.30234375 0.20555555625 0.29921875 0.190277778125 0.29921875 0.1875 0.30078125 0.1875 0.3109375 0.190277778125 0.3125
0 0.0013888890625 0.39921875 0 0.4171875 0.0083333328125 0.41875 0.0111111109375 0.40078125 0.0013888890625 0.39921875
0 0.04305555625 0.2453125 0.052777778124999994 0.24375 0.052777778124999994 0.23828125 0.04444444375 0.234375 0.04444444375 0.23203125 0.0416666671875 0.23046875 0.0236111109375 0.23046875 0.0208333328125 0.23203125 0.0208333328125 0.2375 0.03194444375 0.2453125 0.0416666671875 0.246875 0.04305555625 0.2453125
0 0.19444444375 0.3796875 0.197222221875 0.378125 0.2 0.37109375 0.19444444375 0.36796875 0.17916666718750002 0.36796875 0.1763888890625 0.36953125 0.1763888890625 0.378125 0.18194444375000002 0.38125 0.19444444375 0.3796875
0 0.29444444375 0.75 0.3013888890625 0.7546875 0.31944444375000003 0.7546875 0.31944444375000003 0.75234375 0.3333333328125 0.74375 0.33055555625 0.72734375 0.3138888890625 0.72421875 0.290277778125 0.72421875 0.2875 0.72578125 0.2875 0.746875 0.290277778125 0.75 0.29444444375 0.75
0 0.10555555624999999 0.42421875 0.090277778125 0.42421875 0.0875 0.42578125 0.0875 0.4296875 0.09305555625 0.4328125 0.10833333281249999 0.4296875 0.10555555624999999 0.42421875
0 0.147222221875 0.1296875 0.15 0.12109375 0.1416666671875 0.11796875 0.134722221875 0.11796875 0.13194444375 0.11953125 0.13194444375 0.1296875 0.1416666671875 0.13125 0.147222221875 0.1296875
0 0.047222221875 0.178125 0.047222221875 0.17578125 0.040277778125000004 0.17421875 0.0361111109375 0.16953125 0.030555556249999997 0.16796875 0.0125 0.16796875 0.009722221875000001 0.16953125 0.009722221875000001 0.1796875 0.0125 0.1828125 0.0333333328125 0.184375 0.047222221875 0.178125