0 0.20555555625 0.48125 0.21944444375 0.4703125 0.21944444375 0.46328125 0.2166666671875 0.4625 0.2166666671875 0.45859375 0.21111111093749999 0.4546875 0.21111111093749999 0.45078125 0.20833333281250002 0.44921875 0.16805555625 0.44921875 0.165277778125 0.45078125 0.165277778125 0.478125 0.1708333328125 0.48125 0.20555555625 0.48125
0 0.2833333328125 0.54375 0.3 0.5375 0.3 0.53359375 0.302777778125 0.5328125 0.302777778125 0.52265625 0.29722222187499997 0.51796875 0.25694444375000003 0.51796875 0.2541666671875 0.51953125 0.2541666671875 0.5375 0.259722221875 0.5421875 0.26527777812500003 0.54375 0.2833333328125 0.54375
0 0.40833333281249995 0.36875 0.415277778125 0.3640625 0.42222222187499997 0.3625 0.425 0.35703125 0.43055555625 0.3546875 0.43055555625 0.34453125 0.425 0.33828125 0.41944444374999995 0.33671875 0.39027777812500003 0.33671875 0.3875 0.33828125 0.3875 0.3625 0.39305555625 0.3671875 0.40833333281249995 0.36875
0 0.5166666671875 0.75 0.51805555625 0.7515625 0.522222221875 0.7515625 0.5263888890625 0.7546875 0.5416666671875 0.7546875 0.5486111109375 0.75 0.5583333328125 0.7484375 0.5583333328125 0.74609375 0.5666666671875 0.740625 0.5638888890625 0.73359375 0.5555555562500001 0.728125 0.5555555562500001 0.72109375 0.5527777781250001 0.71953125 0.5458333328125 0.71953125 0.5263888890625 0.72890625 0.522222221875 0.7265625 0.522222221875 0.72109375 0.51944444375 0.71953125 0.5125 0.71953125 0.5097222218749999 0.72109375 0.5097222218749999 0.7484375 0.5125 0.75 0.5166666671875 0.75
0 0.3416666671875 0.55 0.3583333328125 0.5421875 0.3583333328125 0.53984375 0.36666666718749996 0.5359375 0.36666666718749996 0.53203125 0.3638888890625 0.53125 0.3638888890625 0.52734375 0.35555555625 0.5234375 0.352777778125 0.51953125 0.34722222187499996 0.51796875 0.3236111109375 0.51796875 0.32083333281250004 0.51953125 0.32083333281250004 0.5453125 0.3236111109375 0.5484375 0.3416666671875 0.55
0 0.6555555562500001 0.546875 0.6555555562500001 0.53203125 0.652777778125 0.53046875 0.6125 0.53046875 0.609722221875 0.53203125 0.609722221875 0.55 0.6152777781250001 0.5546875 0.6333333328124999 0.5546875 0.6555555562500001 0.546875
0 0.24722222187499998 0.7375 0.2486111109375 0.7390625 0.2666666671875 0.7390625 0.26805555625 0.7375 0.275 0.7375 0.28611111093749997 0.725 0.28611111093749997 0.71796875 0.272222221875 0.71171875 0.2666666671875 0.71328125 0.23472222187499997 0.71171875 0.23194444375 0.71328125 0.23194444375 0.734375 0.2375 0.7375 0.24722222187499998 0.7375
0 0.63055555625 0.64375 0.6347222218749999 0.646875 0.6388888890625 0.646875 0.6458333328125 0.65 0.6638888890625 0.6484375 0.6638888890625 0.64609375 0.66944444375 0.64375 0.66944444375 0.64140625 0.6777777781250001 0.6359375 0.6777777781250001 0.62109375 0.672222221875 0.61796875 0.6236111109375 0.61796875 0.6208333328125 0.61953125 0.6208333328125 0.640625 0.6263888890625 0.64375 0.63055555625 0.64375
0 0.35 0.4171875 0.35694444375 0.4125 0.3611111109375 0.4125 0.36666666718749996 0.4078125 0.36666666718749996 0.39609375 0.3611111109375 0.39296875 0.3125 0.39296875 0.309722221875 0.39453125 0.309722221875 0.4125 0.3125 0.415625 0.32083333281250004 0.41875 0.35 0.4171875
0 0.47083333281249995 0.6328125 0.475 0.6328125 0.48194444374999995 0.6359375 0.49444444374999996 0.634375 0.49583333281249997 0.6328125 0.50555555625 0.63125 0.5111111109375 0.628125 0.5111111109375 0.62578125 0.515277778125 0.6234375 0.51944444375 0.6234375 0.51944444375 0.61953125 0.522222221875 0.61875 0.522222221875 0.60703125 0.51944444375 0.60546875 0.4791666671875 0.60546875 0.46527777812500004 0.61328125 0.46527777812500004 0.6296875 0.47083333281249995 0.6328125
0 0.5097222218749999 0.5875 0.5361111109375 0.5875 0.5416666671875 0.5859375 0.547222221875 0.5796875 0.54444444375 0.56953125 0.5263888890625 0.56640625 0.51944444375 0.56171875 0.5013888890625 0.56171875 0.4986111109375 0.56328125 0.4986111109375 0.58125 0.5013888890625 0.584375 0.5097222218749999 0.5875
0 0.652777778125 0.49375 0.6555555562500001 0.47578125 0.6236111109375 0.47421875 0.6208333328125 0.47578125 0.6236111109375 0.49375 0.6319444437499999 0.4953125 0.652777778125 0.49375
0 0.44444444375 0.4609375 0.44444444375 0.44453125 0.44166666718750003 0.44296875 0.40416666718750005 0.44296875 0.3986111109375 0.44609375 0.40138888906250003 0.4671875 0.427777778125 0.46875 0.44166666718750003 0.4640625 0.44444444375 0.4609375
0 0.47222222187499996 0.5625 0.477777778125 0.559375 0.477777778125 0.55546875 0.4861111109375 0.54609375 0.477777778125 0.54296875 0.4486111109375 0.54296875 0.44305555625000004 0.54609375 0.44305555625000004 0.5609375 0.4458333328125 0.5625 0.47222222187499996 0.5625
0 0.5013888890625 0.3078125 0.527777778125 0.30625 0.5361111109375 0.2984375 0.5333333328125 0.28203125 0.527777778125 0.28046875 0.49305555625 0.28046875 0.4875 0.28359375 0.4875 0.303125 0.490277778125 0.30625 0.5013888890625 0.3078125
0 0.3875 0.41640625 0.3875 0.43125 0.39027777812500003 0.43203125 0.39027777812500003 0.434375 0.3986111109375 0.4375 0.425 0.4375 0.44166666718750003 0.4296875 0.44166666718750003 0.42734375 0.44444444375 0.4265625 0.44444444375 0.41640625 0.44166666718750003 0.415625 0.44166666718750003 0.41328125 0.43333333281249997 0.409375 0.43055555625 0.40546875 0.40138888906250003 0.40546875 0.3986111109375 0.409375 0.39027777812500003 0.41328125 0.39027777812500003 0.415625 0.3875 0.41640625
0 0.45277777812500003 0.275 0.4583333328125 0.2734375 0.4583333328125 0.27109375 0.46666666718750005 0.265625 0.46666666718750005 0.26171875 0.45277777812500003 0.24921875 0.4125 0.24921875 0.40972222187499996 0.25078125 0.40972222187499996 0.2703125 0.4125 0.2734375 0.41805555625 0.275 0.45277777812500003 0.275
0 0.525 0.415625 0.5263888890625 0.409375 0.5305555562500001 0.409375 0.534722221875 0.4125 0.547222221875 0.409375 0.55 0.40078125 0.54444444375 0.39453125 0.5375 0.39296875 0.5305555562500001 0.38671875 0.5013888890625 0.38671875 0.4986111109375 0.38828125 0.4986111109375 0.4171875 0.5013888890625 0.41875 0.51944444375 0.41875 0.525 0.415625
0 0.6458333328125 0.2234375 0.64305555625 0.22421875 0.64305555625 0.246875 0.6486111109375 0.25 0.675 0.25 0.6888888890625 0.2421875 0.6888888890625 0.22109375 0.6833333328125 0.21796875 0.6541666671875 0.21796875 0.652777778125 0.21953125 0.6486111109375 0.21953125 0.6458333328125 0.22109375 0.6458333328125 0.2234375
0 0.05 0.4859375 0.0638888890625 0.4765625 0.0638888890625 0.46953125 0.058333332812500006 0.46796875 0.0236111109375 0.46796875 0.0208333328125 0.46953125 0.0208333328125 0.4828125 0.029166667187500002 0.4875 0.04444444375 0.4875 0.05 0.4859375
0 0.28611111093749997 0.484375 0.2888888890625 0.4796875 0.2888888890625 0.46953125 0.28611111093749997 0.46796875 0.24583333281250003 0.46796875 0.24305555625 0.46953125 0.24305555625 0.4859375 0.2638888890625 0.490625 0.275 0.4890625 0.28611111093749997 0.484375
0 0.5625 0.53125 0.577777778125 0.53125 0.5791666671875 0.5296875 0.5861111109375 0.5296875 0.5875 0.5265625 0.6 0.5234375 0.602777778125 0.51015625 0.597222221875 0.50546875 0.5458333328125 0.50546875 0.54305555625 0.50703125 0.54305555625 0.515625 0.5513888890625 0.52109375 0.55694444375 0.5296875 0.5625 0.53125
0 0.8055555562500001 0.453125 0.8138888890624999 0.446875 0.8111111109375001 0.43203125 0.790277778125 0.43046875 0.7875 0.43203125 0.7875 0.45 0.790277778125 0.453125 0.8055555562500001 0.453125
0 0.45555555625000005 0.1171875 0.4583333328125 0.11015625 0.46388888906250003 0.1078125 0.46388888906250003 0.09453125 0.4236111109375 0.09296875 0.42083333281249996 0.09453125 0.42083333281249996 0.115625 0.4291666671875 0.11875 0.45555555625000005 0.1171875
0 0.5013888890625 0.15625 0.5083333328124999 0.15625 0.522222221875 0.1484375 0.522222221875 0.13984375 0.5166666671875 0.13671875 0.4791666671875 0.13671875 0.4763888890625 0.13828125 0.4763888890625 0.15625 0.4791666671875 0.159375 0.49444444374999996 0.159375 0.5013888890625 0.15625
0 0.40416666718750005 0.165625 0.42222222187499997 0.165625 0.4236111109375 0.1640625 0.43055555625 0.1640625 0.44166666718750003 0.15625 0.44166666718750003 0.14921875 0.43055555625 0.14296875 0.39305555625 0.14296875 0.3875 0.14609375 0.3875 0.1609375 0.39027777812500003 0.1625 0.397222221875 0.1625 0.40416666718750005 0.165625
0 0.9083333328125001 0.46875 0.9138888890624999 0.4671875 0.9138888890624999 0.46484375 0.91944444375 0.4625 0.91944444375 0.44453125 0.9166666671874999 0.44296875 0.8819444437499999 0.44296875 0.8763888890624999 0.44609375 0.8763888890624999 0.4609375 0.8958333328125001 0.46875 0.9083333328125001 0.46875
0 0.44305555625000004 0.3578125 0.45 0.3578125 0.4513888890625 0.359375 0.46388888906250003 0.359375 0.477777778125 0.353125 0.477777778125 0.34609375 0.46388888906250003 0.33671875 0.434722221875 0.33671875 0.43194444374999996 0.33828125 0.43194444374999996 0.353125 0.4375 0.35625 0.44166666718750003 0.35625 0.44305555625000004 0.3578125
0 0.25 0.3546875 0.25555555625 0.35 0.25833333281250004 0.33828125 0.25555555625 0.33203125 0.25 0.33046875 0.23194444375 0.33203125 0.23194444375 0.353125 0.2375 0.35625 0.25 0.3546875
0 0.977777778125 0.7375 0.9833333328125 0.73125 0.98055555625 0.72109375 0.975 0.71796875 0.9458333328125 0.71796875 0.94305555625 0.71953125 0.9458333328125 0.7375 0.9541666671875 0.7390625 0.977777778125 0.7375
0 0.28055555625 0.3359375 0.28055555625 0.32421875 0.26944444375 0.31796875 0.25694444375000003 0.31796875 0.2541666671875 0.31953125 0.25694444375000003 0.3421875 0.275 0.3421875 0.28055555625 0.3359375
0 0.2888888890625 0.38125 0.2888888890625 0.36953125 0.28611111093749997 0.36796875 0.25694444375000003 0.36796875 0.2541666671875 0.36953125 0.2541666671875 0.3796875 0.26527777812500003 0.3859375 0.27777777812500004 0.3859375 0.2888888890625 0.38125
0 0.1888888890625 0.6859375 0.1888888890625 0.67578125 0.1861111109375 0.67421875 0.15694444375 0.67421875 0.1541666671875 0.67578125 0.1541666671875 0.6875 0.15972222187500001 0.6921875 0.172222221875 0.6921875 0.1888888890625 0.6859375
0 0.7541666671875 0.7453125 0.7833333328125 0.74375 0.79444444375 0.734375 0.7916666671875 0.72734375 0.7861111109375 0.72421875 0.7458333328125 0.72421875 0.7430555562500001 0.72578125 0.7430555562500001 0.7421875 0.7458333328125 0.74375 0.752777778125 0.74375 0.7541666671875 0.7453125
0 0.50555555625 0.15546875 0.4986111109375 0.15703125 0.4986111109375 0.1734375 0.5013888890625 0.175 0.51944444375 0.175 0.5208333328125 0.1734375 0.527777778125 0.1734375 0.54444444375 0.165625 0.54444444375 0.15703125 0.5416666671875 0.15625 0.5416666671875 0.15234375 0.5388888890625 0.15078125 0.534722221875 0.15078125 0.5333333328125 0.14921875 0.515277778125 0.14921875 0.50555555625 0.15546875
0 0.38333333281250004 0.4234375 0.397222221875 0.4140625 0.4 0.40703125 0.39444444375 0.40546875 0.36805555624999997 0.40546875 0.365277778125 0.40703125 0.365277778125 0.4203125 0.36805555624999997 0.4234375 0.38333333281250004 0.4234375
0 0.8638888890624999 0.43125 0.86944444375 0.4265625 0.86944444375 0.41796875 0.85555555625 0.41171875 0.8458333328125001 0.41171875 0.8430555562500001 0.41328125 0.8430555562500001 0.428125 0.8486111109375001 0.43125 0.8638888890624999 0.43125
0 0.5125 0.27734375 0.5125 0.2796875 0.522222221875 0.2796875 0.5236111109375 0.28125 0.5333333328125 0.2796875 0.54444444375 0.2734375 0.54444444375 0.27109375 0.5555555562500001 0.265625 0.5555555562500001 0.25390625 0.5527777781250001 0.253125 0.5527777781250001 0.25078125 0.5486111109375 0.25078125 0.547222221875 0.24921875 0.515277778125 0.24921875 0.5097222218749999 0.25234375 0.5097222218749999 0.2765625 0.5125 0.27734375
0 0.95555555625 0.9171875 0.95555555625 0.90703125 0.9472222218749999 0.903125 0.9472222218749999 0.90078125 0.9416666671874999 0.89921875 0.9125 0.89921875 0.909722221875 0.90078125 0.909722221875 0.9171875 0.9125 0.91875 0.9416666671874999 0.921875 0.95555555625 0.9171875
0 0.7 0.66953125 0.6791666671875001 0.66796875 0.6763888890625 0.6859375 0.6944444437499999 0.6875 0.7 0.684375 0.7 0.66953125
0 0.46388888906250003 0.2453125 0.46666666718750005 0.23203125 0.4583333328125 0.22578125 0.45277777812500003 0.22421875 0.4236111109375 0.22421875 0.42083333281249996 0.22578125 0.4236111109375 0.246875 0.45555555625000005 0.2484375 0.459722221875 0.2453125 0.46388888906250003 0.2453125
0 0.5722222218749999 0.29375 0.5861111109375 0.2859375 0.5861111109375 0.28203125 0.5888888890625 0.28125 0.5888888890625 0.27578125 0.5861111109375 0.275 0.5861111109375 0.27265625 0.575 0.26796875 0.5486111109375 0.26796875 0.54305555625 0.27109375 0.54305555625 0.2921875 0.5458333328125 0.29375 0.5722222218749999 0.29375
0 0.9 0.43203125 0.8791666671874999 0.43046875 0.8763888890624999 0.4421875 0.8791666671874999 0.44375 0.897222221875 0.4421875 0.9 0.43203125
0 0.5833333328125 0.65625 0.6 0.6484375 0.6 0.64609375 0.5944444437499999 0.64296875 0.56805555625 0.64296875 0.565277778125 0.64453125 0.565277778125 0.653125 0.56805555625 0.6546875 0.575 0.6546875 0.5763888890625 0.65625 0.5833333328125 0.65625
0 0.9986111109375001 0.35703125 0.9791666671874999 0.35546875 0.9763888890624999 0.3953125 0.984722221875 0.4 0.997222221875 0.4 0.9986111109375001 0.35703125
0 0.9166666671874999 0.4171875 0.922222221875 0.4125 0.922222221875 0.40234375 0.9166666671874999 0.39921875 0.890277778125 0.39921875 0.8875 0.40078125 0.8875 0.4109375 0.89305555625 0.4140625 0.9166666671874999 0.4171875
0 0.63055555625 0.72578125 0.622222221875 0.721875 0.622222221875 0.71484375 0.6166666671875001 0.71171875 0.6013888890625 0.71171875 0.5986111109375 0.7296875 0.6125 0.7328125 0.627777778125 0.7328125 0.63055555625 0.72578125
0 0.9638888890624999 0.421875 0.975 0.4140625 0.975 0.40078125 0.9708333328125001 0.40078125 0.9694444437499999 0.39921875 0.9486111109375001 0.39921875 0.94305555625 0.40234375 0.94305555625 0.4171875 0.9541666671875 0.421875 0.9638888890624999 0.421875
0 0.3236111109375 0.4296875 0.33194444375 0.43359375 0.33194444375 0.4359375 0.334722221875 0.4375 0.34722222187499996 0.4375 0.352777778125 0.4359375 0.3638888890625 0.42109375 0.35555555625 0.41796875 0.3263888890625 0.41796875 0.32083333281250004 0.42109375 0.32083333281250004 0.425 0.3236111109375 0.42578125 0.3236111109375 0.4296875
0 0.9916666671875 0.57734375 0.9861111109375 0.57421875 0.965277778125 0.57578125 0.9680555562500001 0.5890625 0.98055555625 0.5890625 0.9916666671875 0.5859375 0.9916666671875 0.57734375
0 0.4375 0.1234375 0.45277777812500003 0.1234375 0.46388888906250003 0.1078125 0.46388888906250003 0.10078125 0.4611111109375 0.09921875 0.4236111109375 0.09921875 0.42083333281249996 0.10078125 0.4236111109375 0.11875 0.43333333281249997 0.1203125 0.4375 0.1234375
0 0.7833333328125 0.45703125 0.777777778125 0.45546875 0.7430555562500001 0.45703125 0.7458333328125 0.4671875 0.775 0.46875 0.7833333328125 0.4640625 0.7833333328125 0.45703125
0 0.36666666718749996 0.6046875 0.36666666718749996 0.60078125 0.3638888890625 0.59921875 0.334722221875 0.59921875 0.33194444375 0.60078125 0.33194444375 0.6109375 0.334722221875 0.6125 0.35 0.6125 0.35972222187499997 0.60625 0.36666666718749996 0.6046875
0 0.55694444375 0.7390625 0.559722221875 0.740625 0.5833333328125 0.7390625 0.5888888890625 0.7359375 0.5888888890625 0.72578125 0.5736111109375 0.72265625 0.5638888890625 0.71796875 0.55694444375 0.71796875 0.5541666671875001 0.71953125 0.5541666671875001 0.734375 0.55694444375 0.73515625 0.55694444375 0.7390625
0 0.64444444375 0.403125 0.64444444375 0.39453125 0.6236111109375 0.39296875 0.6208333328125 0.39453125 0.6236111109375 0.4078125 0.6388888890625 0.40625 0.64444444375 0.403125
0 0.95 0.43203125 0.9444444437499999 0.43046875 0.9208333328125 0.43203125 0.9236111109375 0.440625 0.9333333328125001 0.440625 0.95 0.4359375 0.95 0.43203125
0 0.9708333328125001 0.4171875 0.975 0.4171875 0.9791666671874999 0.4140625 0.997222221875 0.4125 0.997222221875 0.40078125 0.9708333328125001 0.39921875 0.965277778125 0.40234375 0.965277778125 0.409375 0.9680555562500001 0.41015625 0.9680555562500001 0.415625 0.9708333328125001 0.4171875
0 0.5638888890625 0.1640625 0.575 0.1578125 0.575 0.15078125 0.55694444375 0.14921875 0.5541666671875001 0.15078125 0.5541666671875001 0.1609375 0.559722221875 0.1640625 0.5638888890625 0.1640625