0 0.484375 0.1859375 0.040625 0.0234375
0 0.396875 0.22890625 0.040625 0.025
0 0.4984375 0.240625 0.053125 0.028125
0 0.55859375 0.28203125 0.03359375 0.0171875
0 0.434375 0.2921875 0.0359375 0.0234375
0 0.50703125 0.3078125 0.04140625 0.02578125
0 0.4796875 0.31015625 0.0375 0.025
0 0.5984375 0.3125 0.0390625 0.02109375
0 0.5609375 0.3171875 0.04140625 0.0234375
0 0.58359375 0.346875 0.05 0.025
0 0.49296875 0.3515625 0.046875 0.0265625
0 0.6421875 0.3609375 0.040625 0.0203125
0 0.690625 0.38125 0.046875 0.025
0 0.8109375 0.39375 0.04453125 0.02265625
0 0.61875 0.39765625 0.0375 0.025
0 0.659375 0.41328125 0.0390625 0.021875
0 0.6265625 0.4140625 0.028125 0.01953125
0 0.43984375 0.41640625 0.0375 0.021875
0 0.71796875 0.425 0.03046875 0.02265625
0 0.43203125 0.440625 0.0390625 0.02421875
0 0.65 0.4671875 0.03046875 0.01796875
0 0.44453125 0.484375 0.04453125 0.02578125
0 0.44765625 0.5078125 0.034375 0.02109375
0 0.65625 0.50859375 0.0265625 0.015625
0 0.603125 0.5140625 0.03203125 0.025
0 0.63671875 0.51875 0.0375 0.021875
0 0.67890625 0.528125 0.03046875 0.01328125
0 0.5984375 0.5359375 0.03359375 0.021875
0 0.57265625 0.5515625 0.0484375 0.0265625
0 0.69375 0.5578125 0.0265625 0.01640625
0 0.68046875 0.5765625 0.04140625 0.01640625
0 0.40859375 0.60078125 0.05546875 0.0265625
0 0.521875 0.6125 0.03359375 0.02578125
0 0.28828125 0.6140625 0.0484375 0.02578125
0 0.346875 0.61875 0.046875 0.028125
0 0.7796875 0.6296875 0.05390625 0.03046875
0 0.26796875 0.63671875 0.046875 0.0234375
0 0.353125 0.64375 0.034375 0.0203125
0 0.38359375 0.64140625 0.03046875 0.0125
0 0.25546875 0.6484375 0.04140625 0.02578125
0 0.4296875 0.6546875 0.04296875 0.02421875
0 0.9875 0.65625 0.021875 0.02265625
0 0.95390625 0.665625 0.04140625 0.02890625
0 0.390625 0.6625 0.040625 0.021875
0 0.921875 0.671875 0.040625 0.02109375
0 0.834375 0.6875 0.0390625 0.0328125
0 0.38125 0.6953125 0.04609375 0.02421875
0 0.9875 0.7015625 0.01953125 0.025
0 0.75859375 0.71015625 0.021875 0.0125
0 0.38125 0.71171875 0.034375 0.0125
0 0.30703125 0.71875 0.021875 0.00859375
0 0.765625 0.72734375 0.0375 0.0171875
0 0.27265625 0.75234375 0.04296875 0.0265625
0 0.68828125 0.7609375 0.034375 0.01875
0 0.659375 0.7640625 0.028125 0.021875
0 0.809375 0.7890625 0.05390625 0.025
0 0.34140625 0.7890625 0.028125 0.021875
0 0.53359375 0.7953125 0.04140625 0.02890625
0 0.259375 0.7953125 0.02890625 0.0171875
0 0.39140625 0.8046875 0.053125 0.02734375
0 0.484375 0.796875 0.0234375 0.0125
0 0.809375 0.8109375 0.0515625 0.02109375
0 0.790625 0.8375 0.05703125 0.03203125
0 0.421875 0.85234375 0.04140625 0.021875
0 0.3640625 0.8625 0.028125 0.0265625
0 0.878125 0.87421875 0.0515625 0.034375
0 0.825 0.8671875 0.04140625 0.01796875
0 0.90390625 0.8828125 0.03359375 0.03203125
0 0.33515625 0.8796875 0.034375 0.02265625
0 0.29453125 0.8859375 0.0359375 0.0203125
0 0.934375 0.8984375 0.040625 0.02734375
0 0.17421875 0.91875 0.04296875 0.02265625
0 0.8671875 0.9609375 0.0234375 0.028125