0 0.7013888890625 0.1625 0.7111111109375 0.1609375 0.7083333328125 0.14921875 0.6875 0.15078125 0.690277778125 0.165625 0.6972222218749999 0.165625 0.7013888890625 0.1625
0 0.83055555625 0.2 0.8333333328125001 0.1984375 0.8333333328125001 0.18828125 0.83055555625 0.18671875 0.8125 0.18671875 0.809722221875 0.18828125 0.809722221875 0.1984375 0.8125 0.2 0.83055555625 0.2
0 0.73055555625 0.36171875 0.7013888890625 0.36171875 0.6986111109375 0.36328125 0.7013888890625 0.375 0.727777778125 0.3765625 0.7333333328125 0.3734375 0.73055555625 0.36171875
0 0.5333333328125 0.50703125 0.5125 0.50546875 0.5097222218749999 0.5203125 0.5125 0.5234375 0.527777778125 0.5234375 0.5333333328125 0.50703125
0 0.8083333328125001 0.2375 0.8138888890624999 0.22734375 0.8083333328125001 0.22421875 0.790277778125 0.22421875 0.7875 0.22578125 0.7875 0.2359375 0.790277778125 0.2375 0.8083333328125001 0.2375
0 0.8416666671874999 0.24609375 0.8333333328125001 0.24296875 0.8125 0.24296875 0.809722221875 0.24453125 0.8125 0.25625 0.83055555625 0.25625 0.8361111109375001 0.2546875 0.8416666671874999 0.24609375
0 0.55694444375 0.33125 0.5638888890625 0.33125 0.5666666671875 0.32734375 0.577777778125 0.3234375 0.575 0.31796875 0.55694444375 0.31796875 0.5541666671875001 0.31953125 0.5541666671875001 0.3296875 0.55694444375 0.33125
0 0.64444444375 0.21953125 0.6236111109375 0.21796875 0.6208333328125 0.2359375 0.6361111109375 0.2375 0.64444444375 0.2328125 0.64444444375 0.21953125
0 0.752777778125 0.225 0.75555555625 0.2234375 0.75555555625 0.21328125 0.752777778125 0.21171875 0.734722221875 0.21171875 0.73194444375 0.21328125 0.73194444375 0.2234375 0.734722221875 0.225 0.752777778125 0.225
0 0.722222221875 0.21953125 0.7194444437499999 0.21796875 0.7013888890625 0.21796875 0.6986111109375 0.228125 0.7041666671875 0.23125 0.7194444437499999 0.2296875 0.722222221875 0.21953125
0 0.54444444375 0.3734375 0.5527777781250001 0.36875 0.5527777781250001 0.36171875 0.547222221875 0.35703125 0.534722221875 0.35546875 0.5319444437499999 0.35703125 0.5319444437499999 0.3703125 0.534722221875 0.3734375 0.54444444375 0.3734375
0 0.73055555625 0.1921875 0.7416666671875001 0.1859375 0.7416666671875001 0.17734375 0.7333333328125 0.17421875 0.7236111109375 0.17421875 0.7208333328125 0.17578125 0.7208333328125 0.1890625 0.7236111109375 0.1921875 0.73055555625 0.1921875
0 0.7138888890625 0.20703125 0.7111111109375 0.20546875 0.7013888890625 0.20546875 0.6986111109375 0.2109375 0.7013888890625 0.2125 0.7111111109375 0.2125 0.7138888890625 0.20703125
0 0.46388888906250003 0.34375 0.46666666718750005 0.3421875 0.46666666718750005 0.33203125 0.46388888906250003 0.33046875 0.4458333328125 0.33046875 0.44305555625000004 0.33203125 0.44305555625000004 0.3421875 0.4458333328125 0.34375 0.46388888906250003 0.34375
0 0.397222221875 0.6671875 0.40277777812500004 0.6609375 0.40277777812500004 0.65078125 0.397222221875 0.64921875 0.38194444375000003 0.64921875 0.3763888890625 0.65234375 0.3791666671875 0.66875 0.397222221875 0.6671875
0 0.6638888890625 0.2375 0.672222221875 0.22734375 0.6666666671875 0.22421875 0.6569444437499999 0.22421875 0.6541666671875 0.22578125 0.6541666671875 0.2359375 0.6569444437499999 0.2375 0.6638888890625 0.2375
0 0.877777778125 0.61953125 0.85694444375 0.61796875 0.8541666671874999 0.6296875 0.872222221875 0.63125 0.877777778125 0.628125 0.877777778125 0.61953125
0 0.8638888890624999 0.24296875 0.8430555562500001 0.24453125 0.8458333328125001 0.2515625 0.8611111109375 0.2515625 0.8666666671875 0.2484375 0.8638888890624999 0.24296875
0 0.6486111109375 0.3703125 0.652777778125 0.3703125 0.652777778125 0.36796875 0.6666666671875 0.3609375 0.6638888890625 0.35546875 0.6458333328125 0.35546875 0.64305555625 0.35703125 0.64305555625 0.3671875 0.6486111109375 0.3703125
0 0.090277778125 0.66875 0.10833333281249999 0.6671875 0.1111111109375 0.66171875 0.12222222187500001 0.6546875 0.12222222187500001 0.64765625 0.1166666671875 0.64296875 0.090277778125 0.64296875 0.0875 0.64453125 0.0875 0.6671875 0.090277778125 0.66875
0 0.5861111109375 0.40703125 0.56805555625 0.40546875 0.565277778125 0.4171875 0.577777778125 0.4203125 0.5861111109375 0.4171875 0.5861111109375 0.40703125
0 0.4375 0.3578125 0.447222221875 0.35625 0.45555555625000005 0.35 0.45555555625000005 0.34453125 0.45277777812500003 0.34296875 0.434722221875 0.34296875 0.43194444374999996 0.34453125 0.43194444374999996 0.3546875 0.4375 0.3578125
0 0.10555555624999999 0.6296875 0.10555555624999999 0.62734375 0.1 0.62421875 0.090277778125 0.62421875 0.0875 0.62578125 0.0875 0.634375 0.097222221875 0.6359375 0.10555555624999999 0.6296875
0 0.40138888906250003 0.6375 0.40833333281249995 0.6375 0.41944444374999995 0.6328125 0.42222222187499997 0.6296875 0.41944444374999995 0.62421875 0.40138888906250003 0.62421875 0.3986111109375 0.62578125 0.3986111109375 0.6359375 0.40138888906250003 0.6375
0 0.5861111109375 0.6125 0.6 0.6 0.6 0.59453125 0.597222221875 0.59296875 0.56805555625 0.59296875 0.565277778125 0.59453125 0.565277778125 0.6109375 0.56805555625 0.6125 0.5861111109375 0.6125
0 0.55694444375 0.58828125 0.5541666671875001 0.5953125 0.5638888890625 0.5984375 0.5666666671875 0.58828125 0.55694444375 0.58828125
0 0.6388888890625 0.31796875 0.6236111109375 0.31796875 0.6208333328125 0.31953125 0.6208333328125 0.3234375 0.6263888890625 0.3265625 0.6416666671875 0.3234375 0.6388888890625 0.31796875
0 0.7013888890625 0.39375 0.7083333328125 0.39375 0.7194444437499999 0.3859375 0.7166666671875 0.38046875 0.7013888890625 0.38046875 0.6986111109375 0.38203125 0.6986111109375 0.3921875 0.7013888890625 0.39375
0 0.7638888890625 0.55625 0.7666666671875 0.55078125 0.7611111109375 0.54453125 0.7458333328125 0.54296875 0.7430555562500001 0.54453125 0.7430555562500001 0.5546875 0.7458333328125 0.55625 0.7638888890625 0.55625
0 0.41944444374999995 0.35 0.42222222187499997 0.3484375 0.42222222187499997 0.34453125 0.41944444374999995 0.34296875 0.4125 0.34296875 0.40972222187499996 0.34453125 0.40972222187499996 0.3484375 0.4125 0.35 0.41944444374999995 0.35
0 0.852777778125 0.53203125 0.85 0.53046875 0.8236111109375001 0.53046875 0.8208333328125 0.540625 0.8333333328125001 0.5421875 0.840277778125 0.5375 0.85 0.5375 0.852777778125 0.53203125
0 0.825 0.64453125 0.8125 0.64296875 0.809722221875 0.6484375 0.8125 0.6515625 0.8194444437499999 0.6515625 0.825 0.64453125
0 0.852777778125 0.21328125 0.834722221875 0.21171875 0.83194444375 0.225 0.834722221875 0.2296875 0.8444444437499999 0.2296875 0.852777778125 0.21328125
0 0.5416666671875 0.54375 0.54444444375 0.5421875 0.54444444375 0.53203125 0.5416666671875 0.53046875 0.5236111109375 0.53046875 0.5208333328125 0.53203125 0.5208333328125 0.5421875 0.5236111109375 0.54375 0.5416666671875 0.54375
0 0.722222221875 0.240625 0.722222221875 0.23203125 0.7013888890625 0.23046875 0.6986111109375 0.2421875 0.7013888890625 0.2453125 0.7111111109375 0.2453125 0.722222221875 0.240625
0 0.8888888890625 0.6421875 0.8888888890625 0.63828125 0.8861111109375001 0.63671875 0.8680555562500001 0.63671875 0.8652777781250001 0.63828125 0.8652777781250001 0.646875 0.877777778125 0.6484375 0.8888888890625 0.6421875
0 0.7666666671875 0.16953125 0.7569444437499999 0.16796875 0.7541666671875 0.1765625 0.7569444437499999 0.1796875 0.7638888890625 0.1796875 0.7666666671875 0.16953125
0 0.5111111109375 0.5796875 0.5083333328124999 0.57109375 0.5 0.56796875 0.490277778125 0.56796875 0.4875 0.5796875 0.49305555625 0.5828125 0.5083333328124999 0.5828125 0.5111111109375 0.5796875
0 0.6805555562500001 0.41953125 0.66805555625 0.41796875 0.665277778125 0.4265625 0.66805555625 0.4296875 0.675 0.4296875 0.6805555562500001 0.41953125
0 0.7569444437499999 0.25703125 0.7569444437499999 0.2625 0.7638888890625 0.2625 0.7638888890625 0.25703125 0.7569444437499999 0.25703125
0 0.6347222218749999 0.42578125 0.6347222218749999 0.4296875 0.6416666671875 0.4296875 0.6416666671875 0.42578125 0.6347222218749999 0.42578125
0 0.85 0.61171875 0.83194444375 0.61328125 0.834722221875 0.61875 0.85555555625 0.6171875 0.85555555625 0.61328125 0.85 0.61171875
0 0.25833333281250004 0.61796875 0.24305555625 0.61953125 0.24583333281250003 0.625 0.2638888890625 0.6234375 0.2638888890625 0.61953125 0.25833333281250004 0.61796875
0 0.73055555625 0.2875 0.7333333328125 0.2859375 0.7333333328125 0.28203125 0.73055555625 0.28046875 0.7236111109375 0.28046875 0.7208333328125 0.28203125 0.7208333328125 0.2859375 0.7236111109375 0.2875 0.73055555625 0.2875
0 0.3013888890625 0.51953125 0.3013888890625 0.5234375 0.3083333328125 0.5234375 0.3083333328125 0.51953125 0.3013888890625 0.51953125
0 0.5416666671875 0.490625 0.54444444375 0.48359375 0.5388888890625 0.48046875 0.5125 0.48046875 0.5097222218749999 0.48203125 0.5097222218749999 0.490625 0.515277778125 0.49375 0.5333333328125 0.49375 0.5416666671875 0.490625
0 0.5125 0.4921875 0.5305555562500001 0.49375 0.5416666671875 0.490625 0.5416666671875 0.48203125 0.5388888890625 0.48046875 0.5263888890625 0.47890625 0.525 0.47578125 0.51944444375 0.47421875 0.5013888890625 0.47421875 0.4986111109375 0.47578125 0.4986111109375 0.4828125 0.5041666671875 0.4875 0.5097222218749999 0.48828125 0.5125 0.4921875
0 0.5041666671875 0.64375 0.5083333328124999 0.64375 0.522222221875 0.634375 0.522222221875 0.62578125 0.51944444375 0.62421875 0.5013888890625 0.62421875 0.4986111109375 0.62578125 0.4986111109375 0.640625 0.5041666671875 0.64375
0 0.6555555562500001 0.33984375 0.652777778125 0.33828125 0.6458333328125 0.33828125 0.64305555625 0.3421875 0.6458333328125 0.34375 0.652777778125 0.34375 0.6555555562500001 0.33984375
0 0.41944444374999995 0.33125 0.42222222187499997 0.3296875 0.42222222187499997 0.32578125 0.41944444374999995 0.32421875 0.4125 0.32421875 0.40972222187499996 0.32578125 0.40972222187499996 0.3296875 0.4125 0.33125 0.41944444374999995 0.33125
0 0.1 0.63203125 0.10555555624999999 0.6296875 0.10555555624999999 0.62734375 0.1 0.62421875 0.0791666671875 0.62421875 0.07638888906249999 0.62578125 0.0791666671875 0.6328125 0.090277778125 0.6375 0.1 0.6359375 0.1 0.63203125
0 0.647222221875 0.20703125 0.6347222218749999 0.20546875 0.6319444437499999 0.2125 0.6347222218749999 0.2171875 0.6416666671875 0.2171875 0.647222221875 0.20703125
0 0.9416666671874999 0.31875 0.9444444437499999 0.3171875 0.9444444437499999 0.31328125 0.9416666671874999 0.31171875 0.934722221875 0.31171875 0.93194444375 0.31328125 0.93194444375 0.3171875 0.934722221875 0.31875 0.9416666671874999 0.31875
0 0.890277778125 0.46953125 0.890277778125 0.4734375 0.902777778125 0.4734375 0.902777778125 0.46953125 0.890277778125 0.46953125
0 0.5138888890625 0.559375 0.5138888890625 0.55234375 0.5083333328124999 0.54921875 0.5041666671875 0.54921875 0.4986111109375 0.55234375 0.4986111109375 0.5609375 0.5083333328124999 0.5625 0.5138888890625 0.559375
0 0.9263888890624999 0.6984375 0.9416666671874999 0.69375 0.9444444437499999 0.690625 0.9444444437499999 0.68359375 0.9388888890624999 0.68046875 0.9236111109375 0.68046875 0.9208333328125 0.68203125 0.9208333328125 0.69375 0.9263888890624999 0.6984375
0 0.34444444375 0.66328125 0.334722221875 0.66171875 0.33194444375 0.6671875 0.334722221875 0.6703125 0.3416666671875 0.6703125 0.34444444375 0.66328125
0 0.825 0.61875 0.825 0.61328125 0.8125 0.61171875 0.809722221875 0.61328125 0.809722221875 0.621875 0.8194444437499999 0.625 0.825 0.61875
0 0.91944444375 0.35625 0.922222221875 0.3546875 0.922222221875 0.35078125 0.91944444375 0.34921875 0.9125 0.34921875 0.909722221875 0.35078125 0.909722221875 0.3546875 0.9125 0.35625 0.91944444375 0.35625
0 0.752777778125 0.36875 0.75555555625 0.3671875 0.75555555625 0.36328125 0.752777778125 0.36171875 0.7458333328125 0.36171875 0.7430555562500001 0.36328125 0.7430555562500001 0.3671875 0.7458333328125 0.36875 0.752777778125 0.36875
0 0.5388888890625 0.4921875 0.54444444375 0.48359375 0.5388888890625 0.48046875 0.5236111109375 0.48046875 0.5208333328125 0.48203125 0.5208333328125 0.4921875 0.5236111109375 0.49375 0.5388888890625 0.4921875
0 0.9333333328125001 0.5609375 0.9333333328125001 0.55078125 0.9236111109375 0.54921875 0.9208333328125 0.55078125 0.9208333328125 0.5609375 0.9305555562500001 0.5625 0.9333333328125001 0.5609375
0 0.1861111109375 0.6625 0.1888888890625 0.6609375 0.1888888890625 0.65703125 0.1861111109375 0.65546875 0.17916666718750002 0.65546875 0.1763888890625 0.65703125 0.1763888890625 0.6609375 0.17916666718750002 0.6625 0.1861111109375 0.6625
0 0.2888888890625 0.565625 0.2888888890625 0.55703125 0.2791666671875 0.55546875 0.27638888906250003 0.55703125 0.27638888906250003 0.565625 0.28611111093749997 0.5671875 0.2888888890625 0.565625
0 0.790277778125 0.61328125 0.790277778125 0.61875 0.797222221875 0.61875 0.797222221875 0.61328125 0.790277778125 0.61328125