0 0.6416666671875 0.35625 0.64444444375 0.35234375 0.6555555562500001 0.346875 0.6555555562500001 0.34296875 0.6583333328125 0.3421875 0.6555555562500001 0.32578125 0.652777778125 0.32421875 0.6013888890625 0.32421875 0.5986111109375 0.32578125 0.5986111109375 0.3546875 0.609722221875 0.3578125 0.6416666671875 0.35625
0 0.5638888890625 0.35625 0.5708333328124999 0.3609375 0.5861111109375 0.3609375 0.5930555562500001 0.35625 0.597222221875 0.35625 0.6 0.353125 0.6 0.33984375 0.5944444437499999 0.33203125 0.5888888890625 0.33046875 0.5458333328125 0.33046875 0.54305555625 0.33203125 0.54305555625 0.3484375 0.55 0.35 0.559722221875 0.35625 0.5638888890625 0.35625
0 0.352777778125 0.7234375 0.352777778125 0.72109375 0.36666666718749996 0.7125 0.36666666718749996 0.69609375 0.3638888890625 0.6953125 0.3638888890625 0.69296875 0.35972222187499997 0.69296875 0.35555555625 0.690625 0.35555555625 0.68828125 0.3513888890625 0.68828125 0.35 0.68671875 0.315277778125 0.68671875 0.309722221875 0.68984375 0.309722221875 0.7171875 0.3291666671875 0.725 0.352777778125 0.7234375
0 0.5722222218749999 0.21875 0.5736111109375 0.2203125 0.5944444437499999 0.2203125 0.5958333328125 0.21875 0.6 0.21875 0.6111111109375 0.2109375 0.6111111109375 0.20078125 0.6 0.1953125 0.6 0.19296875 0.5861111109375 0.18671875 0.55694444375 0.18671875 0.5541666671875001 0.18828125 0.5541666671875001 0.215625 0.559722221875 0.21875 0.5722222218749999 0.21875
0 0.58055555625 0.00703125 0.575 0.00546875 0.534722221875 0.00546875 0.5319444437499999 0.00703125 0.5319444437499999 0.0171875 0.534722221875 0.01875 0.5611111109375 0.01875 0.58055555625 0.0109375 0.58055555625 0.00703125
0 0.6236111109375 0.5421875 0.6208333328125 0.54296875 0.6208333328125 0.5546875 0.6347222218749999 0.5609375 0.652777778125 0.5609375 0.659722221875 0.55625 0.6666666671875 0.5546875 0.6666666671875 0.53671875 0.6638888890625 0.5359375 0.6638888890625 0.53359375 0.6555555562500001 0.53046875 0.6458333328125 0.53046875 0.6388888890625 0.53515625 0.6236111109375 0.53828125 0.6236111109375 0.5421875
0 0.60555555625 0.44375 0.6152777781250001 0.45 0.64444444375 0.45 0.6458333328125 0.4484375 0.652777778125 0.4484375 0.652777778125 0.44609375 0.659722221875 0.4421875 0.6638888890625 0.4421875 0.6666666671875 0.42734375 0.652777778125 0.41796875 0.60694444375 0.41796875 0.6013888890625 0.41953125 0.6013888890625 0.4234375 0.5986111109375 0.42421875 0.5986111109375 0.4421875 0.60555555625 0.44375
0 0.7194444437499999 0.6328125 0.7208333328125 0.63125 0.73055555625 0.6296875 0.7333333328125 0.62265625 0.7361111109375 0.621875 0.7361111109375 0.61796875 0.7388888890625 0.6171875 0.7333333328125 0.60390625 0.722222221875 0.59921875 0.690277778125 0.59921875 0.6875 0.60078125 0.6875 0.6296875 0.7013888890625 0.634375 0.7194444437499999 0.6328125
0 0.6736111109375 0.465625 0.6861111109375 0.465625 0.69305555625 0.4625 0.70555555625 0.4609375 0.7111111109375 0.4578125 0.7111111109375 0.45390625 0.7138888890625 0.453125 0.7111111109375 0.43984375 0.70555555625 0.43671875 0.66805555625 0.43671875 0.665277778125 0.43828125 0.665277778125 0.4609375 0.66805555625 0.4640625 0.6736111109375 0.465625
0 0.5138888890625 0.2546875 0.5111111109375 0.23828125 0.50555555625 0.23671875 0.46805555625000006 0.23671875 0.46527777812500004 0.23828125 0.46527777812500004 0.2609375 0.46805555625000006 0.2625 0.48055555625 0.2625 0.5138888890625 0.2546875
0 0.66805555625 0.5328125 0.672222221875 0.5328125 0.68194444375 0.5375 0.6972222218749999 0.5359375 0.7111111109375 0.528125 0.7111111109375 0.52578125 0.7166666671875 0.521875 0.7138888890625 0.51328125 0.7111111109375 0.5125 0.7083333328125 0.50703125 0.7041666671875 0.50703125 0.702777778125 0.50546875 0.66805555625 0.50546875 0.665277778125 0.50703125 0.665277778125 0.5296875 0.66805555625 0.53046875 0.66805555625 0.5328125
0 0.5305555562500001 0.2375 0.54444444375 0.228125 0.54444444375 0.21796875 0.5416666671875 0.21484375 0.5333333328125 0.21171875 0.5097222218749999 0.21171875 0.502777778125 0.21484375 0.490277778125 0.21640625 0.4875 0.21953125 0.4875 0.2359375 0.490277778125 0.2375 0.5305555562500001 0.2375
0 0.675 0.1984375 0.6805555562500001 0.1921875 0.6777777781250001 0.17734375 0.672222221875 0.17421875 0.6458333328125 0.17421875 0.64305555625 0.17578125 0.64305555625 0.196875 0.6486111109375 0.2 0.675 0.1984375
0 0.5638888890625 0.375 0.5694444437499999 0.3671875 0.5666666671875 0.35703125 0.5638888890625 0.35546875 0.534722221875 0.35546875 0.5319444437499999 0.35703125 0.5319444437499999 0.3734375 0.534722221875 0.375 0.5638888890625 0.375
0 0.7111111109375 0.4828125 0.7125 0.484375 0.727777778125 0.4828125 0.7361111109375 0.478125 0.7361111109375 0.47421875 0.7388888890625 0.4734375 0.7361111109375 0.46484375 0.73055555625 0.46171875 0.7013888890625 0.46171875 0.6986111109375 0.46328125 0.6986111109375 0.4796875 0.7041666671875 0.4828125 0.7111111109375 0.4828125
0 0.975 0.5390625 0.9833333328125 0.534375 0.9916666671875 0.525 0.9916666671875 0.51640625 0.9888888890624999 0.51328125 0.9833333328125 0.51171875 0.95694444375 0.51171875 0.9541666671875 0.51328125 0.9541666671875 0.5359375 0.95694444375 0.5375 0.975 0.5390625
0 0.5916666671875 0.5078125 0.5916666671875 0.50546875 0.597222221875 0.503125 0.5944444437499999 0.49609375 0.5888888890625 0.49296875 0.55694444375 0.49296875 0.5541666671875001 0.49453125 0.5541666671875001 0.5109375 0.55694444375 0.5125 0.5833333328125 0.5125 0.5916666671875 0.5078125
0 0.46388888906250003 0.7 0.477777778125 0.6921875 0.477777778125 0.67890625 0.47222222187499996 0.67578125 0.46805555625000006 0.67578125 0.46666666718750005 0.67421875 0.434722221875 0.67421875 0.43194444374999996 0.67578125 0.43194444374999996 0.696875 0.4375 0.7 0.46388888906250003 0.7
0 0.5986111109375 0.4921875 0.6166666671875001 0.4921875 0.6208333328125 0.4890625 0.6333333328124999 0.4875 0.64444444375 0.4796875 0.64444444375 0.46796875 0.6388888890625 0.46328125 0.6333333328124999 0.46171875 0.5930555562500001 0.46171875 0.5875 0.46484375 0.5875 0.4859375 0.590277778125 0.4890625 0.5944444437499999 0.4890625 0.5986111109375 0.4921875
0 0.5416666671875 0.2984375 0.54444444375 0.29140625 0.5527777781250001 0.2859375 0.5555555562500001 0.27578125 0.5263888890625 0.27421875 0.5208333328125 0.27734375 0.5208333328125 0.296875 0.5236111109375 0.2984375 0.5416666671875 0.2984375
0 0.6263888890625 0.1625 0.6416666671875 0.1625 0.6583333328125 0.15625 0.6583333328125 0.14765625 0.6555555562500001 0.146875 0.6555555562500001 0.14296875 0.65 0.13828125 0.64305555625 0.13828125 0.6416666671875 0.13671875 0.6152777781250001 0.13671875 0.609722221875 0.13984375 0.609722221875 0.1546875 0.6208333328125 0.1609375 0.625 0.1609375 0.6263888890625 0.1625
0 0.5875 0 0.5875 0.009375 0.590277778125 0.0125 0.60694444375 0.0171875 0.622222221875 0.0171875 0.6361111109375 0.0109375 0.6361111109375 0.00703125 0.6416666671875 0.003125 0.6416666671875 0 0.5875 0
0 0.41944444374999995 0.4203125 0.43055555625 0.415625 0.4361111109375 0.409375 0.4361111109375 0.40078125 0.427777778125 0.39453125 0.42222222187499997 0.39296875 0.384722221875 0.39296875 0.3791666671875 0.39453125 0.3763888890625 0.39765625 0.3763888890625 0.415625 0.3791666671875 0.41875 0.41944444374999995 0.4203125
0 0.4361111109375 0.6109375 0.44444444375 0.6046875 0.44166666718750003 0.59453125 0.4388888890625 0.59296875 0.4125 0.59296875 0.40972222187499996 0.59453125 0.40972222187499996 0.6109375 0.4125 0.6125 0.4361111109375 0.6109375
0 0.8 0.771875 0.8 0.76796875 0.8027777781250001 0.7671875 0.8027777781250001 0.75703125 0.797222221875 0.75546875 0.7763888890625 0.75546875 0.775 0.75703125 0.7458333328125 0.75546875 0.7430555562500001 0.75703125 0.7430555562500001 0.7734375 0.7569444437499999 0.778125 0.777777778125 0.7796875 0.8 0.771875
0 0.772222221875 0.48125 0.777777778125 0.4796875 0.777777778125 0.47734375 0.7861111109375 0.4734375 0.7833333328125 0.46484375 0.775 0.46171875 0.7513888890625 0.46171875 0.7458333328125 0.46328125 0.7430555562500001 0.46640625 0.7430555562500001 0.4796875 0.7486111109375 0.4828125 0.772222221875 0.48125
0 0.7083333328125 0.36875 0.7111111109375 0.3671875 0.7111111109375 0.36328125 0.7138888890625 0.3625 0.7111111109375 0.35078125 0.70555555625 0.34921875 0.66805555625 0.34921875 0.665277778125 0.35078125 0.66805555625 0.3609375 0.6805555562500001 0.3640625 0.6875 0.36875 0.7083333328125 0.36875
0 0.64444444375 0.13125 0.65 0.125 0.65 0.11796875 0.64444444375 0.11328125 0.6388888890625 0.11171875 0.6013888890625 0.11171875 0.5986111109375 0.11328125 0.5986111109375 0.13125 0.6041666671875 0.1359375 0.6333333328124999 0.1359375 0.64444444375 0.13125
0 0.622222221875 0.1859375 0.6416666671875 0.1796875 0.64444444375 0.17109375 0.6388888890625 0.16796875 0.6152777781250001 0.16796875 0.609722221875 0.17109375 0.609722221875 0.18125 0.6125 0.18203125 0.6125 0.1859375 0.622222221875 0.1859375
0 0.5861111109375 0.028125 0.5833333328125 0.01953125 0.575 0.01796875 0.5458333328125 0.01796875 0.54305555625 0.01953125 0.54305555625 0.0296875 0.5458333328125 0.03125 0.575 0.0328125 0.5861111109375 0.028125
0 0.5791666671875 0.4859375 0.597222221875 0.4890625 0.602777778125 0.4859375 0.597222221875 0.478125 0.6 0.46328125 0.5791666671875 0.46171875 0.5763888890625 0.46328125 0.5763888890625 0.48125 0.5791666671875 0.48203125 0.5791666671875 0.4859375
0 0.1611111109375 0.7046875 0.16388888906250001 0.69453125 0.1583333328125 0.69296875 0.134722221875 0.69296875 0.13194444375 0.69453125 0.134722221875 0.7109375 0.14444444375 0.7109375 0.14861111093749999 0.7078125 0.1611111109375 0.7046875
0 0.63055555625 0.16953125 0.6166666671875001 0.16796875 0.5986111109375 0.16953125 0.6013888890625 0.184375 0.61944444375 0.184375 0.63055555625 0.1796875 0.63055555625 0.16953125
0 0.73055555625 0.2859375 0.7333333328125 0.27734375 0.727777778125 0.27421875 0.7125 0.27421875 0.709722221875 0.27578125 0.709722221875 0.2859375 0.7125 0.2890625 0.73055555625 0.2859375
0 0.2513888890625 0.6234375 0.25833333281250004 0.6234375 0.2625 0.6203125 0.2666666671875 0.6203125 0.27777777812500004 0.6125 0.27777777812500004 0.60234375 0.275 0.60078125 0.215277778125 0.59921875 0.20972222187499998 0.60234375 0.20972222187499998 0.61875 0.215277778125 0.6234375 0.25 0.625 0.2513888890625 0.6234375
0 0.5541666671875001 0.8046875 0.55694444375 0.80625 0.5722222218749999 0.80625 0.577777778125 0.803125 0.575 0.79140625 0.5888888890625 0.7859375 0.5916666671875 0.77578125 0.5861111109375 0.77421875 0.55694444375 0.77578125 0.55694444375 0.7859375 0.5541666671875001 0.78671875 0.5541666671875001 0.8046875
0 0.5527777781250001 0.59296875 0.5208333328125 0.59453125 0.5236111109375 0.60625 0.55 0.60625 0.5555555562500001 0.603125 0.5527777781250001 0.59296875
0 0.2416666671875 0.659375 0.24722222187499998 0.65625 0.24722222187499998 0.63984375 0.2416666671875 0.63671875 0.2236111109375 0.63671875 0.2208333328125 0.63828125 0.2208333328125 0.65625 0.22638888906250001 0.6609375 0.2416666671875 0.659375
0 0.577777778125 0.803125 0.575 0.78984375 0.5666666671875 0.78671875 0.55694444375 0.78671875 0.5541666671875001 0.78828125 0.5541666671875001 0.8046875 0.5722222218749999 0.80625 0.577777778125 0.803125
0 0.5861111109375 0.7875 0.5916666671875 0.77578125 0.5861111109375 0.77421875 0.56805555625 0.77421875 0.565277778125 0.77578125 0.565277778125 0.7859375 0.56805555625 0.7890625 0.5861111109375 0.7875
0 0.752777778125 0.4375 0.75555555625 0.42734375 0.75 0.42421875 0.7236111109375 0.42421875 0.7208333328125 0.42578125 0.7208333328125 0.4359375 0.7236111109375 0.4390625 0.74444444375 0.440625 0.752777778125 0.4375
0 0.41944444374999995 0.4734375 0.425 0.4703125 0.425 0.46640625 0.43055555625 0.4625 0.43333333281249997 0.44609375 0.427777778125 0.44296875 0.40972222187499996 0.44453125 0.40972222187499996 0.471875 0.4125 0.4734375 0.41944444374999995 0.4734375
0 0.6541666671875 0.46875 0.66944444375 0.4671875 0.675 0.4625 0.672222221875 0.45234375 0.6638888890625 0.44921875 0.6458333328125 0.44921875 0.64305555625 0.45078125 0.6458333328125 0.46875 0.652777778125 0.4703125 0.6541666671875 0.46875
0 0.04305555625 0.7515625 0.052777778124999994 0.75 0.0638888890625 0.74375 0.0666666671875 0.73671875 0.06944444375 0.7359375 0.06944444375 0.73359375 0.061111110937500004 0.73046875 0.026388889062499997 0.73046875 0.0208333328125 0.73359375 0.0208333328125 0.7484375 0.026388889062499997 0.753125 0.0416666671875 0.753125 0.04305555625 0.7515625
0 0.5541666671875001 0.0328125 0.575 0.0328125 0.5833333328125 0.028125 0.577777778125 0.01328125 0.534722221875 0.01328125 0.534722221875 0.025 0.54305555625 0.03125 0.5527777781250001 0.03125 0.5541666671875001 0.0328125