0 0.7625 0.00625 0.05546875 0.0125
0 0.6140625 0.02578125 0.028125 0.0265625
0 0.42578125 0.059375 0.06796875 0.03828125
0 0.75703125 0.05859375 0.04453125 0.0328125
0 0.68359375 0.05625 0.021875 0.025
0 0.734375 0.07265625 0.0484375 0.0359375
0 0.36796875 0.071875 0.071875 0.03359375
0 0.42421875 0.090625 0.065625 0.03203125
0 0.740625 0.11015625 0.065625 0.0453125
0 0.7953125 0.115625 0.05703125 0.040625
0 0.0234375 0.11484375 0.046875 0.0296875
0 0.22890625 0.1171875 0.05546875 0.03125
0 0.603125 0.11875 0.02890625 0.02109375
0 0.66328125 0.1421875 0.0625 0.0390625
0 0.95859375 0.13984375 0.05859375 0.0328125
0 0.8515625 0.15234375 0.05546875 0.0359375
0 0.78984375 0.178125 0.07109375 0.04140625
0 0.6625 0.17421875 0.0390625 0.025
0 0.87578125 0.20703125 0.0734375 0.0390625
0 0.69140625 0.2078125 0.0609375 0.0390625
0 0.50234375 0.2109375 0.04296875 0.02578125
0 0.59140625 0.2234375 0.06640625 0.0375
0 0.165625 0.234375 0.0515625 0.03046875
0 0.1203125 0.2421875 0.05390625 0.03359375
0 0.06953125 0.2421875 0.053125 0.03359375
0 0.0203125 0.24296875 0.040625 0.0328125
0 0.35390625 0.2578125 0.046875 0.02265625
0 0.8015625 0.2734375 0.028125 0.0171875
0 0.65546875 0.2859375 0.05859375 0.03359375
0 0.37265625 0.28359375 0.0234375 0.0171875
0 0.31328125 0.29453125 0.05703125 0.0375
0 0.7046875 0.2921875 0.04296875 0.025
0 0.8953125 0.30625 0.02890625 0.0265625
0 0.86875 0.3109375 0.0375 0.03046875
0 0.0171875 0.3296875 0.034375 0.03984375
0 0.303125 0.3328125 0.05390625 0.03359375
0 0.484375 0.33125 0.04296875 0.02578125
0 0.7921875 0.3421875 0.0484375 0.034375
0 0.75234375 0.3484375 0.05703125 0.03203125
0 0.040625 0.35703125 0.071875 0.0359375
0 0.15 0.353125 0.05 0.02578125
0 0.85390625 0.36015625 0.03359375 0.0203125
0 0.340625 0.3625 0.04609375 0.021875
0 0.45234375 0.3625 0.03203125 0.01328125
0 0.08515625 0.3703125 0.04609375 0.02578125
0 0.784375 0.38125 0.0359375 0.0234375
0 0.69765625 0.3984375 0.04609375 0.0140625
0 0.79140625 0.40703125 0.05859375 0.03125
0 0.609375 0.4125 0.046875 0.02265625
0 0.65234375 0.44765625 0.065625 0.0390625
0 0.87578125 0.46953125 0.059375 0.04375
0 0.9578125 0.4578125 0.0375 0.01953125
0 0.334375 0.4609375 0.0515625 0.01953125
0 0.01953125 0.4859375 0.0390625 0.02265625
0 0.57265625 0.4875 0.04296875 0.02421875
0 0.91328125 0.4875 0.0484375 0.02421875
0 0.95546875 0.490625 0.0359375 0.02265625
0 0.7765625 0.496875 0.06640625 0.034375
0 0.1015625 0.49453125 0.05 0.0234375
0 0.959375 0.51328125 0.065625 0.028125
0 0.0109375 0.5109375 0.021875 0.0203125
0 0.75703125 0.51953125 0.04140625 0.0203125
0 0.1984375 0.52734375 0.053125 0.0171875
0 0.3640625 0.546875 0.078125 0.02578125
0 0.959375 0.56328125 0.05390625 0.0359375
0 0.56171875 0.5609375 0.04296875 0.02265625
0 0.5375 0.56328125 0.03046875 0.021875
0 0.4625 0.6078125 0.05546875 0.02109375
0 0.90546875 0.628125 0.0390625 0.0296875
0 0.7203125 0.625 0.02109375 0.01640625
0 0.98046875 0.64921875 0.0359375 0.028125
0 0.17421875 0.64609375 0.03203125 0.0203125
0 0.33828125 0.6640625 0.059375 0.028125
0 0.15625 0.6703125 0.065625 0.03671875
0 0.809375 0.7015625 0.053125 0.02265625
0 0.140625 0.7203125 0.04296875 0.0296875
0 0.08671875 0.7265625 0.05703125 0.03671875
0 0.89921875 0.740625 0.0734375 0.03515625