0 0.6083333328125 0.69375 0.622222221875 0.6859375 0.622222221875 0.67109375 0.6166666671875001 0.66796875 0.5791666671875 0.66796875 0.5763888890625 0.66953125 0.5763888890625 0.6921875 0.5791666671875 0.69375 0.6083333328125 0.69375
0 0.4 0.3171875 0.4 0.30078125 0.3791666671875 0.29921875 0.3763888890625 0.30078125 0.3763888890625 0.3171875 0.397222221875 0.31875 0.4 0.3171875
0 0.61944444375 0.4984375 0.6333333328124999 0.4921875 0.6333333328124999 0.48828125 0.6361111109375 0.4875 0.6333333328124999 0.47578125 0.63055555625 0.47421875 0.6013888890625 0.47421875 0.5986111109375 0.47578125 0.5986111109375 0.4921875 0.6013888890625 0.4953125 0.61944444375 0.4984375
0 0.2 0.3375 0.20277777812500003 0.33359375 0.21111111093749999 0.3296875 0.21111111093749999 0.32734375 0.21944444375 0.3234375 0.21944444375 0.31953125 0.20833333281250002 0.31171875 0.17916666718750002 0.31171875 0.1763888890625 0.31328125 0.1763888890625 0.3359375 0.17916666718750002 0.3375 0.2 0.3375
0 0.3083333328125 0.59375 0.322222221875 0.5859375 0.322222221875 0.57578125 0.31944444375000003 0.57421875 0.290277778125 0.57421875 0.2875 0.57578125 0.2875 0.5921875 0.290277778125 0.59375 0.3083333328125 0.59375
0 0.075 0.2234375 0.075 0.22109375 0.08333333281250001 0.21875 0.0888888890625 0.2140625 0.0861111109375 0.20234375 0.077777778125 0.19921875 0.0458333328125 0.19921875 0.04305555625 0.20078125 0.04305555625 0.221875 0.0486111109375 0.225 0.075 0.2234375
0 0.4236111109375 0.5859375 0.447222221875 0.5859375 0.4611111109375 0.578125 0.4611111109375 0.57578125 0.46388888906250003 0.575 0.46388888906250003 0.56953125 0.4486111109375 0.56640625 0.44444444375 0.56328125 0.440277778125 0.56328125 0.4388888890625 0.56171875 0.4125 0.56171875 0.40972222187499996 0.56328125 0.40972222187499996 0.5796875 0.4125 0.58125 0.4166666671875 0.58125 0.4236111109375 0.5859375
0 0.6458333328125 0.56875 0.652777778125 0.56875 0.6555555562500001 0.5671875 0.6555555562500001 0.54453125 0.652777778125 0.54296875 0.6125 0.54296875 0.609722221875 0.54453125 0.6125 0.5734375 0.63055555625 0.575 0.6458333328125 0.56875
0 0.33055555625 0.59921875 0.2986111109375 0.60078125 0.3013888890625 0.6125 0.32777777812500003 0.6125 0.3333333328125 0.609375 0.33055555625 0.59921875
0 0.534722221875 0.640625 0.5388888890625 0.640625 0.540277778125 0.6421875 0.5555555562500001 0.6421875 0.559722221875 0.6390625 0.5638888890625 0.6390625 0.575 0.6328125 0.575 0.63046875 0.577777778125 0.6296875 0.577777778125 0.62421875 0.5611111109375 0.61171875 0.5236111109375 0.61171875 0.5208333328125 0.61328125 0.5208333328125 0.634375 0.5263888890625 0.6375 0.5305555562500001 0.6375 0.534722221875 0.640625
0 0.2875 0.571875 0.302777778125 0.56875 0.3083333328125 0.565625 0.3083333328125 0.56328125 0.3111111109375 0.5625 0.3111111109375 0.55703125 0.302777778125 0.55078125 0.2986111109375 0.55078125 0.29722222187499997 0.54921875 0.26805555625 0.54921875 0.26527777812500003 0.55078125 0.26527777812500003 0.5671875 0.2791666671875 0.5734375 0.28611111093749997 0.5734375 0.2875 0.571875
0 0.747222221875 0.465625 0.747222221875 0.45546875 0.7416666671875001 0.44453125 0.7125 0.44296875 0.709722221875 0.44453125 0.709722221875 0.4671875 0.7416666671875001 0.46875 0.747222221875 0.465625
0 0.8819444437499999 0.3 0.8888888890625 0.2984375 0.8888888890625 0.29609375 0.8833333328125 0.29296875 0.85694444375 0.29296875 0.8541666671874999 0.29453125 0.8541666671874999 0.303125 0.859722221875 0.30625 0.872222221875 0.30625 0.877777778125 0.3046875 0.8819444437499999 0.3
0 0.0333333328125 0.39296875 0.030555556249999997 0.38828125 0.0125 0.38671875 0.009722221875000001 0.4109375 0.025 0.4125 0.0333333328125 0.4078125 0.0333333328125 0.39296875
0 0.7 0.5421875 0.7111111109375 0.5359375 0.7111111109375 0.52578125 0.7083333328125 0.52421875 0.6791666671875001 0.52421875 0.6763888890625 0.52578125 0.6763888890625 0.540625 0.684722221875 0.54375 0.7 0.5421875
0 0.2125 0.2625 0.222222221875 0.2609375 0.21944444375 0.24921875 0.190277778125 0.24921875 0.1875 0.25078125 0.1875 0.2609375 0.19305555624999998 0.2640625 0.20833333281250002 0.265625 0.2125 0.2625
0 0.575 0.60625 0.577777778125 0.6046875 0.577777778125 0.58828125 0.575 0.58671875 0.5458333328125 0.58671875 0.54305555625 0.58828125 0.54305555625 0.60625 0.5486111109375 0.609375 0.575 0.60625
0 0.5 0.54609375 0.5041666671875 0.54375 0.5125 0.546875 0.522222221875 0.54375 0.522222221875 0.53203125 0.51944444375 0.53046875 0.4791666671875 0.53046875 0.4763888890625 0.53203125 0.4763888890625 0.553125 0.48194444374999995 0.55625 0.497222221875 0.5546875 0.5 0.54609375
0 0.6388888890625 0.240625 0.6388888890625 0.23359375 0.6333333328124999 0.23046875 0.6125 0.23046875 0.609722221875 0.23203125 0.609722221875 0.2484375 0.63055555625 0.25 0.6388888890625 0.240625
0 0.6319444437499999 0.1984375 0.65 0.2 0.6555555562500001 0.196875 0.6583333328125 0.18203125 0.652777778125 0.18046875 0.6236111109375 0.18046875 0.6208333328125 0.18203125 0.6236111109375 0.1953125 0.627777778125 0.1953125 0.6319444437499999 0.1984375
0 0.51944444375 0.1625 0.5333333328125 0.1546875 0.5333333328125 0.13984375 0.527777778125 0.13671875 0.5013888890625 0.13671875 0.4986111109375 0.13828125 0.4986111109375 0.1609375 0.5013888890625 0.1625 0.51944444375 0.1625
0 0.7833333328125 0.2921875 0.797222221875 0.284375 0.797222221875 0.28203125 0.7916666671875 0.2796875 0.7916666671875 0.27578125 0.7888888890625 0.275 0.7888888890625 0.26953125 0.7861111109375 0.26796875 0.7569444437499999 0.26796875 0.7541666671875 0.26953125 0.7541666671875 0.2859375 0.7708333328125 0.2921875 0.7833333328125 0.2921875
0 0.375 0.5859375 0.377777778125 0.5828125 0.377777778125 0.56328125 0.375 0.56171875 0.3375 0.56328125 0.33194444375 0.56796875 0.33194444375 0.584375 0.3375 0.5875 0.375 0.5859375
0 0.5333333328125 0.1984375 0.5375 0.1953125 0.54444444375 0.19375 0.55 0.18203125 0.5416666671875 0.17421875 0.5236111109375 0.17421875 0.5208333328125 0.17578125 0.5208333328125 0.196875 0.5236111109375 0.1984375 0.5333333328125 0.1984375
0 0.0638888890625 0.3984375 0.06944444375 0.390625 0.0666666671875 0.37734375 0.061111110937500004 0.37421875 0.034722221875 0.37421875 0.03194444375 0.37578125 0.034722221875 0.3984375 0.040277778125000004 0.4 0.0638888890625 0.3984375
0 0.33888888906250003 0.2640625 0.34444444375 0.2609375 0.34444444375 0.24453125 0.3416666671875 0.24296875 0.3125 0.24296875 0.309722221875 0.24453125 0.309722221875 0.2609375 0.32083333281250004 0.265625 0.33888888906250003 0.2640625
0 0.0361111109375 0.325 0.0416666671875 0.3234375 0.05 0.315625 0.04444444375 0.30078125 0.0416666671875 0.29921875 0.0125 0.29921875 0.009722221875000001 0.30078125 0.009722221875000001 0.321875 0.015277778124999999 0.325 0.0361111109375 0.325
0 0.5611111109375 0.24375 0.575 0.2359375 0.575 0.22734375 0.5666666671875 0.22421875 0.5458333328125 0.22421875 0.54305555625 0.22578125 0.54305555625 0.2421875 0.5458333328125 0.24375 0.5611111109375 0.24375
0 0.5638888890625 0.4875 0.5666666671875 0.4859375 0.5666666671875 0.46953125 0.5638888890625 0.46796875 0.534722221875 0.46796875 0.5319444437499999 0.46953125 0.5319444437499999 0.4859375 0.5458333328125 0.4890625 0.5638888890625 0.4875
0 0.06805555625000001 0.275 0.08055555625000001 0.275 0.0861111109375 0.2734375 0.0888888890625 0.26796875 0.1 0.2625 0.102777778125 0.259375 0.102777778125 0.25234375 0.097222221875 0.24921875 0.06805555625000001 0.24921875 0.06527777812499999 0.25078125 0.06527777812499999 0.2734375 0.06805555625000001 0.275
0 0.0861111109375 0.1296875 0.1 0.1234375 0.1 0.11328125 0.097222221875 0.11171875 0.0791666671875 0.11171875 0.07638888906249999 0.11328125 0.0791666671875 0.1296875 0.0861111109375 0.1296875
0 0.32777777812500003 0.525 0.3333333328125 0.521875 0.3333333328125 0.50703125 0.3013888890625 0.50546875 0.2986111109375 0.50703125 0.3013888890625 0.528125 0.3138888890625 0.528125 0.32777777812500003 0.525
0 0.030555556249999997 0.4875 0.0333333328125 0.48359375 0.04444444375 0.478125 0.04444444375 0.47109375 0.0388888890625 0.46796875 0.0125 0.46796875 0.009722221875000001 0.46953125 0.009722221875000001 0.4828125 0.0125 0.4859375 0.030555556249999997 0.4875
0 0.3138888890625 0.21953125 0.290277778125 0.21796875 0.2875 0.2359375 0.3083333328125 0.2375 0.3138888890625 0.23125 0.3138888890625 0.21953125
0 0.7638888890625 0.5046875 0.765277778125 0.50625 0.7833333328125 0.50625 0.79305555625 0.5 0.8 0.4984375 0.8 0.48203125 0.797222221875 0.48046875 0.76805555625 0.48046875 0.7541666671875 0.48828125 0.7541666671875 0.5015625 0.7569444437499999 0.5046875 0.7638888890625 0.5046875
0 0.45277777812500003 0.175 0.45555555625000005 0.1734375 0.45555555625000005 0.15703125 0.45277777812500003 0.15546875 0.4236111109375 0.15546875 0.42083333281249996 0.15703125 0.42083333281249996 0.1734375 0.4236111109375 0.175 0.45277777812500003 0.175
0 0.7638888890625 0.175 0.777777778125 0.1640625 0.777777778125 0.15859375 0.772222221875 0.15546875 0.7458333328125 0.15546875 0.7430555562500001 0.15703125 0.7430555562500001 0.1734375 0.7458333328125 0.175 0.7638888890625 0.175
0 0.8847222218749999 0.5375 0.9166666671874999 0.5375 0.922222221875 0.534375 0.922222221875 0.52890625 0.9111111109375001 0.521875 0.9111111109375001 0.51328125 0.9083333328125001 0.51171875 0.8819444437499999 0.51328125 0.8763888890624999 0.51796875 0.8763888890624999 0.5328125 0.8791666671874999 0.5359375 0.8847222218749999 0.5375
0 0.2 0.6046875 0.2 0.59453125 0.197222221875 0.59296875 0.17916666718750002 0.59296875 0.1763888890625 0.59453125 0.1763888890625 0.609375 0.1888888890625 0.6109375 0.2 0.6046875
0 0.44166666718750003 0.25 0.44444444375 0.24609375 0.45277777812500003 0.2421875 0.45 0.23359375 0.44166666718750003 0.23046875 0.4236111109375 0.23046875 0.42083333281249996 0.23203125 0.42083333281249996 0.246875 0.4263888890625 0.25 0.44166666718750003 0.25
0 0.6569444437499999 0.20625 0.6666666671875 0.20625 0.66805555625 0.2046875 0.675 0.2046875 0.6888888890625 0.196875 0.6888888890625 0.18984375 0.6833333328125 0.18671875 0.659722221875 0.18671875 0.6541666671875 0.18984375 0.6541666671875 0.2046875 0.6569444437499999 0.20625
0 0.7166666671875 0.56171875 0.7013888890625 0.56171875 0.6986111109375 0.5796875 0.7194444437499999 0.58125 0.722222221875 0.56484375 0.7166666671875 0.56171875
0 0.40833333281249995 0.425 0.4138888890625 0.421875 0.41111111093749997 0.41328125 0.40833333281249995 0.41171875 0.39027777812500003 0.41171875 0.3875 0.41328125 0.3875 0.4234375 0.39027777812500003 0.425 0.40833333281249995 0.425
0 0.3416666671875 0.240625 0.34722222187499996 0.23125 0.34444444375 0.21953125 0.3236111109375 0.21796875 0.32083333281250004 0.21953125 0.32083333281250004 0.2359375 0.3263888890625 0.240625 0.3416666671875 0.240625
0 0.11388888906250001 0.1484375 0.12222222187500001 0.1421875 0.12222222187500001 0.13203125 0.11944444375 0.13046875 0.090277778125 0.13046875 0.0875 0.13203125 0.0875 0.146875 0.09305555625 0.15 0.11388888906250001 0.1484375
0 0.3861111109375 0.68125 0.3888888890625 0.6796875 0.3888888890625 0.66953125 0.3861111109375 0.66796875 0.36805555624999997 0.66796875 0.365277778125 0.66953125 0.365277778125 0.6796875 0.36805555624999997 0.68125 0.3861111109375 0.68125
0 0.5791666671875 0.215625 0.5944444437499999 0.2171875 0.6083333328125 0.209375 0.6083333328125 0.19921875 0.602777778125 0.196875 0.602777778125 0.19453125 0.597222221875 0.19296875 0.5791666671875 0.19296875 0.5763888890625 0.19453125 0.5763888890625 0.2109375 0.5791666671875 0.21171875 0.5791666671875 0.215625
0 0.6861111109375 0.4859375 0.6861111109375 0.48203125 0.66805555625 0.48046875 0.665277778125 0.490625 0.6777777781250001 0.4921875 0.6777777781250001 0.48984375 0.6861111109375 0.4859375
0 0.727777778125 0.1953125 0.7333333328125 0.1921875 0.7333333328125 0.17734375 0.725 0.17421875 0.7013888890625 0.17421875 0.6986111109375 0.17578125 0.6986111109375 0.1921875 0.7125 0.196875 0.727777778125 0.1953125
0 0.375 0.3859375 0.3861111109375 0.3796875 0.3861111109375 0.36953125 0.38055555625 0.36796875 0.35694444375 0.36796875 0.3541666671875 0.36953125 0.3541666671875 0.3828125 0.35694444375 0.3859375 0.375 0.3859375
0 0.6555555562500001 0.20234375 0.65 0.19921875 0.6236111109375 0.19921875 0.6208333328125 0.20078125 0.6236111109375 0.2125 0.64444444375 0.2140625 0.6555555562500001 0.2109375 0.6555555562500001 0.20234375
0 0.8055555562500001 0.16796875 0.765277778125 0.16953125 0.76805555625 0.18125 0.8111111109375001 0.1796875 0.8111111109375001 0.17109375 0.8055555562500001 0.16796875
0 0.058333332812500006 0.11875 0.0666666671875 0.1125 0.0638888890625 0.09609375 0.055555556250000006 0.09296875 0.034722221875 0.09296875 0.03194444375 0.09453125 0.034722221875 0.1171875 0.0375 0.11875 0.058333332812500006 0.11875
0 0.47222222187499996 0.203125 0.48055555625 0.196875 0.48055555625 0.18828125 0.45694444375 0.18671875 0.45416666718750004 0.18828125 0.45416666718750004 0.2 0.459722221875 0.203125 0.47222222187499996 0.203125
0 0.5 0.259375 0.5 0.24453125 0.4791666671875 0.24296875 0.4763888890625 0.259375 0.48194444374999995 0.2625 0.4916666671875 0.2625 0.5 0.259375
0 0.55 0.4296875 0.5555555562500001 0.42109375 0.55 0.41796875 0.534722221875 0.41796875 0.5319444437499999 0.41953125 0.5319444437499999 0.4296875 0.534722221875 0.43125 0.55 0.4296875
0 0.2611111109375 0.24375 0.2666666671875 0.240625 0.2666666671875 0.23671875 0.275 0.22734375 0.2666666671875 0.22421875 0.24583333281250003 0.22421875 0.24305555625 0.22578125 0.24305555625 0.2421875 0.24583333281250003 0.24375 0.2611111109375 0.24375
0 0.8166666671874999 0.5234375 0.8222222218749999 0.5171875 0.8166666671874999 0.50859375 0.8083333328125001 0.50546875 0.790277778125 0.50546875 0.7875 0.50703125 0.7875 0.5234375 0.790277778125 0.525 0.8166666671874999 0.5234375
0 0.83055555625 0.2578125 0.8361111109375001 0.2546875 0.8361111109375001 0.24609375 0.83055555625 0.24296875 0.8125 0.24296875 0.809722221875 0.2484375 0.815277778125 0.2546875 0.8208333328125 0.2578125 0.83055555625 0.2578125
0 0.372222221875 0.25 0.377777778125 0.246875 0.377777778125 0.23828125 0.375 0.23671875 0.35694444375 0.23671875 0.3541666671875 0.23828125 0.3541666671875 0.2484375 0.35972222187499997 0.2515625 0.372222221875 0.25
0 0.43055555625 0.3625 0.43333333281249997 0.3609375 0.43333333281249997 0.35703125 0.43055555625 0.35546875 0.4236111109375 0.35546875 0.42083333281249996 0.35703125 0.42083333281249996 0.3609375 0.4236111109375 0.3625 0.43055555625 0.3625
0 0.9486111109375001 0.5296875 0.952777778125 0.5296875 0.9666666671874999 0.5234375 0.9666666671874999 0.51328125 0.9638888890624999 0.51171875 0.9458333328125 0.51171875 0.94305555625 0.51328125 0.94305555625 0.525 0.9486111109375001 0.5296875
0 0.690277778125 0.225 0.6972222218749999 0.225 0.7083333328125 0.221875 0.7166666671875 0.20859375 0.7111111109375 0.20546875 0.690277778125 0.20546875 0.6875 0.20703125 0.6875 0.2234375 0.690277778125 0.225
0 0.98055555625 0.4546875 0.9861111109375 0.45 0.9888888890624999 0.43984375 0.9833333328125 0.43671875 0.95694444375 0.43671875 0.9541666671875 0.43828125 0.9541666671875 0.4546875 0.95694444375 0.45625 0.98055555625 0.4546875
0 0.44166666718750003 0.6390625 0.45 0.634375 0.45277777812500003 0.62734375 0.44444444375 0.62421875 0.4263888890625 0.62421875 0.42083333281249996 0.62734375 0.42083333281249996 0.6359375 0.4236111109375 0.6390625 0.44166666718750003 0.6390625
0 0.1 0.3421875 0.097222221875 0.33046875 0.06527777812499999 0.33203125 0.06527777812499999 0.3421875 0.07083333281250001 0.3453125 0.0888888890625 0.3453125 0.1 0.3421875
0 0.2416666671875 0.2296875 0.2416666671875 0.21953125 0.2388888890625 0.21796875 0.2125 0.21796875 0.20972222187499998 0.21953125 0.2125 0.2265625 0.2208333328125 0.23125 0.2388888890625 0.23125 0.2416666671875 0.2296875
0 0.972222221875 0.29375 0.977777778125 0.290625 0.975 0.27890625 0.95555555625 0.27421875 0.9458333328125 0.27421875 0.94305555625 0.27578125 0.94305555625 0.2921875 0.9458333328125 0.29375 0.972222221875 0.29375
0 0.40277777812500004 0.6 0.40277777812500004 0.59453125 0.3791666671875 0.59296875 0.3763888890625 0.59453125 0.3763888890625 0.6046875 0.39444444375 0.60625 0.40277777812500004 0.6
0 0.8083333328125001 0.2875 0.8111111109375001 0.2859375 0.8111111109375001 0.28359375 0.8194444437499999 0.2796875 0.8194444437499999 0.27421875 0.8222222218749999 0.2734375 0.8222222218749999 0.26953125 0.8138888890624999 0.26328125 0.809722221875 0.26328125 0.8083333328125001 0.26171875 0.8013888890624999 0.26171875 0.7986111109375 0.26328125 0.7986111109375 0.284375 0.8041666671875 0.2875 0.8083333328125001 0.2875
0 0.6416666671875 0.65 0.64305555625 0.6515625 0.6555555562500001 0.6515625 0.675 0.6421875 0.6777777781250001 0.63359375 0.675 0.6328125 0.675 0.63046875 0.6708333328125 0.63046875 0.6583333328125 0.62421875 0.6347222218749999 0.62421875 0.6319444437499999 0.62578125 0.6319444437499999 0.6484375 0.6347222218749999 0.65 0.6416666671875 0.65
0 0.2916666671875 0.2796875 0.2916666671875 0.27109375 0.28611111093749997 0.26796875 0.25694444375000003 0.26796875 0.2541666671875 0.26953125 0.2541666671875 0.278125 0.259722221875 0.28125 0.28611111093749997 0.2828125 0.2916666671875 0.2796875
0 0.9083333328125001 0.3359375 0.91944444375 0.3296875 0.91944444375 0.32109375 0.9111111109375001 0.31796875 0.9013888890624999 0.31796875 0.8986111109375001 0.31953125 0.8986111109375001 0.3328125 0.9013888890624999 0.3359375 0.9083333328125001 0.3359375
0 0.29722222187499997 0.2609375 0.2916666671875 0.25078125 0.28611111093749997 0.24921875 0.26805555625 0.24921875 0.26527777812500003 0.25078125 0.26527777812500003 0.2625 0.2708333328125 0.265625 0.28611111093749997 0.265625 0.29722222187499997 0.2609375
0 0.6861111109375 0.21953125 0.6805555562500001 0.21796875 0.64305555625 0.21953125 0.64305555625 0.2296875 0.6486111109375 0.2328125 0.6861111109375 0.2296875 0.6861111109375 0.21953125
0 0.0861111109375 0.1 0.09444444375 0.0921875 0.0888888890625 0.08203125 0.0861111109375 0.08046875 0.06805555625000001 0.08046875 0.06527777812499999 0.08203125 0.06527777812499999 0.0984375 0.06805555625000001 0.1 0.0861111109375 0.1
0 0.5694444437499999 0.4296875 0.5833333328125 0.4234375 0.5833333328125 0.41796875 0.575 0.41171875 0.55694444375 0.41171875 0.5541666671875001 0.41328125 0.5541666671875001 0.428125 0.55694444375 0.4296875 0.5694444437499999 0.4296875
0 0.275 0.3703125 0.28611111093749997 0.365625 0.28611111093749997 0.35546875 0.2833333328125 0.35234375 0.275 0.34921875 0.259722221875 0.34921875 0.2541666671875 0.35234375 0.2541666671875 0.3671875 0.259722221875 0.3703125 0.275 0.3703125
0 0.8861111109375001 0.334375 0.8916666671875 0.31953125 0.8680555562500001 0.31796875 0.8652777781250001 0.31953125 0.8680555562500001 0.3328125 0.8708333328125001 0.334375 0.8861111109375001 0.334375
0 0.5305555562500001 0.4 0.5333333328125 0.3984375 0.5333333328125 0.38828125 0.5305555562500001 0.38671875 0.5125 0.38671875 0.5097222218749999 0.38828125 0.5097222218749999 0.3984375 0.5125 0.4 0.5305555562500001 0.4
0 0.3458333328125 0.196875 0.352777778125 0.196875 0.36666666718749996 0.190625 0.36666666718749996 0.18359375 0.3611111109375 0.18046875 0.3458333328125 0.18046875 0.34305555625 0.18203125 0.34305555625 0.19375 0.3458333328125 0.196875
0 0.7638888890625 0.19375 0.7666666671875 0.1921875 0.7666666671875 0.18203125 0.7638888890625 0.18046875 0.7458333328125 0.18046875 0.7430555562500001 0.18203125 0.7430555562500001 0.1921875 0.7458333328125 0.19375 0.7638888890625 0.19375
0 0.24722222187499998 0.34375 0.252777778125 0.340625 0.25 0.33203125 0.2416666671875 0.33046875 0.20972222187499998 0.33203125 0.2125 0.3453125 0.22777777812500002 0.346875 0.2375 0.34375 0.24722222187499998 0.34375
0 0.872222221875 0.31875 0.877777778125 0.315625 0.877777778125 0.30703125 0.875 0.30546875 0.85694444375 0.30546875 0.8541666671874999 0.30703125 0.8541666671874999 0.3171875 0.859722221875 0.3203125 0.872222221875 0.31875
0 0.9305555562500001 0.2515625 0.9416666671874999 0.2421875 0.9416666671874999 0.23828125 0.9236111109375 0.23671875 0.9208333328125 0.23828125 0.9208333328125 0.2484375 0.9236111109375 0.2515625 0.9305555562500001 0.2515625
0 0.972222221875 0.24453125 0.934722221875 0.24296875 0.93194444375 0.24453125 0.93194444375 0.2546875 0.934722221875 0.25625 0.95555555625 0.25625 0.9694444437499999 0.2515625 0.972222221875 0.24453125
0 0.7791666671875 0.321875 0.797222221875 0.31875 0.8 0.30859375 0.79444444375 0.30546875 0.7791666671875 0.30546875 0.7763888890625 0.30703125 0.7763888890625 0.31875 0.7791666671875 0.321875
0 0.847222221875 0.278125 0.85 0.26484375 0.8416666671874999 0.26171875 0.8236111109375001 0.26171875 0.8208333328125 0.26328125 0.8208333328125 0.2796875 0.8416666671874999 0.28125 0.847222221875 0.278125
0 0.7361111109375 0.2953125 0.7388888890625 0.28828125 0.7236111109375 0.28671875 0.7208333328125 0.28828125 0.7208333328125 0.29375 0.7263888890625 0.296875 0.7361111109375 0.2953125
0 0.9458333328125 0.31875 0.952777778125 0.31875 0.9638888890624999 0.3125 0.9611111109375001 0.30546875 0.9458333328125 0.30546875 0.94305555625 0.30703125 0.94305555625 0.3171875 0.9458333328125 0.31875
0 0.6125 0.225 0.61944444375 0.225 0.63055555625 0.2203125 0.6333333328124999 0.2171875 0.63055555625 0.21171875 0.6125 0.21171875 0.609722221875 0.21328125 0.609722221875 0.2234375 0.6125 0.225
0 0.7083333328125 0.3875 0.7138888890625 0.37734375 0.7083333328125 0.37421875 0.690277778125 0.37421875 0.6875 0.37578125 0.6875 0.3859375 0.690277778125 0.3890625 0.7083333328125 0.3875
0 0.74444444375 0.4859375 0.74444444375 0.47578125 0.7416666671875001 0.47421875 0.7236111109375 0.47421875 0.7208333328125 0.47578125 0.7208333328125 0.4859375 0.7388888890625 0.4890625 0.74444444375 0.4859375
0 0.8 0.315625 0.8 0.30859375 0.79444444375 0.30546875 0.76805555625 0.30546875 0.765277778125 0.30703125 0.765277778125 0.3125 0.7708333328125 0.3171875 0.79444444375 0.31875 0.8 0.315625
0 0.9902777781250001 0.27421875 0.9875 0.2921875 0.997222221875 0.29375 0.9986111109375001 0.27578125 0.9902777781250001 0.27421875
0 0.18055555625 0.53359375 0.175 0.53046875 0.16805555625 0.53046875 0.165277778125 0.53203125 0.165277778125 0.540625 0.175 0.5421875 0.18055555625 0.53359375
0 0.91944444375 0.29921875 0.8986111109375001 0.30078125 0.9013888890624999 0.3078125 0.9166666671874999 0.3078125 0.922222221875 0.3046875 0.91944444375 0.29921875
0 0.8083333328125001 0.35 0.8138888890624999 0.33984375 0.8083333328125001 0.33671875 0.790277778125 0.33671875 0.7875 0.33828125 0.7875 0.3484375 0.790277778125 0.35 0.8083333328125001 0.35
0 0.9888888890624999 0.515625 0.9916666671875 0.50859375 0.9861111109375 0.50546875 0.9680555562500001 0.50546875 0.965277778125 0.50703125 0.9680555562500001 0.51875 0.9833333328125 0.51875 0.9888888890624999 0.515625
0 0.0236111109375 0.1546875 0.030555556249999997 0.1546875 0.034722221875 0.1515625 0.0388888890625 0.1515625 0.04444444375 0.146875 0.0416666671875 0.13359375 0.0333333328125 0.13046875 0.0125 0.13046875 0.009722221875000001 0.13203125 0.009722221875000001 0.1484375 0.0125 0.1515625 0.0236111109375 0.1546875
0 0.4361111109375 0.61484375 0.43055555625 0.61171875 0.4125 0.61171875 0.40972222187499996 0.61328125 0.40972222187499996 0.621875 0.415277778125 0.625 0.43333333281249997 0.6234375 0.4361111109375 0.61484375
0 0.48055555625 0.36953125 0.46805555625000006 0.36796875 0.46527777812500004 0.3734375 0.46805555625000006 0.375 0.477777778125 0.375 0.48055555625 0.36953125
0 0.7916666671875 0.25 0.7916666671875 0.24453125 0.76805555625 0.24296875 0.765277778125 0.2546875 0.76805555625 0.25625 0.7861111109375 0.2546875 0.7916666671875 0.25
0 0.9333333328125001 0.24609375 0.9416666671874999 0.2421875 0.9416666671874999 0.23671875 0.9361111109375001 0.2328125 0.9333333328125001 0.22578125 0.9236111109375 0.22421875 0.9208333328125 0.22578125 0.9208333328125 0.2484375 0.9305555562500001 0.25 0.9333333328125001 0.24609375
0 0.022222221875 0.08203125 0.0125 0.08046875 0.009722221875000001 0.09375 0.0125 0.096875 0.019444443750000002 0.096875 0.022222221875 0.08203125
0 0.39027777812500003 0.33828125 0.39027777812500003 0.3421875 0.4 0.3421875 0.397222221875 0.33828125 0.39027777812500003 0.33828125
0 0.25555555625 0.6296875 0.25555555625 0.61953125 0.24583333281250003 0.61796875 0.24305555625 0.61953125 0.24305555625 0.6296875 0.252777778125 0.63125 0.25555555625 0.6296875
0 0.1666666671875 0.5140625 0.16944444375 0.50703125 0.15694444375 0.50546875 0.1541666671875 0.50703125 0.1541666671875 0.5125 0.15694444375 0.5140625 0.1666666671875 0.5140625
0 0.46388888906250003 0.3625 0.46666666718750005 0.3609375 0.46666666718750005 0.35703125 0.46388888906250003 0.35546875 0.45694444375 0.35546875 0.45416666718750004 0.35703125 0.45416666718750004 0.3609375 0.45694444375 0.3625 0.46388888906250003 0.3625
0 0.5861111109375 0.5421875 0.5861111109375 0.53671875 0.58055555625 0.534375 0.58055555625 0.53203125 0.575 0.53046875 0.559722221875 0.53046875 0.5541666671875001 0.53359375 0.5541666671875001 0.5421875 0.559722221875 0.546875 0.5722222218749999 0.546875 0.5861111109375 0.5421875
0 0.2416666671875 0.6296875 0.2416666671875 0.62578125 0.2125 0.62421875 0.20972222187499998 0.6359375 0.2125 0.6375 0.23333333281250002 0.6359375 0.23333333281250002 0.63359375 0.2416666671875 0.6296875
0 0.322222221875 0.5265625 0.3333333328125 0.521875 0.3333333328125 0.50703125 0.33055555625 0.50546875 0.309722221875 0.50546875 0.3083333328125 0.50703125 0.29305555625 0.50546875 0.290277778125 0.50703125 0.29305555625 0.51484375 0.290277778125 0.5234375 0.3013888890625 0.528125 0.322222221875 0.5265625