0 0.0416666671875 0.59375 0.047222221875 0.5921875 0.047222221875 0.58984375 0.055555556250000006 0.5859375 0.052777778124999994 0.58046875 0.0125 0.58046875 0.009722221875000001 0.58203125 0.009722221875000001 0.5890625 0.0125 0.5921875 0.01805555625 0.59375 0.0416666671875 0.59375
0 0.15277777812499999 0.56171875 0.1208333328125 0.56328125 0.12361111093749999 0.575 0.15 0.575 0.15555555625 0.571875 0.15277777812499999 0.56171875
0 0.5930555562500001 0.3359375 0.597222221875 0.3359375 0.597222221875 0.33046875 0.5916666671875 0.32578125 0.5861111109375 0.32421875 0.56805555625 0.32421875 0.565277778125 0.32578125 0.565277778125 0.340625 0.5708333328124999 0.34375 0.5833333328125 0.3421875 0.5930555562500001 0.3359375
0 0.722222221875 0.46875 0.7333333328125 0.4609375 0.7333333328125 0.45234375 0.727777778125 0.44921875 0.7041666671875 0.44921875 0.6986111109375 0.45234375 0.6986111109375 0.4671875 0.7013888890625 0.46875 0.722222221875 0.46875
0 0.36666666718749996 0.59375 0.36805555624999997 0.5953125 0.3888888890625 0.5921875 0.3888888890625 0.58984375 0.397222221875 0.5859375 0.397222221875 0.57890625 0.3861111109375 0.56796875 0.35694444375 0.56796875 0.3541666671875 0.56953125 0.3541666671875 0.5921875 0.35694444375 0.59375 0.36666666718749996 0.59375
0 0.66805555625 0.4421875 0.675 0.4421875 0.6888888890625 0.434375 0.6888888890625 0.42578125 0.6861111109375 0.42421875 0.66805555625 0.42421875 0.665277778125 0.42578125 0.665277778125 0.440625 0.66805555625 0.4421875
0 0.9305555562500001 0.64375 0.9444444437499999 0.634375 0.9444444437499999 0.62734375 0.9388888890624999 0.62421875 0.9125 0.62421875 0.909722221875 0.62578125 0.909722221875 0.6421875 0.9125 0.64375 0.9305555562500001 0.64375
0 0.522222221875 0.54375 0.522222221875 0.52578125 0.490277778125 0.52421875 0.4875 0.5484375 0.490277778125 0.55 0.5166666671875 0.5484375 0.522222221875 0.54375
0 0.06805555625000001 0.63125 0.075 0.63125 0.08055555625000001 0.625 0.08055555625000001 0.61328125 0.0458333328125 0.61171875 0.04305555625 0.61328125 0.0458333328125 0.6328125 0.0638888890625 0.634375 0.06805555625000001 0.63125
0 0.4388888890625 0.625 0.447222221875 0.61875 0.447222221875 0.61328125 0.44166666718750003 0.61171875 0.4125 0.61171875 0.40972222187499996 0.61328125 0.40972222187499996 0.6234375 0.4236111109375 0.628125 0.43055555625 0.628125 0.4388888890625 0.625
0 0.0125 0.6125 0.025 0.6109375 0.0333333328125 0.6046875 0.0333333328125 0.59609375 0.027777778125000003 0.59296875 0.0125 0.59296875 0.009722221875000001 0.59453125 0.009722221875000001 0.6109375 0.0125 0.6125
0 0.5333333328125 0.4671875 0.5333333328125 0.45078125 0.5125 0.44921875 0.5097222218749999 0.45078125 0.5097222218749999 0.4671875 0.5305555562500001 0.46875 0.5333333328125 0.4671875
0 0.8333333328125001 0.634375 0.8361111109375001 0.62109375 0.83055555625 0.61796875 0.8125 0.61796875 0.809722221875 0.61953125 0.809722221875 0.6359375 0.827777778125 0.6375 0.8333333328125001 0.634375
0 0.5666666671875 0.346875 0.5666666671875 0.33984375 0.5611111109375 0.33671875 0.5458333328125 0.33671875 0.54305555625 0.33828125 0.5458333328125 0.3515625 0.5611111109375 0.35 0.5666666671875 0.346875
0 0.8638888890624999 0.6359375 0.8638888890624999 0.63203125 0.8666666671875 0.63125 0.8638888890624999 0.61953125 0.8583333328125 0.61796875 0.8375 0.61796875 0.83194444375 0.62109375 0.83194444375 0.6359375 0.8375 0.6390625 0.8638888890624999 0.6359375
0 0.5638888890625 0.46875 0.5666666671875 0.46484375 0.575 0.4609375 0.5722222218749999 0.45078125 0.5666666671875 0.44921875 0.5458333328125 0.44921875 0.54305555625 0.45078125 0.54305555625 0.465625 0.5486111109375 0.46875 0.5638888890625 0.46875
0 0.7194444437499999 0.534375 0.73055555625 0.5296875 0.73055555625 0.52421875 0.725 0.51953125 0.7125 0.51796875 0.709722221875 0.51953125 0.709722221875 0.53125 0.7125 0.534375 0.7194444437499999 0.534375
0 0.41111111093749997 0.35703125 0.39027777812500003 0.35546875 0.3875 0.3671875 0.40555555625000006 0.36875 0.41111111093749997 0.365625 0.41111111093749997 0.35703125
0 0.6416666671875 0.36875 0.652777778125 0.3578125 0.652777778125 0.35078125 0.647222221875 0.34921875 0.6236111109375 0.34921875 0.6208333328125 0.35078125 0.6236111109375 0.365625 0.6347222218749999 0.36875 0.6416666671875 0.36875
0 0.7 0.453125 0.7 0.43984375 0.690277778125 0.43828125 0.6875 0.43984375 0.6875 0.453125 0.6972222218749999 0.4546875 0.7 0.453125
0 0.6638888890625 0.3703125 0.672222221875 0.35703125 0.6569444437499999 0.35546875 0.6541666671875 0.35703125 0.6541666671875 0.3671875 0.6569444437499999 0.3703125 0.6638888890625 0.3703125
0 0.39444444375 0.4921875 0.39444444375 0.48828125 0.3888888890625 0.48671875 0.365277778125 0.48828125 0.365277778125 0.496875 0.3708333328125 0.5 0.3888888890625 0.4984375 0.39444444375 0.4921875
0 0.197222221875 0.64375 0.2 0.63984375 0.20833333281250002 0.6359375 0.20555555625 0.62578125 0.2 0.62421875 0.17916666718750002 0.62421875 0.1763888890625 0.62578125 0.1763888890625 0.6421875 0.17916666718750002 0.64375 0.197222221875 0.64375
0 0.627777778125 0.3765625 0.6333333328124999 0.3734375 0.6333333328124999 0.37109375 0.6388888890625 0.36875 0.6388888890625 0.36328125 0.63055555625 0.35859375 0.6263888890625 0.35859375 0.625 0.35703125 0.6208333328125 0.35703125 0.61944444375 0.35546875 0.6013888890625 0.35546875 0.5986111109375 0.35703125 0.5986111109375 0.3671875 0.6125 0.375 0.627777778125 0.3765625
0 0.5916666671875 0.5859375 0.5916666671875 0.57734375 0.5833333328125 0.57421875 0.55694444375 0.57421875 0.5541666671875001 0.5921875 0.55694444375 0.59375 0.5861111109375 0.5921875 0.5916666671875 0.5859375
0 0.5861111109375 0.65625 0.5861111109375 0.65078125 0.58055555625 0.64921875 0.55694444375 0.64921875 0.5541666671875001 0.65078125 0.55694444375 0.665625 0.5666666671875 0.665625 0.577777778125 0.6625 0.5861111109375 0.65625
0 0.875 0.55 0.877777778125 0.5484375 0.877777778125 0.54453125 0.875 0.54296875 0.8680555562500001 0.54296875 0.8652777781250001 0.54453125 0.8652777781250001 0.5484375 0.8680555562500001 0.55 0.875 0.55
0 0.43194444374999996 0.62578125 0.434722221875 0.6359375 0.45 0.6359375 0.45416666718750004 0.6328125 0.46666666718750005 0.63125 0.47222222187499996 0.628125 0.47222222187499996 0.61953125 0.46666666718750005 0.61796875 0.4458333328125 0.61796875 0.440277778125 0.61953125 0.43194444374999996 0.62578125
0 0.16944444375 0.6375 0.17916666718750002 0.64375 0.197222221875 0.64375 0.2 0.63984375 0.20833333281250002 0.6359375 0.20833333281250002 0.62890625 0.20555555625 0.628125 0.20555555625 0.62578125 0.197222221875 0.621875 0.197222221875 0.61953125 0.15694444375 0.61796875 0.1541666671875 0.61953125 0.1541666671875 0.6359375 0.15694444375 0.6375 0.16944444375 0.6375
0 0.16388888906250001 0.6375 0.172222221875 0.6328125 0.17916666718750002 0.6421875 0.1888888890625 0.640625 0.1888888890625 0.63046875 0.1861111109375 0.6296875 0.1833333328125 0.62109375 0.172222221875 0.61796875 0.1513888890625 0.61796875 0.1458333328125 0.61953125 0.14305555625 0.62265625 0.14305555625 0.634375 0.1458333328125 0.6375 0.16388888906250001 0.6375
0 0.8111111109375001 0.44453125 0.8013888890624999 0.44296875 0.7986111109375 0.45625 0.8013888890624999 0.459375 0.8083333328125001 0.459375 0.8111111109375001 0.44453125
0 0.8638888890624999 0.63671875 0.834722221875 0.63671875 0.83194444375 0.63828125 0.834722221875 0.65 0.85 0.6515625 0.8666666671875 0.6484375 0.8638888890624999 0.63671875
0 0.9 0.61796875 0.8875 0.61953125 0.890277778125 0.6265625 0.9083333328125001 0.6234375 0.9083333328125001 0.61953125 0.9 0.61796875
0 0.16388888906250001 0.6375 0.172222221875 0.6328125 0.1763888890625 0.63515625 0.1763888890625 0.640625 0.18194444375000002 0.64375 0.2 0.6421875 0.2 0.62421875 0.19444444375 0.62109375 0.18194444375000002 0.62265625 0.172222221875 0.61796875 0.1458333328125 0.61953125 0.14305555625 0.62265625 0.14305555625 0.6359375 0.1458333328125 0.6375 0.16388888906250001 0.6375
0 0.17361111093749998 0.640625 0.17916666718750002 0.64375 0.197222221875 0.64375 0.2 0.63984375 0.20833333281250002 0.6359375 0.20833333281250002 0.62734375 0.2 0.62421875 0.16805555625 0.62421875 0.165277778125 0.62578125 0.165277778125 0.6328125 0.17361111093749998 0.63828125 0.17361111093749998 0.640625
0 0.875 0.56875 0.877777778125 0.5671875 0.877777778125 0.56328125 0.875 0.56171875 0.8680555562500001 0.56171875 0.8652777781250001 0.56328125 0.8652777781250001 0.5671875 0.8680555562500001 0.56875 0.875 0.56875
0 0.727777778125 0.5171875 0.7416666671875001 0.50625 0.7416666671875001 0.50078125 0.7361111109375 0.49921875 0.7125 0.49921875 0.709722221875 0.50078125 0.709722221875 0.5125 0.715277778125 0.5171875 0.727777778125 0.5171875
0 0.6236111109375 0.35546875 0.6236111109375 0.371875 0.6333333328124999 0.371875 0.64444444375 0.365625 0.64444444375 0.35859375 0.647222221875 0.3578125 0.65 0.35234375 0.6416666671875 0.34921875 0.6263888890625 0.34921875 0.6208333328125 0.35234375 0.6208333328125 0.3546875 0.6236111109375 0.35546875