0 0.13515625 0.09921875 0.04296875 0.0234375
0 0.078125 0.1234375 0.0234375 0.01640625
0 0.10625 0.125 0.03203125 0.0203125
0 0.16015625 0.146875 0.03203125 0.0203125
0 0.2984375 0.146875 0.0359375 0.0171875
0 0.1375 0.1546875 0.03046875 0.01796875
0 0.09765625 0.159375 0.0375 0.02421875
0 0.16875 0.17421875 0.034375 0.021875
0 0.3234375 0.171875 0.025 0.01640625
0 0.415625 0.1765625 0.0375 0.021875
0 0.1984375 0.18125 0.04140625 0.025
0 0.27890625 0.1828125 0.04140625 0.02421875
0 0.23203125 0.1796875 0.021875 0.0171875
0 0.36796875 0.1796875 0.03359375 0.01640625
0 0.103125 0.1859375 0.046875 0.0265625
0 0.31875 0.1921875 0.040625 0.02421875
0 0.4 0.20234375 0.04453125 0.021875
0 0.4484375 0.20390625 0.025 0.0125
0 0.23046875 0.209375 0.03359375 0.02109375
0 0.11640625 0.20703125 0.028125 0.0140625
0 0.440625 0.22421875 0.046875 0.025
0 0.40234375 0.2265625 0.034375 0.02109375
0 0.103125 0.22890625 0.034375 0.0171875
0 0.0625 0.2390625 0.0390625 0.02109375
0 0.4546875 0.25 0.0375 0.0265625
0 0.4828125 0.2484375 0.0234375 0.0203125
0 0.2234375 0.253125 0.025 0.02265625
0 0.11328125 0.26875 0.04296875 0.01796875
0 0.13671875 0.28359375 0.01796875 0.015625
0 0.42265625 0.3265625 0.0375 0.02109375
0 0.37265625 0.328125 0.0265625 0.01953125
0 0.20234375 0.35 0.04296875 0.01953125
0 0.27578125 0.35 0.0375 0.0140625
0 0.353125 0.35390625 0.028125 0.0171875
0 0.38828125 0.35859375 0.034375 0.0203125
0 0.3765625 0.3703125 0.021875 0.0171875
0 0.4046875 0.36875 0.0234375 0.01484375
0 0.803125 0.378125 0.028125 0.0203125
0 0.4 0.3796875 0.028125 0.0109375
0 0.209375 0.3890625 0.0359375 0.0234375
0 0.65234375 0.3921875 0.0484375 0.02109375
0 0.703125 0.39296875 0.0390625 0.021875
0 0.1875 0.3921875 0.03046875 0.015625
0 0.240625 0.4 0.04140625 0.01796875
0 0.178125 0.409375 0.0359375 0.01796875
0 0.2125 0.421875 0.03359375 0.0109375
0 0.209375 0.4359375 0.0390625 0.02109375
0 0.3484375 0.4390625 0.03359375 0.01796875
0 0.690625 0.4375 0.02890625 0.01484375
0 0.30703125 0.440625 0.0390625 0.0203125
0 0.7125 0.453125 0.04453125 0.02421875
0 0.43828125 0.4515625 0.015625 0.015625
0 0.021875 0.4578125 0.0390625 0.0234375
0 0.75390625 0.45625 0.03359375 0.01015625
0 0.5203125 0.4640625 0.03203125 0.01640625
0 0.4359375 0.4640625 0.025 0.015625
0 0.603125 0.478125 0.04140625 0.01640625
0 0.259375 0.47890625 0.02890625 0.015625
0 0.065625 0.4890625 0.03046875 0.0125
0 0.2859375 0.5 0.03359375 0.01015625
0 0.01953125 0.525 0.0390625 0.02734375
0 0.79609375 0.534375 0.04453125 0.01953125
0 0.471875 0.54765625 0.0609375 0.028125
0 0.009375 0.55390625 0.01796875 0.015625
0 0.97265625 0.56953125 0.034375 0.0203125
0 0.70234375 0.5734375 0.0484375 0.02734375
0 0.778125 0.575 0.046875 0.03046875
0 0.50390625 0.57890625 0.046875 0.028125
0 0.67265625 0.584375 0.0515625 0.02734375
0 0.803125 0.5859375 0.0375 0.01953125
0 0.0203125 0.59375 0.034375 0.02421875
0 0.9359375 0.5984375 0.053125 0.02890625
0 0.56171875 0.6046875 0.0625 0.0296875
0 0.05390625 0.6265625 0.03359375 0.02109375
0 0.21953125 0.64375 0.05 0.028125
0 0.16484375 0.6421875 0.01796875 0.01796875
0 0.15078125 0.6796875 0.040625 0.01953125