0 0.0203125 0.090625 0.040625 0.03671875
0 0.0734375 0.125 0.04453125 0.0359375
0 0.01640625 0.12265625 0.0328125 0.0296875
0 0.040625 0.140625 0.0640625 0.0390625
0 0.0609375 0.1765625 0.04140625 0.02890625
0 0.77734375 0.21875 0.03203125 0.03203125
0 0.72578125 0.2203125 0.040625 0.0296875
0 0.684375 0.228125 0.053125 0.0328125
0 0.63984375 0.23515625 0.04609375 0.028125
0 0.78828125 0.234375 0.02890625 0.02265625
0 0.7890625 0.2265625 0.003125 0.0015625
0 0.78515625 0.2296875 0.0015625 0.00078125
0 0.72734375 0.25 0.03203125 0.0265625
0 0.85390625 0.259375 0.04453125 0.03515625
0 0.90390625 0.2625 0.0609375 0.0328125
0 0.809375 0.2640625 0.04609375 0.03125
0 0.703125 0.2640625 0.0484375 0.02578125
0 0.12109375 0.27421875 0.03359375 0.015625
0 0.2390625 0.30625 0.046875 0.0296875
0 0.72890625 0.315625 0.03359375 0.02890625
0 0.76015625 0.3140625 0.03203125 0.02734375
0 0.87109375 0.315625 0.021875 0.015625
0 0.80546875 0.3421875 0.05859375 0.03203125
0 0.8546875 0.34296875 0.0484375 0.0328125
0 0.69609375 0.3890625 0.05546875 0.02578125
0 0.84140625 0.3890625 0.05 0.021875
0 0.7953125 0.3921875 0.0265625 0.0265625
0 0.87578125 0.4125 0.059375 0.03203125
0 0.665625 0.4078125 0.02890625 0.01875
0 0.60703125 0.4328125 0.05859375 0.02890625
0 0.6671875 0.42734375 0.02109375 0.0171875
0 0.071875 0.4359375 0.040625 0.01640625
0 0.56640625 0.4453125 0.0359375 0.028125
0 0.90703125 0.45078125 0.046875 0.03125
0 0.86796875 0.459375 0.04140625 0.03203125
0 0.978125 0.459375 0.040625 0.02890625
0 0.04375 0.46640625 0.0515625 0.0296875
0 0.071875 0.465625 0.03046875 0.02578125
0 0.65234375 0.471875 0.06796875 0.03515625
0 0.934375 0.46484375 0.02109375 0.021875
0 0.22578125 0.4796875 0.0765625 0.0421875
0 0.796875 0.46875 0.01953125 0.015625
0 0.9046875 0.46796875 0.034375 0.0125
0 0.603125 0.4875 0.040625 0.03203125
0 0.8625 0.4828125 0.0359375 0.0203125
0 0.06015625 0.4828125 0.03203125 0.01484375
0 0.55 0.4953125 0.053125 0.02890625
0 0.6421875 0.4953125 0.0515625 0.02421875
0 0.81484375 0.50703125 0.0375 0.025
0 0.86328125 0.51015625 0.0515625 0.03125
0 0.58125 0.5125 0.0515625 0.02890625
0 0.5390625 0.51640625 0.0390625 0.0234375
0 0.859375 0.540625 0.046875 0.03046875
0 0.82734375 0.55390625 0.05390625 0.0234375
0 0.64609375 0.578125 0.053125 0.03359375
0 0.9265625 0.57421875 0.021875 0.0234375
0 0.84453125 0.5796875 0.053125 0.028125
0 0.9625 0.590625 0.06640625 0.0375
0 0.6859375 0.596875 0.053125 0.02890625
0 0.878125 0.6015625 0.04609375 0.02578125
0 0.9234375 0.6015625 0.01953125 0.01484375
0 0.89921875 0.6234375 0.059375 0.03515625
0 0.328125 0.6921875 0.09140625 0.04609375
0 0.403125 0.746875 0.02890625 0.021875
0 0.321875 0.7671875 0.078125 0.04296875
0 0.6734375 0.7640625 0.05546875 0.03203125
0 0.946875 0.8640625 0.0609375 0.03359375
0 0.85703125 0.87265625 0.04140625 0.025