0 0.5328125 0.07421875 0.05390625 0.03125
0 0.46796875 0.08359375 0.04453125 0.0234375
0 0.534375 0.1078125 0.0609375 0.03046875
0 0.62265625 0.11484375 0.05390625 0.0265625
0 0.45234375 0.14765625 0.034375 0.0109375
0 0.64921875 0.1515625 0.0234375 0.01484375
0 0.4859375 0.1671875 0.05859375 0.03515625
0 0.60625 0.215625 0.015625 0.0125
0 0.63125 0.2421875 0.03203125 0.0203125
0 0.425 0.25390625 0.04140625 0.0328125
0 0.678125 0.25390625 0.021875 0.0203125
0 0.39453125 0.28828125 0.053125 0.03125
0 0.425 0.2875 0.03359375 0.03046875
0 0.37890625 0.29765625 0.046875 0.0265625
0 0.6765625 0.30625 0.01640625 0.01015625
0 0.76328125 0.4 0.059375 0.03359375
0 0.49921875 0.403125 0.0265625 0.015625
0 0.52890625 0.403125 0.01953125 0.00859375
0 0.48984375 0.43828125 0.02109375 0.0234375
0 0.51328125 0.440625 0.04296875 0.02578125
0 0.4625 0.4421875 0.0359375 0.021875
0 0.54140625 0.453125 0.04140625 0.025
0 0.4375 0.4609375 0.021875 0.02265625
0 0.71953125 0.47109375 0.06640625 0.0328125
0 0.4171875 0.47265625 0.04296875 0.015625
0 0.5015625 0.48203125 0.05546875 0.0234375
0 0.690625 0.49296875 0.05390625 0.0234375
0 0.54609375 0.5015625 0.05546875 0.02890625
0 0.578125 0.5203125 0.040625 0.02578125
0 0.87734375 0.521875 0.04296875 0.025
0 0.8109375 0.5265625 0.046875 0.03203125
0 0.4171875 0.5359375 0.0234375 0.01328125
0 0.721875 0.5453125 0.034375 0.01171875
0 0.48671875 0.5609375 0.065625 0.03359375
0 0.65703125 0.575 0.05859375 0.03359375
0 0.34453125 0.590625 0.053125 0.028125
0 0.6953125 0.590625 0.040625 0.02890625
0 0.740625 0.61015625 0.0375 0.0234375
0 0.55625 0.6203125 0.04609375 0.01796875
0 0.4890625 0.621875 0.0359375 0.01484375
0 0.69765625 0.634375 0.04609375 0.0296875
0 0.6703125 0.64921875 0.02890625 0.034375
0 0.74765625 0.6546875 0.04296875 0.01875
0 0.7953125 0.6578125 0.059375 0.02578125
0 0.8515625 0.68203125 0.04140625 0.015625
0 0.29140625 0.7046875 0.05 0.02890625
0 0.9640625 0.715625 0.05 0.01796875
0 0.98671875 0.71875 0.0234375 0.01953125
0 0.15546875 0.740625 0.05546875 0.02578125
0 0.6953125 0.753125 0.04609375 0.02421875
0 0.8859375 0.7703125 0.046875 0.03515625
0 0.73203125 0.7703125 0.046875 0.03046875