0 0.7541666671875 0.4796875 0.7597222218749999 0.4828125 0.7638888890625 0.4828125 0.76805555625 0.4859375 0.7833333328125 0.4859375 0.7875 0.4828125 0.7916666671875 0.4828125 0.8 0.4796875 0.8 0.46171875 0.7888888890625 0.45546875 0.76805555625 0.45546875 0.7625 0.46015625 0.7625 0.4625 0.7541666671875 0.46796875 0.7541666671875 0.4796875
0 0.73194444375 0.5609375 0.74444444375 0.5609375 0.7638888890625 0.5515625 0.7666666671875 0.5484375 0.7666666671875 0.53828125 0.7638888890625 0.53515625 0.7597222218749999 0.53515625 0.7583333328124999 0.53203125 0.752777778125 0.53046875 0.7263888890625 0.53046875 0.7208333328125 0.53359375 0.7208333328125 0.5546875 0.7236111109375 0.5578125 0.73194444375 0.5609375
0 0.565277778125 0.5265625 0.5694444437499999 0.5265625 0.577777778125 0.5234375 0.577777778125 0.50703125 0.575 0.50546875 0.534722221875 0.50546875 0.5319444437499999 0.50703125 0.5319444437499999 0.521875 0.5486111109375 0.5296875 0.5611111109375 0.5296875 0.565277778125 0.5265625
0 0.5416666671875 0.61796875 0.5013888890625 0.61796875 0.4986111109375 0.61953125 0.5013888890625 0.6375 0.5333333328125 0.6375 0.54444444375 0.63125 0.5416666671875 0.61796875
0 0.397222221875 0.6234375 0.4 0.6203125 0.397222221875 0.60546875 0.35694444375 0.60546875 0.3541666671875 0.60703125 0.35694444375 0.6296875 0.377777778125 0.6296875 0.384722221875 0.625 0.397222221875 0.6234375
0 0.659722221875 0.5296875 0.672222221875 0.5296875 0.6888888890625 0.5234375 0.6888888890625 0.50859375 0.6833333328125 0.50546875 0.6458333328125 0.50546875 0.64305555625 0.50703125 0.64305555625 0.521875 0.6458333328125 0.525 0.6555555562500001 0.5265625 0.659722221875 0.5296875
0 0.6555555562500001 0.28984375 0.6666666671875 0.2859375 0.6666666671875 0.27578125 0.6638888890625 0.27421875 0.6347222218749999 0.27421875 0.6319444437499999 0.27578125 0.6319444437499999 0.2921875 0.652777778125 0.29375 0.6555555562500001 0.28984375
0 0.06805555625000001 0.5171875 0.077777778125 0.5171875 0.08194444375 0.5140625 0.0861111109375 0.5140625 0.1 0.5046875 0.1 0.50078125 0.097222221875 0.5 0.097222221875 0.49765625 0.0861111109375 0.49296875 0.05694444375 0.49296875 0.054166667187499996 0.49453125 0.054166667187499996 0.5109375 0.05694444375 0.5125 0.061111110937500004 0.5125 0.06805555625000001 0.5171875
0 0.4791666671875 0.16875 0.497222221875 0.16875 0.502777778125 0.16171875 0.5083333328124999 0.159375 0.5083333328124999 0.15078125 0.5041666671875 0.15078125 0.497222221875 0.14453125 0.46805555625000006 0.14296875 0.46527777812500004 0.14453125 0.46527777812500004 0.1609375 0.46805555625000006 0.1640625 0.4791666671875 0.16875
0 0.675 0.64375 0.6805555562500001 0.6390625 0.6777777781250001 0.62578125 0.675 0.62421875 0.6458333328125 0.62421875 0.64305555625 0.62578125 0.64305555625 0.6421875 0.6541666671875 0.6453125 0.675 0.64375
0 0.6569444437499999 0.3125 0.6638888890625 0.3125 0.6777777781250001 0.3046875 0.6777777781250001 0.29921875 0.6805555562500001 0.2984375 0.6805555562500001 0.29609375 0.675 0.29296875 0.6569444437499999 0.29296875 0.6541666671875 0.29453125 0.6541666671875 0.3109375 0.6569444437499999 0.3125
0 0.597222221875 0.45 0.602777778125 0.44375 0.6 0.43203125 0.597222221875 0.43046875 0.56805555625 0.43046875 0.565277778125 0.43203125 0.565277778125 0.4484375 0.5736111109375 0.4515625 0.597222221875 0.45
0 0.6111111109375 0.146875 0.6111111109375 0.13828125 0.6083333328125 0.13671875 0.590277778125 0.13671875 0.5875 0.1421875 0.5986111109375 0.1484375 0.6083333328125 0.1484375 0.6111111109375 0.146875
0 0.25833333281250004 0.4640625 0.2666666671875 0.459375 0.272222221875 0.44453125 0.24583333281250003 0.44296875 0.24305555625 0.44453125 0.24305555625 0.4609375 0.24583333281250003 0.4640625 0.25833333281250004 0.4640625
0 0.6666666671875 0.34453125 0.6458333328125 0.34296875 0.64305555625 0.34453125 0.6458333328125 0.3546875 0.6638888890625 0.3546875 0.6666666671875 0.34453125
0 0.3791666671875 0.54765625 0.3791666671875 0.55 0.3763888890625 0.55078125 0.3763888890625 0.5609375 0.3791666671875 0.5625 0.39444444375 0.5625 0.40138888906250003 0.5578125 0.41111111093749997 0.55625 0.42222222187499997 0.55 0.42222222187499997 0.53828125 0.41944444374999995 0.53671875 0.39305555625 0.53671875 0.3875 0.53984375 0.3875 0.54375 0.3791666671875 0.54765625
0 0.5138888890625 0.15 0.51944444375 0.1484375 0.527777778125 0.1390625 0.527777778125 0.13203125 0.5041666671875 0.13046875 0.4986111109375 0.13359375 0.4986111109375 0.1484375 0.5013888890625 0.15 0.5138888890625 0.15
0 0.652777778125 0.534375 0.652777778125 0.52734375 0.64444444375 0.52421875 0.6236111109375 0.52421875 0.6208333328125 0.52578125 0.6208333328125 0.5359375 0.6291666671875 0.5390625 0.64444444375 0.5390625 0.652777778125 0.534375
0 0.7416666671875001 0.509375 0.75 0.49609375 0.7416666671875001 0.49296875 0.734722221875 0.49296875 0.73194444375 0.49453125 0.73194444375 0.50625 0.734722221875 0.509375 0.7416666671875001 0.509375
0 0.534722221875 0.5328125 0.5388888890625 0.5328125 0.54444444375 0.5296875 0.54444444375 0.52578125 0.5375 0.52421875 0.5305555562500001 0.51796875 0.5125 0.51796875 0.5097222218749999 0.51953125 0.5097222218749999 0.5296875 0.515277778125 0.5328125 0.5305555562500001 0.5359375 0.534722221875 0.5328125
0 0.4 0.57578125 0.38194444375000003 0.57421875 0.3763888890625 0.590625 0.3791666671875 0.59375 0.397222221875 0.59375 0.4 0.57578125
0 0.7083333328125 0.4578125 0.7111111109375 0.4546875 0.7083333328125 0.44296875 0.6791666671875001 0.44296875 0.6763888890625 0.44453125 0.6791666671875001 0.4515625 0.6833333328125 0.4515625 0.690277778125 0.45625 0.7083333328125 0.4578125
0 0.28194444375 0.475 0.2916666671875 0.4734375 0.3 0.4671875 0.3 0.45859375 0.29444444375 0.45546875 0.2791666671875 0.45546875 0.27638888906250003 0.45703125 0.27638888906250003 0.471875 0.28194444375 0.475
0 0.1666666671875 0.4125 0.1666666671875 0.40234375 0.175 0.39609375 0.1611111109375 0.39296875 0.1458333328125 0.39296875 0.14305555625 0.4125 0.1458333328125 0.415625 0.1583333328125 0.415625 0.1666666671875 0.4125
0 0.352777778125 0.534375 0.3583333328125 0.52734375 0.3638888890625 0.525 0.3611111109375 0.51796875 0.3458333328125 0.51796875 0.34305555625 0.51953125 0.3458333328125 0.534375 0.352777778125 0.534375
0 0.35 0.440625 0.35 0.43203125 0.3416666671875 0.42421875 0.334722221875 0.42421875 0.33194444375 0.42578125 0.33194444375 0.4421875 0.3416666671875 0.44375 0.35 0.440625
0 0.477777778125 0.32421875 0.47222222187499996 0.31953125 0.46666666718750005 0.31796875 0.4458333328125 0.31796875 0.44305555625000004 0.31953125 0.4458333328125 0.3359375 0.4583333328125 0.3359375 0.477777778125 0.3296875 0.477777778125 0.32421875