0 0.334375 0.18984375 0.02890625 0.0125
0 0.3640625 0.2390625 0.04453125 0.02578125
0 0.4 0.271875 0.03046875 0.02421875
0 0.32265625 0.31171875 0.0484375 0.03125
0 0.29140625 0.3140625 0.03046875 0.02265625
0 0.2828125 0.353125 0.04609375 0.02890625
0 0.371875 0.353125 0.0515625 0.0265625
0 0.42109375 0.3625 0.0359375 0.01875
0 0.53359375 0.45234375 0.05 0.0296875
0 0.421875 0.453125 0.0359375 0.01953125
0 0.340625 0.4796875 0.046875 0.028125
0 0.51953125 0.50546875 0.04453125 0.0203125
0 0.41953125 0.50625 0.046875 0.02109375
0 0.575 0.5171875 0.0609375 0.03359375
0 0.5046875 0.521875 0.040625 0.02265625
0 0.61015625 0.5375 0.0515625 0.015625
0 0.6484375 0.55625 0.046875 0.02421875
0 0.28828125 0.55859375 0.0234375 0.0234375
0 0.72109375 0.578125 0.05 0.02890625
0 0.19140625 0.5859375 0.05859375 0.02578125
0 0.66484375 0.5859375 0.0375 0.02421875
0 0.190625 0.60625 0.0515625 0.0203125
0 0.58203125 0.6078125 0.0390625 0.02109375
0 0.65078125 0.6125 0.0265625 0.01484375
0 0.478125 0.6296875 0.0625 0.03515625
0 0.2546875 0.659375 0.05390625 0.03125
0 0.259375 0.68125 0.0375 0.0171875
0 0.21953125 0.690625 0.053125 0.03046875
0 0.340625 0.71328125 0.05859375 0.034375
0 0.178125 0.7328125 0.04609375 0.02890625
0 0.971875 0.7296875 0.0359375 0.01796875
0 0.1359375 0.753125 0.0609375 0.02890625
0 0.66953125 0.76875 0.06953125 0.02578125
0 0.53125 0.7765625 0.0625 0.0296875
0 0.33046875 0.8 0.046875 0.025
0 0.6703125 0.81015625 0.04609375 0.028125
0 0.7921875 0.8078125 0.03203125 0.02421875
0 0.72109375 0.81484375 0.046875 0.028125
0 0.234375 0.815625 0.053125 0.02734375
0 0.7390625 0.83828125 0.053125 0.0265625
0 0.51875 0.88125 0.05703125 0.03515625
0 0.109375 0.89453125 0.075 0.0421875
0 0.50703125 0.9140625 0.05546875 0.03515625
0 0.965625 0.971875 0.0515625 0.02578125
0 0.64140625 0.359375 0.01953125 0.0125
0 0.74609375 0.3875 0.015625 0.0125
0 0.634375 0.3875 0.01796875 0.01171875
0 0.634375 0.40078125 0.015625 0.0078125
0 0.63671875 0.45078125 0.0265625 0.01171875
0 0.66328125 0.4609375 0.025 0.0125
0 0.725 0.39140625 0.01796875 0.0109375
0 0.725 0.38125 0.0234375 0.00703125
0 0.7515625 0.4109375 0.01796875 0.0109375
0 0.725 0.43125 0.02109375 0.0109375
0 0.68125 0.4234375 0.01953125 0.01328125
0 0.6625 0.384375 0.01796875 0.01328125
0 0.3890625 0.3984375 0.02265625 0.0140625
0 0.36640625 0.38046875 0.025 0.015625
0 0.0453125 0.39453125 0.015625 0.009375
0 0.07890625 0.38515625 0.01796875 0.009375
0 0.096875 0.38984375 0.015625 0.0140625
0 0.04140625 0.34140625 0.021875 0.009375
0 0.06640625 0.35625 0.01953125 0.009375
0 0.01171875 0.43984375 0.0234375 0.01015625
0 0.015625 0.4546875 0.03046875 0.01015625
0 0.07421875 0.48984375 0.02890625 0.0125
0 0.93046875 0.45078125 0.021875 0.0140625
0 0.9875 0.4578125 0.025 0.009375
0 0.96640625 0.43125 0.02578125 0.01796875
0 0.965625 0.39140625 0.01875 0.0125
0 0.990625 0.359375 0.01796875 0.01796875
0 0.92890625 0.47578125 0.02265625 0.015625
0 0.925 0.49921875 0.02109375 0.0140625
0 0.99453125 0.6234375 0.0109375 0.03671875