0 0.4625 0.14375 0.025 0.01640625
0 0.4921875 0.14296875 0.01796875 0.0109375
0 0.45234375 0.165625 0.040625 0.009375
0 0.4890625 0.165625 0.025 0.01015625
0 0.3796875 0.1703125 0.02890625 0.01640625
0 0.4453125 0.18671875 0.0234375 0.0171875
0 0.4859375 0.20625 0.03046875 0.0171875
0 0.403125 0.221875 0.0265625 0.01484375
0 0.34140625 0.2265625 0.01640625 0.01171875
0 0.42578125 0.23203125 0.0265625 0.021875
0 0.55390625 0.2359375 0.028125 0.0171875
0 0.4015625 0.2390625 0.028125 0.01640625
0 0.32734375 0.2421875 0.02890625 0.01796875
0 0.35703125 0.24609375 0.03359375 0.0203125
0 0.48125 0.246875 0.040625 0.01796875
0 0.534375 0.2625 0.028125 0.01484375
0 0.503125 0.265625 0.02890625 0.01796875
0 0.48984375 0.28984375 0.0234375 0.015625
0 0.5703125 0.31875 0.03203125 0.01484375
0 0.128125 0.340625 0.0265625 0.02265625
0 0.590625 0.340625 0.034375 0.01640625
0 0.26328125 0.33984375 0.034375 0.0140625
0 0.10078125 0.353125 0.0265625 0.01796875
0 0.05625 0.36640625 0.0265625 0.015625
0 0.084375 0.36875 0.03359375 0.01484375
0 0.434375 0.375 0.01953125 0.01953125
0 0.30859375 0.3828125 0.0359375 0.0171875
0 0.18671875 0.3828125 0.03203125 0.01171875
0 0.090625 0.3953125 0.034375 0.01640625
0 0.30859375 0.4046875 0.0109375 0.01328125
0 0.490625 0.41875 0.04296875 0.02109375
0 0.62421875 0.42578125 0.03203125 0.0140625
0 0.596875 0.43125 0.025 0.01171875
0 0.54296875 0.4359375 0.03359375 0.0140625
0 0.503125 0.4390625 0.03359375 0.01640625
0 0.4578125 0.4796875 0.02109375 0.01484375
0 0.340625 0.4875 0.02890625 0.01640625
0 0.3609375 0.5015625 0.01640625 0.01328125
0 0.2625 0.5328125 0.05546875 0.02578125
0 0.509375 0.5375 0.0375 0.01796875
0 0.16875 0.565625 0.03203125 0.0140625
0 0.41328125 0.56640625 0.0234375 0.015625
0 0.26796875 0.58125 0.025 0.02421875
0 0.146875 0.5828125 0.034375 0.021875
0 0.353125 0.590625 0.0359375 0.02265625
0 0.578125 0.590625 0.04140625 0.021875
0 0.540625 0.58984375 0.0234375 0.015625
0 0.390625 0.6 0.0265625 0.025
0 0.471875 0.60625 0.025 0.01171875
0 0.49296875 0.621875 0.03359375 0.01875
0 0.1 0.6421875 0.03046875 0.02421875
0 0.48671875 0.65 0.0265625 0.00859375
0 0.5296875 0.653125 0.0265625 0.0125
0 0.490625 0.6625 0.03359375 0.01640625
0 0.82265625 0.6828125 0.0625 0.0328125
0 0.65078125 0.6796875 0.03203125 0.021875
0 0.4984375 0.68203125 0.01640625 0.0171875
0 0.4640625 0.6890625 0.046875 0.0234375
0 0.6203125 0.69921875 0.0265625 0.0203125
0 0.52734375 0.696875 0.03203125 0.01484375
0 0.7203125 0.7203125 0.040625 0.01796875
0 0.6609375 0.7296875 0.025 0.02109375
0 0.6171875 0.73203125 0.034375 0.01875
0 0.70625 0.73203125 0.04609375 0.015625
0 0.76484375 0.7609375 0.034375 0.01796875
0 0.725 0.77109375 0.01953125 0.0203125