0 0.46484375 0.065625 0.065625 0.03515625
0 0.471875 0.09453125 0.059375 0.0328125
0 0.396875 0.121875 0.01796875 0.03046875
0 0.446875 0.125 0.0515625 0.03203125
0 0.4953125 0.1296875 0.05703125 0.034375
0 0.37578125 0.16875 0.065625 0.03828125
0 0.54375 0.1890625 0.05703125 0.03203125
0 0.50546875 0.1921875 0.03046875 0.02578125
0 0.365625 0.2265625 0.05859375 0.03203125
0 0.4125 0.234375 0.05859375 0.03671875
0 0.471875 0.23125 0.02890625 0.02734375
0 0.52109375 0.2625 0.06640625 0.03359375
0 0.625 0.2921875 0.06953125 0.03671875
0 0.18046875 0.3078125 0.0609375 0.03359375
0 0.496875 0.3171875 0.0625 0.03203125
0 0.646875 0.3171875 0.05859375 0.0328125
0 0.60234375 0.315625 0.034375 0.0265625
0 0.12109375 0.3265625 0.0609375 0.02890625
0 0.52734375 0.3390625 0.065625 0.03671875
0 0.58046875 0.34921875 0.05546875 0.03125
0 0.54921875 0.425 0.05390625 0.03046875
0 0.66953125 0.425 0.05859375 0.0296875
0 0.61953125 0.4265625 0.03046875 0.02578125
0 0.98203125 0.43828125 0.03359375 0.028125
0 0.465625 0.4390625 0.04296875 0.021875
0 0.50078125 0.45703125 0.05703125 0.03125
0 0.40546875 0.48515625 0.06953125 0.0375
0 0.759375 0.48359375 0.04296875 0.01875
0 0.984375 0.4828125 0.02890625 0.01328125
0 0.64921875 0.4921875 0.0515625 0.02109375
0 0.571875 0.56328125 0.0390625 0.01875
0 0.33828125 0.58125 0.04296875 0.03359375
0 0.14765625 0.5796875 0.059375 0.02578125
0 0.43671875 0.5875 0.04296875 0.01953125
0 0.59765625 0.5921875 0.04296875 0.0140625
0 0.61171875 0.6296875 0.04609375 0.03203125
0 0.165625 0.63984375 0.034375 0.01875
0 0.3921875 0.659375 0.04296875 0.0265625
0 0.8671875 0.6671875 0.0515625 0.025
0 0.946875 0.6765625 0.0359375 0.021875
0 0.98359375 0.68203125 0.021875 0.021875
0 0.221875 0.71875 0.0625 0.03671875
0 0.134375 0.7734375 0.046875 0.02421875
0 0.50078125 0.81328125 0.05703125 0.0328125
0 0.43828125 0.82265625 0.05390625 0.0328125
0 0.03984375 0.85546875 0.0734375 0.0453125
0 0.88203125 0.9625 0.0359375 0.0171875
0 0.978125 0.971875 0.04140625 0.03515625