0 0.3513888890625 0.525 0.38333333281250004 0.525 0.3888888890625 0.5234375 0.3888888890625 0.52109375 0.4 0.515625 0.397222221875 0.49765625 0.3888888890625 0.49296875 0.3458333328125 0.49296875 0.34305555625 0.49453125 0.34305555625 0.5203125 0.3458333328125 0.5234375 0.3513888890625 0.525
0 0.26527777812500003 0.1875 0.302777778125 0.1859375 0.302777778125 0.18359375 0.3111111109375 0.1796875 0.3083333328125 0.15703125 0.25694444375000003 0.15546875 0.2541666671875 0.15703125 0.2541666671875 0.18125 0.25694444375000003 0.184375 0.26527777812500003 0.1875
0 0.9986111109375001 0.2609375 0.997222221875 0.23046875 0.95694444375 0.23046875 0.9541666671875 0.23203125 0.95694444375 0.2609375 0.99444444375 0.2640625 0.9986111109375001 0.2609375
0 0.2208333328125 0.24140625 0.2208333328125 0.2640625 0.22638888906250001 0.26875 0.252777778125 0.26875 0.2666666671875 0.2609375 0.2666666671875 0.23984375 0.2611111109375 0.23671875 0.22916666718749998 0.23671875 0.22777777812500002 0.23828125 0.2236111109375 0.23828125 0.2236111109375 0.240625 0.2208333328125 0.24140625
0 0.397222221875 0.6015625 0.40416666718750005 0.6046875 0.42222222187499997 0.6046875 0.4236111109375 0.603125 0.427777778125 0.603125 0.44166666718750003 0.59375 0.44166666718750003 0.58203125 0.4361111109375 0.5796875 0.4361111109375 0.57734375 0.43055555625 0.57421875 0.39027777812500003 0.57421875 0.3875 0.57578125 0.3875 0.5984375 0.39305555625 0.6015625 0.397222221875 0.6015625
0 0.23194444375 0.3484375 0.25 0.3484375 0.2541666671875 0.3453125 0.25833333281250004 0.3453125 0.2666666671875 0.340625 0.2666666671875 0.33671875 0.26944444375 0.3359375 0.26944444375 0.33359375 0.275 0.3296875 0.275 0.32578125 0.2666666671875 0.321875 0.2666666671875 0.31953125 0.2638888890625 0.31796875 0.2125 0.31796875 0.20972222187499998 0.31953125 0.20972222187499998 0.3359375 0.2125 0.33671875 0.2125 0.3390625 0.23194444375 0.3484375
0 0.322222221875 0.325 0.3333333328125 0.31875 0.3333333328125 0.30390625 0.325 0.29921875 0.3013888890625 0.29921875 0.2986111109375 0.30078125 0.2986111109375 0.3234375 0.3013888890625 0.325 0.322222221875 0.325
0 0.0416666671875 0.3609375 0.052777778124999994 0.3578125 0.055555556250000006 0.34921875 0.058333332812500006 0.3484375 0.052777778124999994 0.33671875 0.0125 0.33671875 0.009722221875000001 0.33828125 0.009722221875000001 0.3546875 0.015277778124999999 0.3578125 0.026388889062499997 0.3609375 0.0416666671875 0.3609375
0 0.984722221875 0.2265625 0.997222221875 0.2265625 0.9986111109375001 0.20859375 0.99444444375 0.20546875 0.9458333328125 0.20546875 0.94305555625 0.20703125 0.94305555625 0.2234375 0.9541666671875 0.2296875 0.9666666671874999 0.23125 0.984722221875 0.2265625
0 0.94305555625 0.0484375 0.9611111109375001 0.0484375 0.965277778125 0.0453125 0.975 0.04375 0.977777778125 0.03984375 0.9861111109375 0.0359375 0.9861111109375 0.03203125 0.9888888890624999 0.03125 0.9861111109375 0.02109375 0.977777778125 0.01796875 0.934722221875 0.01796875 0.93194444375 0.01953125 0.93194444375 0.0421875 0.934722221875 0.0453125 0.94305555625 0.0484375
0 0.17916666718750002 0.2671875 0.197222221875 0.2671875 0.2 0.265625 0.2 0.26328125 0.20277777812500003 0.2625 0.20277777812500003 0.26015625 0.2138888890625 0.2546875 0.2138888890625 0.25234375 0.21944444375 0.25 0.21944444375 0.24453125 0.20833333281250002 0.23671875 0.17916666718750002 0.23671875 0.1763888890625 0.23828125 0.1763888890625 0.2640625 0.17916666718750002 0.26484375 0.17916666718750002 0.2671875
0 0.25 0.55 0.2513888890625 0.5484375 0.25555555625 0.5484375 0.2666666671875 0.5421875 0.2666666671875 0.53046875 0.2638888890625 0.5296875 0.2638888890625 0.52734375 0.2541666671875 0.52734375 0.252777778125 0.52890625 0.24583333281250003 0.52890625 0.2375 0.53203125 0.23611111093749998 0.52734375 0.24444444375000002 0.5234375 0.24444444375000002 0.51953125 0.240277778125 0.51953125 0.2388888890625 0.51796875 0.2125 0.51796875 0.20972222187499998 0.51953125 0.20972222187499998 0.5421875 0.2236111109375 0.55 0.25 0.55
0 0.38055555625 0.4734375 0.38194444375000003 0.475 0.39444444375 0.475 0.3958333328125 0.4734375 0.4 0.4734375 0.4 0.47109375 0.40833333281249995 0.4671875 0.40833333281249995 0.45703125 0.39444444375 0.44921875 0.36805555624999997 0.44921875 0.365277778125 0.45078125 0.365277778125 0.4671875 0.3763888890625 0.4734375 0.38055555625 0.4734375
0 0.2416666671875 0.18125 0.252777778125 0.171875 0.252777778125 0.16484375 0.24444444375000002 0.16171875 0.2125 0.16171875 0.20972222187499998 0.16328125 0.20972222187499998 0.1796875 0.2125 0.18125 0.2416666671875 0.18125
0 0.3125 0.3609375 0.309722221875 0.36171875 0.309722221875 0.3796875 0.3125 0.38046875 0.3125 0.3828125 0.315277778125 0.38359375 0.315277778125 0.3859375 0.31805555625 0.3875 0.322222221875 0.3875 0.3263888890625 0.390625 0.3416666671875 0.3921875 0.35 0.3875 0.35 0.38515625 0.352777778125 0.384375 0.3583333328125 0.37578125 0.36666666718749996 0.3734375 0.36666666718749996 0.36328125 0.352777778125 0.35546875 0.32083333281250004 0.35546875 0.31944444375000003 0.35703125 0.315277778125 0.35703125 0.3125 0.35859375 0.3125 0.3609375
0 0.26805555625 0.46953125 0.26805555625 0.471875 0.2708333328125 0.4734375 0.275 0.4734375 0.27638888906250003 0.471875 0.2833333328125 0.471875 0.28472222187499996 0.4703125 0.29444444375 0.46875 0.3 0.465625 0.3 0.45859375 0.302777778125 0.4578125 0.302777778125 0.45234375 0.29722222187499997 0.44921875 0.2791666671875 0.44921875 0.26527777812500003 0.45703125 0.26527777812500003 0.46875 0.26805555625 0.46953125
0 0.365277778125 0.27109375 0.365277778125 0.2875 0.3736111109375 0.29375 0.377777778125 0.29375 0.384722221875 0.296875 0.397222221875 0.296875 0.3986111109375 0.2953125 0.4138888890625 0.2921875 0.41944444374999995 0.2890625 0.41944444374999995 0.28671875 0.42222222187499997 0.2859375 0.42222222187499997 0.27734375 0.40277777812500004 0.26328125 0.3986111109375 0.26328125 0.397222221875 0.26171875 0.3791666671875 0.26171875 0.377777778125 0.26328125 0.3736111109375 0.26328125 0.3736111109375 0.265625 0.365277778125 0.27109375
0 0.090277778125 0.146875 0.10555555624999999 0.1453125 0.1111111109375 0.1421875 0.1111111109375 0.13984375 0.11944444375 0.1359375 0.1166666671875 0.12578125 0.1111111109375 0.12421875 0.0791666671875 0.12421875 0.07638888906249999 0.12578125 0.07638888906249999 0.140625 0.0791666671875 0.14375 0.090277778125 0.146875
0 0.2986111109375 0.5046875 0.3 0.5046875 0.3013888890625 0.50625 0.3083333328125 0.50625 0.3083333328125 0.50546875 0.325 0.496875 0.325 0.48984375 0.3236111109375 0.48984375 0.31944444375000003 0.48671875 0.3013888890625 0.48671875 0.3013888890625 0.4875 0.2986111109375 0.48828125 0.2986111109375 0.5046875
0 0.0333333328125 0.12578125 0.026388889062499997 0.12578125 0.0208333328125 0.13046875 0.0208333328125 0.1421875 0.0375 0.1484375 0.0416666671875 0.1484375 0.0513888890625 0.14375 0.0638888890625 0.1421875 0.0666666671875 0.13828125 0.072222221875 0.1359375 0.06944444375 0.12578125 0.06527777812499999 0.12578125 0.0638888890625 0.12421875 0.034722221875 0.12421875 0.0333333328125 0.12578125
0 0.28611111093749997 0.5046875 0.28611111093749997 0.50234375 0.2888888890625 0.5015625 0.2888888890625 0.49609375 0.2916666671875 0.4953125 0.2916666671875 0.49140625 0.29444444375 0.490625 0.29722222187499997 0.48359375 0.2888888890625 0.48046875 0.26805555625 0.48046875 0.26527777812500003 0.48203125 0.26527777812500003 0.5 0.2708333328125 0.5046875 0.28611111093749997 0.5046875
0 0.1861111109375 0.5125 0.1861111109375 0.50546875 0.177777778125 0.50078125 0.16944444375 0.49921875 0.1458333328125 0.49921875 0.14305555625 0.50078125 0.14305555625 0.5171875 0.1458333328125 0.51875 0.175 0.51875 0.1861111109375 0.5125
0 0.73194444375 0.4796875 0.7416666671875001 0.4796875 0.74444444375 0.47578125 0.7541666671875 0.4703125 0.7666666671875 0.4671875 0.7666666671875 0.46171875 0.7638888890625 0.4609375 0.7638888890625 0.45859375 0.75555555625 0.45546875 0.7125 0.45546875 0.709722221875 0.45703125 0.709722221875 0.4734375 0.7263888890625 0.48125 0.73055555625 0.48125 0.73194444375 0.4796875
0 0.0791666671875 0.3953125 0.090277778125 0.4015625 0.10555555624999999 0.4 0.1111111109375 0.3953125 0.1111111109375 0.38359375 0.10555555624999999 0.38046875 0.0791666671875 0.38046875 0.07638888906249999 0.38203125 0.07638888906249999 0.3921875 0.0791666671875 0.39296875 0.0791666671875 0.3953125
0 0.3791666671875 0.5546875 0.397222221875 0.5546875 0.40277777812500004 0.5484375 0.4 0.53984375 0.3916666671875 0.53671875 0.36805555624999997 0.53671875 0.365277778125 0.53828125 0.365277778125 0.5484375 0.372222221875 0.55 0.3791666671875 0.5546875
0 0.04444444375 0.434375 0.055555556250000006 0.4296875 0.055555556250000006 0.41484375 0.04444444375 0.41171875 0.0236111109375 0.41171875 0.0208333328125 0.41328125 0.0236111109375 0.434375 0.026388889062499997 0.4359375 0.04444444375 0.434375
0 0.0388888890625 0.4109375 0.0458333328125 0.4140625 0.0638888890625 0.4140625 0.06527777812499999 0.4125 0.075 0.4125 0.08333333281250001 0.4078125 0.08333333281250001 0.39921875 0.061111110937500004 0.38828125 0.05694444375 0.38828125 0.055555556250000006 0.38671875 0.034722221875 0.38671875 0.03194444375 0.38828125 0.03194444375 0.40625 0.034722221875 0.40703125 0.034722221875 0.4109375 0.0388888890625 0.4109375
0 0.30555555624999997 0.390625 0.3138888890625 0.3859375 0.3138888890625 0.37890625 0.3111111109375 0.378125 0.3111111109375 0.36484375 0.30555555624999997 0.36171875 0.2791666671875 0.36171875 0.27638888906250003 0.36328125 0.27638888906250003 0.3859375 0.290277778125 0.390625 0.30555555624999997 0.390625
0 0.15 0.1265625 0.147222221875 0.11328125 0.12361111093749999 0.11171875 0.1208333328125 0.11328125 0.12361111093749999 0.13125 0.14444444375 0.13125 0.15 0.1265625
0 0.20833333281250002 0.1453125 0.222222221875 0.1390625 0.222222221875 0.13671875 0.225 0.1359375 0.225 0.12890625 0.21944444375 0.12421875 0.19305555624999998 0.12421875 0.1875 0.12734375 0.1875 0.1421875 0.19305555624999998 0.1453125 0.20833333281250002 0.1453125
0 0.9986111109375001 0.26953125 0.9791666671874999 0.26796875 0.9763888890624999 0.2859375 0.9916666671875 0.2875 0.9986111109375001 0.2828125 0.9986111109375001 0.26953125
0 0.20277777812500003 0.45859375 0.190277778125 0.45546875 0.1875 0.4796875 0.197222221875 0.48125 0.20277777812500003 0.4796875 0.20277777812500003 0.45859375
0 0.33055555625 0.434375 0.33194444375 0.4328125 0.3416666671875 0.4328125 0.35 0.428125 0.352777778125 0.42109375 0.34444444375 0.41796875 0.3236111109375 0.41796875 0.32083333281250004 0.41953125 0.32083333281250004 0.43125 0.3263888890625 0.434375 0.33055555625 0.434375
0 0.775 0.2671875 0.7763888890625 0.26875 0.79444444375 0.2671875 0.8111111109375001 0.25625 0.8111111109375001 0.24921875 0.8138888890624999 0.2484375 0.8111111109375001 0.23984375 0.8027777781250001 0.23671875 0.76805555625 0.23671875 0.765277778125 0.23828125 0.765277778125 0.2640625 0.76805555625 0.2671875 0.775 0.2671875
0 0.35694444375 0.3921875 0.3638888890625 0.3921875 0.3708333328125 0.3875 0.375 0.3875 0.38055555625 0.3828125 0.38055555625 0.38046875 0.38333333281250004 0.3796875 0.38055555625 0.37109375 0.375 0.36796875 0.35972222187499997 0.36796875 0.3541666671875 0.37109375 0.3541666671875 0.390625 0.35694444375 0.3921875
0 0.9416666671874999 0.3546875 0.9444444437499999 0.34609375 0.95555555625 0.3390625 0.95555555625 0.33359375 0.952777778125 0.33046875 0.9444444437499999 0.328125 0.9416666671874999 0.32421875 0.9236111109375 0.32421875 0.9208333328125 0.32578125 0.9208333328125 0.346875 0.9291666671875 0.3546875 0.9416666671874999 0.3546875
0 0.059722221875 0.32890625 0.054166667187499996 0.33203125 0.054166667187499996 0.3453125 0.059722221875 0.35 0.0861111109375 0.35 0.0888888890625 0.3484375 0.0888888890625 0.34140625 0.1 0.3296875 0.1 0.32109375 0.09444444375 0.31796875 0.0791666671875 0.31796875 0.07083333281250001 0.32109375 0.07083333281250001 0.3265625 0.059722221875 0.32890625
0 0.08333333281250001 0.4109375 0.090277778125 0.40625 0.097222221875 0.4046875 0.097222221875 0.40078125 0.0861111109375 0.3953125 0.0861111109375 0.39296875 0.077777778125 0.38828125 0.06805555625000001 0.38828125 0.06527777812499999 0.39140625 0.06527777812499999 0.409375 0.06805555625000001 0.4109375 0.08333333281250001 0.4109375
0 0.5611111109375 0.5828125 0.56805555625 0.5859375 0.5833333328125 0.584375 0.5944444437499999 0.578125 0.5944444437499999 0.57109375 0.5888888890625 0.56796875 0.55694444375 0.56796875 0.5541666671875001 0.56953125 0.5541666671875001 0.5796875 0.55694444375 0.58046875 0.55694444375 0.5828125 0.5611111109375 0.5828125
0 0.8875 0.753125 0.8791666671874999 0.75859375 0.8791666671874999 0.7734375 0.890277778125 0.78125 0.89444444375 0.78125 0.9013888890624999 0.784375 0.91944444375 0.784375 0.9208333328125 0.7828125 0.9305555562500001 0.78125 0.9361111109375001 0.77421875 0.9416666671874999 0.7734375 0.9416666671874999 0.76171875 0.9333333328125001 0.75703125 0.9291666671875 0.75703125 0.9138888890624999 0.7515625 0.9138888890624999 0.74296875 0.9166666671874999 0.7421875 0.9138888890624999 0.73828125 0.909722221875 0.73828125 0.9083333328125001 0.73671875 0.8819444437499999 0.73671875 0.8791666671874999 0.73828125 0.8791666671874999 0.74375 0.8875 0.74765625 0.8875 0.753125
0 0.04305555625 0.14296875 0.0458333328125 0.153125 0.0638888890625 0.153125 0.075 0.146875 0.077777778125 0.1421875 0.077777778125 0.13359375 0.075 0.13203125 0.05694444375 0.13046875 0.0458333328125 0.13359375 0.0458333328125 0.1421875 0.04305555625 0.14296875
0 0.22777777812500002 0.1421875 0.23055555625 0.13203125 0.21944444375 0.13046875 0.1986111109375 0.13203125 0.20138888906250002 0.146875 0.2166666671875 0.146875 0.2236111109375 0.1421875 0.22777777812500002 0.1421875
0 0.3458333328125 0.38046875 0.3458333328125 0.390625 0.34861111093749997 0.3921875 0.3611111109375 0.3921875 0.365277778125 0.3890625 0.377777778125 0.3859375 0.38333333281250004 0.3796875 0.38333333281250004 0.37578125 0.375 0.36796875 0.3625 0.36796875 0.3513888890625 0.37109375 0.3513888890625 0.378125 0.3458333328125 0.38046875
0 0.352777778125 0.74375 0.3583333328125 0.7390625 0.3583333328125 0.72578125 0.352777778125 0.72421875 0.334722221875 0.72421875 0.33194444375 0.72578125 0.334722221875 0.746875 0.352777778125 0.74375
0 0.027777778125000003 0.4109375 0.027777778125000003 0.40390625 0.025 0.40078125 0.0125 0.39921875 0.009722221875000001 0.4125 0.0125 0.415625 0.019444443750000002 0.415625 0.027777778125000003 0.4109375
0 0.29722222187499997 0.20703125 0.2888888890625 0.20546875 0.26805555625 0.20546875 0.26527777812500003 0.20703125 0.26527777812500003 0.2171875 0.2708333328125 0.2203125 0.3 0.2171875 0.29722222187499997 0.20703125
0 0.9416666671874999 0.30625 0.94305555625 0.3078125 0.9666666671874999 0.3078125 0.975 0.3046875 0.972222221875 0.29765625 0.9611111109375001 0.29296875 0.9236111109375 0.29296875 0.9208333328125 0.29453125 0.9208333328125 0.3015625 0.9263888890624999 0.3078125 0.93194444375 0.30625 0.9416666671874999 0.30625
0 0.9 0.7828125 0.9013888890624999 0.784375 0.91944444375 0.784375 0.9208333328125 0.7828125 0.9305555562500001 0.78125 0.9333333328125001 0.77734375 0.9416666671874999 0.7734375 0.9416666671874999 0.76796875 0.9444444437499999 0.7671875 0.9416666671874999 0.76171875 0.9333333328125001 0.75703125 0.9208333328125 0.75546875 0.9083333328125001 0.74921875 0.890277778125 0.74921875 0.8875 0.75078125 0.8875 0.7796875 0.8958333328125001 0.7828125 0.9 0.7828125
0 0.875 0.7390625 0.8763888890624999 0.7421875 0.8833333328125 0.74375 0.8875 0.74765625 0.8875 0.753125 0.88055555625 0.75703125 0.8680555562500001 0.75703125 0.8680555562500001 0.765625 0.8847222218749999 0.77265625 0.890277778125 0.7796875 0.9 0.7796875 0.9013888890624999 0.78125 0.9277777781250001 0.78125 0.9416666671874999 0.771875 0.9416666671874999 0.76171875 0.9277777781250001 0.75703125 0.9166666671874999 0.76015625 0.9138888890624999 0.759375 0.9138888890624999 0.73828125 0.9111111109375001 0.7375 0.9111111109375001 0.73359375 0.902777778125 0.73046875 0.8680555562500001 0.73046875 0.8652777781250001 0.73203125 0.8652777781250001 0.7359375 0.8708333328125001 0.7390625 0.875 0.7390625
0 0.6388888890625 0.59453125 0.6125 0.59296875 0.609722221875 0.603125 0.6125 0.6046875 0.6333333328124999 0.603125 0.6388888890625 0.5984375 0.6388888890625 0.59453125
0 0.1583333328125 0.246875 0.1583333328125 0.23828125 0.134722221875 0.23671875 0.13194444375 0.246875 0.1375 0.25 0.15277777812499999 0.25 0.1583333328125 0.246875
0 0.997222221875 0.7296875 0.997222221875 0.71328125 0.99444444375 0.71171875 0.9791666671874999 0.71171875 0.9763888890624999 0.71328125 0.9791666671874999 0.728125 0.98194444375 0.7296875 0.997222221875 0.7296875
0 0.040277778125000004 0.4125 0.0666666671875 0.4140625 0.0861111109375 0.409375 0.0861111109375 0.40703125 0.09444444375 0.4046875 0.09444444375 0.40078125 0.090277778125 0.40078125 0.072222221875 0.38984375 0.06527777812499999 0.38984375 0.055555556250000006 0.38671875 0.034722221875 0.38671875 0.03194444375 0.38828125 0.03194444375 0.40625 0.034722221875 0.40703125 0.034722221875 0.4109375 0.040277778125000004 0.4125