0 0.5527777781250001 0.18125 0.5541666671875001 0.1828125 0.577777778125 0.18125 0.5861111109375 0.1765625 0.5888888890625 0.16796875 0.5916666671875 0.1671875 0.5916666671875 0.15703125 0.5888888890625 0.15625 0.5888888890625 0.15234375 0.58055555625 0.14921875 0.534722221875 0.14921875 0.5319444437499999 0.15078125 0.5319444437499999 0.1734375 0.540277778125 0.1796875 0.5527777781250001 0.18125
0 0.5458333328125 0.0953125 0.55694444375 0.1 0.5833333328125 0.1 0.584722221875 0.0984375 0.5888888890625 0.0984375 0.5888888890625 0.09609375 0.597222221875 0.0921875 0.597222221875 0.08203125 0.5888888890625 0.0734375 0.5888888890625 0.06953125 0.5861111109375 0.06796875 0.55694444375 0.06796875 0.54305555625 0.07578125 0.54305555625 0.0921875 0.5458333328125 0.09296875 0.5458333328125 0.0953125
0 0.5458333328125 0.0375 0.5694444437499999 0.0390625 0.5708333328124999 0.040625 0.5861111109375 0.0390625 0.597222221875 0.034375 0.597222221875 0.03046875 0.6 0.0296875 0.6 0.01953125 0.5888888890625 0.0125 0.5888888890625 0.00859375 0.58055555625 0.00546875 0.5375 0.00546875 0.5319444437499999 0.00859375 0.5319444437499999 0.0296875 0.5375 0.034375 0.5416666671875 0.034375 0.5458333328125 0.0375
0 0.6013888890625 0.08828125 0.6013888890625 0.090625 0.6041666671875 0.0921875 0.6166666671875001 0.09375 0.6180555562500001 0.0921875 0.627777778125 0.090625 0.6319444437499999 0.0875 0.6361111109375 0.0875 0.6416666671875 0.084375 0.6416666671875 0.08203125 0.64444444375 0.08125 0.64444444375 0.06484375 0.6388888890625 0.06171875 0.6013888890625 0.06171875 0.5986111109375 0.06328125 0.5986111109375 0.0875 0.6013888890625 0.08828125
0 0.9013888890624999 0.3296875 0.91944444375 0.33125 0.9291666671875 0.325 0.9333333328125001 0.325 0.9333333328125001 0.32265625 0.9416666671874999 0.31875 0.9416666671874999 0.31640625 0.9444444437499999 0.315625 0.9416666671874999 0.30703125 0.9333333328125001 0.303125 0.9333333328125001 0.30078125 0.9291666671875 0.30078125 0.9277777781250001 0.29921875 0.890277778125 0.29921875 0.8875 0.30078125 0.8875 0.3234375 0.89444444375 0.325 0.9013888890624999 0.3296875
0 0.8263888890625 0.3140625 0.852777778125 0.3125 0.8666666671875 0.3046875 0.8666666671875 0.28828125 0.8638888890624999 0.28671875 0.8125 0.28671875 0.809722221875 0.28828125 0.809722221875 0.3109375 0.8125 0.3125 0.825 0.3125 0.8263888890625 0.3140625
0 0.51805555625 0.09609375 0.51805555625 0.1015625 0.5138888890625 0.10390625 0.5111111109375 0.10234375 0.5041666671875 0.10234375 0.5013888890625 0.10390625 0.5013888890625 0.10625 0.4986111109375 0.10703125 0.4986111109375 0.121875 0.5041666671875 0.125 0.5333333328125 0.125 0.5527777781250001 0.115625 0.5527777781250001 0.11328125 0.5555555562500001 0.1125 0.5555555562500001 0.10078125 0.5527777781250001 0.1 0.5527777781250001 0.09609375 0.55 0.09453125 0.5458333328125 0.09453125 0.54444444375 0.09296875 0.5236111109375 0.09296875 0.51805555625 0.09609375
0 0.765277778125 0.6046875 0.76944444375 0.6046875 0.7708333328125 0.60625 0.7861111109375 0.60625 0.7958333328125 0.6015625 0.8166666671874999 0.6 0.8222222218749999 0.596875 0.8222222218749999 0.59296875 0.825 0.5921875 0.825 0.58046875 0.8222222218749999 0.5796875 0.8222222218749999 0.57578125 0.8083333328125001 0.56796875 0.7708333328125 0.56796875 0.76944444375 0.56953125 0.765277778125 0.56953125 0.765277778125 0.571875 0.7541666671875 0.57890625 0.7541666671875 0.5984375 0.765277778125 0.6046875
0 0.647222221875 0.2296875 0.6486111109375 0.23125 0.6611111109375 0.23125 0.66805555625 0.2265625 0.672222221875 0.2265625 0.6777777781250001 0.2234375 0.6777777781250001 0.22109375 0.6861111109375 0.2171875 0.6861111109375 0.20703125 0.6805555562500001 0.2046875 0.6805555562500001 0.20234375 0.675 0.19921875 0.6375 0.19921875 0.6319444437499999 0.20234375 0.6319444437499999 0.2234375 0.64305555625 0.2296875 0.647222221875 0.2296875
0 0.502777778125 0.6171875 0.5041666671875 0.615625 0.5388888890625 0.6171875 0.547222221875 0.6109375 0.547222221875 0.60703125 0.5361111109375 0.58828125 0.5305555562500001 0.58671875 0.490277778125 0.58671875 0.4875 0.58828125 0.4875 0.6125 0.490277778125 0.6171875 0.502777778125 0.6171875
0 0.5513888890625 0.65 0.5666666671875 0.6515625 0.5736111109375 0.6546875 0.5888888890625 0.6546875 0.6013888890625 0.65 0.6083333328125 0.65 0.6166666671875001 0.6421875 0.6166666671875001 0.63671875 0.6138888890625 0.6359375 0.6111111109375 0.62734375 0.602777778125 0.62421875 0.5486111109375 0.62421875 0.54305555625 0.62734375 0.54305555625 0.64375 0.5458333328125 0.64453125 0.5458333328125 0.646875 0.5513888890625 0.65
0 0.522222221875 0.7 0.5236111109375 0.7015625 0.5361111109375 0.7015625 0.5375 0.703125 0.5638888890625 0.7 0.577777778125 0.6890625 0.577777778125 0.68359375 0.575 0.6828125 0.575 0.68046875 0.5666666671875 0.6765625 0.5666666671875 0.67421875 0.5527777781250001 0.66796875 0.5236111109375 0.66796875 0.522222221875 0.66953125 0.51805555625 0.66953125 0.5097222218749999 0.67578125 0.5097222218749999 0.6984375 0.5125 0.7 0.522222221875 0.7
0 0.165277778125 0.5328125 0.175 0.5328125 0.1861111109375 0.5296875 0.1888888890625 0.52265625 0.1916666671875 0.521875 0.1916666671875 0.51484375 0.1888888890625 0.5140625 0.1861111109375 0.50703125 0.18055555625 0.50546875 0.134722221875 0.50546875 0.13194444375 0.50703125 0.13194444375 0.51875 0.14861111093749999 0.53125 0.16388888906250001 0.534375 0.165277778125 0.5328125
0 0.590277778125 0.23359375 0.590277778125 0.2359375 0.60555555625 0.2375 0.60694444375 0.2359375 0.61944444375 0.234375 0.6236111109375 0.23125 0.63055555625 0.2296875 0.63055555625 0.22578125 0.6333333328124999 0.225 0.6333333328124999 0.21015625 0.63055555625 0.209375 0.63055555625 0.20234375 0.622222221875 0.19921875 0.584722221875 0.20078125 0.5763888890625 0.20703125 0.5763888890625 0.225 0.590277778125 0.23359375
0 0.3638888890625 0.315625 0.365277778125 0.3140625 0.375 0.3125 0.38194444375000003 0.3078125 0.39444444375 0.3046875 0.397222221875 0.29609375 0.3888888890625 0.29296875 0.35694444375 0.29296875 0.3541666671875 0.29453125 0.3541666671875 0.3125 0.35694444375 0.31328125 0.35694444375 0.315625 0.3638888890625 0.315625
0 0.715277778125 0.5796875 0.722222221875 0.5796875 0.7236111109375 0.58125 0.7416666671875001 0.58125 0.75 0.578125 0.75 0.57109375 0.74444444375 0.56796875 0.7375 0.56796875 0.7361111109375 0.56640625 0.7263888890625 0.56484375 0.722222221875 0.55859375 0.7166666671875 0.55546875 0.7013888890625 0.55546875 0.6986111109375 0.55703125 0.6986111109375 0.5734375 0.7013888890625 0.575 0.70555555625 0.575 0.715277778125 0.5796875
0 0.7041666671875 0.6375 0.725 0.6359375 0.7361111109375 0.628125 0.7361111109375 0.61171875 0.7333333328125 0.6109375 0.7333333328125 0.60703125 0.73055555625 0.60546875 0.690277778125 0.60546875 0.6875 0.60703125 0.6875 0.6296875 0.690277778125 0.6328125 0.7041666671875 0.6375
0 0.5236111109375 0.0640625 0.5291666671875 0.0671875 0.54444444375 0.0671875 0.5486111109375 0.0640625 0.5611111109375 0.0625 0.5722222218749999 0.0546875 0.575 0.04453125 0.56805555625 0.04296875 0.5611111109375 0.03828125 0.55694444375 0.03828125 0.5555555562500001 0.03671875 0.5236111109375 0.03671875 0.5208333328125 0.03828125 0.5208333328125 0.0609375 0.5236111109375 0.06171875 0.5236111109375 0.0640625
0 0.5861111109375 0.41875 0.5916666671875 0.4109375 0.5888888890625 0.40078125 0.5861111109375 0.39921875 0.55694444375 0.39921875 0.5541666671875001 0.40078125 0.55694444375 0.4171875 0.56805555625 0.4203125 0.5861111109375 0.41875
0 0.33055555625 0.56875 0.33194444375 0.5703125 0.35555555625 0.5703125 0.36666666718749996 0.565625 0.36944444375 0.54609375 0.3638888890625 0.54296875 0.3263888890625 0.54296875 0.325 0.54453125 0.3125 0.54609375 0.309722221875 0.54921875 0.309722221875 0.5609375 0.31805555625 0.5671875 0.33055555625 0.56875
0 0.9444444437499999 0.8640625 0.9458333328125 0.8625 0.9583333328125001 0.8609375 0.9583333328125001 0.85859375 0.9638888890624999 0.85625 0.9638888890624999 0.84296875 0.95 0.83671875 0.915277778125 0.83671875 0.909722221875 0.83984375 0.909722221875 0.85625 0.91805555625 0.8625 0.9236111109375 0.8640625 0.9444444437499999 0.8640625
0 0.027777778125000003 0.5984375 0.04444444375 0.59375 0.04444444375 0.59140625 0.052777778124999994 0.5875 0.055555556250000006 0.57734375 0.05 0.57421875 0.0125 0.57421875 0.009722221875000001 0.57578125 0.009722221875000001 0.5953125 0.0125 0.5984375 0.027777778125000003 0.5984375
0 0.5791666671875 0.65390625 0.5791666671875 0.65625 0.5763888890625 0.65703125 0.5763888890625 0.6796875 0.58194444375 0.6828125 0.6 0.6828125 0.6013888890625 0.68125 0.60555555625 0.68125 0.6111111109375 0.678125 0.6138888890625 0.67265625 0.625 0.6671875 0.625 0.65390625 0.61944444375 0.64921875 0.5986111109375 0.64921875 0.597222221875 0.65078125 0.5875 0.65078125 0.5791666671875 0.65390625
0 0.8430555562500001 0.5328125 0.85 0.5328125 0.85555555625 0.53125 0.8638888890624999 0.525 0.8638888890624999 0.51953125 0.852777778125 0.51171875 0.8125 0.51171875 0.809722221875 0.51328125 0.809722221875 0.5296875 0.815277778125 0.534375 0.8416666671874999 0.534375 0.8430555562500001 0.5328125
0 0.6861111109375 0.6359375 0.6888888890625 0.634375 0.6888888890625 0.62265625 0.6861111109375 0.621875 0.6888888890625 0.60703125 0.66805555625 0.60546875 0.665277778125 0.60703125 0.665277778125 0.6296875 0.66805555625 0.6328125 0.6861111109375 0.6359375
0 0.43055555625 0.3234375 0.447222221875 0.315625 0.447222221875 0.31328125 0.45277777812500003 0.3109375 0.45277777812500003 0.30546875 0.45 0.30234375 0.44305555625000004 0.30234375 0.44166666718750003 0.30078125 0.4291666671875 0.30234375 0.42222222187499997 0.29921875 0.4125 0.29921875 0.40972222187499996 0.30078125 0.40972222187499996 0.3171875 0.41805555625 0.321875 0.43055555625 0.3234375
0 0.4625 0.19375 0.5 0.19375 0.5083333328124999 0.190625 0.5138888890625 0.17890625 0.51944444375 0.175 0.51944444375 0.16796875 0.5138888890625 0.165625 0.5138888890625 0.16328125 0.5083333328124999 0.16171875 0.4791666671875 0.16171875 0.46944444374999994 0.16640625 0.459722221875 0.16640625 0.45416666718750004 0.16953125 0.45416666718750004 0.1890625 0.45694444375 0.1921875 0.4625 0.19375
0 0.5236111109375 0.21328125 0.5236111109375 0.2171875 0.5208333328125 0.21796875 0.5208333328125 0.2359375 0.5236111109375 0.2375 0.527777778125 0.2375 0.5319444437499999 0.240625 0.54444444375 0.240625 0.5555555562500001 0.234375 0.5555555562500001 0.23203125 0.5666666671875 0.2265625 0.5666666671875 0.22421875 0.5694444437499999 0.2234375 0.5694444437499999 0.20703125 0.565277778125 0.20703125 0.5638888890625 0.20546875 0.540277778125 0.20546875 0.5236111109375 0.21328125
0 0.43055555625 0.7390625 0.4388888890625 0.734375 0.4361111109375 0.72109375 0.43055555625 0.71796875 0.4125 0.71796875 0.40972222187499996 0.71953125 0.40972222187499996 0.7359375 0.4125 0.7390625 0.43055555625 0.7390625
0 0.48055555625 0.3421875 0.48055555625 0.33671875 0.475 0.33046875 0.4458333328125 0.33046875 0.44305555625000004 0.33203125 0.44305555625000004 0.3484375 0.4458333328125 0.35 0.46388888906250003 0.35 0.48055555625 0.3421875
0 0.12361111093749999 0.503125 0.15277777812499999 0.5015625 0.15694444375 0.4984375 0.1611111109375 0.4984375 0.1611111109375 0.49453125 0.15694444375 0.49453125 0.147222221875 0.48828125 0.14305555625 0.48828125 0.1416666671875 0.48671875 0.1125 0.48671875 0.109722221875 0.48828125 0.109722221875 0.4984375 0.11805555625 0.5015625 0.12222222187500001 0.5015625 0.12361111093749999 0.503125
0 0.6041666671875 0.1828125 0.6083333328125 0.1828125 0.6152777781250001 0.1796875 0.6361111109375 0.1796875 0.652777778125 0.171875 0.652777778125 0.16328125 0.64444444375 0.159375 0.64444444375 0.15703125 0.6416666671875 0.15546875 0.6013888890625 0.15546875 0.5986111109375 0.15703125 0.5986111109375 0.178125 0.6013888890625 0.17890625 0.6013888890625 0.18125 0.6041666671875 0.1828125
0 0.06805555625000001 0.73203125 0.06805555625000001 0.734375 0.07083333281250001 0.7359375 0.0888888890625 0.734375 0.090277778125 0.7328125 0.1 0.73125 0.10833333281249999 0.7265625 0.10833333281249999 0.72421875 0.1111111109375 0.7234375 0.1111111109375 0.71328125 0.10833333281249999 0.71171875 0.08194444375 0.71171875 0.06527777812499999 0.71953125 0.06527777812499999 0.73125 0.06805555625000001 0.73203125
0 0.40833333281249995 0.5703125 0.41944444374999995 0.5625 0.41944444374999995 0.55078125 0.40138888906250003 0.54921875 0.3986111109375 0.55078125 0.3986111109375 0.5671875 0.40138888906250003 0.5703125 0.40833333281249995 0.5703125
0 0.9083333328125001 0.84375 0.9138888890624999 0.8421875 0.9138888890624999 0.83984375 0.91944444375 0.8375 0.91944444375 0.83203125 0.9055555562500001 0.82421875 0.890277778125 0.82421875 0.8875 0.82578125 0.8875 0.840625 0.89305555625 0.84375 0.9083333328125001 0.84375
0 0.3125 0.61875 0.3166666671875 0.61875 0.3263888890625 0.6234375 0.33055555625 0.6234375 0.334722221875 0.6203125 0.3416666671875 0.61875 0.3416666671875 0.60859375 0.33055555625 0.59921875 0.3125 0.59921875 0.309722221875 0.60078125 0.309722221875 0.615625 0.3125 0.61640625 0.3125 0.61875
0 0.052777778124999994 0.553125 0.0638888890625 0.55 0.0666666671875 0.54609375 0.075 0.5421875 0.075 0.53203125 0.06944444375 0.53046875 0.034722221875 0.53046875 0.0236111109375 0.53359375 0.0208333328125 0.5484375 0.0236111109375 0.5515625 0.029166667187500002 0.553125 0.052777778124999994 0.553125
0 0.6416666671875 0.4734375 0.64305555625 0.475 0.6583333328125 0.475 0.6638888890625 0.4734375 0.6666666671875 0.46953125 0.675 0.465625 0.675 0.46171875 0.6777777781250001 0.4609375 0.675 0.45078125 0.66944444375 0.44921875 0.6375 0.44921875 0.6319444437499999 0.45234375 0.6319444437499999 0.4703125 0.6347222218749999 0.4734375 0.6416666671875 0.4734375
0 0.0388888890625 0.78203125 0.0236111109375 0.78046875 0.0208333328125 0.7921875 0.030555556249999997 0.79375 0.0388888890625 0.7890625 0.0388888890625 0.78203125
0 0.175 0.7984375 0.177777778125 0.79453125 0.1861111109375 0.790625 0.1833333328125 0.78359375 0.172222221875 0.77578125 0.16805555625 0.77578125 0.1666666671875 0.77421875 0.15694444375 0.77421875 0.1541666671875 0.77578125 0.1541666671875 0.79375 0.15972222187500001 0.7984375 0.175 0.7984375
0 0.1916666671875 0.6234375 0.2 0.6171875 0.2 0.60859375 0.19444444375 0.60546875 0.1708333328125 0.60546875 0.165277778125 0.60859375 0.165277778125 0.6234375 0.16805555625 0.625 0.1916666671875 0.6234375
0 0.7583333328124999 0.49375 0.76944444375 0.484375 0.7666666671875 0.46953125 0.7638888890625 0.46796875 0.734722221875 0.46796875 0.73194444375 0.46953125 0.734722221875 0.4921875 0.7375 0.49375 0.7583333328124999 0.49375
0 0.40833333281249995 0.6671875 0.40555555625000006 0.65546875 0.365277778125 0.65703125 0.365277778125 0.6671875 0.3736111109375 0.6703125 0.397222221875 0.6703125 0.40833333281249995 0.6671875
0 0.40416666718750005 0.6171875 0.40833333281249995 0.6171875 0.40972222187499996 0.61875 0.43055555625 0.61875 0.447222221875 0.6109375 0.447222221875 0.60703125 0.44444444375 0.60546875 0.440277778125 0.60546875 0.4388888890625 0.60390625 0.4291666671875 0.60390625 0.40833333281249995 0.59296875 0.40138888906250003 0.59296875 0.3986111109375 0.59453125 0.3986111109375 0.6125 0.40138888906250003 0.61328125 0.40138888906250003 0.615625 0.40416666718750005 0.6171875
0 0.5 0.19375 0.50555555625 0.1921875 0.5111111109375 0.1875 0.5138888890625 0.17890625 0.51944444375 0.175 0.51944444375 0.16796875 0.5138888890625 0.165625 0.5138888890625 0.16328125 0.5083333328124999 0.16171875 0.48194444374999995 0.16171875 0.4763888890625 0.16484375 0.4763888890625 0.190625 0.48194444374999995 0.19375 0.5 0.19375
0 0.5236111109375 0.3484375 0.54444444375 0.3484375 0.54444444375 0.34296875 0.5416666671875 0.3421875 0.5416666671875 0.32578125 0.5361111109375 0.32421875 0.5125 0.32578125 0.5125 0.3296875 0.5097222218749999 0.33046875 0.5097222218749999 0.3421875 0.5236111109375 0.3484375
0 0.6638888890625 0.31796875 0.6347222218749999 0.31796875 0.6319444437499999 0.31953125 0.6347222218749999 0.33125 0.6555555562500001 0.3328125 0.6666666671875 0.3296875 0.6638888890625 0.31796875
0 0.34027777812500004 0.4828125 0.3611111109375 0.484375 0.375 0.478125 0.372222221875 0.47109375 0.36944444375 0.46953125 0.365277778125 0.46953125 0.3638888890625 0.46796875 0.334722221875 0.46796875 0.33194444375 0.46953125 0.33194444375 0.4796875 0.334722221875 0.48125 0.33888888906250003 0.48125 0.34027777812500004 0.4828125
0 0.5541666671875001 0.2421875 0.559722221875 0.246875 0.565277778125 0.2453125 0.577777778125 0.2453125 0.5888888890625 0.2421875 0.5888888890625 0.23046875 0.5833333328125 0.22578125 0.565277778125 0.22421875 0.55694444375 0.22734375 0.5541666671875001 0.23046875 0.5541666671875001 0.2421875
0 0.6416666671875 0.28671875 0.6125 0.28671875 0.609722221875 0.28828125 0.6125 0.3 0.6333333328124999 0.3015625 0.64444444375 0.2984375 0.6416666671875 0.28671875
0 0.090277778125 0.546875 0.10694444375 0.5546875 0.12222222187500001 0.5546875 0.12361111093749999 0.553125 0.127777778125 0.553125 0.13333333281249998 0.55 0.13333333281249998 0.53828125 0.12222222187500001 0.5328125 0.12222222187500001 0.53046875 0.1166666671875 0.528125 0.1166666671875 0.52109375 0.11388888906250001 0.51953125 0.109722221875 0.51953125 0.10833333281249999 0.51796875 0.090277778125 0.51796875 0.0875 0.51953125 0.0875 0.540625 0.090277778125 0.54140625 0.090277778125 0.546875
0 0.5361111109375 0.6671875 0.5361111109375 0.66328125 0.5291666671875 0.66328125 0.527777778125 0.66171875 0.5013888890625 0.66171875 0.4986111109375 0.66328125 0.4986111109375 0.6734375 0.5041666671875 0.678125 0.5166666671875 0.6765625 0.5263888890625 0.66875 0.5361111109375 0.6671875