0 0.2171875 0.0765625 0.034375 0.02109375
0 0.21953125 0.09140625 0.0359375 0.0171875
0 0.26640625 0.09453125 0.03046875 0.015625
0 0.353125 0.09921875 0.03203125 0.0203125
0 0.3515625 0.11953125 0.0390625 0.025
0 0.3671875 0.13125 0.040625 0.02109375
0 0.1859375 0.1390625 0.01953125 0.01796875
0 0.04453125 0.14921875 0.03359375 0.0203125
0 0.28671875 0.1515625 0.034375 0.0171875
0 0.48515625 0.1625 0.040625 0.02265625
0 0.009375 0.16015625 0.01875 0.0171875
0 0.07421875 0.1625 0.0375 0.01484375
0 0.03203125 0.16875 0.028125 0.01875
0 0.11328125 0.1859375 0.0484375 0.025
0 0.640625 0.184375 0.03046875 0.02109375
0 0.3640625 0.1890625 0.03359375 0.01640625
0 0.72109375 0.1875 0.0359375 0.01171875
0 0.175 0.2 0.05 0.02890625
0 0.08125 0.2046875 0.02890625 0.02421875
0 0.13359375 0.2125 0.05546875 0.03046875
0 0.246875 0.2109375 0.046875 0.02421875
0 0.33046875 0.225 0.05859375 0.028125
0 0.16484375 0.2265625 0.03203125 0.025
0 0.109375 0.23125 0.040625 0.02890625
0 0.9859375 0.23125 0.025 0.01484375
0 0.86875 0.23671875 0.04296875 0.0234375
0 0.54765625 0.246875 0.04296875 0.021875
0 0.51171875 0.2484375 0.0375 0.02265625
0 0.82890625 0.25625 0.046875 0.02890625
0 0.08515625 0.259375 0.0484375 0.02890625
0 0.1296875 0.2625 0.0484375 0.03046875
0 0.184375 0.26171875 0.04453125 0.0265625
0 0.790625 0.265625 0.0375 0.02109375
0 0.2234375 0.2703125 0.053125 0.02421875
0 0.89609375 0.2703125 0.04140625 0.02265625
0 0.5140625 0.2734375 0.04453125 0.02421875
0 0.015625 0.28125 0.03046875 0.03671875
0 0.17421875 0.2859375 0.03203125 0.02890625
0 0.446875 0.2859375 0.046875 0.0296875
0 0.07734375 0.284375 0.040625 0.01953125
0 0.259375 0.296875 0.03359375 0.021875
0 0.02109375 0.296875 0.025 0.01796875
0 0.0734375 0.2953125 0.03359375 0.015625
0 0.04140625 0.2984375 0.03359375 0.02109375
0 0.23515625 0.30859375 0.04609375 0.0234375
0 0.128125 0.309375 0.040625 0.02265625
0 0.6703125 0.3140625 0.03203125 0.01796875
0 0.421875 0.325 0.05546875 0.02890625
0 0.2765625 0.32734375 0.046875 0.021875
0 0.51953125 0.34453125 0.04140625 0.028125
0 0.5484375 0.34375 0.03359375 0.02109375
0 0.23125 0.3453125 0.04609375 0.02265625
0 0.43515625 0.3421875 0.04609375 0.01640625
0 0.28515625 0.353125 0.040625 0.015625
0 0.609375 0.3609375 0.0359375 0.02421875
0 0.05234375 0.39765625 0.05390625 0.028125
0 0.91015625 0.39609375 0.0234375 0.0140625
0 0.09140625 0.428125 0.05546875 0.03203125
0 0.2546875 0.43046875 0.0375 0.0234375
0 0.9828125 0.428125 0.0234375 0.01171875
0 0.9875 0.4375 0.01640625 0.015625
0 0.078125 0.44921875 0.02890625 0.0203125
0 0.40078125 0.4515625 0.040625 0.02109375
0 0.175 0.4640625 0.03046875 0.01484375
0 0.753125 0.471875 0.0484375 0.02421875
0 0.975 0.4703125 0.028125 0.01171875
0 0.0640625 0.49140625 0.05 0.025
0 0.12109375 0.4890625 0.046875 0.0171875
0 0.3046875 0.4875 0.034375 0.01484375
0 0.7671875 0.49296875 0.05390625 0.021875
0 0.41328125 0.496875 0.0484375 0.02421875
0 0.68125 0.503125 0.04609375 0.025
0 0.25390625 0.5046875 0.053125 0.02421875
0 0.1703125 0.5078125 0.0515625 0.02578125
0 0.38203125 0.51875 0.0390625 0.02109375
0 0.82421875 0.5203125 0.034375 0.01796875
0 0.40703125 0.53046875 0.046875 0.0296875
0 0.29453125 0.53125 0.04140625 0.02734375
0 0.853125 0.5265625 0.03359375 0.01796875
0 0.78515625 0.53125 0.034375 0.01796875
0 0.62265625 0.5359375 0.0375 0.01171875
0 0.759375 0.54765625 0.04453125 0.0203125
0 0.34140625 0.56015625 0.04140625 0.0203125
0 0.59375 0.56171875 0.0375 0.0203125
0 0.646875 0.58046875 0.0234375 0.0171875
0 0.69453125 0.5859375 0.0390625 0.02421875
0 0.965625 0.584375 0.0375 0.02109375
0 0.33359375 0.584375 0.0359375 0.01796875
0 0.21328125 0.5875 0.03203125 0.01875
0 0.665625 0.5875 0.02109375 0.01328125
0 0.47890625 0.6 0.05 0.028125
0 0.765625 0.603125 0.03203125 0.01484375
0 0.253125 0.6078125 0.0234375 0.01796875
0 0.346875 0.628125 0.02890625 0.01640625
0 0.9296875 0.6375 0.034375 0.0265625
0 0.584375 0.6359375 0.028125 0.01953125
0 0.94296875 0.646875 0.021875 0.01484375
0 0.459375 0.68671875 0.0390625 0.021875
0 0.4 0.7 0.03046875 0.02265625
0 0.41640625 0.7125 0.0390625 0.01875