0 0.56015625 0.025 0.07890625 0.03828125
0 0.55078125 0.0484375 0.0625 0.034375
0 0.61875 0.07421875 0.05390625 0.0421875
0 0.5671875 0.0859375 0.059375 0.034375
0 0.521875 0.10703125 0.0625 0.0359375
0 0.559375 0.16484375 0.0640625 0.034375
0 0.615625 0.16875 0.0515625 0.03046875
0 0.48515625 0.1765625 0.084375 0.03203125
0 0.6546875 0.21015625 0.05703125 0.0296875
0 0.603125 0.2171875 0.0640625 0.03671875
0 0.54921875 0.2234375 0.0734375 0.04453125
0 0.5109375 0.253125 0.05 0.01171875
0 0.83984375 0.296875 0.065625 0.03125
0 0.3671875 0.303125 0.0484375 0.025
0 0.425 0.3078125 0.053125 0.0234375
0 0.9046875 0.3125 0.0625 0.03203125
0 0.6453125 0.321875 0.04296875 0.02109375
0 0.528125 0.3375 0.03046875 0.025
0 0.4609375 0.3390625 0.04453125 0.0203125
0 0.571875 0.40625 0.046875 0.03515625
0 0.75 0.478125 0.03359375 0.0375
0 0.128125 0.49375 0.05703125 0.02265625
0 0.159375 0.5171875 0.065625 0.03046875
0 0.83359375 0.51875 0.053125 0.01328125
0 0.10625 0.534375 0.04609375 0.03359375
0 0.04765625 0.5390625 0.0515625 0.02578125
0 0.334375 0.55625 0.053125 0.0265625
0 0.403125 0.5578125 0.028125 0.02578125
0 0.715625 0.5640625 0.059375 0.02734375
0 0.78515625 0.5859375 0.06796875 0.0390625
0 0.028125 0.5859375 0.0484375 0.03203125
0 0.509375 0.60078125 0.059375 0.034375
0 0.41875 0.603125 0.05703125 0.02578125
0 0.3265625 0.609375 0.028125 0.02109375
0 0.678125 0.6171875 0.04296875 0.034375
0 0.70625 0.6203125 0.0515625 0.0375
0 0.178125 0.615625 0.034375 0.01953125
0 0.578125 0.6390625 0.075 0.02890625
0 0.384375 0.659375 0.03359375 0.01484375
0 0.59765625 0.671875 0.0515625 0.0328125
0 0.509375 0.6671875 0.0375 0.01953125
0 0.540625 0.68125 0.07109375 0.03828125
0 0.08828125 0.721875 0.04296875 0.028125
0 0.415625 0.734375 0.0484375 0.03515625
0 0.028125 0.7859375 0.02890625 0.01953125
0 0.1609375 0.78515625 0.028125 0.0171875
0 0.90390625 0.8328125 0.03046875 0.034375
0 0.93515625 0.8484375 0.05703125 0.02734375