0 0.4484375 0.10625 0.053125 0.03046875
0 0.4390625 0.1265625 0.046875 0.01953125
0 0.48828125 0.384375 0.05390625 0.0171875
0 0.42265625 0.49375 0.0484375 0.02421875
0 0.796875 0.50703125 0.04453125 0.0125
0 0.1859375 0.54375 0.05 0.01953125
0 0.20234375 0.5703125 0.02109375 0.01328125
0 0.2453125 0.584375 0.0375 0.021875
0 0.44140625 0.596875 0.0390625 0.03046875
0 0.1828125 0.596875 0.034375 0.0234375
0 0.02890625 0.6515625 0.025 0.01796875
0 0.68828125 0.65859375 0.015625 0.0125
0 0.4125 0.690625 0.04140625 0.01953125
0 0.44375 0.6953125 0.0375 0.01171875
0 0.42734375 0.70234375 0.0015625 0.0015625
0 0.01953125 0.72109375 0.0359375 0.0203125
0 0.840625 0.7328125 0.04296875 0.01796875
0 0.3796875 0.740625 0.04296875 0.03203125
0 0.5359375 0.740625 0.0359375 0.01796875
0 0.70859375 0.775 0.05 0.01796875
0 0.6828125 0.778125 0.040625 0.015625
0 0.0140625 0.78828125 0.025 0.021875
0 0.0203125 0.8140625 0.0375 0.02265625
0 0.384375 0.81953125 0.04296875 0.025
0 0.5265625 0.884375 0.046875 0.0203125
0 0.29375 0.89375 0.065625 0.03671875
0 0.5859375 0.890625 0.046875 0.02265625