0 0.13333333281249998 0.403125 0.15277777812499999 0.3984375 0.15277777812499999 0.39453125 0.15555555625 0.39375 0.15277777812499999 0.38515625 0.1416666671875 0.38046875 0.12361111093749999 0.38046875 0.1208333328125 0.38203125 0.1208333328125 0.4 0.1263888890625 0.403125 0.13333333281249998 0.403125
0 0.5416666671875 0.35625 0.5555555562500001 0.3484375 0.5555555562500001 0.33828125 0.5527777781250001 0.33671875 0.5236111109375 0.33671875 0.5208333328125 0.33828125 0.5208333328125 0.3546875 0.5236111109375 0.35625 0.5416666671875 0.35625
0 0.5458333328125 0.528125 0.5527777781250001 0.528125 0.5541666671875001 0.5265625 0.5638888890625 0.525 0.575 0.51875 0.575 0.51640625 0.577777778125 0.515625 0.575 0.51015625 0.5638888890625 0.50546875 0.534722221875 0.50546875 0.5319444437499999 0.50703125 0.5319444437499999 0.521875 0.5375 0.525 0.5416666671875 0.525 0.5458333328125 0.528125
0 0.32777777812500003 0.534375 0.334722221875 0.53125 0.3416666671875 0.53125 0.34444444375 0.5296875 0.34444444375 0.50703125 0.3416666671875 0.50546875 0.30416666718749996 0.50703125 0.2986111109375 0.51171875 0.2986111109375 0.5296875 0.3125 0.534375 0.32777777812500003 0.534375
0 0.7333333328125 0.3359375 0.7333333328125 0.32578125 0.73055555625 0.32421875 0.7013888890625 0.32421875 0.6986111109375 0.32578125 0.7013888890625 0.340625 0.7166666671875 0.3421875 0.7208333328125 0.3390625 0.7333333328125 0.3359375
0 0.08055555625000001 0.0796875 0.0888888890625 0.0734375 0.0888888890625 0.06328125 0.0861111109375 0.06171875 0.05694444375 0.06171875 0.054166667187499996 0.06328125 0.054166667187499996 0.0796875 0.05694444375 0.08125 0.08055555625000001 0.0796875
0 0.16388888906250001 0.30546875 0.134722221875 0.30546875 0.13194444375 0.30703125 0.134722221875 0.31875 0.16388888906250001 0.31875 0.1666666671875 0.3171875 0.16388888906250001 0.30546875
0 0.08194444375 0.5953125 0.10833333281249999 0.5921875 0.1111111109375 0.56953125 0.10833333281249999 0.56796875 0.06805555625000001 0.56796875 0.06527777812499999 0.56953125 0.06527777812499999 0.590625 0.07083333281250001 0.59375 0.08194444375 0.5953125
0 0.56805555625 0.4140625 0.5722222218749999 0.4140625 0.5763888890625 0.4171875 0.5888888890625 0.4171875 0.602777778125 0.4109375 0.602777778125 0.40859375 0.6083333328125 0.4046875 0.6083333328125 0.40078125 0.597222221875 0.39296875 0.5708333328124999 0.39296875 0.565277778125 0.39609375 0.565277778125 0.4109375 0.56805555625 0.41171875 0.56805555625 0.4140625
0 0.34722222187499996 0.19375 0.35555555625 0.1875 0.35555555625 0.17578125 0.352777778125 0.17421875 0.3236111109375 0.17421875 0.32083333281250004 0.17578125 0.32083333281250004 0.1921875 0.3263888890625 0.1953125 0.34722222187499996 0.19375
0 0.6375 0.525 0.6416666671875 0.525 0.64444444375 0.50859375 0.6388888890625 0.50546875 0.6013888890625 0.50546875 0.5986111109375 0.50703125 0.5986111109375 0.525 0.60694444375 0.5296875 0.63055555625 0.5296875 0.6375 0.525
0 0.7291666671875 0.55 0.752777778125 0.55 0.7666666671875 0.5421875 0.7666666671875 0.52734375 0.7611111109375 0.52421875 0.7236111109375 0.52421875 0.7208333328125 0.52578125 0.7208333328125 0.5453125 0.7236111109375 0.5484375 0.7291666671875 0.55
0 0.36805555624999997 0.55625 0.3888888890625 0.55625 0.39027777812500003 0.5546875 0.39444444375 0.5546875 0.40833333281249995 0.546875 0.41111111093749997 0.53828125 0.40833333281249995 0.5375 0.40833333281249995 0.53515625 0.397222221875 0.53046875 0.35694444375 0.53046875 0.3541666671875 0.53203125 0.3541666671875 0.5484375 0.35694444375 0.54921875 0.35694444375 0.5515625 0.36805555624999997 0.55625
0 0.85 0.5171875 0.85555555625 0.5125 0.85555555625 0.49609375 0.85 0.49296875 0.815277778125 0.49296875 0.809722221875 0.49609375 0.809722221875 0.5171875 0.8125 0.51875 0.85 0.5171875
0 0.20555555625 0.15625 0.21111111093749999 0.1515625 0.21111111093749999 0.13828125 0.20833333281250002 0.13671875 0.17916666718750002 0.13671875 0.1763888890625 0.13828125 0.1763888890625 0.1546875 0.190277778125 0.159375 0.20555555625 0.15625
0 0.36666666718749996 0.20234375 0.3611111109375 0.19921875 0.334722221875 0.19921875 0.33194444375 0.2171875 0.3611111109375 0.21875 0.36666666718749996 0.215625 0.36666666718749996 0.20234375
0 0.11944444375 0.1578125 0.13055555624999998 0.1546875 0.13333333281249998 0.15 0.13055555624999998 0.13828125 0.125 0.13671875 0.0986111109375 0.13671875 0.09305555625 0.13828125 0.0875 0.14453125 0.090277778125 0.15625 0.0958333328125 0.1578125 0.11944444375 0.1578125
0 0.2666666671875 0.4046875 0.27777777812500004 0.3984375 0.27777777812500004 0.38828125 0.25694444375000003 0.38671875 0.2541666671875 0.38828125 0.2541666671875 0.4015625 0.25694444375000003 0.4046875 0.2666666671875 0.4046875
0 0.055555556250000006 0.6171875 0.055555556250000006 0.61015625 0.047222221875 0.60546875 0.0125 0.60546875 0.009722221875000001 0.60703125 0.009722221875000001 0.6234375 0.0125 0.625 0.030555556249999997 0.625 0.055555556250000006 0.6171875
0 0.5388888890625 0.5375 0.54444444375 0.534375 0.54444444375 0.52578125 0.5305555562500001 0.51796875 0.5125 0.51796875 0.5097222218749999 0.51953125 0.5097222218749999 0.5359375 0.5125 0.5375 0.5388888890625 0.5375
0 0.6777777781250001 0.4859375 0.675 0.46953125 0.6666666671875 0.46796875 0.6347222218749999 0.46796875 0.6319444437499999 0.46953125 0.6319444437499999 0.4859375 0.6458333328125 0.490625 0.6611111109375 0.490625 0.6777777781250001 0.4859375
0 0.2986111109375 0.48046875 0.2986111109375 0.4984375 0.30416666718749996 0.503125 0.31944444375000003 0.503125 0.32083333281250004 0.5015625 0.32777777812500003 0.5015625 0.34444444375 0.4921875 0.34444444375 0.48828125 0.3416666671875 0.4875 0.3416666671875 0.48359375 0.3361111109375 0.48125 0.33055555625 0.47421875 0.30694444375 0.47421875 0.30555555624999997 0.47578125 0.3013888890625 0.47578125 0.3013888890625 0.4796875 0.2986111109375 0.48046875
0 0.14444444375 0.35625 0.15277777812499999 0.3484375 0.15277777812499999 0.34453125 0.1416666671875 0.33671875 0.12361111093749999 0.33671875 0.1208333328125 0.33828125 0.1208333328125 0.3546875 0.12361111093749999 0.35625 0.14444444375 0.35625
0 0.2791666671875 0.171875 0.28194444375 0.1734375 0.2888888890625 0.1734375 0.290277778125 0.175 0.29722222187499997 0.175 0.3111111109375 0.1671875 0.3111111109375 0.15859375 0.30555555624999997 0.15546875 0.2791666671875 0.15546875 0.27638888906250003 0.15703125 0.27638888906250003 0.16875 0.2791666671875 0.16953125 0.2791666671875 0.171875
0 0.222222221875 0.1671875 0.2236111109375 0.16875 0.23055555625 0.16875 0.24722222187499998 0.159375 0.24722222187499998 0.15703125 0.252777778125 0.15625 0.252777778125 0.15078125 0.24722222187499998 0.1484375 0.24722222187499998 0.14609375 0.2416666671875 0.14296875 0.2125 0.14296875 0.20972222187499998 0.14453125 0.20972222187499998 0.1609375 0.21805555625 0.1671875 0.222222221875 0.1671875
0 0.0486111109375 0.15625 0.055555556250000006 0.1546875 0.058333332812500006 0.14609375 0.052777778124999994 0.14296875 0.0236111109375 0.14296875 0.0208333328125 0.14453125 0.0208333328125 0.1609375 0.0236111109375 0.1625 0.0416666671875 0.1609375 0.0486111109375 0.15625
0 0.15555555625 0.18125 0.15555555625 0.16953125 0.134722221875 0.16796875 0.13194444375 0.18125 0.134722221875 0.1859375 0.14444444375 0.1859375 0.15555555625 0.18125
0 0.73055555625 0.409375 0.727777778125 0.39921875 0.6986111109375 0.40078125 0.6986111109375 0.409375 0.7041666671875 0.4125 0.722222221875 0.4125 0.73055555625 0.409375
0 0.030555556249999997 0.2125 0.0333333328125 0.20546875 0.030555556249999997 0.2046875 0.030555556249999997 0.20078125 0.0125 0.19921875 0.009722221875000001 0.20078125 0.009722221875000001 0.2125 0.019444443750000002 0.215625 0.030555556249999997 0.2125
0 0.377777778125 0.27734375 0.372222221875 0.27421875 0.34305555625 0.27578125 0.3458333328125 0.2890625 0.36666666718749996 0.2890625 0.377777778125 0.2859375 0.377777778125 0.27734375
0 0.597222221875 0.35625 0.60555555625 0.3484375 0.602777778125 0.33828125 0.597222221875 0.33671875 0.56805555625 0.33671875 0.565277778125 0.33828125 0.565277778125 0.353125 0.5708333328124999 0.35625 0.597222221875 0.35625
0 0.2388888890625 0.3984375 0.24444444375000002 0.38828125 0.2416666671875 0.38671875 0.2236111109375 0.38671875 0.2208333328125 0.38828125 0.2208333328125 0.3984375 0.2236111109375 0.4 0.2388888890625 0.3984375
0 0.13055555624999998 0.225 0.13194444375 0.2265625 0.15277777812499999 0.225 0.1583333328125 0.221875 0.1583333328125 0.21796875 0.1611111109375 0.2171875 0.1611111109375 0.21328125 0.1583333328125 0.2125 0.15555555625 0.20703125 0.15277777812499999 0.20546875 0.134722221875 0.20546875 0.1208333328125 0.21328125 0.1208333328125 0.2234375 0.12361111093749999 0.225 0.13055555624999998 0.225
0 0.3166666671875 0.2 0.31944444375000003 0.1984375 0.31944444375000003 0.19453125 0.322222221875 0.19375 0.31944444375000003 0.18671875 0.3083333328125 0.18046875 0.290277778125 0.18046875 0.2875 0.18203125 0.2875 0.196875 0.29305555625 0.2 0.3166666671875 0.2
0 0.31944444375000003 0.3234375 0.32777777812500003 0.3171875 0.32777777812500003 0.30859375 0.322222221875 0.30546875 0.3013888890625 0.30546875 0.2986111109375 0.30703125 0.3013888890625 0.3203125 0.30694444375 0.3234375 0.31944444375000003 0.3234375
0 0.2 0.35234375 0.19444444375 0.34921875 0.16805555625 0.34921875 0.165277778125 0.3671875 0.19444444375 0.36875 0.2 0.365625 0.2 0.35234375
0 0.2416666671875 0.4359375 0.2416666671875 0.43203125 0.2388888890625 0.43046875 0.2125 0.43046875 0.20972222187499998 0.43203125 0.20972222187499998 0.4390625 0.2125 0.4421875 0.225 0.4421875 0.2416666671875 0.4359375
0 0.547222221875 0.4328125 0.547222221875 0.42578125 0.5236111109375 0.42421875 0.5208333328125 0.434375 0.5263888890625 0.4375 0.5416666671875 0.4375 0.547222221875 0.4328125
0 0.3263888890625 0.1515625 0.3416666671875 0.1484375 0.34444444375 0.13671875 0.34722222187499996 0.1359375 0.3416666671875 0.13046875 0.3236111109375 0.13046875 0.32083333281250004 0.13203125 0.32083333281250004 0.1484375 0.3263888890625 0.1515625
0 0.055555556250000006 0.08828125 0.052777778124999994 0.08671875 0.026388889062499997 0.08671875 0.0208333328125 0.08984375 0.0236111109375 0.103125 0.0416666671875 0.103125 0.055555556250000006 0.0984375 0.055555556250000006 0.08828125
0 0.672222221875 0.396875 0.6805555562500001 0.3921875 0.6777777781250001 0.38203125 0.675 0.38046875 0.6569444437499999 0.38046875 0.6541666671875 0.38203125 0.6541666671875 0.39375 0.659722221875 0.396875 0.672222221875 0.396875
0 0.7194444437499999 0.55 0.722222221875 0.5484375 0.722222221875 0.53828125 0.7194444437499999 0.53671875 0.7013888890625 0.53671875 0.6986111109375 0.53828125 0.6986111109375 0.5484375 0.7013888890625 0.55 0.7194444437499999 0.55
0 0.3416666671875 0.32578125 0.3236111109375 0.32421875 0.32083333281250004 0.3359375 0.3236111109375 0.3375 0.3416666671875 0.3359375 0.3416666671875 0.32578125
0 0.1 0.121875 0.1 0.11484375 0.09444444375 0.11171875 0.06805555625000001 0.11171875 0.06527777812499999 0.11328125 0.06527777812499999 0.1234375 0.07083333281250001 0.1265625 0.0861111109375 0.1265625 0.1 0.121875
0 0.0888888890625 0.1484375 0.09444444375 0.1421875 0.09444444375 0.13203125 0.06805555625000001 0.13046875 0.06527777812499999 0.13203125 0.06527777812499999 0.146875 0.07083333281250001 0.15 0.0888888890625 0.1484375
0 0.11388888906250001 0.36328125 0.10833333281249999 0.36171875 0.0875 0.36328125 0.090277778125 0.371875 0.1 0.371875 0.11388888906250001 0.3671875 0.11388888906250001 0.36328125
0 0.41111111093749997 0.19453125 0.40138888906250003 0.19296875 0.3986111109375 0.20625 0.40138888906250003 0.209375 0.40833333281249995 0.209375 0.41111111093749997 0.19453125
0 0.15277777812499999 0.15625 0.1583333328125 0.153125 0.15555555625 0.13828125 0.15277777812499999 0.13671875 0.134722221875 0.13671875 0.13194444375 0.13828125 0.134722221875 0.1515625 0.1458333328125 0.15625 0.15277777812499999 0.15625
0 0.375 0.33125 0.38055555625 0.328125 0.377777778125 0.31953125 0.375 0.31796875 0.35694444375 0.31796875 0.3541666671875 0.31953125 0.3541666671875 0.3296875 0.35694444375 0.33125 0.375 0.33125
0 0.24583333281250003 0.146875 0.252777778125 0.146875 0.2638888890625 0.1390625 0.2638888890625 0.13203125 0.23472222187499997 0.13046875 0.23194444375 0.13203125 0.23194444375 0.1421875 0.2416666671875 0.14375 0.24583333281250003 0.146875
0 0.5833333328125 0.390625 0.5861111109375 0.3859375 0.5833333328125 0.38203125 0.577777778125 0.38046875 0.5541666671875001 0.38203125 0.5541666671875001 0.3921875 0.559722221875 0.3953125 0.577777778125 0.39375 0.5833333328125 0.390625
0 0.22777777812500002 0.11875 0.23333333281250002 0.1140625 0.23333333281250002 0.10703125 0.23055555625 0.10546875 0.2125 0.10546875 0.20972222187499998 0.10703125 0.20972222187499998 0.1171875 0.215277778125 0.1203125 0.22777777812500002 0.11875
0 0.6861111109375 0.40703125 0.6541666671875 0.40703125 0.6569444437499999 0.4203125 0.6708333328125 0.4171875 0.6861111109375 0.4171875 0.6861111109375 0.40703125
0 0.052777778124999994 0.128125 0.055555556250000006 0.12109375 0.05 0.11796875 0.0236111109375 0.11796875 0.0208333328125 0.11953125 0.0208333328125 0.1296875 0.0236111109375 0.1328125 0.04444444375 0.13125 0.052777778124999994 0.128125
0 0.08194444375 0.2515625 0.0861111109375 0.2515625 0.0888888890625 0.24453125 0.08055555625000001 0.23828125 0.06805555625000001 0.23671875 0.06527777812499999 0.23828125 0.06527777812499999 0.253125 0.077777778125 0.2546875 0.08194444375 0.2515625
0 0.23333333281250002 0.30078125 0.2236111109375 0.29921875 0.2208333328125 0.30625 0.22638888906250001 0.3109375 0.23055555625 0.3109375 0.23333333281250002 0.30078125
0 0.1861111109375 0.4375 0.1888888890625 0.4359375 0.1888888890625 0.42578125 0.1861111109375 0.42421875 0.16805555625 0.42421875 0.165277778125 0.42578125 0.165277778125 0.4359375 0.1708333328125 0.4390625 0.1861111109375 0.4375
0 0.061111110937500004 0.19296875 0.034722221875 0.19296875 0.03194444375 0.19453125 0.034722221875 0.2015625 0.058333332812500006 0.2015625 0.0666666671875 0.1984375 0.061111110937500004 0.19296875
0 0.66944444375 0.40703125 0.6569444437499999 0.40546875 0.6541666671875 0.4171875 0.6569444437499999 0.421875 0.6638888890625 0.421875 0.66944444375 0.40703125
0 0.54444444375 0.4359375 0.547222221875 0.43125 0.54444444375 0.41953125 0.5236111109375 0.41796875 0.5208333328125 0.41953125 0.5236111109375 0.4359375 0.534722221875 0.4375 0.54444444375 0.4359375
0 0.03194444375 0.08828125 0.030555556249999997 0.08984375 0.019444443750000002 0.08671875 0.009722221875000001 0.08828125 0.0125 0.103125 0.0388888890625 0.1015625 0.0416666671875 0.08828125 0.03194444375 0.08828125
0 0.06944444375 0.23125 0.06944444375 0.22578125 0.0458333328125 0.22421875 0.04305555625 0.2359375 0.0458333328125 0.2375 0.0638888890625 0.2359375 0.06944444375 0.23125
0 0.1833333328125 0.3796875 0.1833333328125 0.37578125 0.16805555625 0.37421875 0.165277778125 0.3859375 0.175 0.3875 0.177777778125 0.38203125 0.1833333328125 0.3796875
0 0.6916666671875 0.40703125 0.66805555625 0.40546875 0.665277778125 0.4171875 0.6861111109375 0.41875 0.6916666671875 0.4125 0.6916666671875 0.40703125
0 0.127777778125 0.4953125 0.13333333281249998 0.48984375 0.127777778125 0.48671875 0.1125 0.48671875 0.109722221875 0.496875 0.12222222187500001 0.4984375 0.12222222187500001 0.49609375 0.127777778125 0.4953125
0 0.6638888890625 0.4234375 0.6666666671875 0.41328125 0.6458333328125 0.41171875 0.64305555625 0.41328125 0.6458333328125 0.4203125 0.6541666671875 0.4234375 0.6638888890625 0.4234375
0 0.375 0.33671875 0.35694444375 0.33671875 0.3541666671875 0.33828125 0.35694444375 0.346875 0.3638888890625 0.346875 0.377777778125 0.3421875 0.375 0.33671875