0 0.4739583328125 0.1953125 0.46006944375 0.193359375 0.43402777812500004 0.2060546875 0.43402777812500004 0.2177734375 0.4427083328125 0.224609375 0.47222222187499996 0.2255859375 0.4826388890625 0.2216796875 0.4895833328125 0.2119140625 0.4826388890625 0.2001953125 0.4739583328125 0.1953125
0 0.5642361109375 0.30078125 0.5451388890625 0.3095703125 0.5416666671875 0.3232421875 0.5572916671875 0.33203125 0.5798611109375 0.3349609375 0.590277778125 0.3310546875 0.597222221875 0.3154296875 0.5850694437499999 0.302734375 0.5642361109375 0.30078125
0 0.609375 0.19140625 0.590277778125 0.2001953125 0.590277778125 0.2158203125 0.605902778125 0.22265625 0.625 0.2216796875 0.6354166671875 0.2119140625 0.6388888890625 0.2001953125 0.6302083328125 0.193359375 0.609375 0.19140625
0 0.4270833328125 0.3115234375 0.4270833328125 0.3212890625 0.4392361109375 0.330078125 0.46875 0.3310546875 0.47222222187499996 0.3193359375 0.46006944375 0.3125 0.4392361109375 0.30859375 0.4270833328125 0.3115234375
0 0.640625 0.203125 0.625 0.2197265625 0.625 0.2255859375 0.6336805562500001 0.23046875 0.652777778125 0.2314453125 0.6736111109375 0.2197265625 0.6736111109375 0.2119140625 0.6579861109375 0.201171875 0.640625 0.203125
0 0.043402778125 0.302734375 0.02430555625 0.3115234375 0.02430555625 0.3232421875 0.03993055625 0.328125 0.059027778125 0.3271484375 0.06944444375 0.3232421875 0.07638888906249999 0.3095703125 0.0607638890625 0.302734375 0.043402778125 0.302734375
0 0.5677083328125 0.439453125 0.559027778125 0.4462890625 0.559027778125 0.4599609375 0.5642361109375 0.462890625 0.590277778125 0.4619140625 0.6006944437499999 0.4541015625 0.597222221875 0.4443359375 0.5850694437499999 0.439453125 0.5677083328125 0.439453125
0 0.605902778125 0.720703125 0.5885416671875 0.72265625 0.5798611109375 0.7353515625 0.5833333328125 0.7490234375 0.597222221875 0.7529296875 0.6024305562500001 0.744140625 0.625 0.7412109375 0.6180555562500001 0.7255859375 0.605902778125 0.720703125
0 0.390625 0.421875 0.36805555624999997 0.4287109375 0.3645833328125 0.4462890625 0.3697916671875 0.44921875 0.37847222187499996 0.4482421875 0.4166666671875 0.4404296875 0.4201388890625 0.4287109375 0.4079861109375 0.421875 0.390625 0.421875
0 0.6979166671875 0.6748046875 0.6892361109375 0.66796875 0.668402778125 0.666015625 0.659722221875 0.6689453125 0.659722221875 0.6767578125 0.6770833328125 0.6865234375 0.652777778125 0.7021484375 0.668402778125 0.71484375 0.6770833328125 0.7138671875 0.6892361109375 0.712890625 0.6979166671875 0.7080078125 0.690972221875 0.6943359375 0.6979166671875 0.6748046875
0 0.3697916671875 0.587890625 0.3489583328125 0.587890625 0.3263888890625 0.5986328125 0.33159722187499996 0.607421875 0.33506944375000003 0.60546875 0.3454861109375 0.611328125 0.3576388890625 0.6123046875 0.3732638890625 0.607421875 0.38194444375000003 0.5986328125 0.38194444375000003 0.5927734375 0.3697916671875 0.587890625
0 0.5173611109375 0.1962890625 0.5208333328125 0.2001953125 0.5364583328125 0.208984375 0.5451388890625 0.2080078125 0.5486111109375 0.1962890625 0.5329861109375 0.1875 0.5260416671875 0.1875 0.5173611109375 0.1962890625
0 0.644097221875 0.775390625 0.6232638890625 0.7734375 0.6145833328125 0.7783203125 0.621527778125 0.7880859375 0.6267361109375 0.791015625 0.6354166671875 0.7900390625 0.659722221875 0.7841796875 0.659722221875 0.7783203125 0.6510416671875 0.771484375 0.644097221875 0.775390625
0 0.6736111109375 0.4169921875 0.6701388890625 0.4208984375 0.675347221875 0.427734375 0.7083333328125 0.4326171875 0.722222221875 0.4248046875 0.7170138890625 0.412109375 0.6961805562500001 0.412109375 0.6736111109375 0.4169921875
0 0.621527778125 0.3994140625 0.621527778125 0.4111328125 0.6267361109375 0.4140625 0.6458333328125 0.4130859375 0.6493055562500001 0.4013671875 0.637152778125 0.39453125 0.6302083328125 0.39453125 0.621527778125 0.3994140625
0 0.7100694437499999 0.439453125 0.6875 0.4482421875 0.6875 0.4599609375 0.6961805562500001 0.46484375 0.7291666671875 0.4658203125 0.7395833328125 0.4580078125 0.7395833328125 0.4501953125 0.730902778125 0.443359375 0.7100694437499999 0.439453125
0 0.7135416671875 0.50390625 0.7048611109375 0.5087890625 0.7048611109375 0.5185546875 0.7135416671875 0.525390625 0.7291666671875 0.5263671875 0.746527778125 0.5224609375 0.7430555562500001 0.5107421875 0.734375 0.50390625 0.7135416671875 0.50390625
0 0.5104166671875 0.3525390625 0.5225694437499999 0.365234375 0.5381944437499999 0.3642578125 0.5451388890625 0.3564453125 0.5364583328125 0.349609375 0.5295138890625 0.34765625 0.5104166671875 0.3525390625
0 0.078125 0.3125 0.065972221875 0.3232421875 0.06944444375 0.3330078125 0.08506944375 0.33984375 0.1041666671875 0.3388671875 0.1145833328125 0.3271484375 0.1111111109375 0.3193359375 0.09895833281250001 0.314453125 0.078125 0.3125
0 0.4548611109375 0.4013671875 0.44965277812500004 0.3984375 0.4357638890625 0.3984375 0.42534722187499996 0.404296875 0.41493055625 0.3984375 0.4079861109375 0.3984375 0.39930555624999997 0.4052734375 0.39930555624999997 0.4150390625 0.4045138890625 0.419921875 0.41319444375 0.4189453125 0.41840277812500004 0.416015625 0.44618055625 0.416015625 0.4548611109375 0.4111328125 0.4548611109375 0.4013671875
0 0.7395833328125 0.5576171875 0.7395833328125 0.5693359375 0.7517361109375 0.576171875 0.7604166671875 0.5751953125 0.7638888890625 0.5595703125 0.7586805562500001 0.5546875 0.7447916671875 0.5546875 0.7395833328125 0.5576171875
0 0.43402777812500004 0.7060546875 0.4392361109375 0.712890625 0.4583333328125 0.7119140625 0.46527777812500004 0.7080078125 0.46527777812500004 0.7001953125 0.46006944375 0.697265625 0.43402777812500004 0.7060546875
0 0.105902778125 0.78515625 0.097222221875 0.7900390625 0.09375 0.8037109375 0.112847221875 0.810546875 0.13194444375 0.8095703125 0.15277777812499999 0.8017578125 0.14930555625 0.7900390625 0.1232638890625 0.783203125 0.105902778125 0.78515625
0 0.5885416671875 0.55078125 0.5729166671875 0.5576171875 0.5850694437499999 0.568359375 0.6041666671875 0.5673828125 0.6111111109375 0.5634765625 0.6111111109375 0.5576171875 0.6024305562500001 0.552734375 0.5885416671875 0.55078125
0 0.7725694437499999 0.494140625 0.7638888890625 0.5009765625 0.7638888890625 0.5185546875 0.7760416671875 0.5234375 0.78125 0.5224609375 0.7986111109375 0.5087890625 0.7986111109375 0.4970703125 0.7899305562500001 0.4921875 0.7725694437499999 0.494140625
0 0.796875 0.564453125 0.8263888890625 0.5673828125 0.828125 0.552734375 0.8072916671874999 0.55078125 0.7916666671875 0.5556640625 0.796875 0.564453125
0 0.5885416671875 0.4921875 0.5833333328125 0.4951171875 0.5868055562500001 0.5087890625 0.6024305562500001 0.51953125 0.6111111109375 0.5185546875 0.621527778125 0.5146484375 0.621527778125 0.5009765625 0.612847221875 0.494140625 0.5885416671875 0.4921875
0 0.512152778125 0.724609375 0.49131944375 0.72265625 0.46180555625 0.7294921875 0.46180555625 0.7373046875 0.4739583328125 0.74609375 0.49131944375 0.75 0.5069444437499999 0.7490234375 0.5173611109375 0.7451171875 0.5208333328125 0.7392578125 0.5208333328125 0.7294921875 0.512152778125 0.724609375
0 0.0607638890625 0.744140625 0.05208333281250001 0.7509765625 0.0607638890625 0.763671875 0.08333333281250001 0.7646484375 0.1041666671875 0.7548828125 0.1041666671875 0.7431640625 0.09548611093750001 0.73828125 0.0607638890625 0.744140625
0 0.40277777812500004 0.2666015625 0.39930555624999997 0.2763671875 0.41840277812500004 0.2890625 0.43055555625 0.2880859375 0.4375 0.2685546875 0.42881944375 0.263671875 0.41493055625 0.26171875 0.40277777812500004 0.2666015625
0 0.3107638890625 0.6953125 0.2951388890625 0.7021484375 0.2951388890625 0.7060546875 0.3072916671875 0.7109375 0.3333333328125 0.7119140625 0.3420138890625 0.7109375 0.35069444375000003 0.7041015625 0.3420138890625 0.6953125 0.3107638890625 0.6953125
0 0.38194444375000003 0.7392578125 0.38715277812500004 0.7421875 0.39930555624999997 0.7412109375 0.40277777812500004 0.7294921875 0.38715277812500004 0.724609375 0.37847222187499996 0.7294921875 0.38194444375000003 0.7392578125
0 0.46527777812500004 0.2646484375 0.45659722187499996 0.2578125 0.4357638890625 0.251953125 0.42881944375 0.251953125 0.39930555624999997 0.2685546875 0.40277777812500004 0.2802734375 0.41840277812500004 0.2890625 0.43055555625 0.2880859375 0.4375 0.2724609375 0.4427083328125 0.26953125 0.453125 0.271484375 0.46527777812500004 0.2646484375
0 0.14409722187500001 0.49609375 0.13194444375 0.5029296875 0.140625 0.513671875 0.16319444375 0.5126953125 0.17013888906250002 0.5107421875 0.17013888906250002 0.5048828125 0.15798611093749998 0.49609375 0.14409722187500001 0.49609375
0 0.16493055625 0.529296875 0.15972222187500001 0.5380859375 0.17361111093749998 0.5400390625 0.1927083328125 0.537109375 0.1979166671875 0.5322265625 0.18923611093749998 0.52734375 0.16493055625 0.529296875
0 0.4166666671875 0.5908203125 0.4166666671875 0.5986328125 0.42881944375 0.60546875 0.4513888890625 0.6044921875 0.46180555625 0.6005859375 0.4583333328125 0.5888671875 0.42881944375 0.58203125 0.4166666671875 0.5908203125
0 0.6805555562500001 0.5361328125 0.6805555562500001 0.5458984375 0.6857638890625 0.548828125 0.6944444437499999 0.5478515625 0.7013888890625 0.5400390625 0.6927083328125 0.533203125 0.6857638890625 0.533203125 0.6805555562500001 0.5361328125
0 0.5954861109375 0.40625 0.6076388890625 0.4052734375 0.6111111109375 0.4033203125 0.605902778125 0.396484375 0.590277778125 0.4013671875 0.5954861109375 0.40625
0 0.902777778125 0.5087890625 0.9114583328125001 0.513671875 0.9201388890625 0.5126953125 0.9305555562500001 0.5068359375 0.9114583328125001 0.49609375 0.902777778125 0.5009765625 0.902777778125 0.5087890625
0 0.46180555625 0.2548828125 0.46180555625 0.2724609375 0.4513888890625 0.2763671875 0.45659722187499996 0.28125 0.46527777812500004 0.2802734375 0.4791666671875 0.2724609375 0.4791666671875 0.2568359375 0.4704861109375 0.251953125 0.46180555625 0.2548828125