0 0.047222221875 0.5375 0.052777778124999994 0.5359375 0.058333332812500006 0.528125 0.055555556250000006 0.51328125 0.052777778124999994 0.51171875 0.0236111109375 0.51171875 0.01805555625 0.51328125 0.009722221875000001 0.51953125 0.009722221875000001 0.534375 0.015277778124999999 0.5375 0.047222221875 0.5375
0 0.8652777781250001 0.5546875 0.8791666671874999 0.5625 0.9138888890624999 0.5625 0.915277778125 0.5609375 0.91944444375 0.5609375 0.9263888890624999 0.55625 0.9305555562500001 0.55625 0.9333333328125001 0.5546875 0.9333333328125001 0.55078125 0.9361111109375001 0.55 0.9361111109375001 0.54765625 0.9416666671874999 0.54375 0.9416666671874999 0.53515625 0.9388888890624999 0.534375 0.9388888890624999 0.53203125 0.9333333328125001 0.5296875 0.9333333328125001 0.52578125 0.91944444375 0.51796875 0.8791666671874999 0.51796875 0.8680555562500001 0.52421875 0.8680555562500001 0.5265625 0.8652777781250001 0.52734375 0.8652777781250001 0.5546875
0 0.7638888890625 0.4625 0.777777778125 0.4546875 0.777777778125 0.44296875 0.775 0.4421875 0.775 0.43984375 0.7666666671875 0.43671875 0.734722221875 0.43671875 0.73194444375 0.43828125 0.73194444375 0.459375 0.7375 0.4625 0.7638888890625 0.4625
0 0.177777778125 0.21953125 0.1458333328125 0.21796875 0.14305555625 0.2359375 0.172222221875 0.2375 0.177777778125 0.234375 0.177777778125 0.21953125
0 0.7194444437499999 0.41875 0.727777778125 0.4109375 0.725 0.40234375 0.7194444437499999 0.39921875 0.690277778125 0.39921875 0.6875 0.40078125 0.6875 0.415625 0.69305555625 0.41875 0.7194444437499999 0.41875
0 0.9291666671875 0.61875 0.95 0.61875 0.9513888890625 0.6171875 0.9583333328125001 0.6171875 0.965277778125 0.6125 0.9694444437499999 0.6125 0.975 0.609375 0.975 0.60546875 0.977777778125 0.6046875 0.977777778125 0.59140625 0.9611111109375001 0.58046875 0.9013888890624999 0.58046875 0.8986111109375001 0.58203125 0.8986111109375001 0.6109375 0.9013888890624999 0.6125 0.9138888890624999 0.6125 0.9291666671875 0.61875
0 0.05 0.23125 0.058333332812500006 0.2234375 0.055555556250000006 0.21328125 0.052777778124999994 0.21171875 0.0236111109375 0.21171875 0.0208333328125 0.21328125 0.0208333328125 0.2296875 0.0236111109375 0.23125 0.05 0.23125
0 0.6541666671875 0.5609375 0.6583333328125 0.5609375 0.66944444375 0.5546875 0.66944444375 0.55234375 0.6777777781250001 0.5484375 0.6777777781250001 0.53984375 0.672222221875 0.53671875 0.6513888890625 0.53671875 0.65 0.53828125 0.64305555625 0.53828125 0.6416666671875 0.53984375 0.6375 0.53984375 0.6333333328124999 0.53671875 0.6236111109375 0.53671875 0.6208333328125 0.53828125 0.6208333328125 0.5546875 0.6347222218749999 0.5625 0.652777778125 0.5625 0.6541666671875 0.5609375
0 0.43333333281249997 0.3359375 0.43333333281249997 0.32578125 0.43055555625 0.32421875 0.40138888906250003 0.32421875 0.3986111109375 0.32578125 0.3986111109375 0.3375 0.40416666718750005 0.340625 0.41944444374999995 0.3421875 0.43333333281249997 0.3359375
0 0.13055555624999998 0.19375 0.13055555624999998 0.18671875 0.127777778125 0.18359375 0.11944444375 0.18046875 0.090277778125 0.18046875 0.0875 0.18203125 0.0875 0.196875 0.09305555625 0.2 0.11944444375 0.2 0.13055555624999998 0.19375
0 0.40555555625000006 0.5171875 0.41111111093749997 0.5109375 0.40833333281249995 0.50234375 0.4 0.49921875 0.3791666671875 0.49921875 0.3763888890625 0.50078125 0.3763888890625 0.5171875 0.3791666671875 0.51875 0.40555555625000006 0.5171875
0 0.8444444437499999 0.4171875 0.8444444437499999 0.41484375 0.85555555625 0.4109375 0.85555555625 0.40078125 0.8236111109375001 0.39921875 0.8208333328125 0.40078125 0.8236111109375001 0.4171875 0.8291666671875 0.41875 0.8444444437499999 0.4171875
0 0.922222221875 0.415625 0.922222221875 0.39453125 0.9013888890624999 0.39296875 0.8986111109375001 0.415625 0.9041666671874999 0.41875 0.9166666671874999 0.41875 0.922222221875 0.415625
0 0.0416666671875 0.11875 0.04444444375 0.1171875 0.04444444375 0.11484375 0.052777778124999994 0.109375 0.055555556250000006 0.10234375 0.05 0.09921875 0.0236111109375 0.09921875 0.0208333328125 0.10078125 0.0208333328125 0.115625 0.026388889062499997 0.11875 0.0416666671875 0.11875
0 0.3013888890625 0.45546875 0.2986111109375 0.45703125 0.3013888890625 0.4640625 0.33055555625 0.4609375 0.32777777812500003 0.45546875 0.3013888890625 0.45546875
0 0.2638888890625 0.36875 0.2666666671875 0.3671875 0.2638888890625 0.35234375 0.25 0.34921875 0.23472222187499997 0.34921875 0.23194444375 0.35078125 0.23194444375 0.365625 0.24583333281250003 0.3703125 0.2638888890625 0.36875
0 0.93194444375 0.4125 0.934722221875 0.415625 0.95 0.4140625 0.9638888890624999 0.4078125 0.9666666671874999 0.4046875 0.9638888890624999 0.39453125 0.9583333328125001 0.39296875 0.934722221875 0.39296875 0.93194444375 0.39453125 0.93194444375 0.4125
0 0.18055555625 0.25859375 0.175 0.25546875 0.15694444375 0.25546875 0.1541666671875 0.2734375 0.175 0.275 0.18055555625 0.26875 0.18055555625 0.25859375
0 0.275 0.2875 0.28611111093749997 0.2796875 0.28611111093749997 0.26953125 0.25694444375000003 0.26796875 0.2541666671875 0.26953125 0.2541666671875 0.2859375 0.25694444375000003 0.2875 0.275 0.2875
0 0.3416666671875 0.38671875 0.309722221875 0.38828125 0.3125 0.4 0.33888888906250003 0.4 0.34444444375 0.396875 0.3416666671875 0.38671875
0 0.097222221875 0.15 0.102777778125 0.146875 0.102777778125 0.14296875 0.10555555624999999 0.1421875 0.102777778125 0.13359375 0.097222221875 0.13046875 0.0791666671875 0.13046875 0.07638888906249999 0.13203125 0.07638888906249999 0.1484375 0.08194444375 0.1515625 0.097222221875 0.15
0 0.197222221875 0.3796875 0.197222221875 0.37578125 0.16805555625 0.37421875 0.165277778125 0.37578125 0.165277778125 0.384375 0.1708333328125 0.3875 0.1833333328125 0.3859375 0.19305555624999998 0.3796875 0.197222221875 0.3796875
0 0.2 0.34375 0.197222221875 0.33203125 0.1916666671875 0.33046875 0.16805555625 0.33046875 0.165277778125 0.33203125 0.165277778125 0.3421875 0.1763888890625 0.3484375 0.1861111109375 0.3484375 0.2 0.34375
0 0.8541666671874999 0.7171875 0.86944444375 0.71875 0.8708333328125001 0.7203125 0.8888888890625 0.7203125 0.890277778125 0.71875 0.902777778125 0.71875 0.9041666671874999 0.7171875 0.9083333328125001 0.7171875 0.9083333328125001 0.71484375 0.91944444375 0.7046875 0.91944444375 0.70078125 0.897222221875 0.68671875 0.8819444437499999 0.68828125 0.8736111109375001 0.69296875 0.872222221875 0.69609375 0.8652777781250001 0.69453125 0.8583333328125 0.690625 0.8583333328125 0.68828125 0.8541666671874999 0.68828125 0.852777778125 0.68671875 0.8458333328125001 0.68671875 0.8430555562500001 0.68828125 0.8430555562500001 0.7109375 0.85 0.7125 0.8541666671874999 0.71484375 0.8541666671874999 0.7171875
0 0.055555556250000006 0.1625 0.0638888890625 0.1546875 0.0638888890625 0.14453125 0.0375 0.14296875 0.03194444375 0.14609375 0.03194444375 0.1609375 0.034722221875 0.1625 0.055555556250000006 0.1625
0 0.08333333281250001 0.11875 0.0916666671875 0.1125 0.0916666671875 0.10703125 0.0861111109375 0.10078125 0.08055555625000001 0.09921875 0.05694444375 0.09921875 0.054166667187499996 0.10078125 0.054166667187499996 0.115625 0.05694444375 0.11875 0.08333333281250001 0.11875
0 0.9 0.61328125 0.8958333328125001 0.61328125 0.8958333328125001 0.621875 0.8875 0.62578125 0.8875 0.6375 0.89305555625 0.6421875 0.902777778125 0.6421875 0.9041666671874999 0.64375 0.91944444375 0.6421875 0.9263888890624999 0.6375 0.9333333328125001 0.6359375 0.9388888890624999 0.62109375 0.9277777781250001 0.61328125 0.915277778125 0.61328125 0.9138888890624999 0.61171875 0.9013888890624999 0.61171875 0.9 0.61328125
0 0.24444444375000002 0.33125 0.24583333281250003 0.3296875 0.252777778125 0.3296875 0.25555555625 0.32109375 0.2611111109375 0.31875 0.2611111109375 0.31328125 0.252777778125 0.30546875 0.23472222187499997 0.30546875 0.2208333328125 0.31328125 0.2208333328125 0.328125 0.22638888906250001 0.33125 0.24444444375000002 0.33125
0 0.20833333281250002 0.475 0.20833333281250002 0.46953125 0.20277777812500003 0.46796875 0.16805555625 0.46796875 0.165277778125 0.46953125 0.165277778125 0.4796875 0.16805555625 0.4828125 0.197222221875 0.48125 0.20833333281250002 0.475
0 0.23055555625 0.3109375 0.23611111093749998 0.30625 0.23611111093749998 0.30078125 0.2125 0.29921875 0.20972222187499998 0.30078125 0.20972222187499998 0.309375 0.215277778125 0.3125 0.23055555625 0.3109375
0 0.85694444375 0.6 0.8541666671874999 0.603125 0.859722221875 0.60625 0.8861111109375001 0.60625 0.897222221875 0.5921875 0.897222221875 0.58671875 0.9 0.5859375 0.9 0.57734375 0.89444444375 0.57421875 0.85694444375 0.57578125 0.859722221875 0.5875 0.85694444375 0.58828125 0.85694444375 0.6
0 0.9680555562500001 0.5703125 0.965277778125 0.57109375 0.965277778125 0.5859375 0.9736111109375001 0.5921875 0.9861111109375 0.59375 0.997222221875 0.5875 0.9986111109375001 0.56953125 0.997222221875 0.56640625 0.9888888890624999 0.56171875 0.9763888890624999 0.56171875 0.975 0.56328125 0.9708333328125001 0.56328125 0.9680555562500001 0.56484375 0.9680555562500001 0.5703125
0 0.85555555625 0.60625 0.8638888890624999 0.6015625 0.8666666671875 0.596875 0.8666666671875 0.57578125 0.8638888890624999 0.57421875 0.834722221875 0.57421875 0.83194444375 0.57578125 0.83194444375 0.5984375 0.8430555562500001 0.60625 0.85555555625 0.60625
0 0.9305555562500001 0.44375 0.9333333328125001 0.4421875 0.9333333328125001 0.43203125 0.9305555562500001 0.43046875 0.9125 0.43046875 0.909722221875 0.43203125 0.909722221875 0.4421875 0.9125 0.44375 0.9305555562500001 0.44375
0 0.31944444375000003 0.4171875 0.32083333281250004 0.41875 0.33055555625 0.41875 0.34444444375 0.4109375 0.34444444375 0.40078125 0.3416666671875 0.39921875 0.315277778125 0.39921875 0.309722221875 0.40234375 0.309722221875 0.4125 0.315277778125 0.4171875 0.31944444375000003 0.4171875
0 0.24444444375000002 0.396875 0.24444444375000002 0.38828125 0.2236111109375 0.38671875 0.2208333328125 0.396875 0.22638888906250001 0.4 0.2388888890625 0.4 0.24444444375000002 0.396875
0 0.13888888906250002 0.0828125 0.147222221875 0.078125 0.14444444375 0.06328125 0.13888888906250002 0.06171875 0.115277778125 0.06171875 0.109722221875 0.06484375 0.109722221875 0.0796875 0.115277778125 0.0828125 0.13888888906250002 0.0828125
0 0.2125 0.33125 0.21944444375 0.33125 0.21944444375 0.31796875 0.1875 0.31953125 0.1875 0.3296875 0.19305555624999998 0.334375 0.20833333281250002 0.334375 0.2125 0.33125
0 0.23611111093749998 0.26953125 0.2125 0.26796875 0.20972222187499998 0.2796875 0.23055555625 0.28125 0.23611111093749998 0.2765625 0.23611111093749998 0.26953125
0 0.12222222187500001 0.253125 0.125 0.24140625 0.11944444375 0.23671875 0.10138888906250001 0.23671875 0.0986111109375 0.23828125 0.0986111109375 0.2546875 0.11388888906250001 0.25625 0.12222222187500001 0.253125
0 0.5305555562500001 0.4 0.5333333328125 0.3984375 0.5333333328125 0.38828125 0.5305555562500001 0.38671875 0.5125 0.38671875 0.5097222218749999 0.38828125 0.5097222218749999 0.3984375 0.5125 0.4 0.5305555562500001 0.4
0 0.8652777781250001 0.64453125 0.8638888890624999 0.64765625 0.8513888890624999 0.64921875 0.8458333328125001 0.65234375 0.8430555562500001 0.6578125 0.83194444375 0.66328125 0.83194444375 0.6734375 0.8375 0.6765625 0.85 0.6765625 0.8513888890624999 0.678125 0.8666666671875 0.678125 0.8680555562500001 0.6765625 0.872222221875 0.6765625 0.877777778125 0.6734375 0.877777778125 0.67109375 0.8819444437499999 0.66875 0.8861111109375001 0.66875 0.89305555625 0.6625 0.9 0.6609375 0.9 0.65703125 0.902777778125 0.65625 0.9 0.64765625 0.8888888890625 0.64296875 0.8708333328125001 0.64296875 0.86944444375 0.64453125 0.8652777781250001 0.64453125
0 0.8680555562500001 0.69921875 0.8680555562500001 0.703125 0.8652777781250001 0.70390625 0.8652777781250001 0.7171875 0.8708333328125001 0.7203125 0.8888888890625 0.7203125 0.890277778125 0.71875 0.902777778125 0.71875 0.9041666671874999 0.7171875 0.9083333328125001 0.7171875 0.9083333328125001 0.71484375 0.91944444375 0.7046875 0.91944444375 0.70078125 0.9138888890624999 0.6984375 0.9138888890624999 0.69609375 0.897222221875 0.68671875 0.8819444437499999 0.68828125 0.8736111109375001 0.69296875 0.8736111109375001 0.6953125 0.8680555562500001 0.69921875
0 0.022222221875 0.32578125 0.0125 0.32421875 0.009722221875000001 0.3359375 0.0125 0.3390625 0.019444443750000002 0.3390625 0.022222221875 0.32578125
0 0.0916666671875 0.23359375 0.0861111109375 0.23046875 0.0791666671875 0.23046875 0.07638888906249999 0.23203125 0.07638888906249999 0.2421875 0.0861111109375 0.24375 0.0916666671875 0.23359375
0 0.20416666718749998 0.38046875 0.1986111109375 0.38359375 0.1986111109375 0.39375 0.20138888906250002 0.39453125 0.20138888906250002 0.3984375 0.21111111093749999 0.3984375 0.2125 0.396875 0.2166666671875 0.396875 0.23055555625 0.3875 0.23055555625 0.38203125 0.2208333328125 0.38203125 0.215277778125 0.38515625 0.20833333281250002 0.38046875 0.20416666718749998 0.38046875
0 0.859722221875 0.6046875 0.8861111109375001 0.60625 0.9 0.5859375 0.9 0.57734375 0.89444444375 0.57421875 0.8763888890624999 0.57421875 0.875 0.57578125 0.8458333328125001 0.57421875 0.8430555562500001 0.57578125 0.8430555562500001 0.6046875 0.8458333328125001 0.60625 0.859722221875 0.6046875
0 0.9611111109375001 0.57265625 0.94305555625 0.57265625 0.9416666671874999 0.57109375 0.9236111109375 0.57109375 0.91805555625 0.57265625 0.9055555562500001 0.58046875 0.9013888890624999 0.58046875 0.8986111109375001 0.58359375 0.8986111109375001 0.609375 0.9041666671874999 0.6125 0.91944444375 0.6140625 0.9236111109375 0.6171875 0.9305555562500001 0.6171875 0.93194444375 0.61875 0.95 0.61875 0.9513888890625 0.6171875 0.9583333328125001 0.6171875 0.965277778125 0.6125 0.9694444437499999 0.6125 0.975 0.609375 0.975 0.59921875 0.972222221875 0.59765625 0.959722221875 0.59765625 0.95555555625 0.59140625 0.95 0.58984375 0.9611111109375001 0.5875 0.9708333328125001 0.59375 0.9833333328125 0.59375 0.9888888890624999 0.590625 0.9888888890624999 0.58828125 0.997222221875 0.5859375 0.997222221875 0.56640625 0.9861111109375 0.56171875 0.9763888890624999 0.56171875 0.9680555562500001 0.56484375 0.9611111109375001 0.57265625
0 0.20833333281250002 0.2828125 0.2166666671875 0.278125 0.2166666671875 0.27109375 0.20416666718749998 0.26796875 0.1986111109375 0.27109375 0.1986111109375 0.2796875 0.20138888906250002 0.2828125 0.20833333281250002 0.2828125
0 0.2166666671875 0.49375 0.21944444375 0.48828125 0.20833333281250002 0.48046875 0.20138888906250002 0.48046875 0.1986111109375 0.48203125 0.1986111109375 0.4921875 0.20138888906250002 0.49375 0.2166666671875 0.49375
0 0.025 0.13984375 0.019444443750000002 0.13671875 0.0125 0.13671875 0.009722221875000001 0.13828125 0.009722221875000001 0.1484375 0.019444443750000002 0.15 0.025 0.13984375
0 0.0416666671875 0.6109375 0.04444444375 0.60234375 0.0638888890625 0.5984375 0.0638888890625 0.59453125 0.034722221875 0.59296875 0.03194444375 0.59453125 0.034722221875 0.6109375 0.0416666671875 0.6109375
0 0.2166666671875 0.4921875 0.2166666671875 0.48828125 0.21111111093749999 0.484375 0.21111111093749999 0.47734375 0.20555555625 0.47421875 0.190277778125 0.47421875 0.1875 0.47578125 0.190277778125 0.490625 0.1986111109375 0.49375 0.2166666671875 0.4921875