0 0.32465277812500004 0.216796875 0.3125 0.2255859375 0.3125 0.2333984375 0.32465277812500004 0.2421875 0.34375 0.2412109375 0.3541666671875 0.2353515625 0.3541666671875 0.2275390625 0.3385416671875 0.216796875 0.32465277812500004 0.216796875
0 0.24479166718749998 0.25390625 0.22916666718749998 0.2607421875 0.22569444375 0.2685546875 0.237847221875 0.28125 0.25694444375000003 0.2822265625 0.2708333328125 0.2763671875 0.27430555624999997 0.2646484375 0.25868055624999997 0.255859375 0.24479166718749998 0.25390625
0 0.574652778125 0.359375 0.5625 0.3662109375 0.559027778125 0.3759765625 0.5677083328125 0.3828125 0.5833333328125 0.3818359375 0.6006944437499999 0.3759765625 0.6041666671875 0.3662109375 0.5989583328125 0.361328125 0.574652778125 0.359375
0 0.33159722187499996 0.46875 0.31597222187499996 0.4755859375 0.3125 0.4892578125 0.328125 0.49609375 0.34722222187499996 0.4951171875 0.3576388890625 0.4892578125 0.3576388890625 0.4775390625 0.3489583328125 0.470703125 0.33159722187499996 0.46875
0 0.3854166671875 0.4306640625 0.3854166671875 0.4384765625 0.39756944375000003 0.443359375 0.40972222187499996 0.4423828125 0.4236111109375 0.4306640625 0.41493055625 0.423828125 0.39756944375000003 0.423828125 0.3854166671875 0.4306640625
0 0.5850694437499999 0.6875 0.5711805562500001 0.689453125 0.5625 0.6943359375 0.559027778125 0.7041015625 0.5642361109375 0.712890625 0.5798611109375 0.7138671875 0.5885416671875 0.712890625 0.6006944437499999 0.7021484375 0.597222221875 0.6923828125 0.5850694437499999 0.6875
0 0.5555555562500001 0.6923828125 0.5329861109375 0.689453125 0.5173611109375 0.6962890625 0.5173611109375 0.7080078125 0.5295138890625 0.716796875 0.5520833328125 0.7158203125 0.559027778125 0.7138671875 0.559027778125 0.7099609375 0.5486111109375 0.7041015625 0.5555555562500001 0.6923828125
0 0.5364583328125 0.12890625 0.5138888890625 0.1396484375 0.5138888890625 0.1455078125 0.5225694437499999 0.15234375 0.5486111109375 0.1513671875 0.559027778125 0.1474609375 0.5625 0.1357421875 0.550347221875 0.12890625 0.5364583328125 0.12890625
0 0.4392361109375 0.072265625 0.4270833328125 0.0791015625 0.4270833328125 0.0927734375 0.4427083328125 0.103515625 0.4513888890625 0.1025390625 0.46527777812500004 0.0908203125 0.46527777812500004 0.0791015625 0.46006944375 0.072265625 0.4392361109375 0.072265625
0 0.39930555624999997 0.1259765625 0.39930555624999997 0.1357421875 0.4114583328125 0.14453125 0.4201388890625 0.1435546875 0.4270833328125 0.1357421875 0.4270833328125 0.1220703125 0.4079861109375 0.12109375 0.39930555624999997 0.1259765625
0 0.23958333281250002 0.3759765625 0.23958333281250002 0.3896484375 0.24479166718749998 0.392578125 0.25694444375000003 0.3916015625 0.27430555624999997 0.3759765625 0.265625 0.369140625 0.2517361109375 0.369140625 0.23958333281250002 0.3759765625
0 0.4895833328125 0.0634765625 0.4895833328125 0.0693359375 0.4982638890625 0.07421875 0.5086805562500001 0.076171875 0.519097221875 0.083984375 0.53125 0.0830078125 0.53125 0.0693359375 0.519097221875 0.0625 0.4947916671875 0.060546875 0.4895833328125 0.0634765625
0 0.3611111109375 0.6318359375 0.3576388890625 0.6396484375 0.3697916671875 0.64453125 0.3854166671875 0.6435546875 0.3923611109375 0.6396484375 0.3888888890625 0.6279296875 0.3732638890625 0.625 0.3611111109375 0.6318359375
0 0.5677083328125 0.380859375 0.5625 0.3837890625 0.565972221875 0.3974609375 0.5850694437499999 0.404296875 0.590277778125 0.4033203125 0.6076388890625 0.3935546875 0.6006944437499999 0.3837890625 0.5920138890625 0.37890625 0.5677083328125 0.380859375
0 0.4548611109375 0.4990234375 0.46006944375 0.501953125 0.4895833328125 0.5009765625 0.4895833328125 0.4814453125 0.46006944375 0.48046875 0.4513888890625 0.4912109375 0.4548611109375 0.4990234375
0 0.5850694437499999 0.443359375 0.5729166671875 0.4521484375 0.5763888890625 0.4599609375 0.590277778125 0.4619140625 0.6024305562500001 0.4609375 0.6111111109375 0.4560546875 0.609375 0.4453125 0.5850694437499999 0.443359375
0 0.5833333328125 0.4306640625 0.5833333328125 0.4423828125 0.6111111109375 0.4443359375 0.6111111109375 0.4306640625 0.5954861109375 0.42578125 0.5885416671875 0.427734375 0.5833333328125 0.4306640625
0 0.043402778125 0.69921875 0.0208333328125 0.7099609375 0.02430555625 0.7197265625 0.0364583328125 0.724609375 0.0416666671875 0.7236328125 0.053819443749999994 0.72265625 0.065972221875 0.7158203125 0.06423611093750001 0.69921875 0.043402778125 0.69921875
0 0.3923611109375 0.0458984375 0.39756944375000003 0.05078125 0.4166666671875 0.0537109375 0.4236111109375 0.0302734375 0.4114583328125 0.02734375 0.39930555624999997 0.0322265625 0.3923611109375 0.0458984375
0 0.4270833328125 0.2236328125 0.4270833328125 0.2314453125 0.4322916671875 0.234375 0.4513888890625 0.2333984375 0.4583333328125 0.2255859375 0.44618055625 0.21484375 0.4357638890625 0.21484375 0.4270833328125 0.2236328125
0 0.4392361109375 0.14453125 0.42534722187499996 0.13671875 0.4201388890625 0.1396484375 0.4201388890625 0.1494140625 0.43055555625 0.1611328125 0.4392361109375 0.1640625 0.4513888890625 0.1630859375 0.46180555625 0.1572265625 0.4583333328125 0.1396484375 0.44965277812500004 0.138671875 0.4392361109375 0.14453125
0 0.4479166671875 0.1865234375 0.4513888890625 0.1982421875 0.46875 0.2041015625 0.47569444375 0.2001953125 0.47569444375 0.1904296875 0.45659722187499996 0.1796875 0.4479166671875 0.1865234375
0 0.4114583328125 0.1875 0.39930555624999997 0.1923828125 0.3958333328125 0.1982421875 0.4079861109375 0.208984375 0.4236111109375 0.2099609375 0.43402777812500004 0.2080078125 0.4375 0.1943359375 0.421875 0.1875 0.4114583328125 0.1875
0 0.5 0.1748046875 0.5 0.1845703125 0.512152778125 0.19140625 0.534722221875 0.1904296875 0.534722221875 0.1708984375 0.5225694437499999 0.166015625 0.512152778125 0.166015625 0.5 0.1748046875
0 0.8732638890625 0.455078125 0.8645833328125001 0.4619140625 0.8645833328125001 0.4677734375 0.8767361109375 0.47265625 0.8923611109375 0.4716796875 0.8993055562500001 0.4677734375 0.8958333328125001 0.4599609375 0.8836805562500001 0.455078125 0.8732638890625 0.455078125
0 0.46527777812500004 0.1181640625 0.4791666671875 0.1298828125 0.484375 0.1328125 0.49652777812500004 0.1318359375 0.5069444437499999 0.1142578125 0.4982638890625 0.109375 0.4704861109375 0.11328125 0.46527777812500004 0.1181640625
0 0.9236111109375 0.4501953125 0.9322916671874999 0.4609375 0.9444444437499999 0.4599609375 0.9583333328125001 0.4560546875 0.956597221875 0.4453125 0.9322916671874999 0.4453125 0.9236111109375 0.4501953125
0 0.6736111109375 0.3154296875 0.6788194437499999 0.32421875 0.6944444437499999 0.3232421875 0.7048611109375 0.3173828125 0.6961805562500001 0.310546875 0.6857638890625 0.310546875 0.6736111109375 0.3154296875
0 0.640625 0.396484375 0.628472221875 0.4072265625 0.6319444437499999 0.4150390625 0.6475694437499999 0.423828125 0.6666666671875 0.4228515625 0.6805555562500001 0.4130859375 0.6736111109375 0.3994140625 0.6579861109375 0.39453125 0.640625 0.396484375
0 0.671875 0.525390625 0.65625 0.5341796875 0.65625 0.5458984375 0.6614583328125 0.548828125 0.6770833328125 0.5478515625 0.6979166671875 0.5380859375 0.6979166671875 0.5302734375 0.6822916671875 0.525390625 0.671875 0.525390625
0 0.4704861109375 0.1640625 0.4583333328125 0.1708984375 0.4548611109375 0.1806640625 0.4704861109375 0.189453125 0.4826388890625 0.1884765625 0.4895833328125 0.1806640625 0.4895833328125 0.1669921875 0.484375 0.1640625 0.4704861109375 0.1640625
0 0.47569444375 0.0380859375 0.4826388890625 0.0439453125 0.4826388890625 0.0537109375 0.49131944375 0.05859375 0.49652777812500004 0.0576171875 0.49652777812500004 0.0361328125 0.49131944375 0.029296875 0.48090277812500004 0.029296875 0.47569444375 0.0380859375
0 0.6006944437499999 0.4169921875 0.6145833328125 0.4169921875 0.625 0.4091796875 0.6163194437499999 0.39453125 0.590277778125 0.4033203125 0.6006944437499999 0.4169921875
0 0.3177083328125 0.3671875 0.3020833328125 0.3759765625 0.3020833328125 0.3857421875 0.31597222187499996 0.3857421875 0.34722222187499996 0.3837890625 0.34722222187499996 0.3740234375 0.33506944375000003 0.3671875 0.3177083328125 0.3671875
0 0.5607638890625 0.51171875 0.5520833328125 0.5166015625 0.5486111109375 0.5263671875 0.5677083328125 0.52734375 0.578125 0.53515625 0.5868055562500001 0.5361328125 0.597222221875 0.5322265625 0.597222221875 0.5224609375 0.581597221875 0.513671875 0.5607638890625 0.51171875
0 0.5416666671875 0.2509765625 0.5416666671875 0.2587890625 0.5538194437499999 0.263671875 0.5625 0.2626953125 0.5763888890625 0.2568359375 0.5763888890625 0.2509765625 0.5538194437499999 0.2421875 0.5416666671875 0.2509765625
0 0.359375 0.470703125 0.3541666671875 0.4736328125 0.3541666671875 0.4873046875 0.359375 0.490234375 0.37152777812500004 0.4892578125 0.38194444375000003 0.4814453125 0.38194444375000003 0.4755859375 0.3732638890625 0.470703125 0.359375 0.470703125
0 0.37152777812500004 0.2353515625 0.37152777812500004 0.2412109375 0.3802083328125 0.248046875 0.3958333328125 0.2470703125 0.40277777812500004 0.2451171875 0.40277777812500004 0.2373046875 0.38368055624999997 0.228515625 0.37152777812500004 0.2353515625
0 0.4166666671875 0.0439453125 0.4166666671875 0.0537109375 0.42534722187499996 0.05859375 0.44444444375 0.0576171875 0.4479166671875 0.0498046875 0.44097222187499996 0.0400390625 0.42534722187499996 0.037109375 0.4166666671875 0.0439453125
0 0.38715277812500004 0.189453125 0.39930555624999997 0.1884765625 0.3958333328125 0.1728515625 0.38368055624999997 0.169921875 0.37847222187499996 0.1845703125 0.38715277812500004 0.189453125
0 0.39756944375000003 0.05078125 0.3923611109375 0.0595703125 0.40277777812500004 0.0732421875 0.40972222187499996 0.0732421875 0.4270833328125 0.0654296875 0.4270833328125 0.0595703125 0.41840277812500004 0.0546875 0.39756944375000003 0.05078125
0 0.48090277812500004 0.0859375 0.49305555625 0.0869140625 0.49652777812500004 0.0751953125 0.48090277812500004 0.0703125 0.47222222187499996 0.0791015625 0.48090277812500004 0.0859375
0 0.578125 0.583984375 0.5763888890625 0.5888671875 0.5625 0.5947265625 0.565972221875 0.6083984375 0.5763888890625 0.6083984375 0.597222221875 0.6005859375 0.597222221875 0.5888671875 0.5920138890625 0.583984375 0.578125 0.583984375
0 0.39930555624999997 0.2802734375 0.4201388890625 0.2861328125 0.4270833328125 0.2802734375 0.41493055625 0.271484375 0.4079861109375 0.271484375 0.39930555624999997 0.2802734375
0 0.39409722187499996 0.197265625 0.375 0.2021484375 0.375 0.2080078125 0.3802083328125 0.2109375 0.40277777812500004 0.2099609375 0.41319444375 0.2080078125 0.40277777812500004 0.2021484375 0.4010416671875 0.19140625 0.39409722187499996 0.197265625
0 0.49652777812500004 0.0986328125 0.5052083328125 0.103515625 0.5173611109375 0.1025390625 0.5208333328125 0.0849609375 0.5086805562500001 0.08203125 0.49652777812500004 0.0869140625 0.49652777812500004 0.0986328125
0 0.44097222187499996 0.3857421875 0.4583333328125 0.3857421875 0.4583333328125 0.3740234375 0.44618055625 0.373046875 0.4375 0.3779296875 0.44097222187499996 0.3857421875
0 0.33506944375000003 0.685546875 0.35069444375000003 0.6865234375 0.3576388890625 0.6826171875 0.35243055624999997 0.673828125 0.3298611109375 0.6767578125 0.33506944375000003 0.685546875
0 0.5295138890625 0.23828125 0.5208333328125 0.2431640625 0.5243055562500001 0.2548828125 0.5295138890625 0.2578125 0.5381944437499999 0.2568359375 0.5555555562500001 0.2451171875 0.5555555562500001 0.2392578125 0.546875 0.236328125 0.5295138890625 0.23828125
0 0.730902778125 0.38671875 0.7395833328125 0.3857421875 0.7395833328125 0.3740234375 0.730902778125 0.373046875 0.722222221875 0.3818359375 0.730902778125 0.38671875
0 0.5416666671875 0.6494140625 0.550347221875 0.65625 0.559027778125 0.6552734375 0.5625 0.6455078125 0.546875 0.63671875 0.5416666671875 0.6396484375 0.5416666671875 0.6494140625
0 0.5711805562500001 0.626953125 0.565972221875 0.6298828125 0.5694444437499999 0.6376953125 0.574652778125 0.642578125 0.5833333328125 0.6416015625 0.590277778125 0.6376953125 0.590277778125 0.6318359375 0.581597221875 0.626953125 0.5711805562500001 0.626953125
0 0.543402778125 0.236328125 0.5208333328125 0.2431640625 0.5243055562500001 0.2548828125 0.534722221875 0.2568359375 0.5451388890625 0.2529296875 0.5520833328125 0.2431640625 0.5520833328125 0.2392578125 0.543402778125 0.236328125
0 0.934027778125 0.3876953125 0.9427083328125001 0.392578125 0.9583333328125001 0.3916015625 0.9583333328125001 0.3759765625 0.9392361109375 0.376953125 0.934027778125 0.3798828125 0.934027778125 0.3876953125
0 0.28819444375000003 0.3857421875 0.28819444375000003 0.3935546875 0.2986111109375 0.3935546875 0.30555555624999997 0.3896484375 0.30381944375000003 0.37109375 0.2951388890625 0.3740234375 0.28819444375000003 0.3857421875
0 0.4583333328125 0.2880859375 0.47569444375 0.2880859375 0.4791666671875 0.2783203125 0.4739583328125 0.267578125 0.4583333328125 0.2724609375 0.4583333328125 0.2880859375
0 0.628472221875 0.4287109375 0.6388888890625 0.4326171875 0.6493055562500001 0.4287109375 0.6493055562500001 0.4248046875 0.6302083328125 0.416015625 0.628472221875 0.4287109375
0 0.5052083328125 0.142578125 0.49652777812500004 0.1474609375 0.49652777812500004 0.1552734375 0.5086805562500001 0.162109375 0.5173611109375 0.1611328125 0.5295138890625 0.158203125 0.534722221875 0.1533203125 0.515625 0.142578125 0.5052083328125 0.142578125
0 0.4427083328125 0.14453125 0.42534722187499996 0.140625 0.4201388890625 0.1494140625 0.4270833328125 0.1591796875 0.4392361109375 0.1640625 0.4548611109375 0.1630859375 0.46180555625 0.1572265625 0.46180555625 0.1435546875 0.453125 0.138671875 0.4427083328125 0.14453125
0 0.46180555625 0.2724609375 0.47569444375 0.2724609375 0.47569444375 0.2607421875 0.4635416671875 0.259765625 0.4583333328125 0.2666015625 0.46180555625 0.2724609375
0 0.5416666671875 0.6494140625 0.546875 0.654296875 0.559027778125 0.6552734375 0.5625 0.6455078125 0.546875 0.63671875 0.5416666671875 0.6396484375 0.5416666671875 0.6494140625
0 0.5711805562500001 0.625 0.565972221875 0.6337890625 0.5798611109375 0.6435546875 0.590277778125 0.6396484375 0.590277778125 0.6318359375 0.578125 0.625 0.5711805562500001 0.625
0 0.37847222187499996 0.2705078125 0.38715277812500004 0.275390625 0.40277777812500004 0.2763671875 0.40972222187499996 0.2685546875 0.38368055624999997 0.259765625 0.37847222187499996 0.2626953125 0.37847222187499996 0.2705078125
0 0.4635416671875 0.1015625 0.47569444375 0.1005859375 0.47569444375 0.0927734375 0.4635416671875 0.08984375 0.4583333328125 0.0986328125 0.4635416671875 0.1015625
0 0.3923611109375 0.3740234375 0.40277777812500004 0.3759765625 0.40972222187499996 0.3740234375 0.4045138890625 0.365234375 0.3923611109375 0.3701171875 0.3923611109375 0.3740234375
0 0.44965277812500004 0.650390625 0.46527777812500004 0.6513671875 0.47222222187499996 0.6455078125 0.4670138890625 0.63671875 0.44444444375 0.6435546875 0.44965277812500004 0.650390625
0 0.5989583328125 0.3984375 0.590277778125 0.4052734375 0.6006944437499999 0.4169921875 0.6076388890625 0.4189453125 0.621527778125 0.4111328125 0.621527778125 0.3974609375 0.6163194437499999 0.39453125 0.5989583328125 0.3984375
0 0.690972221875 0.4716796875 0.7048611109375 0.4716796875 0.7083333328125 0.4599609375 0.6961805562500001 0.455078125 0.690972221875 0.4580078125 0.690972221875 0.4716796875
0 0.5104166671875 0.1884765625 0.5173611109375 0.2001953125 0.5243055562500001 0.2001953125 0.534722221875 0.1962890625 0.5381944437499999 0.1865234375 0.5329861109375 0.18359375 0.5104166671875 0.1884765625
0 0.565972221875 0.6279296875 0.565972221875 0.6337890625 0.5729166671875 0.6416015625 0.5833333328125 0.6435546875 0.590277778125 0.6396484375 0.590277778125 0.6318359375 0.574652778125 0.625 0.565972221875 0.6279296875
0 0.6180555562500001 0.3935546875 0.6267361109375 0.3984375 0.6388888890625 0.3974609375 0.652777778125 0.3935546875 0.6475694437499999 0.388671875 0.6302083328125 0.388671875 0.6180555562500001 0.3935546875
0 0.668402778125 0.4375 0.6979166671875 0.4365234375 0.6979166671875 0.4228515625 0.6857638890625 0.4140625 0.65625 0.4267578125 0.668402778125 0.4375
0 0.43055555625 0.3271484375 0.43402777812500004 0.3173828125 0.421875 0.314453125 0.4201388890625 0.3251953125 0.43055555625 0.3271484375
0 0.3576388890625 0.3349609375 0.3611111109375 0.3408203125 0.375 0.3447265625 0.37847222187499996 0.3369140625 0.3697916671875 0.330078125 0.36284722187499996 0.330078125 0.3576388890625 0.3349609375
0 0 0.7158203125 0.0173611109375 0.7158203125 0.0208333328125 0.6982421875 0.015625 0.693359375 0.0017361109374999999 0.69140625 0 0.7158203125
0 0.44618055625 0.107421875 0.4513888890625 0.1064453125 0.4583333328125 0.0986328125 0.4392361109375 0.09765625 0.4375 0.1025390625 0.44618055625 0.107421875
0 0.44097222187499996 0.3916015625 0.44618055625 0.39453125 0.4548611109375 0.3935546875 0.4583333328125 0.3837890625 0.453125 0.380859375 0.44097222187499996 0.3837890625 0.44097222187499996 0.3916015625
0 0.5381944437499999 0.4716796875 0.5416666671875 0.4794921875 0.5486111109375 0.4814453125 0.559027778125 0.4794921875 0.559027778125 0.4697265625 0.550347221875 0.46484375 0.5381944437499999 0.4716796875
0 0.5399305562500001 0.236328125 0.5260416671875 0.240234375 0.527777778125 0.2529296875 0.543402778125 0.251953125 0.5555555562500001 0.2451171875 0.5555555562500001 0.2392578125 0.5399305562500001 0.236328125
0 0.3958333328125 0.4716796875 0.3958333328125 0.4775390625 0.4010416671875 0.48046875 0.4201388890625 0.4794921875 0.4270833328125 0.4736328125 0.4236111109375 0.4658203125 0.4079861109375 0.46484375 0.3958333328125 0.4716796875
0 0.3177083328125 0.3671875 0.3020833328125 0.3740234375 0.2916666671875 0.3857421875 0.2916666671875 0.3916015625 0.2986111109375 0.3916015625 0.33680555624999997 0.3818359375 0.34027777812500004 0.3720703125 0.33159722187499996 0.3671875 0.3177083328125 0.3671875
0 0.4392361109375 0.14453125 0.42534722187499996 0.13671875 0.4201388890625 0.1396484375 0.4201388890625 0.1494140625 0.4270833328125 0.1591796875 0.4392361109375 0.1640625 0.4548611109375 0.1630859375 0.46180555625 0.1572265625 0.4583333328125 0.1396484375 0.44965277812500004 0.138671875 0.4392361109375 0.14453125