0 0.615625 0.0515625 0.0515625 0.034375
0 0.67890625 0.13125 0.03359375 0.01640625
0 0.584375 0.159375 0.05 0.03046875
0 0.71875 0.16015625 0.040625 0.0265625
0 0.5234375 0.178125 0.046875 0.02265625
0 0.5703125 0.1828125 0.05390625 0.02734375
0 0.59921875 0.20078125 0.02890625 0.0296875
0 0.52890625 0.20546875 0.05 0.0359375
0 0.56796875 0.20703125 0.028125 0.025
0 0.78203125 0.21171875 0.04453125 0.03125
0 0.55546875 0.23671875 0.04453125 0.021875
0 0.5796875 0.2578125 0.04296875 0.03515625
0 0.49140625 0.253125 0.0359375 0.0171875
0 0.446875 0.25625 0.03359375 0.01640625
0 0.53984375 0.2671875 0.040625 0.02578125
0 0.4765625 0.27890625 0.05 0.025
0 0.67578125 0.2875 0.02890625 0.01171875
0 0.69453125 0.325 0.021875 0.01328125
0 0.7203125 0.3453125 0.0375 0.01796875
0 0.34375 0.35 0.034375 0.01953125
0 0.74296875 0.3578125 0.03046875 0.02890625
0 0.66953125 0.359375 0.046875 0.0234375
0 0.784375 0.3640625 0.053125 0.02890625
0 0.55859375 0.38671875 0.05546875 0.0359375
0 0.49296875 0.3921875 0.0359375 0.02890625
0 0.80546875 0.39375 0.021875 0.01328125
0 0.75078125 0.40625 0.0375 0.02421875
0 0.5125 0.4109375 0.05 0.02734375
0 0.6421875 0.43046875 0.0484375 0.034375
0 0.4796875 0.4453125 0.040625 0.03125
0 0.7296875 0.4671875 0.05703125 0.04140625
0 0.778125 0.4671875 0.04453125 0.02890625
0 0.6515625 0.50625 0.0359375 0.025
0 0.38359375 0.5140625 0.046875 0.03203125
0 0.42734375 0.52109375 0.0484375 0.0265625
0 0.68515625 0.5484375 0.05390625 0.03125
0 0.88125 0.55625 0.0234375 0.01171875
0 0.03125 0.571875 0.05390625 0.03046875
0 0.0265625 0.6 0.053125 0.02734375
0 0.509375 0.609375 0.04140625 0.02109375
0 0.0515625 0.61796875 0.03359375 0.021875
0 0.39140625 0.65234375 0.0640625 0.040625
0 0.42734375 0.678125 0.05703125 0.034375
0 0.3546875 0.6859375 0.0515625 0.02578125
0 0.9046875 0.728125 0.0375 0.02890625