0 0.8083333328125001 0.5796875 0.8222222218749999 0.571875 0.8222222218749999 0.56328125 0.8194444437499999 0.56171875 0.790277778125 0.56171875 0.7875 0.56328125 0.7875 0.578125 0.790277778125 0.5796875 0.8083333328125001 0.5796875
0 0.3013888890625 0.1796875 0.3138888890625 0.18125 0.315277778125 0.1828125 0.33055555625 0.18125 0.3416666671875 0.1734375 0.33888888906250003 0.16640625 0.33055555625 0.16171875 0.3013888890625 0.16171875 0.2986111109375 0.16328125 0.2986111109375 0.1765625 0.3013888890625 0.17734375 0.3013888890625 0.1796875
0 0.172222221875 0.2171875 0.177777778125 0.2125 0.177777778125 0.20234375 0.172222221875 0.19921875 0.1458333328125 0.19921875 0.14305555625 0.20078125 0.1458333328125 0.215625 0.1541666671875 0.21875 0.172222221875 0.2171875
0 0.31944444375000003 0.3640625 0.32777777812500003 0.3578125 0.325 0.34765625 0.31944444375000003 0.34296875 0.3013888890625 0.34296875 0.2986111109375 0.34453125 0.2986111109375 0.3609375 0.3013888890625 0.3640625 0.31944444375000003 0.3640625
0 0.23611111093749998 0.2171875 0.24444444375000002 0.2109375 0.24444444375000002 0.20078125 0.2416666671875 0.19921875 0.2125 0.19921875 0.20972222187499998 0.20078125 0.20972222187499998 0.215625 0.215277778125 0.21875 0.23611111093749998 0.2171875
0 0.6388888890625 0.4859375 0.6388888890625 0.48203125 0.6333333328124999 0.48046875 0.6125 0.48046875 0.609722221875 0.48203125 0.6125 0.4921875 0.63055555625 0.49375 0.6388888890625 0.4859375
0 0.3888888890625 0.425 0.3861111109375 0.41796875 0.35694444375 0.41796875 0.3541666671875 0.41953125 0.35694444375 0.43125 0.377777778125 0.4328125 0.3861111109375 0.4296875 0.3888888890625 0.425
0 0.16805555625 0.421875 0.1708333328125 0.4234375 0.19444444375 0.4234375 0.197222221875 0.421875 0.197222221875 0.41796875 0.2 0.4171875 0.2 0.41328125 0.1861111109375 0.40546875 0.16805555625 0.40546875 0.165277778125 0.40703125 0.165277778125 0.41875 0.16805555625 0.41953125 0.16805555625 0.421875
0 0.15555555625 0.33984375 0.15 0.33671875 0.12361111093749999 0.33671875 0.1208333328125 0.33828125 0.12361111093749999 0.35 0.14444444375 0.35 0.15277777812499999 0.346875 0.15555555625 0.33984375
0 0.1888888890625 0.046875 0.1888888890625 0.03359375 0.1833333328125 0.03046875 0.15972222187500001 0.03046875 0.1541666671875 0.03359375 0.1541666671875 0.0484375 0.1833333328125 0.05 0.1888888890625 0.046875
0 0.222222221875 0.18828125 0.20138888906250002 0.18671875 0.1986111109375 0.1984375 0.2166666671875 0.2 0.222222221875 0.196875 0.222222221875 0.18828125
0 0.21944444375 0.4109375 0.2166666671875 0.40078125 0.21111111093749999 0.39921875 0.190277778125 0.39921875 0.1875 0.40078125 0.1875 0.409375 0.19305555624999998 0.4125 0.21111111093749999 0.4140625 0.21944444375 0.4109375
0 0.33055555625 0.24375 0.32777777812500003 0.23671875 0.2986111109375 0.23828125 0.3013888890625 0.25 0.31944444375000003 0.25 0.325 0.24453125 0.33055555625 0.24375
0 0.197222221875 0.3375 0.2 0.3359375 0.2 0.32578125 0.197222221875 0.32421875 0.17916666718750002 0.32421875 0.1763888890625 0.32578125 0.1763888890625 0.3359375 0.17916666718750002 0.3375 0.197222221875 0.3375
0 0.4791666671875 0.3171875 0.497222221875 0.3171875 0.5083333328124999 0.3109375 0.5083333328124999 0.30078125 0.50555555625 0.29921875 0.46805555625000006 0.29921875 0.46527777812500004 0.30078125 0.46527777812500004 0.3109375 0.47083333281249995 0.3140625 0.475 0.3140625 0.4791666671875 0.3171875
0 0.5263888890625 0.4625 0.5305555562500001 0.4625 0.527777778125 0.45546875 0.5097222218749999 0.45703125 0.5125 0.4671875 0.51944444375 0.4671875 0.5263888890625 0.4625
0 0.3013888890625 0.15 0.309722221875 0.1546875 0.31944444375000003 0.1546875 0.33055555625 0.1484375 0.33055555625 0.14453125 0.32777777812500003 0.14375 0.32777777812500003 0.14140625 0.31944444375000003 0.13671875 0.3013888890625 0.13671875 0.2986111109375 0.13828125 0.2986111109375 0.146875 0.3013888890625 0.14765625 0.3013888890625 0.15
0 0.5861111109375 0.559375 0.5861111109375 0.55078125 0.577777778125 0.54921875 0.5541666671875001 0.55078125 0.5541666671875001 0.5609375 0.559722221875 0.5640625 0.577777778125 0.5625 0.5861111109375 0.559375
0 0.4 0.32109375 0.39444444375 0.31796875 0.36805555624999997 0.31796875 0.365277778125 0.31953125 0.36805555624999997 0.33125 0.3888888890625 0.33125 0.397222221875 0.328125 0.4 0.32109375
0 0.1916666671875 0.4984375 0.197222221875 0.49375 0.197222221875 0.48203125 0.16805555625 0.48046875 0.165277778125 0.48203125 0.16805555625 0.4984375 0.1763888890625 0.5 0.1916666671875 0.4984375
0 0.21111111093749999 0.10078125 0.20833333281250002 0.09921875 0.190277778125 0.09921875 0.1875 0.109375 0.19305555624999998 0.1125 0.20833333281250002 0.1109375 0.21111111093749999 0.10078125
0 0.3861111109375 0.4046875 0.3888888890625 0.38828125 0.36805555624999997 0.38671875 0.365277778125 0.38828125 0.365277778125 0.403125 0.3708333328125 0.40625 0.3861111109375 0.4046875
0 0.377777778125 0.3734375 0.377777778125 0.36953125 0.35694444375 0.36796875 0.3541666671875 0.36953125 0.35694444375 0.3796875 0.36944444375 0.3796875 0.377777778125 0.3734375
0 0.45277777812500003 0.4734375 0.46388888906250003 0.4625 0.46388888906250003 0.45703125 0.4458333328125 0.45546875 0.44305555625000004 0.45703125 0.44305555625000004 0.46875 0.4458333328125 0.4734375 0.45277777812500003 0.4734375
0 0.5666666671875 0.284375 0.5666666671875 0.27734375 0.5611111109375 0.27421875 0.5458333328125 0.27421875 0.54305555625 0.284375 0.5486111109375 0.2875 0.5611111109375 0.2875 0.5666666671875 0.284375
0 0.2916666671875 0.16484375 0.28611111093749997 0.16171875 0.26805555625 0.16171875 0.26527777812500003 0.16328125 0.26805555625 0.1796875 0.28611111093749997 0.1796875 0.2916666671875 0.16484375
0 0.1888888890625 0.0609375 0.1888888890625 0.05703125 0.1861111109375 0.05546875 0.16805555625 0.05546875 0.165277778125 0.05703125 0.165277778125 0.065625 0.177777778125 0.0671875 0.1888888890625 0.0609375
0 0.427777778125 0.3625 0.4361111109375 0.35625 0.4361111109375 0.34765625 0.43055555625 0.34296875 0.4125 0.34296875 0.40972222187499996 0.34453125 0.40972222187499996 0.359375 0.415277778125 0.3625 0.427777778125 0.3625
0 0.5555555562500001 0.33828125 0.534722221875 0.33671875 0.5319444437499999 0.33828125 0.534722221875 0.353125 0.5527777781250001 0.3515625 0.5555555562500001 0.33828125
0 0.5 0.303125 0.502777778125 0.29453125 0.46805555625000006 0.29296875 0.46527777812500004 0.29453125 0.46527777812500004 0.309375 0.46805555625000006 0.3125 0.475 0.3125 0.48194444374999995 0.30625 0.5 0.303125
0 0.11944444375 0.3171875 0.125 0.3109375 0.125 0.30234375 0.11944444375 0.29921875 0.10138888906250001 0.29921875 0.0986111109375 0.30078125 0.0986111109375 0.315625 0.1041666671875 0.31875 0.11944444375 0.3171875
0 0.3458333328125 0.175 0.352777778125 0.175 0.3638888890625 0.1703125 0.36666666718749996 0.16484375 0.3611111109375 0.16171875 0.3458333328125 0.16171875 0.34305555625 0.16328125 0.34305555625 0.1734375 0.3458333328125 0.175
0 0.1861111109375 0.03125 0.1888888890625 0.0296875 0.1888888890625 0.01484375 0.1833333328125 0.01171875 0.15972222187500001 0.01171875 0.1541666671875 0.01484375 0.1541666671875 0.0296875 0.15972222187500001 0.0328125 0.1861111109375 0.03125
0 0.10138888906250001 0.446875 0.1166666671875 0.446875 0.13055555624999998 0.4421875 0.13055555624999998 0.43046875 0.12222222187500001 0.42578125 0.11805555625 0.42578125 0.1166666671875 0.42421875 0.090277778125 0.42421875 0.0875 0.42578125 0.0875 0.440625 0.09305555625 0.44375 0.097222221875 0.44375 0.10138888906250001 0.446875
0 0.13194444375 0.43125 0.1375 0.4359375 0.15555555625 0.43125 0.1611111109375 0.425 0.1611111109375 0.41953125 0.15277777812499999 0.41796875 0.134722221875 0.41796875 0.13194444375 0.41953125 0.13194444375 0.43125
0 0.1888888890625 0.44453125 0.15694444375 0.44296875 0.15694444375 0.4609375 0.1833333328125 0.4609375 0.1888888890625 0.45625 0.1888888890625 0.44453125
0 0.547222221875 0.31953125 0.534722221875 0.31796875 0.5319444437499999 0.325 0.534722221875 0.328125 0.5416666671875 0.328125 0.547222221875 0.31953125
0 0.134722221875 0.409375 0.15 0.4078125 0.1666666671875 0.3984375 0.1611111109375 0.38828125 0.1541666671875 0.38828125 0.15277777812499999 0.38671875 0.12361111093749999 0.38671875 0.1208333328125 0.38828125 0.1208333328125 0.4046875 0.1263888890625 0.4078125 0.13333333281249998 0.4078125 0.134722221875 0.409375
0 0.16388888906250001 0.0875 0.1666666671875 0.0859375 0.1666666671875 0.07578125 0.16388888906250001 0.07421875 0.1458333328125 0.07421875 0.14305555625 0.07578125 0.14305555625 0.0859375 0.1458333328125 0.0875 0.16388888906250001 0.0875
0 0.20972222187499998 0.25859375 0.20972222187499998 0.271875 0.215277778125 0.275 0.23055555625 0.2734375 0.2416666671875 0.2671875 0.2416666671875 0.25703125 0.23472222187499997 0.25703125 0.23333333281250002 0.25546875 0.215277778125 0.25546875 0.20972222187499998 0.25859375
0 0.5527777781250001 0.3125 0.5555555562500001 0.30078125 0.5527777781250001 0.29921875 0.534722221875 0.29921875 0.5319444437499999 0.30078125 0.5319444437499999 0.3109375 0.534722221875 0.3125 0.5527777781250001 0.3125
0 0.6666666671875 0.528125 0.6666666671875 0.51328125 0.6458333328125 0.51171875 0.64305555625 0.528125 0.6486111109375 0.53125 0.6611111109375 0.53125 0.6666666671875 0.528125
0 0.6666666671875 0.60078125 0.6611111109375 0.59921875 0.6319444437499999 0.60078125 0.6375 0.6078125 0.652777778125 0.6078125 0.6666666671875 0.6046875 0.6666666671875 0.60078125
0 0.64444444375 0.45703125 0.6236111109375 0.45546875 0.6208333328125 0.45703125 0.6236111109375 0.4671875 0.6416666671875 0.4671875 0.64444444375 0.45703125
0 0.6777777781250001 0.3234375 0.6777777781250001 0.31328125 0.672222221875 0.31171875 0.6458333328125 0.31171875 0.64305555625 0.31328125 0.64305555625 0.3234375 0.6486111109375 0.3265625 0.6638888890625 0.328125 0.6777777781250001 0.3234375
0 0.352777778125 0.4609375 0.352777778125 0.45078125 0.35 0.44921875 0.3236111109375 0.44921875 0.32083333281250004 0.45078125 0.32083333281250004 0.4609375 0.3263888890625 0.4640625 0.3416666671875 0.465625 0.352777778125 0.4609375
0 0.977777778125 0.60078125 0.9833333328125 0.6 0.9861111109375 0.59609375 0.9791666671874999 0.59453125 0.9791666671874999 0.6 0.9736111109375001 0.60078125 0.9625 0.59921875 0.952777778125 0.59296875 0.9458333328125 0.59296875 0.94305555625 0.6109375 0.9458333328125 0.6125 0.9694444437499999 0.6109375 0.977777778125 0.6046875 0.977777778125 0.60078125
0 0.6361111109375 0.51953125 0.63055555625 0.51796875 0.609722221875 0.51953125 0.6125 0.53125 0.6361111109375 0.5296875 0.6388888890625 0.5234375 0.6361111109375 0.51953125
0 0.275 0.1 0.27777777812500004 0.0984375 0.27777777812500004 0.09296875 0.28055555625 0.0921875 0.28055555625 0.08828125 0.275 0.08203125 0.25694444375000003 0.08046875 0.2541666671875 0.08203125 0.2541666671875 0.0953125 0.25694444375000003 0.0984375 0.275 0.1
0 0.3861111109375 0.62734375 0.377777778125 0.62421875 0.36805555624999997 0.62421875 0.365277778125 0.6359375 0.36805555624999997 0.6375 0.38333333281250004 0.6359375 0.3861111109375 0.62734375
0 0.41111111093749997 0.62109375 0.40555555625000006 0.61796875 0.39027777812500003 0.61796875 0.39027777812500003 0.6328125 0.40555555625000006 0.6328125 0.41111111093749997 0.628125 0.41111111093749997 0.62109375
0 0.7 0.30703125 0.6791666671875001 0.30546875 0.6763888890625 0.3171875 0.6944444437499999 0.31875 0.7 0.315625 0.7 0.30703125
0 0.29444444375 0.6375 0.3 0.634375 0.302777778125 0.62734375 0.29722222187499997 0.62421875 0.2791666671875 0.62421875 0.27638888906250003 0.62578125 0.27638888906250003 0.634375 0.28194444375 0.6375 0.29444444375 0.6375
0 0.302777778125 0.50859375 0.29722222187499997 0.50546875 0.2791666671875 0.50546875 0.27638888906250003 0.50703125 0.27638888906250003 0.515625 0.2791666671875 0.5171875 0.2888888890625 0.5171875 0.302777778125 0.5109375 0.302777778125 0.50859375
0 0.1916666671875 0.25703125 0.17916666718750002 0.25546875 0.1763888890625 0.2671875 0.1861111109375 0.26875 0.1916666671875 0.2625 0.1916666671875 0.25703125
0 0.1416666671875 0.0578125 0.15 0.0546875 0.15 0.03984375 0.1416666671875 0.03671875 0.12361111093749999 0.03671875 0.1208333328125 0.03828125 0.1208333328125 0.0546875 0.1263888890625 0.059375 0.1416666671875 0.0578125
0 0.15277777812499999 0.32734375 0.14444444375 0.32421875 0.12361111093749999 0.32421875 0.1208333328125 0.32578125 0.1208333328125 0.334375 0.1263888890625 0.3375 0.13888888906250002 0.3375 0.15 0.3328125 0.15277777812499999 0.32734375
0 0.13888888906250002 0.3609375 0.13888888906250002 0.35703125 0.13333333281249998 0.35546875 0.109722221875 0.35703125 0.109722221875 0.3625 0.115277778125 0.3671875 0.13055555624999998 0.3671875 0.13888888906250002 0.3609375
0 0.127777778125 0.575 0.13333333281249998 0.571875 0.13333333281249998 0.56328125 0.13055555624999998 0.56171875 0.1125 0.56171875 0.109722221875 0.56328125 0.109722221875 0.5734375 0.115277778125 0.5765625 0.127777778125 0.575
0 0.36666666718749996 0.45859375 0.3611111109375 0.45546875 0.334722221875 0.45546875 0.33194444375 0.45703125 0.33194444375 0.4640625 0.3375 0.46875 0.3638888890625 0.4671875 0.36666666718749996 0.45859375
0 0.36666666718749996 0.32109375 0.3611111109375 0.31796875 0.3458333328125 0.31796875 0.34305555625 0.3296875 0.3458333328125 0.33125 0.3638888890625 0.3296875 0.36666666718749996 0.32109375
0 0.627777778125 0.33125 0.6333333328124999 0.325 0.6333333328124999 0.32109375 0.627777778125 0.31796875 0.6125 0.31796875 0.609722221875 0.31953125 0.609722221875 0.3296875 0.6152777781250001 0.3328125 0.627777778125 0.33125
0 0.3583333328125 0.63203125 0.334722221875 0.63046875 0.33194444375 0.640625 0.352777778125 0.6421875 0.3583333328125 0.6375 0.3583333328125 0.63203125
0 0.3138888890625 0.46484375 0.3083333328125 0.46171875 0.290277778125 0.46171875 0.290277778125 0.4796875 0.3083333328125 0.4796875 0.3138888890625 0.4765625 0.3138888890625 0.46484375
0 0.31944444375000003 0.1 0.322222221875 0.0984375 0.322222221875 0.08828125 0.31944444375000003 0.08671875 0.3013888890625 0.08671875 0.2986111109375 0.08828125 0.2986111109375 0.0984375 0.30416666718749996 0.1015625 0.31944444375000003 0.1
0 0.2638888890625 0.625 0.2638888890625 0.61953125 0.24583333281250003 0.61796875 0.24305555625 0.61953125 0.24305555625 0.628125 0.25555555625 0.6296875 0.2638888890625 0.625
0 0.85555555625 0.3625 0.852777778125 0.34921875 0.8236111109375001 0.34921875 0.8208333328125 0.35078125 0.8208333328125 0.3609375 0.8291666671875 0.3671875 0.852777778125 0.365625 0.85555555625 0.3625
0 0.29444444375 0.61796875 0.2791666671875 0.61796875 0.2791666671875 0.6359375 0.29722222187499997 0.6359375 0.3 0.62109375 0.29444444375 0.61796875
0 0.575 0.3375 0.58055555625 0.32734375 0.575 0.32421875 0.55694444375 0.32421875 0.5541666671875001 0.32578125 0.5541666671875001 0.3359375 0.55694444375 0.3375 0.575 0.3375
0 0.647222221875 0.29453125 0.6347222218749999 0.29296875 0.6319444437499999 0.3 0.6347222218749999 0.303125 0.6416666671875 0.303125 0.647222221875 0.29453125
0 0.372222221875 0.4796875 0.3861111109375 0.4734375 0.3861111109375 0.46328125 0.365277778125 0.46328125 0.35972222187499997 0.46171875 0.3541666671875 0.46484375 0.3541666671875 0.478125 0.35694444375 0.4796875 0.372222221875 0.4796875
0 0.397222221875 0.4734375 0.4 0.46484375 0.39444444375 0.46171875 0.36805555624999997 0.46171875 0.365277778125 0.46328125 0.36805555624999997 0.4796875 0.375 0.4796875 0.38194444375000003 0.475 0.397222221875 0.4734375
0 0.502777778125 0.5546875 0.5111111109375 0.54609375 0.50555555625 0.54296875 0.490277778125 0.54296875 0.4875 0.54453125 0.4875 0.553125 0.490277778125 0.5546875 0.502777778125 0.5546875
0 0.6611111109375 0.50078125 0.6458333328125 0.49921875 0.6458333328125 0.5078125 0.6555555562500001 0.5078125 0.6611111109375 0.5046875 0.6611111109375 0.50078125
0 0.16388888906250001 0.403125 0.1666666671875 0.39609375 0.1611111109375 0.39296875 0.134722221875 0.39296875 0.13194444375 0.39453125 0.13194444375 0.4046875 0.134722221875 0.4078125 0.15277777812499999 0.4078125 0.16388888906250001 0.403125
0 0.4125 0.3625 0.427777778125 0.3625 0.4361111109375 0.35625 0.43333333281249997 0.34453125 0.43055555625 0.34296875 0.40138888906250003 0.34296875 0.3986111109375 0.34453125 0.3986111109375 0.3546875 0.40138888906250003 0.3578125 0.4125 0.3625
0 0.1833333328125 0.13671875 0.15694444375 0.13671875 0.1541666671875 0.13828125 0.15694444375 0.15 0.172222221875 0.1515625 0.1861111109375 0.1484375 0.1833333328125 0.13671875
0 0.23055555625 0.07890625 0.21944444375 0.07421875 0.1986111109375 0.07578125 0.20138888906250002 0.0875 0.22777777812500002 0.0875 0.23055555625 0.0859375 0.23055555625 0.07890625
0 0.11388888906250001 0.0296875 0.11388888906250001 0.02421875 0.10833333281249999 0.01953125 0.1 0.01796875 0.07638888906249999 0.01953125 0.07638888906249999 0.0296875 0.084722221875 0.034375 0.097222221875 0.034375 0.11388888906250001 0.0296875
0 0.372222221875 0.4796875 0.375 0.46484375 0.36666666718749996 0.46171875 0.3458333328125 0.46171875 0.34305555625 0.46328125 0.3458333328125 0.4765625 0.3513888890625 0.4796875 0.372222221875 0.4796875
0 0.290277778125 0.36171875 0.2875 0.36328125 0.290277778125 0.3703125 0.3083333328125 0.36875 0.30555555624999997 0.36171875 0.290277778125 0.36171875