0 0.3416666671875 0.61875 0.34722222187499996 0.6125 0.34444444375 0.60078125 0.3416666671875 0.59921875 0.3125 0.59921875 0.309722221875 0.60078125 0.309722221875 0.6171875 0.315277778125 0.6203125 0.3416666671875 0.61875
0 0.47222222187499996 0.5015625 0.47361111093749997 0.5046875 0.490277778125 0.509375 0.5083333328124999 0.50625 0.5111111109375 0.5046875 0.5111111109375 0.48671875 0.5083333328124999 0.48359375 0.5 0.48046875 0.47083333281249995 0.48046875 0.46527777812500004 0.48359375 0.46527777812500004 0.4984375 0.46805555625000006 0.5015625 0.47222222187499996 0.5015625
0 0.4916666671875 0.62421875 0.497222221875 0.621875 0.49444444374999996 0.61328125 0.4888888890625 0.61171875 0.4458333328125 0.61171875 0.44305555625000004 0.61328125 0.44305555625000004 0.6234375 0.45694444375 0.63125 0.4861111109375 0.63125 0.4916666671875 0.62421875
0 0.590277778125 0.45625 0.61944444375 0.45625 0.625 0.4546875 0.6333333328124999 0.4484375 0.6333333328124999 0.43203125 0.63055555625 0.42890625 0.61944444375 0.42421875 0.6013888890625 0.42421875 0.5958333328125 0.42578125 0.5875 0.43203125 0.5875 0.4546875 0.590277778125 0.45625
0 0.15555555625 0.60625 0.15972222187500001 0.603125 0.16388888906250001 0.603125 0.1666666671875 0.59765625 0.177777778125 0.5921875 0.177777778125 0.58359375 0.172222221875 0.58046875 0.1263888890625 0.58046875 0.1208333328125 0.58359375 0.1208333328125 0.6046875 0.12361111093749999 0.60625 0.1361111109375 0.60625 0.1375 0.6078125 0.15555555625 0.60625
0 0.3263888890625 0.125 0.3416666671875 0.125 0.34444444375 0.12109375 0.35555555625 0.1171875 0.352777778125 0.10078125 0.3458333328125 0.10078125 0.34444444375 0.09921875 0.3125 0.09921875 0.309722221875 0.10078125 0.309722221875 0.1171875 0.3166666671875 0.11875 0.3263888890625 0.125
0 0.3541666671875 0.50234375 0.35694444375 0.50625 0.3861111109375 0.50625 0.4 0.4984375 0.4 0.48828125 0.3916666671875 0.48203125 0.3875 0.48203125 0.3861111109375 0.48046875 0.3458333328125 0.48046875 0.34305555625 0.48203125 0.34305555625 0.49375 0.3458333328125 0.49453125 0.3458333328125 0.4984375 0.3541666671875 0.50234375
0 0.577777778125 0.53984375 0.5888888890625 0.5359375 0.5888888890625 0.52109375 0.5833333328125 0.51796875 0.5458333328125 0.51796875 0.54305555625 0.51953125 0.54305555625 0.5421875 0.575 0.54375 0.577777778125 0.53984375
0 0.522222221875 0.2546875 0.5291666671875 0.25 0.5361111109375 0.2484375 0.5416666671875 0.2421875 0.5416666671875 0.23828125 0.5333333328125 0.234375 0.5305555562500001 0.23046875 0.5013888890625 0.23046875 0.4986111109375 0.23203125 0.4986111109375 0.2515625 0.5013888890625 0.2546875 0.522222221875 0.2546875
0 0.5208333328125 0.25390625 0.5208333328125 0.2734375 0.5236111109375 0.275 0.5416666671875 0.275 0.5555555562500001 0.2671875 0.5555555562500001 0.26484375 0.5611111109375 0.2609375 0.5611111109375 0.25546875 0.5527777781250001 0.24921875 0.5291666671875 0.24921875 0.527777778125 0.25078125 0.5236111109375 0.25078125 0.5236111109375 0.253125 0.5208333328125 0.25390625
0 0.4513888890625 0.51875 0.47222222187499996 0.5171875 0.477777778125 0.5109375 0.475 0.50078125 0.46944444374999994 0.49921875 0.4458333328125 0.49921875 0.44305555625000004 0.50078125 0.44305555625000004 0.5140625 0.4458333328125 0.5171875 0.4513888890625 0.51875
0 0.06527777812499999 0.41328125 0.06527777812499999 0.43125 0.07083333281250001 0.434375 0.0861111109375 0.43125 0.0888888890625 0.42734375 0.097222221875 0.4234375 0.097222221875 0.41328125 0.090277778125 0.41328125 0.0888888890625 0.41171875 0.06805555625000001 0.41171875 0.06527777812499999 0.41328125
0 0.40138888906250003 0.39765625 0.3986111109375 0.40078125 0.3986111109375 0.4234375 0.40416666718750005 0.4265625 0.4166666671875 0.428125 0.41805555625 0.4265625 0.43333333281249997 0.425 0.44444444375 0.41875 0.45 0.4109375 0.45 0.40390625 0.45555555625000005 0.3984375 0.45 0.39296875 0.4125 0.39296875 0.40694444374999994 0.39453125 0.40555555625000006 0.39765625 0.40138888906250003 0.39765625
0 0.1708333328125 0.5359375 0.177777778125 0.5359375 0.17916666718750002 0.5375 0.1888888890625 0.5359375 0.2 0.5296875 0.2 0.52734375 0.20555555625 0.5234375 0.20277777812500003 0.51171875 0.2 0.5109375 0.2 0.50703125 0.197222221875 0.50546875 0.1708333328125 0.50546875 0.165277778125 0.50859375 0.165277778125 0.53125 0.1708333328125 0.5359375
0 0.334722221875 0.09609375 0.334722221875 0.0984375 0.33888888906250003 0.0984375 0.34027777812500004 0.1 0.352777778125 0.1 0.36666666718749996 0.09375 0.36944444375 0.08203125 0.365277778125 0.08203125 0.3638888890625 0.08046875 0.3458333328125 0.08046875 0.33194444375 0.08828125 0.33194444375 0.0953125 0.334722221875 0.09609375
0 0.5527777781250001 0.4375 0.5555555562500001 0.4359375 0.5555555562500001 0.41953125 0.5527777781250001 0.41796875 0.5236111109375 0.41796875 0.5208333328125 0.41953125 0.5208333328125 0.4296875 0.534722221875 0.4375 0.5527777781250001 0.4375
0 0.50555555625 0.41796875 0.4791666671875 0.41796875 0.4763888890625 0.41953125 0.4791666671875 0.43125 0.5 0.43125 0.5083333328124999 0.4265625 0.50555555625 0.41796875
0 0.55694444375 0.4921875 0.5666666671875 0.4921875 0.5666666671875 0.48984375 0.5861111109375 0.48125 0.5833333328125 0.47421875 0.55694444375 0.47421875 0.5541666671875001 0.47578125 0.5541666671875001 0.490625 0.55694444375 0.4921875
0 0.175 0.575 0.177777778125 0.5734375 0.177777778125 0.57109375 0.1861111109375 0.5671875 0.1861111109375 0.55703125 0.177777778125 0.553125 0.177777778125 0.55078125 0.175 0.54921875 0.15694444375 0.54921875 0.1541666671875 0.55078125 0.1541666671875 0.5671875 0.1625 0.5734375 0.175 0.575
0 0.51944444375 0.328125 0.5305555562500001 0.3234375 0.527777778125 0.30390625 0.525 0.30078125 0.51944444375 0.29921875 0.5013888890625 0.29921875 0.4986111109375 0.30078125 0.4986111109375 0.321875 0.5041666671875 0.3265625 0.51944444375 0.328125
0 0.352777778125 0.5125 0.35555555625 0.49921875 0.35 0.49453125 0.334722221875 0.49296875 0.33194444375 0.49453125 0.33194444375 0.509375 0.3375 0.5125 0.352777778125 0.5125
0 0.10555555624999999 0.44375 0.1111111109375 0.440625 0.1166666671875 0.43125 0.1166666671875 0.42578125 0.1111111109375 0.42421875 0.0875 0.42578125 0.0875 0.4421875 0.09305555625 0.4453125 0.10555555624999999 0.44375
0 0.45 0.0984375 0.45555555625000005 0.0921875 0.45277777812500003 0.08359375 0.44444444375 0.08046875 0.4236111109375 0.08046875 0.42083333281249996 0.08203125 0.4236111109375 0.0984375 0.4291666671875 0.1 0.45 0.0984375
0 0.352777778125 0.5125 0.3583333328125 0.509375 0.3583333328125 0.50078125 0.352777778125 0.496875 0.352777778125 0.48828125 0.334722221875 0.48671875 0.33194444375 0.48828125 0.33194444375 0.509375 0.3375 0.5125 0.352777778125 0.5125
0 0.5166666671875 0.265625 0.5138888890625 0.25703125 0.5083333328124999 0.25546875 0.4791666671875 0.25546875 0.4763888890625 0.25703125 0.4763888890625 0.2640625 0.48472222187499997 0.26875 0.502777778125 0.2703125 0.5166666671875 0.265625