0 0.690277778125 0.6953125 0.7166666671875 0.6921875 0.722222221875 0.6875 0.722222221875 0.66796875 0.7194444437499999 0.66484375 0.7111111109375 0.66171875 0.66805555625 0.66171875 0.665277778125 0.66328125 0.665277778125 0.6890625 0.66805555625 0.6921875 0.690277778125 0.6953125
0 0.8083333328125001 0.4203125 0.815277778125 0.4234375 0.8194444437499999 0.4234375 0.8236111109375001 0.4203125 0.8388888890624999 0.41875 0.8444444437499999 0.415625 0.8444444437499999 0.39609375 0.8388888890624999 0.39296875 0.8013888890624999 0.39296875 0.7986111109375 0.39453125 0.7986111109375 0.4171875 0.8041666671875 0.4203125 0.8083333328125001 0.4203125
0 0.852777778125 0.19375 0.8583333328125 0.184375 0.85555555625 0.16953125 0.852777778125 0.16796875 0.8125 0.16796875 0.809722221875 0.16953125 0.8125 0.190625 0.8208333328125 0.19375 0.852777778125 0.19375
0 0.6555555562500001 0.5515625 0.6569444437499999 0.55 0.6638888890625 0.55 0.6666666671875 0.5484375 0.6666666671875 0.52734375 0.6611111109375 0.52421875 0.6347222218749999 0.52421875 0.6208333328125 0.53203125 0.6208333328125 0.5484375 0.6319444437499999 0.5515625 0.6555555562500001 0.5515625
0 0.7111111109375 0.55 0.7111111109375 0.53359375 0.70555555625 0.53046875 0.6791666671875001 0.53046875 0.6763888890625 0.5546875 0.6791666671875001 0.55625 0.70555555625 0.5546875 0.7111111109375 0.55
0 0.7597222218749999 0.2453125 0.7833333328125 0.2421875 0.7888888890625 0.2375 0.7888888890625 0.21640625 0.7861111109375 0.21328125 0.7458333328125 0.21171875 0.7430555562500001 0.21328125 0.7430555562500001 0.240625 0.7486111109375 0.24375 0.7597222218749999 0.2453125
0 0.777777778125 0.2046875 0.777777778125 0.19453125 0.775 0.19296875 0.734722221875 0.19296875 0.73194444375 0.19453125 0.734722221875 0.209375 0.752777778125 0.2109375 0.7597222218749999 0.2078125 0.777777778125 0.2046875
0 0.2916666671875 0.6359375 0.3 0.6296875 0.29722222187499997 0.61484375 0.2888888890625 0.61171875 0.25694444375000003 0.61171875 0.2541666671875 0.61328125 0.2541666671875 0.6359375 0.25694444375000003 0.6375 0.2916666671875 0.6359375
0 0.7166666671875 0.71875 0.7208333328125 0.72109375 0.7208333328125 0.7234375 0.725 0.7234375 0.7263888890625 0.725 0.7388888890625 0.725 0.7402777781250001 0.7234375 0.74444444375 0.7234375 0.74444444375 0.72109375 0.75 0.7203125 0.7583333328124999 0.715625 0.7583333328124999 0.71328125 0.7666666671875 0.709375 0.7666666671875 0.70234375 0.752777778125 0.69296875 0.7458333328125 0.69296875 0.7388888890625 0.69765625 0.734722221875 0.69765625 0.725 0.69296875 0.7013888890625 0.69296875 0.6986111109375 0.69453125 0.6986111109375 0.709375 0.709722221875 0.71484375 0.709722221875 0.7171875 0.7166666671875 0.71875
0 0.809722221875 0.2140625 0.8166666671874999 0.2140625 0.8222222218749999 0.2125 0.8333333328125001 0.2046875 0.83055555625 0.19609375 0.8222222218749999 0.19296875 0.790277778125 0.19296875 0.7875 0.19453125 0.7875 0.2125 0.790277778125 0.215625 0.8083333328125001 0.215625 0.809722221875 0.2140625
0 0.2833333328125 0.6125 0.2888888890625 0.609375 0.2888888890625 0.60703125 0.29722222187499997 0.603125 0.29722222187499997 0.59453125 0.28611111093749997 0.58671875 0.25694444375000003 0.58671875 0.2541666671875 0.58828125 0.2541666671875 0.6109375 0.25694444375000003 0.6125 0.2833333328125 0.6125
0 0.9986111109375001 0.38125 0.997222221875 0.36796875 0.9680555562500001 0.36796875 0.965277778125 0.3859375 0.9680555562500001 0.3875 0.99444444375 0.3859375 0.9986111109375001 0.38125
0 0.9458333328125 0.29375 0.95 0.29375 0.952777778125 0.2921875 0.952777778125 0.28828125 0.95555555625 0.2875 0.95555555625 0.28359375 0.95 0.28046875 0.9125 0.28046875 0.909722221875 0.28203125 0.909722221875 0.2921875 0.9236111109375 0.3 0.9388888890624999 0.2984375 0.9458333328125 0.29375
0 0.7569444437499999 0.4453125 0.775 0.44375 0.7888888890625 0.4359375 0.7888888890625 0.42578125 0.7861111109375 0.42421875 0.7486111109375 0.42421875 0.7430555562500001 0.42734375 0.7430555562500001 0.4421875 0.7458333328125 0.44375 0.75555555625 0.44375 0.7569444437499999 0.4453125
0 0.9444444437499999 0.38125 0.9416666671874999 0.36953125 0.9361111109375001 0.36796875 0.8986111109375001 0.36953125 0.9013888890624999 0.3875 0.9333333328125001 0.3875 0.9416666671874999 0.384375 0.9444444437499999 0.38125
0 0.83055555625 0.29375 0.85 0.2828125 0.85 0.28046875 0.852777778125 0.2796875 0.852777778125 0.27421875 0.847222221875 0.271875 0.847222221875 0.26953125 0.8430555562500001 0.26953125 0.8416666671874999 0.26796875 0.8125 0.26796875 0.809722221875 0.26953125 0.809722221875 0.290625 0.815277778125 0.29375 0.83055555625 0.29375
0 0.8763888890624999 0.4609375 0.8791666671874999 0.4625 0.8861111109375001 0.4625 0.8986111109375001 0.4671875 0.9083333328125001 0.4671875 0.9111111109375001 0.465625 0.9111111109375001 0.46171875 0.9138888890624999 0.4609375 0.9138888890624999 0.45390625 0.91805555625 0.4515625 0.9305555562500001 0.45 0.9305555562500001 0.44296875 0.9277777781250001 0.4421875 0.9277777781250001 0.43984375 0.91944444375 0.43671875 0.890277778125 0.43671875 0.8888888890625 0.43828125 0.8847222218749999 0.43828125 0.8763888890624999 0.44453125 0.8763888890624999 0.4609375
0 0.79444444375 0.3 0.8 0.296875 0.8 0.28203125 0.797222221875 0.28046875 0.76805555625 0.28046875 0.765277778125 0.28203125 0.76805555625 0.29375 0.7736111109375 0.296875 0.79444444375 0.3
0 0.852777778125 0.0890625 0.8541666671874999 0.0875 0.8611111109375 0.0875 0.8666666671875 0.084375 0.8666666671875 0.08203125 0.875 0.078125 0.877777778125 0.075 0.877777778125 0.06484375 0.875 0.06171875 0.8652777781250001 0.06015625 0.8611111109375 0.05703125 0.8458333328125001 0.05546875 0.8430555562500001 0.05703125 0.8430555562500001 0.0859375 0.8486111109375001 0.0890625 0.852777778125 0.0890625
0 0.5833333328125 0.7234375 0.5888888890625 0.7203125 0.5888888890625 0.70703125 0.5861111109375 0.70546875 0.55694444375 0.70546875 0.5541666671875001 0.70703125 0.55694444375 0.721875 0.56805555625 0.725 0.5833333328125 0.7234375
0 0.9486111109375001 0.5859375 0.95555555625 0.5859375 0.95694444375 0.584375 0.9638888890624999 0.584375 0.975 0.58125 0.9833333328125 0.5734375 0.98055555625 0.56328125 0.975 0.56171875 0.9680555562500001 0.56171875 0.9611111109375001 0.56484375 0.95 0.56171875 0.9236111109375 0.56171875 0.9208333328125 0.56328125 0.9208333328125 0.578125 0.9263888890624999 0.58125 0.9472222218749999 0.584375 0.9486111109375001 0.5859375
0 0.74444444375 0.26953125 0.7416666671875001 0.26796875 0.7236111109375 0.26796875 0.7208333328125 0.278125 0.7263888890625 0.28125 0.7416666671875001 0.2796875 0.74444444375 0.26953125
0 0.9444444437499999 0.3734375 0.9458333328125 0.375 0.9611111109375001 0.375 0.9611111109375001 0.37421875 0.977777778125 0.365625 0.977777778125 0.35859375 0.9763888890624999 0.35859375 0.972222221875 0.35546875 0.9458333328125 0.35546875 0.9458333328125 0.35625 0.94305555625 0.35703125 0.94305555625 0.3734375 0.9444444437499999 0.3734375
0 0.725 0.30234375 0.7194444437499999 0.29921875 0.7013888890625 0.29921875 0.6986111109375 0.3109375 0.7194444437499999 0.3125 0.725 0.309375 0.725 0.30234375
0 0.24722222187499998 0.6296875 0.24722222187499998 0.62109375 0.2416666671875 0.61796875 0.2125 0.61796875 0.20972222187499998 0.61953125 0.20972222187499998 0.625 0.2208333328125 0.63125 0.24444444375000002 0.63125 0.24722222187499998 0.6296875
0 0.9083333328125001 0.540625 0.909722221875 0.5421875 0.91944444375 0.5421875 0.9333333328125001 0.5359375 0.9333333328125001 0.52265625 0.922222221875 0.51796875 0.9013888890624999 0.51796875 0.8986111109375001 0.51953125 0.8986111109375001 0.5359375 0.9041666671874999 0.540625 0.9083333328125001 0.540625
0 0.597222221875 0.3828125 0.60555555625 0.378125 0.60555555625 0.37109375 0.597222221875 0.36796875 0.590277778125 0.36796875 0.5875 0.36953125 0.5875 0.3796875 0.590277778125 0.3828125 0.597222221875 0.3828125
0 0.9666666671874999 0.3484375 0.9666666671874999 0.34140625 0.9611111109375001 0.33671875 0.9208333328125 0.33828125 0.9208333328125 0.3484375 0.9263888890624999 0.3515625 0.95555555625 0.3515625 0.9666666671874999 0.3484375
0 0.9263888890624999 0.3203125 0.9388888890624999 0.31875 0.9444444437499999 0.315625 0.9416666671874999 0.30546875 0.9125 0.30546875 0.909722221875 0.30703125 0.909722221875 0.321875 0.9125 0.3234375 0.922222221875 0.3234375 0.9263888890624999 0.3203125
0 0.8041666671875 0.21484375 0.7986111109375 0.21953125 0.7986111109375 0.2359375 0.8013888890624999 0.23671875 0.8013888890624999 0.2390625 0.8083333328125001 0.2390625 0.8208333328125 0.23125 0.825 0.23125 0.83194444375 0.228125 0.8388888890624999 0.228125 0.840277778125 0.2296875 0.85 0.23125 0.85555555625 0.228125 0.85555555625 0.21328125 0.852777778125 0.21171875 0.815277778125 0.21171875 0.8138888890624999 0.21328125 0.8041666671875 0.21484375
0 0.8083333328125001 0.2625 0.8138888890624999 0.259375 0.8083333328125001 0.24921875 0.7791666671875 0.24921875 0.7763888890625 0.25078125 0.7791666671875 0.2609375 0.7861111109375 0.2609375 0.7875 0.2625 0.8083333328125001 0.2625
0 0.7861111109375 0.02578125 0.7569444437499999 0.02421875 0.7541666671875 0.02578125 0.7541666671875 0.0359375 0.7569444437499999 0.0375 0.775 0.0375 0.7861111109375 0.0296875 0.7861111109375 0.02578125
0 0.9486111109375001 0.16953125 0.9444444437499999 0.17265625 0.9236111109375 0.17421875 0.9208333328125 0.17734375 0.9208333328125 0.1859375 0.9263888890624999 0.1890625 0.93194444375 0.1875 0.9638888890624999 0.1890625 0.975 0.1859375 0.977777778125 0.17890625 0.98055555625 0.178125 0.977777778125 0.16953125 0.972222221875 0.16796875 0.95694444375 0.16796875 0.95555555625 0.16953125 0.9486111109375001 0.16953125
0 0.9375 0.525 0.9666666671874999 0.5234375 0.9638888890624999 0.50703125 0.9583333328125001 0.50546875 0.93194444375 0.50703125 0.93194444375 0.515625 0.934722221875 0.51640625 0.93194444375 0.521875 0.9375 0.525
0 0.99444444375 0.6859375 0.9986111109375001 0.68125 0.997222221875 0.66953125 0.9708333328125001 0.66796875 0.965277778125 0.67109375 0.965277778125 0.6859375 0.9680555562500001 0.6875 0.99444444375 0.6859375
0 0.7361111109375 0.471875 0.747222221875 0.4671875 0.747222221875 0.46328125 0.7416666671875001 0.46171875 0.6986111109375 0.46171875 0.690277778125 0.46484375 0.690277778125 0.471875 0.6875 0.47265625 0.6875 0.4828125 0.690277778125 0.4859375 0.702777778125 0.4859375 0.7194444437499999 0.48125 0.7291666671875 0.471875 0.7361111109375 0.471875
0 0.7416666671875001 0.4703125 0.747222221875 0.4671875 0.747222221875 0.46328125 0.7416666671875001 0.46171875 0.7013888890625 0.46171875 0.6986111109375 0.46328125 0.6986111109375 0.48125 0.7013888890625 0.484375 0.7083333328125 0.484375 0.7194444437499999 0.48125 0.7291666671875 0.471875 0.7416666671875001 0.4703125
0 0.9416666671874999 0.15625 0.9444444437499999 0.1546875 0.9444444437499999 0.14453125 0.9416666671874999 0.14296875 0.9236111109375 0.14296875 0.9208333328125 0.14453125 0.9208333328125 0.1546875 0.9263888890624999 0.1578125 0.9416666671874999 0.15625
0 0.722222221875 0.4796875 0.7291666671875 0.471875 0.7416666671875001 0.4703125 0.74444444375 0.46328125 0.7416666671875001 0.46171875 0.6986111109375 0.46171875 0.6972222218749999 0.46328125 0.6791666671875001 0.46328125 0.6763888890625 0.46484375 0.6763888890625 0.48125 0.68194444375 0.4859375 0.70555555625 0.4859375 0.709722221875 0.4828125 0.722222221875 0.4796875
0 0.9902777781250001 0.47421875 0.9875 0.496875 0.997222221875 0.4984375 0.9986111109375001 0.47578125 0.9902777781250001 0.47421875
0 0.765277778125 0 0.765277778125 0.0109375 0.775 0.0125 0.7805555562500001 0.009375 0.777777778125 0 0.765277778125 0
0 0.6361111109375 0.36328125 0.6236111109375 0.36171875 0.6208333328125 0.3671875 0.6236111109375 0.36875 0.6333333328124999 0.36875 0.6361111109375 0.36328125