0 0.5458333328125 0.9 0.5527777781250001 0.9 0.5555555562500001 0.89609375 0.577777778125 0.8859375 0.577777778125 0.87578125 0.575 0.87421875 0.5458333328125 0.87421875 0.54305555625 0.87578125 0.54305555625 0.8984375 0.5458333328125 0.9
0 0.490277778125 0.40625 0.502777778125 0.40625 0.515277778125 0.4 0.522222221875 0.3984375 0.522222221875 0.38359375 0.5166666671875 0.38046875 0.4791666671875 0.38046875 0.4763888890625 0.38203125 0.4763888890625 0.4 0.48472222187499997 0.4046875 0.4888888890625 0.4046875 0.490277778125 0.40625
0 0.377777778125 0.45 0.377777778125 0.43203125 0.334722221875 0.43046875 0.33194444375 0.4546875 0.334722221875 0.45625 0.372222221875 0.4546875 0.377777778125 0.45
0 0.54305555625 0.70078125 0.54305555625 0.7265625 0.5458333328125 0.7296875 0.5638888890625 0.73125 0.5694444437499999 0.728125 0.5722222218749999 0.71796875 0.5916666671875 0.709375 0.5916666671875 0.70703125 0.597222221875 0.7046875 0.597222221875 0.70078125 0.590277778125 0.70078125 0.5888888890625 0.69921875 0.5458333328125 0.69921875 0.54305555625 0.70078125
0 0.1458333328125 0.975 0.172222221875 0.975 0.177777778125 0.9734375 0.177777778125 0.97109375 0.1861111109375 0.96875 0.1888888890625 0.965625 0.1861111109375 0.95234375 0.177777778125 0.94921875 0.16805555625 0.94921875 0.15277777812499999 0.94296875 0.134722221875 0.94296875 0.13194444375 0.94453125 0.13194444375 0.9671875 0.134722221875 0.9703125 0.1458333328125 0.975
0 0.5791666671875 0.6578125 0.590277778125 0.6625 0.6166666671875001 0.6625 0.6180555562500001 0.6609375 0.622222221875 0.6609375 0.6333333328124999 0.6546875 0.6333333328124999 0.64765625 0.6361111109375 0.646875 0.6333333328124999 0.63359375 0.625 0.63046875 0.58194444375 0.63046875 0.5763888890625 0.63359375 0.5763888890625 0.6546875 0.5791666671875 0.65546875 0.5791666671875 0.6578125
0 0.5208333328125 0.84375 0.5416666671875 0.8421875 0.5416666671875 0.83984375 0.5527777781250001 0.8359375 0.5555555562500001 0.82734375 0.54444444375 0.821875 0.54444444375 0.81484375 0.5416666671875 0.8140625 0.5416666671875 0.81015625 0.5305555562500001 0.80546875 0.5125 0.80546875 0.5097222218749999 0.80703125 0.5097222218749999 0.8375 0.5125 0.840625 0.5208333328125 0.84375
0 0.33055555625 0.5625 0.33194444375 0.5609375 0.3361111109375 0.5609375 0.34444444375 0.5546875 0.34444444375 0.55078125 0.3416666671875 0.55 0.3416666671875 0.54453125 0.3333333328125 0.5390625 0.3333333328125 0.53203125 0.33055555625 0.53046875 0.30416666718749996 0.53046875 0.2986111109375 0.53359375 0.2986111109375 0.5546875 0.3125 0.5625 0.33055555625 0.5625
0 0.334722221875 0.8234375 0.35 0.825 0.3513888890625 0.8265625 0.375 0.825 0.38055555625 0.81796875 0.3861111109375 0.815625 0.3861111109375 0.80078125 0.375 0.79296875 0.334722221875 0.79296875 0.33194444375 0.79453125 0.33194444375 0.81875 0.334722221875 0.81953125 0.334722221875 0.8234375
0 0.45555555625000005 0.365625 0.45555555625000005 0.36328125 0.4583333328125 0.3625 0.4583333328125 0.35546875 0.45555555625000005 0.3546875 0.45555555625000005 0.35078125 0.45277777812500003 0.34921875 0.4125 0.34921875 0.40972222187499996 0.35078125 0.40972222187499996 0.3625 0.41805555625 0.3671875 0.45 0.36875 0.45555555625000005 0.365625
0 0.6388888890625 0.790625 0.64444444375 0.7875 0.6416666671875 0.77734375 0.6555555562500001 0.771875 0.6555555562500001 0.76328125 0.652777778125 0.76171875 0.6236111109375 0.76171875 0.6208333328125 0.76328125 0.6208333328125 0.7859375 0.6263888890625 0.790625 0.6388888890625 0.790625
0 0.21111111093749999 0.8625 0.2125 0.8609375 0.21944444375 0.8609375 0.222222221875 0.85703125 0.23055555625 0.853125 0.23055555625 0.84921875 0.23333333281250002 0.8484375 0.23333333281250002 0.83828125 0.22777777812500002 0.83203125 0.222222221875 0.83046875 0.1875 0.83046875 0.18194444375000002 0.83203125 0.1763888890625 0.83671875 0.1763888890625 0.853125 0.19305555624999998 0.8625 0.21111111093749999 0.8625
0 0.41111111093749997 0.71328125 0.40416666718750005 0.71328125 0.40138888906250003 0.71484375 0.40138888906250003 0.7171875 0.3986111109375 0.71796875 0.3986111109375 0.740625 0.40416666718750005 0.74375 0.41944444374999995 0.74375 0.42083333281249996 0.7421875 0.425 0.7421875 0.43333333281249997 0.7375 0.43333333281249997 0.73515625 0.447222221875 0.728125 0.45 0.72109375 0.44166666718750003 0.71328125 0.4375 0.71328125 0.4361111109375 0.71171875 0.4125 0.71171875 0.41111111093749997 0.71328125
0 0.46805555625000006 0.8796875 0.475 0.8796875 0.48055555625 0.8734375 0.48055555625 0.86953125 0.48333333281249996 0.86875 0.48333333281249996 0.86484375 0.475 0.86171875 0.434722221875 0.86171875 0.43194444374999996 0.86328125 0.43194444374999996 0.8734375 0.4486111109375 0.88125 0.46666666718750005 0.88125 0.46805555625000006 0.8796875
0 0.4236111109375 0.3984375 0.44444444375 0.3984375 0.45 0.396875 0.45555555625000005 0.3921875 0.45555555625000005 0.37734375 0.45 0.37421875 0.4125 0.37421875 0.40972222187499996 0.37578125 0.40972222187499996 0.3921875 0.4166666671875 0.39375 0.4236111109375 0.3984375
0 0.66944444375 0.9296875 0.675 0.925 0.675 0.91484375 0.6666666671875 0.91171875 0.6375 0.91171875 0.6319444437499999 0.91484375 0.6319444437499999 0.9296875 0.6347222218749999 0.93125 0.6555555562500001 0.9328125 0.66944444375 0.9296875
0 0.6569444437499999 0.6515625 0.66805555625 0.65625 0.6972222218749999 0.65625 0.7 0.6546875 0.7 0.65078125 0.702777778125 0.65 0.702777778125 0.63984375 0.7 0.6390625 0.7 0.63671875 0.6861111109375 0.63203125 0.6791666671875001 0.63203125 0.6777777781250001 0.63046875 0.6569444437499999 0.63046875 0.6541666671875 0.63203125 0.6541666671875 0.6484375 0.6569444437499999 0.64921875 0.6569444437499999 0.6515625
0 0.7416666671875001 0.64453125 0.7125 0.64296875 0.709722221875 0.6609375 0.7416666671875001 0.6625 0.74444444375 0.6609375 0.7416666671875001 0.64453125
0 0.42222222187499997 0.85625 0.4236111109375 0.8578125 0.43055555625 0.8578125 0.43194444374999996 0.85625 0.447222221875 0.85625 0.4486111109375 0.8546875 0.45277777812500003 0.8546875 0.4583333328125 0.85 0.4583333328125 0.83671875 0.45555555625000005 0.8359375 0.45555555625000005 0.83359375 0.43333333281249997 0.82421875 0.415277778125 0.82421875 0.40972222187499996 0.82734375 0.40972222187499996 0.853125 0.415277778125 0.85625 0.42222222187499997 0.85625
0 0.36805555624999997 0.8875 0.38055555625 0.8859375 0.3888888890625 0.88125 0.3916666671875 0.87109375 0.3861111109375 0.86796875 0.36805555624999997 0.86796875 0.365277778125 0.86953125 0.365277778125 0.8859375 0.36805555624999997 0.8875
0 0.6611111109375 0.73125 0.672222221875 0.7234375 0.672222221875 0.71328125 0.6666666671875 0.71171875 0.6375 0.71171875 0.6319444437499999 0.71484375 0.6319444437499999 0.7296875 0.6347222218749999 0.73125 0.6611111109375 0.73125
0 0.6111111109375 0.9234375 0.6111111109375 0.92109375 0.61944444375 0.9171875 0.61944444375 0.91328125 0.6111111109375 0.909375 0.6111111109375 0.90703125 0.60555555625 0.90546875 0.590277778125 0.90546875 0.5875 0.90703125 0.5875 0.9171875 0.5986111109375 0.9234375 0.6111111109375 0.9234375
0 0.4791666671875 0.70625 0.5083333328124999 0.6984375 0.5111111109375 0.69375 0.5083333328124999 0.68671875 0.46805555625000006 0.68671875 0.46527777812500004 0.68828125 0.46527777812500004 0.7015625 0.46805555625000006 0.7046875 0.477777778125 0.7046875 0.4791666671875 0.70625
0 0.9638888890624999 0.98046875 0.93194444375 0.98203125 0.93194444375 0.99921875 0.975 0.99921875 0.975 0.98828125 0.9638888890624999 0.98046875
0 0.7666666671875 0.7796875 0.772222221875 0.775 0.76944444375 0.76484375 0.7597222218749999 0.76171875 0.7583333328124999 0.75859375 0.75 0.75546875 0.734722221875 0.75546875 0.73194444375 0.75703125 0.73194444375 0.775 0.7375 0.7796875 0.7666666671875 0.7796875
0 0.334722221875 0.5234375 0.34444444375 0.521875 0.34444444375 0.51484375 0.35555555625 0.5078125 0.352777778125 0.49921875 0.334722221875 0.49921875 0.33194444375 0.50078125 0.33194444375 0.5203125 0.334722221875 0.5234375
0 0.44444444375 0.69375 0.4458333328125 0.6921875 0.45277777812500003 0.6921875 0.45555555625000005 0.690625 0.45555555625000005 0.68046875 0.45277777812500003 0.6796875 0.45277777812500003 0.67734375 0.44166666718750003 0.67109375 0.4375 0.67109375 0.43055555625 0.66796875 0.4125 0.66796875 0.40972222187499996 0.66953125 0.40972222187499996 0.6859375 0.4236111109375 0.69375 0.44444444375 0.69375
0 0.627777778125 0.7421875 0.63055555625 0.73203125 0.6152777781250001 0.73203125 0.6111111109375 0.72578125 0.60555555625 0.72421875 0.5875 0.72578125 0.590277778125 0.7484375 0.60555555625 0.7484375 0.609722221875 0.7453125 0.627777778125 0.7421875
0 0.4486111109375 0.7640625 0.47222222187499996 0.7640625 0.48333333281249996 0.75625 0.48333333281249996 0.74609375 0.475 0.74296875 0.434722221875 0.74296875 0.43194444374999996 0.74453125 0.43194444374999996 0.7546875 0.434722221875 0.75546875 0.434722221875 0.759375 0.4486111109375 0.7640625
0 0.4 0.36796875 0.3875 0.36953125 0.39027777812500003 0.3765625 0.40555555625000006 0.3734375 0.40555555625000006 0.36953125 0.4 0.36796875
0 0.6791666671875001 0.78203125 0.6791666671875001 0.7859375 0.6916666671875 0.784375 0.7 0.7796875 0.702777778125 0.76953125 0.6972222218749999 0.76171875 0.6791666671875001 0.76171875 0.6763888890625 0.76328125 0.6763888890625 0.78125 0.6791666671875001 0.78203125
0 0.5833333328125 0.5125 0.5916666671875 0.50625 0.5916666671875 0.49453125 0.5861111109375 0.49296875 0.55694444375 0.49296875 0.5541666671875001 0.49453125 0.5541666671875001 0.5109375 0.559722221875 0.5140625 0.5833333328125 0.5125
0 0.427777778125 0.6515625 0.434722221875 0.65625 0.44444444375 0.6578125 0.4486111109375 0.6609375 0.46388888906250003 0.6609375 0.47222222187499996 0.65625 0.46666666718750005 0.63359375 0.46388888906250003 0.63203125 0.45416666718750004 0.63203125 0.45277777812500003 0.63046875 0.4263888890625 0.63046875 0.42083333281249996 0.63359375 0.42083333281249996 0.6484375 0.4236111109375 0.6515625 0.427777778125 0.6515625
0 0.5861111109375 0.8390625 0.5875 0.846875 0.590277778125 0.8484375 0.6 0.846875 0.6 0.84453125 0.6083333328125 0.840625 0.6083333328125 0.83671875 0.6111111109375 0.8359375 0.6111111109375 0.83359375 0.60555555625 0.83046875 0.559722221875 0.83046875 0.5541666671875001 0.83359375 0.55694444375 0.8421875 0.5638888890625 0.8421875 0.5708333328124999 0.8375 0.5861111109375 0.8390625
0 0.6111111109375 0.81328125 0.6013888890625 0.81171875 0.5986111109375 0.81875 0.6013888890625 0.821875 0.6083333328125 0.821875 0.6111111109375 0.81328125
0 0.7125 0.94765625 0.7125 0.9546875 0.7194444437499999 0.9546875 0.7361111109375 0.94375 0.7361111109375 0.93515625 0.73055555625 0.93046875 0.7125 0.93046875 0.709722221875 0.93203125 0.709722221875 0.946875 0.7125 0.94765625
0 0.40138888906250003 0.715625 0.42222222187499997 0.7125 0.427777778125 0.709375 0.425 0.69765625 0.41944444374999995 0.69296875 0.40138888906250003 0.69296875 0.3986111109375 0.69453125 0.3986111109375 0.7125 0.40138888906250003 0.715625
0 0.5583333328125 0.921875 0.5555555562500001 0.90703125 0.5458333328125 0.90546875 0.54305555625 0.90703125 0.54305555625 0.9234375 0.5527777781250001 0.925 0.5583333328125 0.921875
0 0.625 0.74375 0.6333333328124999 0.7375 0.6333333328124999 0.73203125 0.590277778125 0.73046875 0.5875 0.7453125 0.590277778125 0.7484375 0.60555555625 0.7484375 0.6152777781250001 0.74375 0.625 0.74375