0 0.5638888890625 0.4359375 0.5638888890625 0.43203125 0.5666666671875 0.43125 0.5666666671875 0.41328125 0.5638888890625 0.4125 0.5638888890625 0.40859375 0.5555555562500001 0.40546875 0.5125 0.40546875 0.5097222218749999 0.40703125 0.5097222218749999 0.4359375 0.5236111109375 0.440625 0.5638888890625 0.4359375
0 0.825 0.1375 0.83055555625 0.1359375 0.8333333328125001 0.13203125 0.8388888890624999 0.13125 0.8444444437499999 0.1265625 0.8416666671874999 0.11015625 0.83055555625 0.10546875 0.7958333328125 0.10546875 0.790277778125 0.10703125 0.7875 0.11015625 0.7875 0.134375 0.79305555625 0.1375 0.825 0.1375
0 0.8638888890624999 0.15625 0.8652777781250001 0.1578125 0.89444444375 0.15625 0.9 0.153125 0.9 0.15078125 0.9083333328125001 0.14375 0.9083333328125001 0.13515625 0.9 0.13046875 0.85694444375 0.13046875 0.8541666671874999 0.13203125 0.8541666671874999 0.1546875 0.85694444375 0.15625 0.8638888890624999 0.15625
0 0.5069444437499999 0.5609375 0.5111111109375 0.5609375 0.515277778125 0.5578125 0.51944444375 0.5578125 0.525 0.5546875 0.525 0.54453125 0.5166666671875 0.53828125 0.5125 0.53828125 0.5111111109375 0.53671875 0.4791666671875 0.53671875 0.4763888890625 0.53828125 0.4763888890625 0.559375 0.48194444374999995 0.5625 0.50555555625 0.5625 0.5069444437499999 0.5609375
0 0.47222222187499996 0.0625 0.48194444374999995 0.06875 0.5083333328124999 0.0671875 0.5083333328124999 0.06484375 0.51944444375 0.059375 0.5166666671875 0.03828125 0.5111111109375 0.03671875 0.46805555625000006 0.03671875 0.46527777812500004 0.03828125 0.46527777812500004 0.059375 0.46805555625000006 0.0625 0.47222222187499996 0.0625
0 0.765277778125 0.39765625 0.765277778125 0.4140625 0.7708333328125 0.41875 0.777777778125 0.41875 0.7791666671875 0.4203125 0.8 0.4203125 0.8013888890624999 0.41875 0.8138888890624999 0.4171875 0.827777778125 0.409375 0.827777778125 0.40703125 0.83055555625 0.40625 0.83055555625 0.39921875 0.825 0.396875 0.8222222218749999 0.38828125 0.8194444437499999 0.38671875 0.7875 0.38671875 0.76805555625 0.39453125 0.76805555625 0.396875 0.765277778125 0.39765625
0 0.7361111109375 0.4546875 0.75555555625 0.446875 0.75555555625 0.44140625 0.7583333328124999 0.440625 0.7583333328124999 0.42890625 0.75555555625 0.428125 0.75555555625 0.42421875 0.7416666671875001 0.41796875 0.7125 0.41796875 0.709722221875 0.41953125 0.709722221875 0.4515625 0.7125 0.4546875 0.7361111109375 0.4546875
0 0.8361111109375001 0.65 0.8361111109375001 0.64765625 0.8388888890624999 0.646875 0.8388888890624999 0.63828125 0.8361111109375001 0.6375 0.8361111109375001 0.63359375 0.83055555625 0.63046875 0.790277778125 0.63046875 0.7875 0.63203125 0.7875 0.6484375 0.8013888890624999 0.65625 0.8222222218749999 0.65625 0.8361111109375001 0.65
0 0.5527777781250001 0.5125 0.55694444375 0.515625 0.5694444437499999 0.5171875 0.5708333328124999 0.51875 0.5888888890625 0.5171875 0.5930555562500001 0.5140625 0.597222221875 0.5140625 0.602777778125 0.50703125 0.6083333328125 0.5046875 0.6083333328125 0.49921875 0.6111111109375 0.4984375 0.6111111109375 0.49453125 0.6 0.4875 0.6 0.48359375 0.5916666671875 0.48046875 0.5541666671875001 0.48046875 0.5486111109375 0.48203125 0.54305555625 0.48671875 0.54305555625 0.5078125 0.5458333328125 0.5109375 0.5527777781250001 0.5125
0 0.9986111109375001 0.696875 0.997222221875 0.67421875 0.95694444375 0.67421875 0.9541666671875 0.67578125 0.95694444375 0.6984375 0.99444444375 0.7 0.9986111109375001 0.696875
0 0.3625 0.1015625 0.3861111109375 0.0984375 0.3916666671875 0.09375 0.3916666671875 0.08671875 0.3861111109375 0.08046875 0.334722221875 0.08046875 0.33194444375 0.08203125 0.33194444375 0.1046875 0.334722221875 0.10625 0.352777778125 0.10625 0.3625 0.1015625
0 0.1125 0.346875 0.13055555624999998 0.3484375 0.13333333281249998 0.3453125 0.13333333281249998 0.31484375 0.1361111109375 0.3140625 0.1361111109375 0.30703125 0.13055555624999998 0.30546875 0.1125 0.30546875 0.0986111109375 0.31328125 0.0986111109375 0.3390625 0.10138888906250001 0.3421875 0.1125 0.346875
0 0.44166666718750003 0.1109375 0.44444444375 0.10390625 0.447222221875 0.103125 0.447222221875 0.09609375 0.44444444375 0.0953125 0.44166666718750003 0.08828125 0.4125 0.08671875 0.40972222187499996 0.08828125 0.40972222187499996 0.1109375 0.42083333281249996 0.1140625 0.44166666718750003 0.1109375
0 0.177777778125 0.3140625 0.1875 0.31953125 0.190277778125 0.3234375 0.197222221875 0.3234375 0.20277777812500003 0.31875 0.20277777812500003 0.30703125 0.2 0.30625 0.2 0.30078125 0.197222221875 0.29921875 0.15694444375 0.29921875 0.1541666671875 0.30078125 0.15694444375 0.3078125 0.1625 0.3109375 0.177777778125 0.3140625
0 0.5388888890625 0.571875 0.5388888890625 0.56953125 0.5361111109375 0.56875 0.5361111109375 0.56328125 0.5319444437499999 0.56328125 0.5305555562500001 0.56171875 0.490277778125 0.56171875 0.4875 0.56328125 0.4875 0.5796875 0.5013888890625 0.584375 0.527777778125 0.58125 0.5388888890625 0.571875
0 0.6861111109375 0.03125 0.7 0.021875 0.7 0.00703125 0.6972222218749999 0.00546875 0.6569444437499999 0.00546875 0.6541666671875 0.00703125 0.6541666671875 0.0296875 0.6569444437499999 0.03125 0.6861111109375 0.03125
0 0.075 0.4296875 0.08194444375 0.425 0.0888888890625 0.4234375 0.09444444375 0.41328125 0.0916666671875 0.4125 0.0916666671875 0.40859375 0.0861111109375 0.40546875 0.0458333328125 0.40546875 0.04305555625 0.40703125 0.04305555625 0.425 0.0458333328125 0.428125 0.0513888890625 0.4296875 0.075 0.4296875
0 0.1666666671875 0.2859375 0.1666666671875 0.28203125 0.1611111109375 0.27578125 0.1541666671875 0.27578125 0.15277777812499999 0.27421875 0.12361111093749999 0.27421875 0.1208333328125 0.27578125 0.1208333328125 0.2875 0.13194444375 0.29375 0.15277777812499999 0.29375 0.1666666671875 0.2859375
0 0.34444444375 0.3828125 0.3458333328125 0.38125 0.352777778125 0.38125 0.35555555625 0.37734375 0.3638888890625 0.3734375 0.3638888890625 0.36015625 0.352777778125 0.35546875 0.3125 0.35546875 0.309722221875 0.35703125 0.309722221875 0.3796875 0.31805555625 0.3828125 0.34444444375 0.3828125
0 0.334722221875 0.5484375 0.34722222187499996 0.5484375 0.3638888890625 0.540625 0.36666666718749996 0.5375 0.3638888890625 0.53046875 0.334722221875 0.53046875 0.33194444375 0.53203125 0.33194444375 0.5453125 0.334722221875 0.5484375
0 0.0125 0.34453125 0.0125 0.3484375 0.030555556249999997 0.3453125 0.0361111109375 0.340625 0.0388888890625 0.33203125 0.0361111109375 0.33125 0.0361111109375 0.32734375 0.027777778125000003 0.32421875 0.0125 0.32421875 0.009722221875000001 0.32578125 0.009722221875000001 0.34375 0.0125 0.34453125
0 0.32777777812500003 0.434375 0.33888888906250003 0.4296875 0.33888888906250003 0.41953125 0.3333333328125 0.41640625 0.3291666671875 0.41640625 0.31944444375000003 0.41171875 0.3013888890625 0.41171875 0.2986111109375 0.41328125 0.2986111109375 0.428125 0.3013888890625 0.43125 0.3125 0.434375 0.32777777812500003 0.434375
0 0.6125 0.46875 0.647222221875 0.4671875 0.6555555562500001 0.4609375 0.6555555562500001 0.45078125 0.652777778125 0.44921875 0.6375 0.44765625 0.622222221875 0.44296875 0.5875 0.44296875 0.5861111109375 0.44453125 0.58194444375 0.44453125 0.5763888890625 0.44921875 0.5763888890625 0.4734375 0.5791666671875 0.475 0.5916666671875 0.475 0.6125 0.46875
0 0.66805555625 0.4390625 0.6791666671875001 0.44375 0.7 0.4453125 0.702777778125 0.44375 0.702777778125 0.43984375 0.70555555625 0.4390625 0.7083333328125 0.41953125 0.7041666671875 0.41953125 0.702777778125 0.41796875 0.6708333328125 0.41796875 0.665277778125 0.42109375 0.665277778125 0.4359375 0.66805555625 0.43671875 0.66805555625 0.4390625
0 0.5611111109375 0.478125 0.5638888890625 0.47109375 0.54444444375 0.46796875 0.5236111109375 0.46796875 0.5208333328125 0.46953125 0.5208333328125 0.4828125 0.5236111109375 0.4859375 0.5388888890625 0.4859375 0.54305555625 0.4828125 0.5611111109375 0.478125
0 0.6416666671875 0.4984375 0.6555555562500001 0.4921875 0.6583333328125 0.48359375 0.6638888890625 0.48125 0.6638888890625 0.47578125 0.6583333328125 0.47421875 0.6236111109375 0.47421875 0.6208333328125 0.47578125 0.6208333328125 0.49375 0.6263888890625 0.4984375 0.6416666671875 0.4984375
0 0.27777777812500004 0.521875 0.275 0.51171875 0.24583333281250003 0.51171875 0.24305555625 0.51328125 0.24583333281250003 0.5296875 0.2638888890625 0.5296875 0.275 0.525 0.27777777812500004 0.521875
0 0.34444444375 0.4765625 0.34444444375 0.46953125 0.3236111109375 0.46796875 0.32083333281250004 0.4796875 0.3236111109375 0.48125 0.33888888906250003 0.4796875 0.34444444375 0.4765625
0 0.102777778125 0.5953125 0.1 0.58203125 0.0791666671875 0.58046875 0.07638888906249999 0.58203125 0.07638888906249999 0.5984375 0.097222221875 0.6 0.102777778125 0.5953125
0 0.43055555625 0.43125 0.4361111109375 0.428125 0.43333333281249997 0.41484375 0.425 0.41171875 0.40138888906250003 0.41171875 0.3986111109375 0.41328125 0.3986111109375 0.4296875 0.40138888906250003 0.43125 0.43055555625 0.43125
0 0.7458333328125 0.4 0.752777778125 0.4 0.7625 0.39375 0.7666666671875 0.39375 0.772222221875 0.390625 0.772222221875 0.38203125 0.7597222218749999 0.38046875 0.752777778125 0.37578125 0.747222221875 0.37421875 0.7236111109375 0.37421875 0.7208333328125 0.37578125 0.7208333328125 0.396875 0.7263888890625 0.4015625 0.74444444375 0.4015625 0.7458333328125 0.4
0 0.0333333328125 0.44375 0.0388888890625 0.43359375 0.0333333328125 0.43046875 0.0125 0.43046875 0.009722221875000001 0.43203125 0.009722221875000001 0.4421875 0.0125 0.4453125 0.0333333328125 0.44375
0 0.4236111109375 0.14375 0.4375 0.1515625 0.45277777812500003 0.1515625 0.45555555625000005 0.1484375 0.45555555625000005 0.13046875 0.45277777812500003 0.12734375 0.44444444375 0.12421875 0.4236111109375 0.12421875 0.42083333281249996 0.12578125 0.42083333281249996 0.1390625 0.4236111109375 0.13984375 0.4236111109375 0.14375
0 0.609722221875 0.5359375 0.6152777781250001 0.540625 0.63055555625 0.5421875 0.63055555625 0.53984375 0.6361111109375 0.5390625 0.64444444375 0.534375 0.64444444375 0.51953125 0.6416666671875 0.51796875 0.6263888890625 0.51796875 0.6125 0.52265625 0.609722221875 0.52578125 0.609722221875 0.5359375
0 0.559722221875 0.0390625 0.5638888890625 0.0390625 0.5708333328124999 0.04375 0.58194444375 0.046875 0.5888888890625 0.046875 0.590277778125 0.0484375 0.597222221875 0.0484375 0.602777778125 0.03984375 0.6138888890625 0.034375 0.6138888890625 0.01953125 0.61944444375 0.0140625 0.61944444375 0.00703125 0.6125 0.00703125 0.6111111109375 0.00546875 0.5986111109375 0.00546875 0.597222221875 0.00703125 0.5486111109375 0.00546875 0.54305555625 0.00859375 0.54305555625 0.0296875 0.5458333328125 0.0328125 0.559722221875 0.0390625
0 0.3888888890625 0.375 0.397222221875 0.36875 0.4 0.35859375 0.39444444375 0.35546875 0.36805555624999997 0.35546875 0.365277778125 0.35703125 0.36805555624999997 0.3734375 0.3708333328125 0.375 0.3888888890625 0.375
0 0.34444444375 0.2171875 0.34722222187499996 0.21015625 0.35 0.209375 0.34722222187499996 0.19609375 0.3416666671875 0.19296875 0.3236111109375 0.19296875 0.32083333281250004 0.19453125 0.32083333281250004 0.209375 0.33194444375 0.2171875 0.34444444375 0.2171875
0 0.6236111109375 0.034375 0.6388888890625 0.034375 0.652777778125 0.0296875 0.6611111109375 0.00859375 0.6583333328125 0.00703125 0.6458333328125 0.00703125 0.64444444375 0.00546875 0.6263888890625 0.00546875 0.6208333328125 0.00859375 0.6208333328125 0.0296875 0.6236111109375 0.03046875 0.6236111109375 0.034375
0 0.6319444437499999 0 0.6319444437499999 0.028125 0.6375 0.0328125 0.6486111109375 0.0296875 0.6861111109375 0.03125 0.6888888890625 0.02734375 0.6972222218749999 0.025 0.7 0.021875 0.6972222218749999 0 0.6319444437499999 0
0 0.0666666671875 0.44453125 0.0458333328125 0.44296875 0.04305555625 0.44453125 0.0458333328125 0.4578125 0.0638888890625 0.45625 0.0666666671875 0.44453125
0 0.897222221875 0.28125 0.9 0.2796875 0.9 0.26953125 0.897222221875 0.26796875 0.8791666671874999 0.26796875 0.8763888890624999 0.26953125 0.8763888890624999 0.2796875 0.8819444437499999 0.2828125 0.897222221875 0.28125
0 0.5361111109375 0.084375 0.5361111109375 0.07109375 0.5305555562500001 0.06796875 0.5125 0.06796875 0.5097222218749999 0.084375 0.515277778125 0.0875 0.5305555562500001 0.0875 0.5361111109375 0.084375
0 0.6125 0 0.6125 0.00625 0.609722221875 0.00703125 0.6125 0.03125 0.6208333328125 0.034375 0.6361111109375 0.034375 0.652777778125 0.028125 0.652777778125 0 0.6125 0
0 0.45694444375 0.1359375 0.4625 0.13828125 0.4625 0.140625 0.46527777812500004 0.1421875 0.4888888890625 0.1421875 0.5 0.1359375 0.5 0.12734375 0.4861111109375 0.11953125 0.48194444374999995 0.11953125 0.48055555625 0.11796875 0.45694444375 0.11796875 0.45416666718750004 0.11953125 0.45416666718750004 0.13125 0.45694444375 0.13203125 0.45694444375 0.1359375
0 0.302777778125 0.375 0.30555555624999997 0.35703125 0.2791666671875 0.35546875 0.27638888906250003 0.35703125 0.27638888906250003 0.3734375 0.290277778125 0.3765625 0.302777778125 0.375
0 0.73055555625 0.3125 0.7416666671875001 0.303125 0.7388888890625 0.29453125 0.7333333328125 0.29296875 0.7125 0.29296875 0.709722221875 0.29453125 0.7125 0.3109375 0.7180555562500001 0.3125 0.73055555625 0.3125
0 0.65 0.471875 0.6555555562500001 0.4671875 0.6583333328125 0.45390625 0.652777778125 0.44921875 0.590277778125 0.44921875 0.5875 0.45078125 0.590277778125 0.4734375 0.6041666671875 0.471875 0.6416666671875 0.4734375 0.65 0.471875
0 0.2125 0.13125 0.21944444375 0.13125 0.225 0.128125 0.225 0.12578125 0.23055555625 0.1234375 0.23055555625 0.11953125 0.222222221875 0.115625 0.222222221875 0.11328125 0.21944444375 0.11171875 0.190277778125 0.11171875 0.1875 0.11328125 0.190277778125 0.1234375 0.20277777812500003 0.125 0.2125 0.13125
0 0.2875 0.3765625 0.30555555624999997 0.375 0.3125 0.3796875 0.31944444375000003 0.3796875 0.32083333281250004 0.38125 0.32777777812500003 0.38125 0.3333333328125 0.378125 0.3333333328125 0.35859375 0.32777777812500003 0.35546875 0.32083333281250004 0.35546875 0.31944444375000003 0.35703125 0.2791666671875 0.35546875 0.27638888906250003 0.35703125 0.27638888906250003 0.3734375 0.2791666671875 0.375 0.28611111093749997 0.375 0.2875 0.3765625
0 0.7416666671875001 0.4734375 0.7416666671875001 0.46484375 0.7333333328125 0.46171875 0.7236111109375 0.46171875 0.7208333328125 0.46328125 0.7208333328125 0.4734375 0.7263888890625 0.4765625 0.7416666671875001 0.4734375