0 0.0388888890625 0.55390625 0.04444444375 0.5484375 0.04444444375 0.53984375 0.0388888890625 0.53671875 0.0125 0.53671875 0.009722221875000001 0.5609375 0.0333333328125 0.5625 0.0388888890625 0.559375 0.0388888890625 0.55390625
0 0.29444444375 0.65625 0.2958333328125 0.6546875 0.3 0.6546875 0.3 0.65234375 0.3111111109375 0.6453125 0.3111111109375 0.63828125 0.3083333328125 0.6375 0.3083333328125 0.63515625 0.3 0.63046875 0.26805555625 0.63046875 0.26527777812500003 0.63203125 0.26527777812500003 0.653125 0.2708333328125 0.65625 0.29444444375 0.65625
0 0.1708333328125 0.5703125 0.175 0.5703125 0.1763888890625 0.56875 0.18055555625 0.56875 0.1861111109375 0.565625 0.1861111109375 0.56328125 0.1888888890625 0.5625 0.1888888890625 0.55703125 0.175 0.54921875 0.1458333328125 0.54921875 0.14305555625 0.55078125 0.14305555625 0.571875 0.14861111093749999 0.575 0.16388888906250001 0.575 0.1708333328125 0.5703125
0 0.25555555625 0.615625 0.2638888890625 0.6109375 0.2638888890625 0.60078125 0.2611111109375 0.59921875 0.23472222187499997 0.59921875 0.23194444375 0.60078125 0.23194444375 0.6109375 0.24583333281250003 0.615625 0.25555555625 0.615625
0 0.1361111109375 0.571875 0.13333333281249998 0.55078125 0.13055555624999998 0.54921875 0.10138888906250001 0.54921875 0.0986111109375 0.55078125 0.0986111109375 0.571875 0.1041666671875 0.575 0.1361111109375 0.571875
0 0.1 0.5578125 0.097222221875 0.54921875 0.06805555625000001 0.54921875 0.06527777812499999 0.55078125 0.06805555625000001 0.559375 0.07638888906249999 0.5625 0.0916666671875 0.5625 0.1 0.5578125
0 0.31944444375000003 0.60546875 0.290277778125 0.60546875 0.2875 0.60703125 0.290277778125 0.61875 0.3138888890625 0.6203125 0.322222221875 0.6171875 0.31944444375000003 0.60546875
0 0.24444444375000002 0.628125 0.24444444375000002 0.61328125 0.2236111109375 0.61171875 0.2208333328125 0.625 0.22916666718749998 0.6296875 0.2416666671875 0.6296875 0.24444444375000002 0.628125
0 0.27777777812500004 0.6125 0.28611111093749997 0.6046875 0.28611111093749997 0.60234375 0.27777777812500004 0.59921875 0.24583333281250003 0.59921875 0.24305555625 0.60078125 0.24305555625 0.6140625 0.24583333281250003 0.6171875 0.25833333281250004 0.6171875 0.27777777812500004 0.6125
0 0.16388888906250001 0.53828125 0.1583333328125 0.53671875 0.13194444375 0.53828125 0.134722221875 0.5484375 0.15555555625 0.5484375 0.16388888906250001 0.54375 0.16388888906250001 0.53828125
0 0.6138888890625 0.53203125 0.6013888890625 0.53046875 0.5986111109375 0.5421875 0.6083333328125 0.54375 0.6138888890625 0.5375 0.6138888890625 0.53203125
0 0.1 0.559375 0.1 0.55078125 0.097222221875 0.54921875 0.06805555625000001 0.54921875 0.06527777812499999 0.55078125 0.06805555625000001 0.5609375 0.0791666671875 0.5640625 0.09444444375 0.5625 0.1 0.559375
0 0.259722221875 0.6140625 0.272222221875 0.6140625 0.27777777812500004 0.6109375 0.275 0.59921875 0.23472222187499997 0.59921875 0.23194444375 0.60078125 0.23194444375 0.6109375 0.24583333281250003 0.6171875 0.25555555625 0.6171875 0.259722221875 0.6140625