0 0.6666666671875 0.5296875 0.6638888890625 0.51171875 0.6208333328125 0.51328125 0.6208333328125 0.525 0.6263888890625 0.5296875 0.6319444437499999 0.53125 0.6666666671875 0.5296875
0 0.5527777781250001 0.53125 0.5555555562500001 0.5296875 0.5555555562500001 0.50703125 0.5527777781250001 0.50546875 0.5125 0.50546875 0.5097222218749999 0.50703125 0.5125 0.5265625 0.5236111109375 0.53125 0.5527777781250001 0.53125
0 0.8083333328125001 0.48125 0.8111111109375001 0.4796875 0.8111111109375001 0.46171875 0.8 0.45546875 0.7791666671875 0.45546875 0.7763888890625 0.45703125 0.7763888890625 0.4796875 0.7791666671875 0.4828125 0.8083333328125001 0.48125
0 0.0666666671875 0.5109375 0.077777778125 0.5046875 0.077777778125 0.48828125 0.075 0.48671875 0.0458333328125 0.48671875 0.04305555625 0.48828125 0.04305555625 0.5046875 0.0513888890625 0.5109375 0.0666666671875 0.5109375
0 0.51944444375 0.634375 0.51944444375 0.63046875 0.522222221875 0.6296875 0.51944444375 0.61953125 0.515277778125 0.61953125 0.5138888890625 0.61796875 0.4791666671875 0.61796875 0.4763888890625 0.61953125 0.4763888890625 0.6375 0.48194444374999995 0.6421875 0.497222221875 0.64375 0.51944444375 0.634375
0 0.74444444375 0.559375 0.74444444375 0.54453125 0.7416666671875001 0.54296875 0.7013888890625 0.54296875 0.6986111109375 0.54453125 0.6986111109375 0.5609375 0.7041666671875 0.5640625 0.722222221875 0.565625 0.74444444375 0.559375
0 0.6583333328125 0.2921875 0.6666666671875 0.2859375 0.6666666671875 0.27734375 0.6611111109375 0.27421875 0.6236111109375 0.27421875 0.6208333328125 0.27578125 0.6208333328125 0.2921875 0.6263888890625 0.2953125 0.652777778125 0.29375 0.6583333328125 0.2921875
0 0.35555555625 0.62578125 0.36805555624999997 0.61875 0.375 0.61875 0.377777778125 0.6171875 0.377777778125 0.60703125 0.375 0.60546875 0.334722221875 0.60546875 0.33194444375 0.60703125 0.33194444375 0.6296875 0.334722221875 0.63125 0.34722222187499996 0.63125 0.35555555625 0.628125 0.35555555625 0.62578125
0 0.5083333328124999 0.15 0.5111111109375 0.1484375 0.5111111109375 0.14609375 0.522222221875 0.140625 0.51944444375 0.13515625 0.5083333328124999 0.13046875 0.490277778125 0.13046875 0.4875 0.13203125 0.4875 0.1484375 0.490277778125 0.15 0.5083333328124999 0.15
0 0.63055555625 0.54375 0.6333333328124999 0.53203125 0.627777778125 0.52578125 0.622222221875 0.52421875 0.6013888890625 0.52421875 0.5986111109375 0.52578125 0.5986111109375 0.5421875 0.609722221875 0.5453125 0.63055555625 0.54375
0 0.652777778125 0.63046875 0.609722221875 0.63203125 0.6125 0.65 0.652777778125 0.6484375 0.6555555562500001 0.6453125 0.652777778125 0.63046875
0 0.4888888890625 0.165625 0.4916666671875 0.1578125 0.4888888890625 0.14609375 0.48055555625 0.14296875 0.45694444375 0.14296875 0.45416666718750004 0.165625 0.459722221875 0.16875 0.48333333281249996 0.16875 0.4888888890625 0.165625
0 0.3611111109375 0.54453125 0.35694444375 0.54453125 0.35694444375 0.5484375 0.3541666671875 0.54921875 0.3541666671875 0.559375 0.35972222187499997 0.5625 0.375 0.5609375 0.3763888890625 0.559375 0.3916666671875 0.55625 0.4 0.55 0.4 0.53828125 0.3861111109375 0.53046875 0.36805555624999997 0.53046875 0.365277778125 0.53203125 0.365277778125 0.540625 0.3611111109375 0.54453125
0 0.709722221875 0.5125 0.7194444437499999 0.5125 0.725 0.50625 0.725 0.49765625 0.7194444437499999 0.49296875 0.7041666671875 0.49296875 0.7013888890625 0.4984375 0.709722221875 0.50234375 0.70694444375 0.509375 0.709722221875 0.5125
0 0.2416666671875 0.4609375 0.252777778125 0.4546875 0.252777778125 0.44453125 0.25 0.44296875 0.2236111109375 0.44296875 0.2208333328125 0.44453125 0.2208333328125 0.45625 0.2236111109375 0.459375 0.2416666671875 0.4609375
0 0.6777777781250001 0.3046875 0.675 0.29296875 0.64305555625 0.29453125 0.6458333328125 0.3109375 0.6555555562500001 0.3109375 0.659722221875 0.30625 0.6777777781250001 0.3046875
0 0.5138888890625 0.52421875 0.4875 0.52578125 0.490277778125 0.5375 0.522222221875 0.5359375 0.51944444375 0.52578125 0.5138888890625 0.52421875
0 0.275 0.45703125 0.25694444375000003 0.45546875 0.2541666671875 0.4734375 0.2638888890625 0.475 0.275 0.4703125 0.275 0.45703125
0 0.6972222218749999 0.4609375 0.6972222218749999 0.45234375 0.6888888890625 0.44921875 0.66805555625 0.44921875 0.665277778125 0.45078125 0.665277778125 0.4546875 0.6791666671875001 0.4625 0.6944444437499999 0.4625 0.6972222218749999 0.4609375
0 0.6638888890625 0.34921875 0.6347222218749999 0.34921875 0.6319444437499999 0.35078125 0.6347222218749999 0.35625 0.6638888890625 0.35625 0.6666666671875 0.3546875 0.6638888890625 0.34921875
0 0.377777778125 0.58203125 0.35694444375 0.58046875 0.3541666671875 0.5921875 0.3625 0.5953125 0.375 0.5953125 0.377777778125 0.58203125
0 0.325 0.4375 0.325 0.42734375 0.3125 0.42421875 0.309722221875 0.4390625 0.3125 0.4421875 0.31944444375000003 0.4421875 0.325 0.4375