0 0.640625 0.00859375 0.05390625 0.0171875
0 0.971875 0.009375 0.0484375 0.0171875
0 0.87265625 0.0265625 0.059375 0.03515625
0 0.815625 0.03671875 0.05703125 0.0359375
0 0.903125 0.0453125 0.040625 0.03359375
0 0.67578125 0.065625 0.0265625 0.021875
0 0.7125 0.0671875 0.04453125 0.01640625
0 0.7609375 0.075 0.046875 0.03359375
0 0.8296875 0.06796875 0.0375 0.01875
0 0.57890625 0.0828125 0.04453125 0.02265625
0 0.86171875 0.090625 0.05390625 0.02734375
0 0.771875 0.10625 0.05859375 0.0328125
0 0.82578125 0.10859375 0.0515625 0.0328125
0 0.11484375 0.10703125 0.0375 0.0234375
0 0.3296875 0.10390625 0.02109375 0.015625
0 0.19921875 0.109375 0.034375 0.01640625
0 0.16640625 0.1125 0.03046875 0.01640625
0 0.51953125 0.11640625 0.04140625 0.021875
0 0.4171875 0.1234375 0.03203125 0.0140625
0 0.5078125 0.13125 0.03203125 0.01171875
0 0.5015625 0.1578125 0.028125 0.03203125
0 0.9265625 0.165625 0.05546875 0.03515625
0 0.42421875 0.1625 0.040625 0.01484375
0 0.325 0.16953125 0.028125 0.025
0 0.7546875 0.16875 0.04296875 0.01953125
0 0.6140625 0.171875 0.04453125 0.02421875
0 0.19453125 0.175 0.03046875 0.02265625
0 0.22734375 0.1765625 0.0375 0.01484375
0 0.2625 0.17734375 0.0390625 0.0125
0 0.471875 0.18359375 0.04140625 0.021875
0 0.3171875 0.18828125 0.034375 0.0234375
0 0.9796875 0.1921875 0.0375 0.03125
0 0.015625 0.1890625 0.028125 0.01875
0 0.06953125 0.190625 0.025 0.01640625
0 0.0765625 0.209375 0.0359375 0.01328125
0 0.6546875 0.21875 0.040625 0.025
0 0.8 0.23203125 0.05546875 0.03125
0 0.49140625 0.2359375 0.0390625 0.02734375
0 0.384375 0.2296875 0.025 0.0125
0 0.6921875 0.2296875 0.040625 0.0109375
0 0.253125 0.25 0.04453125 0.02578125
0 0.2921875 0.2515625 0.0375 0.0265625
0 0.41875 0.25 0.04609375 0.0203125
0 0.509375 0.25 0.04609375 0.02109375
0 0.9203125 0.2578125 0.05703125 0.03359375
0 0.321875 0.25859375 0.0265625 0.021875
0 0.00625 0.259375 0.0125 0.02109375
0 0.72265625 0.265625 0.05390625 0.02890625
0 0.41796875 0.271875 0.04453125 0.0234375
0 0.55625 0.27109375 0.034375 0.01875
0 0.7859375 0.27734375 0.05546875 0.028125
0 0.63359375 0.284375 0.03046875 0.0234375
0 0.38828125 0.2890625 0.0375 0.0265625
0 0.76640625 0.3140625 0.05 0.02578125
0 0.696875 0.3171875 0.04140625 0.0265625
0 0.07734375 0.31875 0.04296875 0.02109375
0 0.11953125 0.31875 0.0640625 0.01796875
0 0.15390625 0.32890625 0.05 0.025
0 0.83125 0.34765625 0.0484375 0.0234375
0 0.021875 0.34296875 0.04296875 0.0125
0 0.06875 0.353125 0.059375 0.03046875
0 0.796875 0.35078125 0.021875 0.0203125
0 0.10703125 0.38515625 0.0390625 0.0265625
0 0.35546875 0.3890625 0.01953125 0.0171875
0 0.2078125 0.4125 0.0515625 0.02265625
0 0.284375 0.4609375 0.046875 0.02890625
0 0.01484375 0.4578125 0.0265625 0.01640625
0 0.1265625 0.52578125 0.03359375 0.0171875
0 0.03984375 0.55625 0.059375 0.0296875
0 0.78828125 0.5578125 0.02890625 0.01484375
0 0.3765625 0.56875 0.028125 0.02109375
0 0.96875 0.6109375 0.0375 0.03203125
0 0.12890625 0.60546875 0.028125 0.0109375
0 0.62890625 0.6125 0.04140625 0.0203125
0 0.484375 0.621875 0.0359375 0.01953125
0 0.09765625 0.6390625 0.0875 0.04453125
0 0.41953125 0.67890625 0.071875 0.040625
0 0.840625 0.68125 0.0609375 0.028125
0 0.33515625 0.70546875 0.0375 0.034375
0 0.1625 0.734375 0.05859375 0.02265625
0 0.79921875 0.7453125 0.08203125 0.04375
0 0.08984375 0.7734375 0.04296875 0.034375
0 0.853125 0.784375 0.096875 0.05234375
0 0.59140625 0.78515625 0.028125 0.01875
0 0.46328125 0.79921875 0.0515625 0.0328125
0 0.7609375 0.803125 0.053125 0.02421875
0 0.84296875 0.81015625 0.0640625 0.0171875
0 0.21328125 0.82734375 0.0875 0.0484375
0 0.540625 0.8234375 0.0625 0.0375
0 0.596875 0.82265625 0.05390625 0.0359375
0 0.1359375 0.8359375 0.06953125 0.03203125
0 0.20625 0.86875 0.0625 0.03359375
0 0.5921875 0.86640625 0.0234375 0.021875
0 0.9484375 0.9140625 0.05546875 0.0421875