0 0.75234375 0.009375 0.0390625 0.01875
0 0.59140625 0.0078125 0.0390625 0.015625
0 0.41875 0.0109375 0.034375 0.01640625
0 0.62578125 0.01875 0.0265625 0.021875
0 0.46484375 0.025 0.04296875 0.02890625
0 0.165625 0.0234375 0.0265625 0.021875
0 0.4984375 0.03125 0.01953125 0.01953125
0 0.5734375 0.0390625 0.046875 0.03203125
0 0.85390625 0.03046875 0.021875 0.015625
0 0.01484375 0.03828125 0.02890625 0.0203125
0 0.440625 0.0375 0.0265625 0.01796875
0 0.8125 0.0421875 0.03359375 0.02734375
0 0.98984375 0.0421875 0.01796875 0.021875
0 0.61796875 0.046875 0.05 0.028125
0 0.04296875 0.0453125 0.053125 0.0234375
0 0.84453125 0.0546875 0.025 0.01953125
0 0.590625 0.06328125 0.04140625 0.01875
0 0.18203125 0.0734375 0.053125 0.03671875
0 0.5078125 0.06796875 0.034375 0.015625
0 0.65390625 0.0703125 0.0359375 0.01953125
0 0.7859375 0.0734375 0.0359375 0.021875
0 0.565625 0.07578125 0.034375 0.0203125
0 0.384375 0.08125 0.04296875 0.0171875
0 0.34296875 0.096875 0.0609375 0.03515625
0 0.615625 0.0890625 0.03203125 0.0203125
0 0.025 0.0984375 0.025 0.01484375
0 0.77890625 0.1046875 0.03359375 0.0203125
0 0.965625 0.125 0.040625 0.025
0 0.8328125 0.1234375 0.0265625 0.01953125
0 0.603125 0.1265625 0.03203125 0.01796875
0 0.3015625 0.1375 0.05 0.0296875
0 0.3484375 0.146875 0.05546875 0.034375
0 0.18125 0.146875 0.05390625 0.0296875
0 0.51796875 0.140625 0.03359375 0.01640625
0 0.44921875 0.15 0.0375 0.02265625
0 0.58828125 0.1515625 0.0375 0.02109375
0 0.05859375 0.15 0.03046875 0.01796875
0 0.625 0.153125 0.0359375 0.01953125
0 0.52265625 0.1609375 0.02890625 0.01796875
0 0.95 0.16875 0.053125 0.03359375
0 0.54765625 0.165625 0.034375 0.0203125
0 0.79609375 0.175 0.05859375 0.03125
0 0.671875 0.1734375 0.040625 0.015625
0 0.8796875 0.178125 0.040625 0.02109375
0 0.278125 0.1765625 0.0375 0.01640625
0 0.5546875 0.18515625 0.034375 0.0171875
0 0.93671875 0.196875 0.059375 0.03046875
0 0.39296875 0.18984375 0.028125 0.0125
0 0.0125 0.2015625 0.021875 0.01640625
0 0.0921875 0.209375 0.0484375 0.02734375
0 0.40859375 0.20546875 0.03359375 0.015625
0 0.903125 0.209375 0.02109375 0.02421875
0 0.8765625 0.20625 0.03046875 0.0109375
0 0.12734375 0.21875 0.01796875 0.0203125
0 0.2625 0.2234375 0.05859375 0.02890625
0 0.984375 0.221875 0.025 0.0203125
0 0.84375 0.240625 0.04296875 0.025
0 0.0109375 0.2421875 0.021875 0.0109375
0 0.6046875 0.246875 0.02890625 0.02109375
0 0.89375 0.246875 0.03203125 0.01484375
0 0.06328125 0.2640625 0.04609375 0.03359375
0 0.21171875 0.265625 0.0625 0.03046875
0 0.0296875 0.2671875 0.0375 0.02421875
0 0.34296875 0.26875 0.04453125 0.025
0 0.39140625 0.28125 0.03359375 0.0125
0 0.728125 0.290625 0.05859375 0.03203125
0 0.66953125 0.3109375 0.04453125 0.0296875
0 0.75390625 0.3140625 0.053125 0.02890625
0 0.26015625 0.3234375 0.02890625 0.0125
0 0.79765625 0.3359375 0.02890625 0.02734375
0 0.64296875 0.33671875 0.04140625 0.01875
0 0.240625 0.34140625 0.03046875 0.0125
0 0.8296875 0.3703125 0.034375 0.015625
0 0.75546875 0.41796875 0.03359375 0.015625
0 0.8265625 0.4765625 0.01640625 0.028125
0 0.96171875 0.5234375 0.065625 0.02890625
0 0.090625 0.540625 0.028125 0.01953125
0 0.9109375 0.55234375 0.04453125 0.0296875
0 0.98984375 0.54453125 0.01796875 0.009375
0 0.75 0.58046875 0.04140625 0.021875
0 0.32265625 0.59609375 0.04609375 0.021875
0 0.12109375 0.603125 0.028125 0.015625
0 0.328125 0.63828125 0.059375 0.03125
0 0.0109375 0.64140625 0.021875 0.0171875
0 0.396875 0.6640625 0.053125 0.03203125
0 0.61484375 0.66328125 0.05390625 0.03125
0 0.44765625 0.6828125 0.059375 0.02734375
0 0.12890625 0.684375 0.05546875 0.0234375
0 0.3859375 0.6859375 0.04453125 0.01875
0 0.4140625 0.70390625 0.04140625 0.0328125
0 0.58984375 0.703125 0.04296875 0.02421875
0 0.28671875 0.71015625 0.05390625 0.028125
0 0.278125 0.7421875 0.05 0.03359375
0 0.346875 0.7515625 0.05703125 0.034375