0 0.5888888890625 0.2125 0.590277778125 0.2140625 0.6083333328125 0.2125 0.622222221875 0.2015625 0.622222221875 0.19453125 0.61944444375 0.19140625 0.6083333328125 0.18671875 0.5791666671875 0.18671875 0.5763888890625 0.18828125 0.5763888890625 0.209375 0.5791666671875 0.2125 0.5888888890625 0.2125
0 0.38333333281250004 0.1625 0.3916666671875 0.1546875 0.3888888890625 0.13828125 0.3861111109375 0.13671875 0.3458333328125 0.13671875 0.34305555625 0.13828125 0.34305555625 0.159375 0.34861111093749997 0.1625 0.38333333281250004 0.1625
0 0.41944444374999995 0.05625 0.43333333281249997 0.0484375 0.43333333281249997 0.03046875 0.43055555625 0.0296875 0.43055555625 0.02578125 0.4236111109375 0.02578125 0.42222222187499997 0.02421875 0.39027777812500003 0.02421875 0.3875 0.02578125 0.3875 0.0484375 0.40416666718750005 0.05625 0.41944444374999995 0.05625
0 0.3 0.26328125 0.2791666671875 0.26171875 0.27638888906250003 0.2796875 0.29444444375 0.28125 0.3 0.278125 0.3 0.26328125
0 0.547222221875 0.475 0.5527777781250001 0.4734375 0.5555555562500001 0.4703125 0.5555555562500001 0.45078125 0.5527777781250001 0.44921875 0.5236111109375 0.44921875 0.5097222218749999 0.45703125 0.5097222218749999 0.471875 0.515277778125 0.475 0.547222221875 0.475
0 0.5555555562500001 0.365625 0.5527777781250001 0.34921875 0.5486111109375 0.34921875 0.5416666671875 0.34296875 0.5125 0.34296875 0.5097222218749999 0.365625 0.515277778125 0.36875 0.55 0.36875 0.5555555562500001 0.365625
0 0.3083333328125 0.4125 0.31944444375000003 0.4046875 0.31944444375000003 0.39453125 0.3138888890625 0.39296875 0.290277778125 0.39296875 0.28472222187499996 0.39453125 0.27638888906250003 0.40078125 0.27638888906250003 0.4109375 0.2791666671875 0.4125 0.3083333328125 0.4125
0 0.5708333328124999 0.3453125 0.5861111109375 0.34375 0.5888888890625 0.3421875 0.5888888890625 0.32578125 0.5861111109375 0.32421875 0.55694444375 0.32421875 0.5541666671875001 0.334375 0.5625 0.33828125 0.5625 0.340625 0.5708333328124999 0.3453125
0 0.5013888890625 0.2734375 0.5166666671875 0.2734375 0.5305555562500001 0.265625 0.5305555562500001 0.26328125 0.5333333328125 0.2625 0.5333333328125 0.25703125 0.5305555562500001 0.25546875 0.490277778125 0.25546875 0.4875 0.25703125 0.4875 0.2671875 0.490277778125 0.26875 0.49444444374999996 0.26875 0.5013888890625 0.2734375
0 0.8625 0.7203125 0.8861111109375001 0.7203125 0.8875 0.71875 0.89444444375 0.71875 0.9 0.715625 0.9 0.70703125 0.8833333328125 0.69296875 0.8458333328125001 0.69296875 0.8430555562500001 0.69453125 0.8430555562500001 0.7140625 0.8458333328125001 0.7171875 0.8611111109375 0.71875 0.8625 0.7203125
0 0.3111111109375 0.2046875 0.3236111109375 0.2125 0.352777778125 0.2125 0.352777778125 0.21171875 0.36666666718749996 0.2046875 0.36666666718749996 0.18984375 0.3638888890625 0.1890625 0.3638888890625 0.18671875 0.35972222187499997 0.18671875 0.3583333328125 0.1859375 0.3583333328125 0.18359375 0.35694444375 0.18359375 0.352777778125 0.18046875 0.3125 0.18046875 0.3125 0.18125 0.309722221875 0.18203125 0.309722221875 0.2046875 0.3111111109375 0.2046875
0 0.222222221875 0.6765625 0.222222221875 0.66328125 0.190277778125 0.66171875 0.1875 0.6796875 0.190277778125 0.68125 0.2166666671875 0.6796875 0.222222221875 0.6765625
0 0.352777778125 0.384375 0.35555555625 0.38125 0.35555555625 0.37265625 0.352777778125 0.36953125 0.34722222187499996 0.36796875 0.3125 0.36796875 0.309722221875 0.36953125 0.309722221875 0.3859375 0.315277778125 0.3890625 0.33055555625 0.390625 0.352777778125 0.384375
0 0.525 0.159375 0.522222221875 0.14609375 0.5166666671875 0.14296875 0.5013888890625 0.14296875 0.4986111109375 0.14453125 0.4986111109375 0.1609375 0.51944444375 0.1625 0.525 0.159375
0 0.3416666671875 0.275 0.35555555625 0.2671875 0.352777778125 0.25703125 0.35 0.25625 0.34722222187499996 0.25078125 0.34305555625 0.25078125 0.3416666671875 0.24921875 0.3236111109375 0.24921875 0.32083333281250004 0.25078125 0.32083333281250004 0.2734375 0.3236111109375 0.275 0.3416666671875 0.275
0 0.352777778125 0.16875 0.352777778125 0.16328125 0.34722222187499996 0.16171875 0.3125 0.16171875 0.309722221875 0.16328125 0.309722221875 0.1734375 0.315277778125 0.1765625 0.3416666671875 0.1765625 0.352777778125 0.16875
0 0.1888888890625 0.521875 0.190277778125 0.5203125 0.197222221875 0.5203125 0.20833333281250002 0.5125 0.20833333281250002 0.50703125 0.20555555625 0.50625 0.20555555625 0.50390625 0.197222221875 0.49921875 0.16805555625 0.49921875 0.165277778125 0.50078125 0.165277778125 0.5171875 0.1763888890625 0.521875 0.1888888890625 0.521875
0 0.46388888906250003 0.3609375 0.47083333281249995 0.35625 0.475 0.35625 0.477777778125 0.353125 0.477777778125 0.34453125 0.475 0.34296875 0.434722221875 0.34296875 0.43194444374999996 0.34453125 0.43194444374999996 0.3546875 0.434722221875 0.3578125 0.4458333328125 0.3625 0.46388888906250003 0.3609375
0 0.0791666671875 0.6703125 0.090277778125 0.675 0.11944444375 0.675 0.125 0.6703125 0.125 0.66796875 0.127777778125 0.6671875 0.125 0.65234375 0.11944444375 0.64921875 0.10138888906250001 0.64921875 0.0958333328125 0.65234375 0.09444444375 0.65546875 0.0861111109375 0.65234375 0.08194444375 0.65234375 0.07638888906249999 0.65703125 0.07638888906249999 0.6671875 0.0791666671875 0.66796875 0.0791666671875 0.6703125
0 0.5111111109375 0.27578125 0.4791666671875 0.27421875 0.4763888890625 0.2921875 0.4791666671875 0.29375 0.5083333328124999 0.2921875 0.5111111109375 0.27578125
0 0.1416666671875 0.5171875 0.15555555625 0.5109375 0.15555555625 0.50546875 0.1611111109375 0.5 0.1611111109375 0.49453125 0.15694444375 0.49453125 0.15555555625 0.49296875 0.12361111093749999 0.49296875 0.1208333328125 0.49453125 0.1208333328125 0.5109375 0.1263888890625 0.515625 0.1416666671875 0.5171875
0 0.075 0.65 0.0861111109375 0.646875 0.0888888890625 0.6421875 0.0888888890625 0.62578125 0.0861111109375 0.62421875 0.0791666671875 0.62421875 0.072222221875 0.62890625 0.059722221875 0.62890625 0.052777778124999994 0.62421875 0.04305555625 0.62578125 0.04305555625 0.6421875 0.05 0.64375 0.059722221875 0.65 0.075 0.65
0 0.4888888890625 0.46640625 0.5 0.459375 0.5 0.45078125 0.497222221875 0.44921875 0.45694444375 0.44921875 0.45416666718750004 0.45078125 0.45416666718750004 0.4734375 0.4861111109375 0.475 0.4888888890625 0.46640625
0 0.38194444375000003 0.1828125 0.39444444375 0.18125 0.4 0.178125 0.4 0.16953125 0.3916666671875 0.16328125 0.3861111109375 0.16171875 0.35694444375 0.16171875 0.3541666671875 0.16328125 0.3541666671875 0.18125 0.3625 0.1859375 0.377777778125 0.1859375 0.38194444375000003 0.1828125
0 0.5861111109375 0.3234375 0.5930555562500001 0.31875 0.597222221875 0.31875 0.597222221875 0.31640625 0.6 0.315625 0.6 0.31171875 0.597222221875 0.3109375 0.597222221875 0.30703125 0.5833333328125 0.29921875 0.56805555625 0.29921875 0.565277778125 0.30078125 0.565277778125 0.3171875 0.5763888890625 0.3234375 0.5861111109375 0.3234375
0 0.5305555562500001 0.29375 0.54444444375 0.2859375 0.54444444375 0.27578125 0.5416666671875 0.27421875 0.5125 0.27421875 0.5097222218749999 0.27578125 0.5097222218749999 0.2921875 0.5125 0.29375 0.5305555562500001 0.29375
0 0.14444444375 0.34453125 0.15277777812499999 0.340625 0.15277777812499999 0.33203125 0.12361111093749999 0.33046875 0.1208333328125 0.3484375 0.12361111093749999 0.35 0.14444444375 0.3484375 0.14444444375 0.34453125
0 0.5888888890625 0.5046875 0.5861111109375 0.49296875 0.55694444375 0.49296875 0.5541666671875001 0.49453125 0.5541666671875001 0.503125 0.559722221875 0.50625 0.58055555625 0.5078125 0.5888888890625 0.5046875
0 0.25555555625 0.5984375 0.252777778125 0.58984375 0.25 0.58828125 0.24583333281250003 0.58828125 0.24444444375000002 0.58671875 0.2125 0.58671875 0.20972222187499998 0.58828125 0.20972222187499998 0.6046875 0.2125 0.60625 0.2416666671875 0.6046875 0.25555555625 0.5984375
0 0.2638888890625 0.6671875 0.2611111109375 0.66328125 0.25555555625 0.66171875 0.23472222187499997 0.66171875 0.23194444375 0.66328125 0.23472222187499997 0.6765625 0.24722222187499998 0.6765625 0.2611111109375 0.671875 0.2638888890625 0.6671875
0 0.997222221875 0.0796875 0.997222221875 0.05703125 0.9902777781250001 0.05546875 0.98194444375 0.05859375 0.975 0.05546875 0.9680555562500001 0.05546875 0.965277778125 0.05703125 0.9680555562500001 0.0796875 0.9763888890624999 0.08125 0.997222221875 0.0796875
0 0.23611111093749998 0.43984375 0.2541666671875 0.4328125 0.275 0.434375 0.27777777812500004 0.4328125 0.27777777812500004 0.42578125 0.275 0.42421875 0.2236111109375 0.42421875 0.2208333328125 0.42578125 0.2208333328125 0.4484375 0.2236111109375 0.45 0.2416666671875 0.45 0.24444444375000002 0.44453125 0.23611111093749998 0.43984375
0 0.4791666671875 0.4875 0.4861111109375 0.4859375 0.4861111109375 0.48203125 0.48333333281249996 0.48046875 0.45694444375 0.48046875 0.45416666718750004 0.48203125 0.45416666718750004 0.4875 0.459722221875 0.4921875 0.475 0.490625 0.4791666671875 0.4875
0 0.2638888890625 0.24296875 0.23472222187499997 0.24296875 0.23194444375 0.24453125 0.23472222187499997 0.25 0.2638888890625 0.25 0.2666666671875 0.2484375 0.2638888890625 0.24296875
0 0.35694444375 0.2671875 0.36666666718749996 0.2671875 0.38055555625 0.2609375 0.377777778125 0.24609375 0.3861111109375 0.2421875 0.3861111109375 0.23828125 0.38055555625 0.23671875 0.35694444375 0.23671875 0.3541666671875 0.23828125 0.3541666671875 0.2625 0.35694444375 0.2671875
0 0.475 0.553125 0.4861111109375 0.5453125 0.4861111109375 0.53828125 0.46805555625000006 0.53671875 0.46527777812500004 0.53828125 0.46527777812500004 0.55 0.46805555625000006 0.553125 0.475 0.553125
0 0.49444444374999996 0.440625 0.49444444374999996 0.43359375 0.4888888890625 0.43046875 0.46805555625000006 0.43046875 0.46527777812500004 0.43203125 0.46527777812500004 0.4359375 0.47083333281249995 0.4421875 0.4861111109375 0.44375 0.49444444374999996 0.440625
0 0.5305555562500001 0.325 0.5333333328125 0.3234375 0.5333333328125 0.31328125 0.5125 0.31171875 0.5097222218749999 0.31328125 0.5097222218749999 0.3234375 0.515277778125 0.3265625 0.5305555562500001 0.325
0 0.5611111109375 0.40390625 0.534722221875 0.40546875 0.534722221875 0.4078125 0.5319444437499999 0.40859375 0.5319444437499999 0.415625 0.5375 0.41875 0.54444444375 0.41875 0.5458333328125 0.4171875 0.5611111109375 0.4171875 0.5625 0.415625 0.5833333328125 0.4109375 0.5930555562500001 0.4046875 0.597222221875 0.4046875 0.597222221875 0.40078125 0.5763888890625 0.39921875 0.575 0.40078125 0.5625 0.40234375 0.5611111109375 0.40390625
0 0.5305555562500001 0.625 0.5388888890625 0.6171875 0.5388888890625 0.61328125 0.5305555562500001 0.60546875 0.5236111109375 0.60546875 0.5208333328125 0.60703125 0.5208333328125 0.6234375 0.5236111109375 0.625 0.5305555562500001 0.625
0 0.6666666671875 0.4296875 0.6666666671875 0.41953125 0.6458333328125 0.41796875 0.64305555625 0.43125 0.6458333328125 0.434375 0.6555555562500001 0.434375 0.6666666671875 0.4296875
0 0.5138888890625 0.403125 0.5138888890625 0.39453125 0.490277778125 0.39296875 0.4875 0.39453125 0.490277778125 0.409375 0.5083333328124999 0.4109375 0.5138888890625 0.403125
0 0.3888888890625 0.2265625 0.3861111109375 0.21796875 0.35694444375 0.21796875 0.3541666671875 0.21953125 0.3541666671875 0.2296875 0.35972222187499997 0.2328125 0.377777778125 0.2328125 0.3888888890625 0.2265625
0 0.475 0.125 0.477777778125 0.1234375 0.477777778125 0.11328125 0.475 0.11171875 0.45694444375 0.11171875 0.45416666718750004 0.11328125 0.45416666718750004 0.1234375 0.45694444375 0.125 0.475 0.125
0 0.5833333328125 0.4109375 0.5833333328125 0.40703125 0.577777778125 0.40546875 0.534722221875 0.40546875 0.5319444437499999 0.415625 0.5375 0.41875 0.5611111109375 0.4171875 0.565277778125 0.4140625 0.5833333328125 0.4109375
0 0.6888888890625 0.73203125 0.6791666671875001 0.73046875 0.6763888890625 0.7421875 0.6791666671875001 0.7453125 0.6861111109375 0.7453125 0.6888888890625 0.73203125
0 0.5305555562500001 0.325 0.5416666671875 0.3125 0.5416666671875 0.30703125 0.5361111109375 0.30546875 0.5125 0.30546875 0.5097222218749999 0.30703125 0.5097222218749999 0.3234375 0.515277778125 0.3265625 0.5305555562500001 0.325
0 0.997222221875 0.0359375 0.997222221875 0.02421875 0.9791666671874999 0.02421875 0.9763888890624999 0.02578125 0.9763888890624999 0.034375 0.98194444375 0.0375 0.997222221875 0.0359375
0 0.5861111109375 0.3375 0.5888888890625 0.3359375 0.5888888890625 0.32421875 0.577777778125 0.31953125 0.55694444375 0.31796875 0.5541666671875001 0.31953125 0.55694444375 0.334375 0.565277778125 0.3375 0.5861111109375 0.3375
0 0.4 0.1921875 0.4 0.18828125 0.397222221875 0.18671875 0.36805555624999997 0.18671875 0.365277778125 0.18828125 0.36805555624999997 0.2015625 0.375 0.203125 0.38194444375000003 0.1984375 0.39444444375 0.196875 0.4 0.1921875
0 0.3083333328125 0.328125 0.3083333328125 0.31953125 0.30555555624999997 0.31796875 0.2791666671875 0.31796875 0.27638888906250003 0.31953125 0.27638888906250003 0.3328125 0.2791666671875 0.3359375 0.2888888890625 0.3359375 0.3083333328125 0.328125