0 0.475 0.2125 0.4763888890625 0.2109375 0.48333333281249996 0.2109375 0.497222221875 0.203125 0.497222221875 0.20078125 0.5 0.2 0.5 0.19140625 0.497222221875 0.190625 0.497222221875 0.18828125 0.48333333281249996 0.18046875 0.45694444375 0.18046875 0.45416666718750004 0.18203125 0.45416666718750004 0.209375 0.459722221875 0.2125 0.475 0.2125
0 0.64444444375 0.275 0.64444444375 0.26328125 0.6416666671875 0.26171875 0.6125 0.26171875 0.609722221875 0.26328125 0.609722221875 0.2796875 0.6333333328124999 0.28125 0.64444444375 0.275
0 0.5527777781250001 0.2171875 0.5666666671875 0.2109375 0.5666666671875 0.19453125 0.5638888890625 0.19296875 0.534722221875 0.19296875 0.5319444437499999 0.19453125 0.5319444437499999 0.2109375 0.54305555625 0.2171875 0.5527777781250001 0.2171875
0 0.5388888890625 0.7125 0.5486111109375 0.70625 0.5527777781250001 0.70625 0.5527777781250001 0.70546875 0.5555555562500001 0.7046875 0.5555555562500001 0.68984375 0.5541666671875001 0.68984375 0.55 0.68671875 0.5125 0.68671875 0.5125 0.6875 0.5097222218749999 0.68828125 0.5097222218749999 0.7046875 0.5111111109375 0.7046875 0.5236111109375 0.7125 0.5388888890625 0.7125
0 0.7194444437499999 0.4296875 0.7333333328125 0.4234375 0.7333333328125 0.40703125 0.73055555625 0.40546875 0.7013888890625 0.40546875 0.6986111109375 0.40703125 0.6986111109375 0.4234375 0.7013888890625 0.4265625 0.7194444437499999 0.4296875
0 0.6972222218749999 0.30625 0.7111111109375 0.2984375 0.7111111109375 0.28984375 0.70555555625 0.28671875 0.6791666671875001 0.28671875 0.6763888890625 0.28828125 0.6763888890625 0.3046875 0.6791666671875001 0.30625 0.6972222218749999 0.30625
0 0.5111111109375 0.1921875 0.51805555625 0.1875 0.522222221875 0.1875 0.522222221875 0.18515625 0.5305555562500001 0.1796875 0.5305555562500001 0.17578125 0.522222221875 0.171875 0.522222221875 0.16953125 0.51944444375 0.16796875 0.490277778125 0.16796875 0.4875 0.16953125 0.4875 0.1859375 0.4986111109375 0.1921875 0.5111111109375 0.1921875
0 0.352777778125 0.5 0.3541666671875 0.5015625 0.36666666718749996 0.5015625 0.36805555624999997 0.5 0.375 0.5 0.377777778125 0.49609375 0.3861111109375 0.4921875 0.3861111109375 0.48984375 0.3888888890625 0.4890625 0.3888888890625 0.48203125 0.375 0.47421875 0.3458333328125 0.47421875 0.34305555625 0.47578125 0.34305555625 0.4984375 0.3458333328125 0.5 0.352777778125 0.5
0 0.41944444374999995 0.18125 0.43333333281249997 0.1734375 0.43333333281249997 0.15703125 0.43055555625 0.15546875 0.40138888906250003 0.15546875 0.3986111109375 0.15703125 0.3986111109375 0.1796875 0.40138888906250003 0.18125 0.41944444374999995 0.18125
0 0.33055555625 0.49375 0.3361111109375 0.4875 0.3361111109375 0.48203125 0.33888888906250003 0.48125 0.3361111109375 0.47109375 0.33055555625 0.46796875 0.290277778125 0.46796875 0.2875 0.46953125 0.2875 0.4921875 0.3013888890625 0.4953125 0.33055555625 0.49375
0 0.61944444375 0.834375 0.6236111109375 0.83125 0.63055555625 0.83125 0.6333333328124999 0.8296875 0.6333333328124999 0.82734375 0.6388888890625 0.8234375 0.6416666671875 0.81484375 0.63055555625 0.80546875 0.6013888890625 0.80546875 0.5986111109375 0.80703125 0.5986111109375 0.8296875 0.6125 0.834375 0.61944444375 0.834375
0 0.5458333328125 0.75625 0.5527777781250001 0.75625 0.5555555562500001 0.7546875 0.5555555562500001 0.74765625 0.575 0.7390625 0.577777778125 0.7359375 0.577777778125 0.73203125 0.575 0.73046875 0.5458333328125 0.73046875 0.54305555625 0.73203125 0.54305555625 0.7546875 0.5458333328125 0.75625
0 0.48194444374999995 0.1328125 0.497222221875 0.13125 0.5 0.10859375 0.49444444374999996 0.10546875 0.46805555625000006 0.10546875 0.46527777812500004 0.10703125 0.46527777812500004 0.128125 0.47083333281249995 0.13125 0.48194444374999995 0.1328125
0 0.5236111109375 0.16953125 0.5236111109375 0.1734375 0.5305555562500001 0.1734375 0.5375 0.16875 0.54444444375 0.1671875 0.547222221875 0.15234375 0.5416666671875 0.14921875 0.5236111109375 0.14921875 0.5208333328125 0.15078125 0.5208333328125 0.16875 0.5236111109375 0.16953125
0 0.9791666671874999 0.775 0.9888888890624999 0.775 0.997222221875 0.771875 0.997222221875 0.76328125 0.9888888890624999 0.75859375 0.977777778125 0.75546875 0.9458333328125 0.75546875 0.94305555625 0.75703125 0.94305555625 0.76875 0.9513888890625 0.775 0.977777778125 0.7765625 0.9791666671874999 0.775
0 0.46388888906250003 0.0890625 0.46527777812500004 0.0875 0.4861111109375 0.0859375 0.4888888890625 0.07421875 0.477777778125 0.0671875 0.477777778125 0.06484375 0.47222222187499996 0.06171875 0.4458333328125 0.06171875 0.44305555625000004 0.06328125 0.44305555625000004 0.084375 0.4458333328125 0.0875 0.46388888906250003 0.0890625
0 0.675 0.4125 0.6888888890625 0.4046875 0.6861111109375 0.39453125 0.6805555562500001 0.39296875 0.6569444437499999 0.39296875 0.6541666671875 0.39453125 0.6541666671875 0.4109375 0.6569444437499999 0.4125 0.675 0.4125
0 0.577777778125 0.53125 0.5791666671875 0.5296875 0.5833333328125 0.5296875 0.5861111109375 0.528125 0.5861111109375 0.52421875 0.5888888890625 0.5234375 0.5888888890625 0.51953125 0.575 0.51171875 0.55694444375 0.51171875 0.5541666671875001 0.51328125 0.5541666671875001 0.5234375 0.56805555625 0.53125 0.577777778125 0.53125
0 0.5458333328125 0.47421875 0.5458333328125 0.4765625 0.54305555625 0.47734375 0.54305555625 0.4921875 0.5486111109375 0.4953125 0.575 0.4921875 0.575 0.48984375 0.5861111109375 0.4859375 0.5861111109375 0.48359375 0.5888888890625 0.4828125 0.5888888890625 0.47421875 0.5833333328125 0.46953125 0.5791666671875 0.46953125 0.577777778125 0.46796875 0.55694444375 0.46796875 0.5458333328125 0.47421875
0 0.39444444375 0.275 0.4 0.271875 0.4 0.25703125 0.36805555624999997 0.25546875 0.365277778125 0.25703125 0.36805555624999997 0.271875 0.3736111109375 0.275 0.39444444375 0.275
0 0.427777778125 0.10625 0.43333333281249997 0.1015625 0.43333333281249997 0.08203125 0.43055555625 0.08046875 0.40972222187499996 0.08203125 0.40972222187499996 0.1046875 0.415277778125 0.1078125 0.427777778125 0.10625
0 0.5083333328124999 0.36875 0.5097222218749999 0.3671875 0.5138888890625 0.3671875 0.522222221875 0.3625 0.522222221875 0.36015625 0.5305555562500001 0.35625 0.5305555562500001 0.35390625 0.5333333328125 0.353125 0.5305555562500001 0.34453125 0.5236111109375 0.34453125 0.522222221875 0.34296875 0.490277778125 0.34296875 0.4875 0.34453125 0.4875 0.365625 0.49305555625 0.36875 0.5083333328124999 0.36875
0 0.527777778125 0.4734375 0.5291666671875 0.475 0.547222221875 0.475 0.5666666671875 0.465625 0.5666666671875 0.45703125 0.5638888890625 0.45546875 0.5263888890625 0.45546875 0.5208333328125 0.45859375 0.5208333328125 0.4703125 0.5236111109375 0.47109375 0.5236111109375 0.4734375 0.527777778125 0.4734375
0 0.39444444375 0.5625 0.4 0.559375 0.4 0.55703125 0.40833333281249995 0.553125 0.40833333281249995 0.55078125 0.40277777812500004 0.5484375 0.4 0.53828125 0.397222221875 0.53671875 0.36805555624999997 0.53671875 0.36666666718749996 0.53828125 0.35972222187499997 0.53828125 0.3541666671875 0.54296875 0.3541666671875 0.5609375 0.365277778125 0.5640625 0.39444444375 0.5625
0 0.43333333281249997 0.2296875 0.43333333281249997 0.21328125 0.4125 0.21171875 0.40972222187499996 0.21328125 0.40972222187499996 0.2296875 0.43055555625 0.23125 0.43333333281249997 0.2296875
0 0.4763888890625 0.03203125 0.4763888890625 0.0484375 0.4791666671875 0.05 0.49444444374999996 0.0515625 0.5083333328124999 0.046875 0.5138888890625 0.03515625 0.5166666671875 0.034375 0.5166666671875 0.02734375 0.5083333328124999 0.02421875 0.490277778125 0.02421875 0.4791666671875 0.02890625 0.4791666671875 0.03125 0.4763888890625 0.03203125
0 0.6347222218749999 0.434375 0.652777778125 0.434375 0.6555555562500001 0.428125 0.652777778125 0.40859375 0.64444444375 0.40546875 0.6236111109375 0.40546875 0.6208333328125 0.40703125 0.6236111109375 0.4265625 0.6347222218749999 0.43203125 0.6347222218749999 0.434375
0 0.6569444437499999 0.80546875 0.64305555625 0.81328125 0.64305555625 0.8265625 0.6458333328125 0.82734375 0.6458333328125 0.8296875 0.6555555562500001 0.8296875 0.6569444437499999 0.83125 0.6666666671875 0.8296875 0.6736111109375 0.825 0.6777777781250001 0.825 0.6777777781250001 0.82265625 0.6888888890625 0.8171875 0.6888888890625 0.80703125 0.6861111109375 0.80625 0.6861111109375 0.80234375 0.6833333328125 0.80078125 0.66805555625 0.79921875 0.6625 0.80234375 0.6625 0.8046875 0.6569444437499999 0.80546875
0 0.5666666671875 0.5484375 0.5666666671875 0.53828125 0.5638888890625 0.53671875 0.534722221875 0.53671875 0.5319444437499999 0.53828125 0.5319444437499999 0.55 0.5375 0.5546875 0.5527777781250001 0.5546875 0.5666666671875 0.5484375
0 0.56805555625 0.6171875 0.5722222218749999 0.6171875 0.5736111109375 0.61875 0.5861111109375 0.61875 0.6 0.6109375 0.6 0.60234375 0.5944444437499999 0.59921875 0.5708333328124999 0.59921875 0.565277778125 0.60234375 0.565277778125 0.6140625 0.56805555625 0.61484375 0.56805555625 0.6171875
0 0.45 0.134375 0.4583333328125 0.1296875 0.46388888906250003 0.1234375 0.46388888906250003 0.10703125 0.4611111109375 0.10546875 0.4236111109375 0.10546875 0.42083333281249996 0.10703125 0.42083333281249996 0.1296875 0.434722221875 0.134375 0.45 0.134375
0 0.5319444437499999 0.6328125 0.55 0.6328125 0.5555555562500001 0.63125 0.5638888890625 0.625 0.5611111109375 0.61484375 0.5527777781250001 0.61171875 0.5236111109375 0.61171875 0.5208333328125 0.61328125 0.5208333328125 0.6265625 0.5236111109375 0.6296875 0.5319444437499999 0.6328125
0 0.5097222218749999 0.23359375 0.5097222218749999 0.246875 0.5125 0.2484375 0.51944444375 0.2484375 0.5208333328125 0.25 0.527777778125 0.25 0.5375 0.24375 0.5416666671875 0.24375 0.54444444375 0.23828125 0.5527777781250001 0.2328125 0.5527777781250001 0.22578125 0.5458333328125 0.22578125 0.54444444375 0.22421875 0.5236111109375 0.22421875 0.5097222218749999 0.23359375
0 0.522222221875 0.31484375 0.527777778125 0.3109375 0.527777778125 0.30859375 0.522222221875 0.30546875 0.5013888890625 0.30546875 0.4986111109375 0.30703125 0.5013888890625 0.3140625 0.5125 0.31875 0.522222221875 0.3171875 0.522222221875 0.31484375
0 0.6861111109375 0.4359375 0.6861111109375 0.42578125 0.6805555562500001 0.421875 0.6805555562500001 0.41484375 0.675 0.41171875 0.6569444437499999 0.41171875 0.6541666671875 0.41328125 0.6541666671875 0.43125 0.66805555625 0.4375 0.6861111109375 0.4359375
0 0.5208333328125 0.0671875 0.5263888890625 0.06875 0.5416666671875 0.0671875 0.547222221875 0.0609375 0.547222221875 0.04453125 0.5416666671875 0.03828125 0.5361111109375 0.03671875 0.515277778125 0.03671875 0.5097222218749999 0.03984375 0.5097222218749999 0.0609375 0.5166666671875 0.0625 0.5208333328125 0.0671875
0 0.49305555625 0.078125 0.5083333328124999 0.0796875 0.515277778125 0.075 0.522222221875 0.0734375 0.522222221875 0.06484375 0.51944444375 0.06171875 0.5125 0.06015625 0.5111111109375 0.05703125 0.50555555625 0.05546875 0.490277778125 0.05703125 0.490277778125 0.0609375 0.4875 0.06171875 0.4875 0.0734375 0.49305555625 0.078125
0 0.5694444437499999 0.29453125 0.575 0.2921875 0.575 0.28828125 0.56805555625 0.28828125 0.5666666671875 0.28671875 0.5375 0.28671875 0.5319444437499999 0.28984375 0.5319444437499999 0.3 0.5375 0.3046875 0.5611111109375 0.3015625 0.5694444437499999 0.296875 0.5694444437499999 0.29453125
0 0.33055555625 0.596875 0.33194444375 0.5953125 0.3416666671875 0.59375 0.34722222187499996 0.58671875 0.352777778125 0.5859375 0.35 0.57734375 0.3416666671875 0.57421875 0.315277778125 0.57421875 0.309722221875 0.57734375 0.309722221875 0.5921875 0.3236111109375 0.596875 0.33055555625 0.596875
0 0.7111111109375 0.32109375 0.722222221875 0.3171875 0.722222221875 0.30703125 0.7194444437499999 0.30546875 0.690277778125 0.30546875 0.6875 0.30703125 0.6875 0.3234375 0.7083333328125 0.325 0.7111111109375 0.32109375
0 0.40555555625000006 0.58125 0.41944444374999995 0.5734375 0.42222222187499997 0.5703125 0.42222222187499997 0.56328125 0.41944444374999995 0.56171875 0.39027777812500003 0.56171875 0.3875 0.56328125 0.3875 0.578125 0.39305555625 0.58125 0.40555555625000006 0.58125
0 0.459722221875 0.1625 0.46388888906250003 0.1625 0.477777778125 0.1546875 0.477777778125 0.14453125 0.475 0.14296875 0.45694444375 0.14296875 0.45416666718750004 0.14453125 0.45416666718750004 0.159375 0.459722221875 0.1625
0 0.25555555625 0.35078125 0.252777778125 0.34921875 0.2236111109375 0.34921875 0.2208333328125 0.35078125 0.2208333328125 0.3609375 0.2236111109375 0.3625 0.24444444375000002 0.3609375 0.25555555625 0.3546875 0.25555555625 0.35078125
0 0.46388888906250003 0.75 0.46666666718750005 0.7484375 0.46944444374999994 0.73984375 0.46388888906250003 0.73671875 0.4458333328125 0.73671875 0.44305555625000004 0.73828125 0.44305555625000004 0.7484375 0.4486111109375 0.7515625 0.46388888906250003 0.75
0 0.2708333328125 0.5625 0.275 0.5625 0.27777777812500004 0.55859375 0.2888888890625 0.5546875 0.2888888890625 0.54453125 0.28611111093749997 0.54296875 0.26805555625 0.54296875 0.26527777812500003 0.54453125 0.26527777812500003 0.559375 0.2708333328125 0.5625
0 0.3166666671875 0.45625 0.3236111109375 0.4609375 0.3333333328125 0.4609375 0.334722221875 0.4625 0.33888888906250003 0.4625 0.3583333328125 0.4546875 0.3583333328125 0.44609375 0.352777778125 0.44296875 0.3375 0.44140625 0.32777777812500003 0.43671875 0.3125 0.43671875 0.309722221875 0.43828125 0.309722221875 0.453125 0.3125 0.45390625 0.3125 0.45625 0.3166666671875 0.45625
0 0.55 0.3203125 0.5555555562500001 0.3171875 0.5583333328125 0.30859375 0.5527777781250001 0.30546875 0.534722221875 0.30546875 0.5319444437499999 0.30703125 0.534722221875 0.3203125 0.5375 0.321875 0.55 0.3203125
0 0.5083333328124999 0.1375 0.5111111109375 0.13359375 0.522222221875 0.1296875 0.522222221875 0.10703125 0.51944444375 0.10546875 0.4986111109375 0.10703125 0.4986111109375 0.1359375 0.5013888890625 0.1375 0.5083333328124999 0.1375
0 0.052777778124999994 0.46796875 0.0236111109375 0.46796875 0.0208333328125 0.46953125 0.0236111109375 0.48125 0.04444444375 0.48125 0.055555556250000006 0.475 0.052777778124999994 0.46796875
0 0.6125 0.5171875 0.61944444375 0.5171875 0.625 0.50234375 0.61944444375 0.49921875 0.6013888890625 0.49921875 0.5986111109375 0.50078125 0.5986111109375 0.5109375 0.60555555625 0.5125 0.6125 0.5171875
0 0.5666666671875 0.59609375 0.5611111109375 0.59296875 0.5458333328125 0.59296875 0.54305555625 0.59453125 0.5458333328125 0.6109375 0.5638888890625 0.6125 0.5666666671875 0.59609375
0 0.28611111093749997 0.6046875 0.2916666671875 0.6015625 0.2916666671875 0.59921875 0.29722222187499997 0.596875 0.29722222187499997 0.59453125 0.2916666671875 0.5921875 0.2916666671875 0.58984375 0.28611111093749997 0.58671875 0.26805555625 0.58671875 0.26527777812500003 0.58828125 0.26527777812500003 0.6 0.27638888906250003 0.6046875 0.28611111093749997 0.6046875
0 0.525 0.62578125 0.5125 0.62421875 0.5097222218749999 0.63125 0.5125 0.634375 0.51944444375 0.634375 0.525 0.62578125
0 0.372222221875 0.28125 0.377777778125 0.278125 0.377777778125 0.27578125 0.36944444375 0.26953125 0.35694444375 0.26796875 0.3541666671875 0.26953125 0.3541666671875 0.2796875 0.35694444375 0.28125 0.372222221875 0.28125
0 0.3986111109375 0.4359375 0.40833333281249995 0.4359375 0.4125 0.4328125 0.4166666671875 0.4328125 0.42222222187499997 0.4296875 0.42222222187499997 0.41484375 0.4166666671875 0.41171875 0.38194444375000003 0.41171875 0.3763888890625 0.41484375 0.3763888890625 0.4296875 0.3791666671875 0.43125 0.3861111109375 0.43125 0.3986111109375 0.4359375
0 0.5416666671875 0.34375 0.54444444375 0.3421875 0.54444444375 0.33203125 0.5416666671875 0.33046875 0.5236111109375 0.33046875 0.5208333328125 0.33203125 0.5208333328125 0.3421875 0.5236111109375 0.34375 0.5416666671875 0.34375
0 0.43055555625 0.54375 0.4361111109375 0.53359375 0.43055555625 0.53046875 0.4125 0.53046875 0.40972222187499996 0.53203125 0.40972222187499996 0.5421875 0.4125 0.54375 0.43055555625 0.54375
0 0.052777778124999994 0.80703125 0.0236111109375 0.80546875 0.0208333328125 0.80703125 0.0208333328125 0.8171875 0.0236111109375 0.81875 0.0416666671875 0.81875 0.052777778124999994 0.8109375 0.052777778124999994 0.80703125
0 0.029166667187500002 0.5 0.04444444375 0.4984375 0.05 0.48359375 0.04444444375 0.48046875 0.0236111109375 0.48046875 0.0208333328125 0.48203125 0.0208333328125 0.4953125 0.0236111109375 0.4984375 0.029166667187500002 0.5
0 0.5763888890625 0.61875 0.5861111109375 0.61875 0.6 0.6109375 0.6 0.60234375 0.597222221875 0.6015625 0.597222221875 0.59921875 0.5944444437499999 0.59765625 0.5763888890625 0.59765625 0.575 0.59921875 0.5708333328124999 0.59921875 0.5666666671875 0.596875 0.5666666671875 0.59453125 0.55694444375 0.59453125 0.5541666671875001 0.59609375 0.5541666671875001 0.6109375 0.5666666671875 0.6140625 0.5763888890625 0.61875
0 0.61944444375 0.69296875 0.6013888890625 0.69296875 0.5986111109375 0.69453125 0.6013888890625 0.7 0.61944444375 0.7 0.622222221875 0.6984375 0.61944444375 0.69296875
0 0.5861111109375 0.71796875 0.55694444375 0.71796875 0.5541666671875001 0.71953125 0.55694444375 0.7265625 0.565277778125 0.7296875 0.5888888890625 0.728125 0.5861111109375 0.71796875
0 0.647222221875 0.67734375 0.6416666671875 0.67421875 0.6347222218749999 0.67421875 0.6319444437499999 0.67578125 0.6319444437499999 0.6859375 0.6416666671875 0.6875 0.647222221875 0.67734375
0 0.41944444374999995 0.43125 0.425 0.41484375 0.41944444374999995 0.41171875 0.40138888906250003 0.41171875 0.3986111109375 0.41328125 0.3986111109375 0.428125 0.40416666718750005 0.43125 0.41944444374999995 0.43125
0 0.377777778125 0.278125 0.372222221875 0.271875 0.372222221875 0.26484375 0.3638888890625 0.26171875 0.35694444375 0.26171875 0.3541666671875 0.26328125 0.3541666671875 0.2796875 0.372222221875 0.28125 0.377777778125 0.278125
0 0.6638888890625 0.6 0.6666666671875 0.5984375 0.6666666671875 0.58828125 0.6638888890625 0.58671875 0.6458333328125 0.58671875 0.64305555625 0.58828125 0.64305555625 0.5984375 0.6458333328125 0.6 0.6638888890625 0.6
0 0.6416666671875 0.6875 0.647222221875 0.67734375 0.6416666671875 0.67421875 0.6236111109375 0.67421875 0.6208333328125 0.67578125 0.6208333328125 0.6859375 0.6236111109375 0.6890625 0.6416666671875 0.6875
0 0.365277778125 0.596875 0.36666666718749996 0.596875 0.3708333328125 0.6 0.375 0.6 0.375 0.59921875 0.3888888890625 0.5921875 0.3888888890625 0.58359375 0.3875 0.58359375 0.38333333281250004 0.58046875 0.36805555624999997 0.58046875 0.36805555624999997 0.58125 0.365277778125 0.58203125 0.365277778125 0.596875
0 0.047222221875 0.48359375 0.052777778124999994 0.4796875 0.052777778124999994 0.47578125 0.0236111109375 0.47421875 0.0208333328125 0.4921875 0.0416666671875 0.49375 0.047222221875 0.490625 0.047222221875 0.48359375
0 0.61944444375 0.7 0.625 0.68984375 0.61944444375 0.68671875 0.6013888890625 0.68671875 0.5986111109375 0.68828125 0.5986111109375 0.6984375 0.6013888890625 0.7 0.61944444375 0.7