0 0.7703125 0.43359375 0.02109375 0.0125
0 0.815625 0.4390625 0.02109375 0.01640625
0 0.7125 0.45 0.04453125 0.02734375
0 0.68671875 0.46015625 0.04609375 0.021875
0 0.021875 0.4796875 0.04140625 0.0265625
0 0.74921875 0.5015625 0.02109375 0.01875
0 0.01953125 0.5203125 0.0390625 0.02734375
0 0.046875 0.521875 0.01953125 0.01796875
0 0.875 0.5203125 0.03046875 0.01640625
0 0.821875 0.53671875 0.03203125 0.0234375
0 0.03359375 0.5484375 0.05546875 0.02734375
0 0.85390625 0.55625 0.046875 0.021875
0 0.021875 0.5625 0.04296875 0.02421875
0 0.715625 0.571875 0.040625 0.02578125
0 0.7515625 0.575 0.025 0.01328125
0 0.640625 0.5875 0.04453125 0.0171875
0 0.7234375 0.5953125 0.04140625 0.02265625
0 0.84609375 0.6140625 0.05 0.02734375
0 0.7328125 0.61640625 0.034375 0.015625
0 0.81328125 0.621875 0.040625 0.02421875
0 0.559375 0.62109375 0.04140625 0.01875
0 0.1015625 0.63203125 0.05546875 0.0265625
0 0.51875 0.6328125 0.03203125 0.0140625
0 0.546875 0.6375 0.0234375 0.01640625
0 0.83671875 0.64140625 0.0375 0.021875
0 0.64375 0.646875 0.04296875 0.01953125
0 0.92421875 0.6484375 0.040625 0.0171875
0 0.52734375 0.65625 0.0234375 0.01953125
0 0.03125 0.6640625 0.04609375 0.03046875
0 0.5015625 0.65859375 0.028125 0.0140625
0 0.009375 0.66796875 0.01875 0.0296875
0 0.228125 0.66875 0.05546875 0.01953125
0 0.12734375 0.678125 0.01796875 0.0125
0 0.08046875 0.6859375 0.04453125 0.0265625
0 0.1578125 0.68984375 0.0515625 0.0328125
0 0.196875 0.715625 0.07109375 0.02265625