0 0.6569444437499999 0.63828125 0.647222221875 0.64296875 0.6263888890625 0.64296875 0.6208333328125 0.64765625 0.6208333328125 0.6625 0.6319444437499999 0.66875 0.6416666671875 0.66875 0.64305555625 0.6703125 0.65 0.6703125 0.6569444437499999 0.6734375 0.6916666671875 0.6703125 0.702777778125 0.665625 0.702777778125 0.66328125 0.7083333328125 0.659375 0.7083333328125 0.65234375 0.70555555625 0.6515625 0.702777778125 0.63984375 0.6972222218749999 0.63671875 0.6763888890625 0.63671875 0.675 0.63828125 0.6569444437499999 0.63828125
0 0.4986111109375 0.7453125 0.4875 0.75078125 0.4875 0.7671875 0.4986111109375 0.77265625 0.4986111109375 0.778125 0.5013888890625 0.77890625 0.5013888890625 0.78125 0.5097222218749999 0.78515625 0.5097222218749999 0.7875 0.5125 0.7890625 0.5166666671875 0.7890625 0.5208333328125 0.7921875 0.525 0.7921875 0.5263888890625 0.79375 0.55 0.79375 0.55694444375 0.7890625 0.5722222218749999 0.7859375 0.575 0.784375 0.575 0.78203125 0.5861111109375 0.7765625 0.5861111109375 0.77421875 0.5888888890625 0.7734375 0.5888888890625 0.76328125 0.575 0.75546875 0.5708333328124999 0.75546875 0.5638888890625 0.7515625 0.5638888890625 0.74921875 0.5583333328125 0.7484375 0.5527777781250001 0.73828125 0.540277778125 0.73828125 0.5388888890625 0.73671875 0.5125 0.73671875 0.5111111109375 0.73828125 0.5069444437499999 0.73828125 0.4986111109375 0.74296875 0.4986111109375 0.7453125
0 0.45277777812500003 0.790625 0.459722221875 0.7875 0.48055555625 0.7875 0.4875 0.78984375 0.490277778125 0.79375 0.497222221875 0.79375 0.50555555625 0.7859375 0.50555555625 0.78203125 0.5 0.778125 0.5 0.77109375 0.4888888890625 0.765625 0.4888888890625 0.75859375 0.48333333281249996 0.75546875 0.4458333328125 0.75703125 0.44305555625000004 0.76015625 0.44305555625000004 0.7875 0.4458333328125 0.790625 0.45277777812500003 0.790625
0 0.6388888890625 0.9046875 0.6388888890625 0.90078125 0.6333333328124999 0.8984375 0.6333333328124999 0.89453125 0.625 0.890625 0.625 0.88359375 0.6375 0.878125 0.6416666671875 0.878125 0.64444444375 0.875 0.64444444375 0.87109375 0.647222221875 0.8703125 0.64444444375 0.85703125 0.6416666671875 0.85546875 0.5958333328125 0.85546875 0.590277778125 0.85703125 0.5875 0.86015625 0.5875 0.896875 0.609722221875 0.90625 0.6388888890625 0.9046875
0 0.6986111109375 0.875 0.7013888890625 0.87578125 0.7013888890625 0.878125 0.70694444375 0.88046875 0.70694444375 0.8828125 0.709722221875 0.88359375 0.709722221875 0.8859375 0.7125 0.8875 0.7194444437499999 0.8875 0.7361111109375 0.878125 0.7361111109375 0.87578125 0.74444444375 0.871875 0.74444444375 0.86171875 0.7416666671875001 0.8609375 0.7416666671875001 0.85859375 0.727777778125 0.85078125 0.7236111109375 0.85078125 0.722222221875 0.84921875 0.690277778125 0.84921875 0.6875 0.85078125 0.6875 0.8671875 0.6986111109375 0.87265625 0.6986111109375 0.875
0 0.95694444375 0.24609375 0.9541666671875 0.2703125 0.95694444375 0.2734375 0.972222221875 0.2765625 0.9763888890624999 0.2796875 0.9888888890624999 0.2796875 0.997222221875 0.2765625 0.9986111109375001 0.23828125 0.997222221875 0.23671875 0.9763888890624999 0.23671875 0.975 0.23828125 0.9680555562500001 0.23828125 0.965277778125 0.2421875 0.95694444375 0.24609375
0 0.36666666718749996 0.08125 0.36666666718749996 0.06328125 0.334722221875 0.06171875 0.33194444375 0.06328125 0.334722221875 0.0796875 0.3458333328125 0.0828125 0.36666666718749996 0.08125
0 0.3125 0.1234375 0.3333333328125 0.1234375 0.34444444375 0.1171875 0.34722222187499996 0.10390625 0.3416666671875 0.09921875 0.3125 0.09921875 0.309722221875 0.10078125 0.309722221875 0.11875 0.3125 0.11953125 0.3125 0.1234375
0 0.415277778125 0.125 0.43055555625 0.1234375 0.4375 0.11875 0.44444444375 0.1171875 0.44444444375 0.10546875 0.4388888890625 0.10078125 0.43333333281249997 0.09921875 0.40138888906250003 0.09921875 0.3986111109375 0.10078125 0.3986111109375 0.1171875 0.40416666718750005 0.1203125 0.40833333281249995 0.1203125 0.415277778125 0.125
0 0.8541666671874999 0.0828125 0.8833333328125 0.0828125 0.8888888890625 0.08125 0.8916666671875 0.07734375 0.897222221875 0.075 0.897222221875 0.06484375 0.8916666671875 0.0625 0.8861111109375001 0.05546875 0.859722221875 0.05546875 0.8430555562500001 0.06328125 0.8430555562500001 0.078125 0.8458333328125001 0.08125 0.852777778125 0.08125 0.8541666671874999 0.0828125
0 0.590277778125 0.2078125 0.5958333328125 0.2109375 0.6 0.2109375 0.6013888890625 0.2125 0.61944444375 0.2125 0.6333333328124999 0.2046875 0.6333333328124999 0.17734375 0.627777778125 0.17421875 0.590277778125 0.17421875 0.5875 0.17578125 0.5875 0.2046875 0.590277778125 0.20546875 0.590277778125 0.2078125
0 0.46666666718750005 0.3859375 0.46666666718750005 0.38359375 0.477777778125 0.3796875 0.48055555625 0.375 0.477777778125 0.36484375 0.47222222187499996 0.36171875 0.434722221875 0.36171875 0.43194444374999996 0.36328125 0.43194444374999996 0.384375 0.4375 0.3875 0.46666666718750005 0.3859375
0 0.44166666718750003 0.2875 0.44305555625000004 0.2859375 0.447222221875 0.2859375 0.45 0.284375 0.45 0.28203125 0.45277777812500003 0.28125 0.45277777812500003 0.27265625 0.447222221875 0.2703125 0.447222221875 0.26796875 0.43333333281249997 0.26171875 0.4125 0.26171875 0.40972222187499996 0.26328125 0.40972222187499996 0.2796875 0.4236111109375 0.2875 0.44166666718750003 0.2875
0 0.6972222218749999 0.3375 0.70555555625 0.334375 0.7111111109375 0.3265625 0.7111111109375 0.31328125 0.70555555625 0.31171875 0.6791666671875001 0.31171875 0.6763888890625 0.31328125 0.6763888890625 0.3296875 0.684722221875 0.3359375 0.6972222218749999 0.3375
0 0.609722221875 0.325 0.6388888890625 0.325 0.64444444375 0.321875 0.64444444375 0.31796875 0.652777778125 0.3109375 0.652777778125 0.30703125 0.65 0.30625 0.65 0.30234375 0.64444444375 0.29609375 0.6388888890625 0.29296875 0.6041666671875 0.29296875 0.5986111109375 0.29609375 0.5986111109375 0.31875 0.6013888890625 0.321875 0.609722221875 0.325
0 0.3138888890625 0.1 0.322222221875 0.09375 0.322222221875 0.07578125 0.31944444375000003 0.07421875 0.290277778125 0.07421875 0.2875 0.07578125 0.2875 0.0984375 0.2958333328125 0.1015625 0.3138888890625 0.1
0 0.63055555625 0.59453125 0.6208333328125 0.59453125 0.61944444375 0.59609375 0.6125 0.59609375 0.602777778125 0.59921875 0.590277778125 0.59921875 0.5763888890625 0.60703125 0.5763888890625 0.6296875 0.5875 0.63671875 0.590277778125 0.6421875 0.602777778125 0.64375 0.6041666671875 0.6453125 0.6111111109375 0.6453125 0.6125 0.646875 0.61944444375 0.646875 0.6291666671875 0.64375 0.647222221875 0.64375 0.672222221875 0.634375 0.672222221875 0.62578125 0.6666666671875 0.6203125 0.6666666671875 0.61171875 0.675 0.60625 0.675 0.59609375 0.672222221875 0.59453125 0.665277778125 0.59453125 0.6638888890625 0.59296875 0.6319444437499999 0.59296875 0.63055555625 0.59453125
0 0.3888888890625 0.075 0.397222221875 0.071875 0.40277777812500004 0.0640625 0.4 0.05078125 0.397222221875 0.04921875 0.3736111109375 0.04921875 0.365277778125 0.05390625 0.365277778125 0.06875 0.36805555624999997 0.0734375 0.3888888890625 0.075
0 0.9861111109375 0.6703125 0.9902777781250001 0.6734375 0.997222221875 0.6734375 0.9986111109375001 0.671875 0.9986111109375001 0.61953125 0.997222221875 0.61796875 0.9708333328125001 0.61796875 0.965277778125 0.62109375 0.965277778125 0.6609375 0.98194444375 0.6703125 0.9861111109375 0.6703125
0 0.45555555625000005 0.1078125 0.45694444375 0.109375 0.477777778125 0.10625 0.4861111109375 0.0984375 0.4861111109375 0.09296875 0.477777778125 0.0859375 0.477777778125 0.08203125 0.475 0.08046875 0.4458333328125 0.08046875 0.44305555625000004 0.08203125 0.44305555625000004 0.1046875 0.4486111109375 0.1078125 0.45555555625000005 0.1078125
0 0.322222221875 0.421875 0.3236111109375 0.4203125 0.33055555625 0.4203125 0.334722221875 0.4171875 0.33888888906250003 0.4171875 0.3416666671875 0.415625 0.3416666671875 0.41171875 0.34444444375 0.4109375 0.34444444375 0.40078125 0.3416666671875 0.4 0.3416666671875 0.39765625 0.33055555625 0.39296875 0.3013888890625 0.39296875 0.2986111109375 0.39453125 0.2986111109375 0.4171875 0.309722221875 0.421875 0.322222221875 0.421875
0 0.5486111109375 0.10234375 0.54305555625 0.10703125 0.54305555625 0.1234375 0.5458333328125 0.125 0.5694444437499999 0.125 0.5708333328124999 0.1234375 0.5861111109375 0.121875 0.590277778125 0.11875 0.597222221875 0.11875 0.602777778125 0.1109375 0.6 0.10234375 0.5916666671875 0.09921875 0.5708333328124999 0.09921875 0.5611111109375 0.10390625 0.5486111109375 0.10234375
0 0.9013888890624999 0 0.9013888890624999 0.003125 0.8986111109375001 0.00390625 0.8986111109375001 0.0171875 0.9125 0.025 0.9388888890624999 0.025 0.952777778125 0.01875 0.952777778125 0.01484375 0.95555555625 0.0140625 0.95555555625 0.00703125 0.952777778125 0.00625 0.952777778125 0 0.9013888890624999 0
0 0.8666666671875 0.303125 0.8736111109375001 0.3 0.88055555625 0.3 0.8916666671875 0.290625 0.8888888890625 0.27578125 0.8861111109375001 0.27421875 0.8458333328125001 0.27421875 0.8430555562500001 0.27578125 0.8430555562500001 0.2984375 0.8458333328125001 0.3015625 0.8666666671875 0.303125
0 0.4388888890625 0.0875 0.4486111109375 0.08125 0.45277777812500003 0.08125 0.45277777812500003 0.08046875 0.45555555625000005 0.0796875 0.45555555625000005 0.06328125 0.45416666718750004 0.06328125 0.45277777812500003 0.06171875 0.4125 0.06171875 0.4125 0.0625 0.40972222187499996 0.06328125 0.40972222187499996 0.0796875 0.41111111093749997 0.0796875 0.4236111109375 0.0875 0.4388888890625 0.0875
0 0.91944444375 0.0609375 0.9208333328125 0.0625 0.9361111109375001 0.0625 0.9416666671874999 0.0609375 0.95555555625 0.053125 0.952777778125 0.03984375 0.9444444437499999 0.03671875 0.9125 0.03671875 0.909722221875 0.03828125 0.909722221875 0.0578125 0.9125 0.0609375 0.91944444375 0.0609375
0 0.5861111109375 0.11953125 0.5791666671875 0.11953125 0.577777778125 0.12109375 0.5736111109375 0.12109375 0.565277778125 0.12578125 0.565277778125 0.1421875 0.56805555625 0.14375 0.575 0.14375 0.5763888890625 0.1453125 0.60555555625 0.14375 0.61944444375 0.1359375 0.61944444375 0.13359375 0.622222221875 0.1328125 0.622222221875 0.12578125 0.6138888890625 0.11953125 0.609722221875 0.11953125 0.6083333328125 0.11796875 0.5875 0.11796875 0.5861111109375 0.11953125
0 0.44444444375 0.4046875 0.44444444375 0.39453125 0.44166666718750003 0.39296875 0.4125 0.39296875 0.40972222187499996 0.39453125 0.40972222187499996 0.4046875 0.42083333281249996 0.4109375 0.43055555625 0.4109375 0.44444444375 0.4046875
0 0.43055555625 0.0484375 0.4361111109375 0.04375 0.43333333281249997 0.02578125 0.43055555625 0.02421875 0.40138888906250003 0.02421875 0.3986111109375 0.02578125 0.3986111109375 0.0421875 0.415277778125 0.0484375 0.43055555625 0.0484375
0 0.36666666718749996 0.05078125 0.3638888890625 0.04921875 0.3458333328125 0.04921875 0.34305555625 0.059375 0.34861111093749997 0.0625 0.3638888890625 0.0609375 0.36666666718749996 0.05078125
0 0.20833333281250002 0.421875 0.2166666671875 0.4171875 0.21944444375 0.40703125 0.2166666671875 0.40625 0.2138888890625 0.40078125 0.20972222187499998 0.40078125 0.20833333281250002 0.39921875 0.190277778125 0.39921875 0.1875 0.40078125 0.1875 0.4171875 0.1986111109375 0.421875 0.20833333281250002 0.421875
0 0.06944444375 0.48359375 0.0638888890625 0.48046875 0.034722221875 0.48046875 0.03194444375 0.48203125 0.034722221875 0.49375 0.0638888890625 0.49375 0.0666666671875 0.4921875 0.06944444375 0.48359375
0 0.6513888890625 0.41875 0.6833333328125 0.41875 0.6916666671875 0.4125 0.6916666671875 0.39921875 0.6888888890625 0.39609375 0.6805555562500001 0.39296875 0.6541666671875 0.39296875 0.6486111109375 0.39453125 0.64305555625 0.39921875 0.64305555625 0.4140625 0.6458333328125 0.4171875 0.6513888890625 0.41875
0 0.16805555625 0.68046875 0.16805555625 0.6890625 0.18194444375000002 0.696875 0.197222221875 0.696875 0.2 0.69140625 0.21111111093749999 0.684375 0.21111111093749999 0.67734375 0.222222221875 0.6734375 0.222222221875 0.66953125 0.225 0.66875 0.222222221875 0.65703125 0.2166666671875 0.65546875 0.16805555625 0.65546875 0.165277778125 0.65703125 0.165277778125 0.671875 0.1708333328125 0.67734375 0.16805555625 0.68046875
0 0.35555555625 0.02578125 0.334722221875 0.02421875 0.33194444375 0.040625 0.334722221875 0.04375 0.35 0.04375 0.35555555625 0.02578125
0 0.09444444375 0.51328125 0.0888888890625 0.51171875 0.05694444375 0.51171875 0.054166667187499996 0.51328125 0.05694444375 0.5265625 0.0861111109375 0.525 0.09444444375 0.51875 0.09444444375 0.51328125
0 0.8611111109375 0.3609375 0.86944444375 0.353125 0.8666666671875 0.34453125 0.8638888890624999 0.34296875 0.834722221875 0.34296875 0.83194444375 0.34453125 0.83194444375 0.3609375 0.834722221875 0.3625 0.8611111109375 0.3609375
0 0.9916666671875 0.05390625 0.9861111109375 0.04921875 0.9680555562500001 0.04921875 0.965277778125 0.071875 0.9861111109375 0.0734375 0.9916666671875 0.06875 0.9916666671875 0.05390625
0 0.377777778125 0.39453125 0.372222221875 0.39296875 0.34305555625 0.39453125 0.3458333328125 0.4125 0.377777778125 0.4109375 0.38055555625 0.40625 0.377777778125 0.39453125
0 0.73055555625 0.665625 0.74444444375 0.6625 0.747222221875 0.65234375 0.7416666671875001 0.64609375 0.73055555625 0.64296875 0.7125 0.64296875 0.709722221875 0.64453125 0.709722221875 0.6609375 0.715277778125 0.665625 0.73055555625 0.665625
0 0.21944444375 0.31875 0.21944444375 0.31328125 0.2138888890625 0.31171875 0.190277778125 0.31171875 0.1875 0.31328125 0.190277778125 0.321875 0.20138888906250002 0.325 0.2138888890625 0.3234375 0.21944444375 0.31875
0 0.95694444375 0.8921875 0.9541666671875 0.89296875 0.9541666671875 0.909375 0.95694444375 0.9125 0.9861111109375 0.9125 0.9916666671875 0.90546875 0.997222221875 0.903125 0.997222221875 0.88984375 0.975 0.88046875 0.95694444375 0.88046875 0.9541666671875 0.88203125 0.9541666671875 0.8875 0.95694444375 0.88828125 0.95694444375 0.8921875
0 0.40833333281249995 0.0171875 0.4138888890625 0.0125 0.4138888890625 0.00703125 0.40833333281249995 0.00546875 0.3791666671875 0.00703125 0.3791666671875 0.0109375 0.384722221875 0.0140625 0.3986111109375 0.0171875 0.40833333281249995 0.0171875
0 0.41944444374999995 0.3796875 0.41944444374999995 0.37734375 0.427777778125 0.3734375 0.427777778125 0.36484375 0.42222222187499997 0.36171875 0.40138888906250003 0.36171875 0.3986111109375 0.36328125 0.40138888906250003 0.375 0.4125 0.3796875 0.41944444374999995 0.3796875
0 0.3861111109375 0.10625 0.39444444375 0.0984375 0.39444444375 0.08828125 0.35694444375 0.08671875 0.3541666671875 0.08828125 0.3541666671875 0.1046875 0.35694444375 0.10625 0.3861111109375 0.10625
0 0.8111111109375001 0.0484375 0.8138888890624999 0.03828125 0.8083333328125001 0.03203125 0.8 0.03046875 0.76805555625 0.03046875 0.765277778125 0.03203125 0.765277778125 0.046875 0.7708333328125 0.05 0.8 0.0515625 0.8111111109375001 0.0484375
0 0.765277778125 0.77578125 0.76805555625 0.784375 0.7861111109375 0.784375 0.8 0.7796875 0.8 0.77734375 0.8027777781250001 0.7765625 0.8027777781250001 0.76796875 0.79444444375 0.76171875 0.7791666671875 0.76171875 0.7763888890625 0.76328125 0.7763888890625 0.765625 0.765277778125 0.77578125
0 0.752777778125 0.45625 0.7638888890625 0.4484375 0.7638888890625 0.44453125 0.7583333328124999 0.4421875 0.7583333328124999 0.43984375 0.752777778125 0.43671875 0.7236111109375 0.43671875 0.7208333328125 0.43828125 0.7208333328125 0.4546875 0.7236111109375 0.45625 0.752777778125 0.45625
0 0.6666666671875 0.2 0.6666666671875 0.18828125 0.6458333328125 0.18671875 0.64305555625 0.18828125 0.64305555625 0.2046875 0.6555555562500001 0.20625 0.6666666671875 0.2
0 0.26944444375 0.45078125 0.24583333281250003 0.44921875 0.24305555625 0.4609375 0.2638888890625 0.4625 0.26944444375 0.459375 0.26944444375 0.45078125
0 0.097222221875 0.35625 0.102777778125 0.34609375 0.097222221875 0.34296875 0.0791666671875 0.34296875 0.07638888906249999 0.34453125 0.07638888906249999 0.3546875 0.0791666671875 0.3578125 0.097222221875 0.35625
0 0.7388888890625 0.596875 0.747222221875 0.5921875 0.74444444375 0.57578125 0.7416666671875001 0.57421875 0.7236111109375 0.57421875 0.7208333328125 0.57578125 0.7208333328125 0.5921875 0.73194444375 0.596875 0.7388888890625 0.596875
0 0.6958333328124999 0.2890625 0.7111111109375 0.2875 0.7083333328125 0.27421875 0.66805555625 0.27421875 0.665277778125 0.27578125 0.665277778125 0.2921875 0.6708333328125 0.2953125 0.6805555562500001 0.2953125 0.6958333328124999 0.2890625
0 0.45416666718750004 0.26484375 0.45416666718750004 0.2796875 0.4625 0.2859375 0.47222222187499996 0.2875 0.47361111093749997 0.2859375 0.477777778125 0.2859375 0.48194444374999995 0.2828125 0.4861111109375 0.2828125 0.4916666671875 0.2796875 0.4916666671875 0.27734375 0.497222221875 0.275 0.497222221875 0.26484375 0.49444444374999996 0.26328125 0.4875 0.26328125 0.4861111109375 0.26171875 0.459722221875 0.26171875 0.45416666718750004 0.26484375
0 0.025 0.47578125 0.0125 0.47421875 0.009722221875000001 0.4859375 0.019444443750000002 0.4875 0.025 0.4828125 0.025 0.47578125
0 0.42083333281249996 0 0.4236111109375 0.0171875 0.4611111109375 0.0140625 0.46666666718750005 0.009375 0.46666666718750005 0 0.42083333281249996 0
0 0.6388888890625 0.053125 0.6388888890625 0.05078125 0.6347222218749999 0.05078125 0.625 0.04453125 0.6208333328125 0.04453125 0.61944444375 0.04296875 0.6013888890625 0.04296875 0.5986111109375 0.04453125 0.5986111109375 0.0609375 0.6013888890625 0.0625 0.61944444375 0.0625 0.6388888890625 0.053125
0 0.365277778125 0.0421875 0.36805555624999997 0.04375 0.3861111109375 0.0421875 0.39444444375 0.034375 0.39444444375 0.02734375 0.3916666671875 0.02578125 0.3791666671875 0.02421875 0.36805555624999997 0.02734375 0.365277778125 0.03203125 0.365277778125 0.0421875
0 0.9 0.0984375 0.897222221875 0.08828125 0.890277778125 0.08828125 0.8888888890625 0.08671875 0.8680555562500001 0.08671875 0.8652777781250001 0.08828125 0.8652777781250001 0.1 0.8736111109375001 0.1046875 0.8861111109375001 0.1046875 0.9 0.0984375
0 0.3125 0.4234375 0.315277778125 0.425 0.3416666671875 0.425 0.34722222187499996 0.41875 0.34722222187499996 0.41171875 0.34444444375 0.4109375 0.3416666671875 0.40078125 0.315277778125 0.39921875 0.309722221875 0.40234375 0.315277778125 0.40859375 0.3125 0.41015625 0.3125 0.4234375
0 0.44166666718750003 0.0109375 0.44166666718750003 0.00703125 0.415277778125 0.00546875 0.40972222187499996 0.00859375 0.40972222187499996 0.0140625 0.4125 0.0171875 0.427777778125 0.0171875 0.434722221875 0.0125 0.44166666718750003 0.0109375
0 0.222222221875 0.4734375 0.222222221875 0.47109375 0.23333333281250002 0.465625 0.23333333281250002 0.45859375 0.22777777812500002 0.45546875 0.20138888906250002 0.45546875 0.1986111109375 0.45703125 0.1986111109375 0.471875 0.20416666718749998 0.475 0.222222221875 0.4734375
0 0.8833333328125 0.13203125 0.877777778125 0.13046875 0.8541666671874999 0.13203125 0.85694444375 0.1421875 0.875 0.1421875 0.8833333328125 0.1375 0.8833333328125 0.13203125
0 0.38055555625 0.00703125 0.36805555624999997 0.00546875 0.365277778125 0.0125 0.36805555624999997 0.015625 0.375 0.015625 0.38055555625 0.00703125
0 0.9638888890624999 0.2921875 0.9694444437499999 0.2875 0.9694444437499999 0.28203125 0.9638888890624999 0.28046875 0.9208333328125 0.28203125 0.9208333328125 0.2921875 0.9263888890624999 0.296875 0.95 0.296875 0.9638888890624999 0.2921875
0 0.377777778125 0.0125 0.377777778125 0.00703125 0.35694444375 0.00546875 0.3541666671875 0.00703125 0.35694444375 0.015625 0.372222221875 0.0171875 0.377777778125 0.0125
0 0.7708333328125 0.2515625 0.7805555562500001 0.2515625 0.7819444437499999 0.25 0.79444444375 0.2484375 0.8027777781250001 0.2421875 0.8027777781250001 0.23203125 0.797222221875 0.23046875 0.76805555625 0.23203125 0.765277778125 0.2484375 0.7708333328125 0.2515625
0 0.34444444375 0.08125 0.3458333328125 0.0828125 0.3638888890625 0.0828125 0.36944444375 0.078125 0.36666666718749996 0.05859375 0.3583333328125 0.05546875 0.3375 0.05546875 0.33194444375 0.05859375 0.33194444375 0.078125 0.3375 0.08125 0.34444444375 0.08125