0 0.628125 0.4375 0.02109375 0.0125
0 0.67265625 0.4390625 0.02109375 0.01640625
0 0.57109375 0.4515625 0.04453125 0.02734375
0 0.54765625 0.46171875 0.04609375 0.021875
0 0.6046875 0.5046875 0.02109375 0.01875
0 0.71796875 0.5234375 0.03046875 0.01640625
0 0.73515625 0.52421875 0.02109375 0.015625
0 0.671875 0.53984375 0.03203125 0.0234375
0 0.70859375 0.56015625 0.046875 0.021875
0 0.58046875 0.575 0.0390625 0.02578125
0 0.60859375 0.5765625 0.025 0.01328125
0 0.5015625 0.58984375 0.04453125 0.0171875
0 0.5890625 0.6 0.04140625 0.02265625
0 0.69609375 0.6171875 0.05 0.02734375
0 0.5953125 0.61796875 0.034375 0.015625
0 0.6609375 0.6234375 0.0390625 0.02421875
0 0.428125 0.6234375 0.04140625 0.01875
0 0.396875 0.6390625 0.0265625 0.01640625
0 0.68984375 0.6421875 0.0375 0.021875
0 0.421875 0.640625 0.0234375 0.01640625
0 0.51171875 0.6484375 0.04296875 0.01953125
0 0.784375 0.646875 0.046875 0.01328125
0 0.3921875 0.6578125 0.040625 0.02421875
0 0.375 0.6625 0.03359375 0.01796875
0 0.075 0.6765625 0.05546875 0.01953125
0 0.01328125 0.696875 0.0265625 0.02890625
0 0.03515625 0.72265625 0.0703125 0.0234375