0 0.6125 0.1875 0.63055555625 0.1875 0.6333333328124999 0.18359375 0.64444444375 0.1796875 0.65 0.1734375 0.64444444375 0.16328125 0.6416666671875 0.16171875 0.6013888890625 0.16171875 0.5986111109375 0.16328125 0.5986111109375 0.18125 0.6013888890625 0.184375 0.6125 0.1875
0 0.6555555562500001 0.39375 0.6569444437499999 0.3921875 0.6638888890625 0.3921875 0.675 0.3859375 0.675 0.38046875 0.6666666671875 0.3734375 0.6666666671875 0.36953125 0.6611111109375 0.36796875 0.6347222218749999 0.36796875 0.6319444437499999 0.36953125 0.6319444437499999 0.390625 0.6375 0.39375 0.6555555562500001 0.39375
0 0.83055555625 0.35546875 0.8013888890624999 0.35546875 0.7986111109375 0.35703125 0.8013888890624999 0.36875 0.8222222218749999 0.3703125 0.8333333328125001 0.3671875 0.83055555625 0.35546875
0 0.04444444375 0.5828125 0.04444444375 0.57578125 0.0416666671875 0.57421875 0.0125 0.57421875 0.009722221875000001 0.57578125 0.009722221875000001 0.5890625 0.0125 0.5921875 0.027777778125000003 0.5921875 0.04444444375 0.5828125
0 0.40416666718750005 0.4125 0.4138888890625 0.4125 0.415277778125 0.4109375 0.41944444374999995 0.4109375 0.43055555625 0.4046875 0.43333333281249997 0.39609375 0.427777778125 0.39296875 0.40138888906250003 0.39296875 0.3986111109375 0.39453125 0.3986111109375 0.409375 0.40416666718750005 0.4125
0 0.3416666671875 0.56328125 0.3236111109375 0.56171875 0.32083333281250004 0.5734375 0.3236111109375 0.575 0.33888888906250003 0.5734375 0.3416666671875 0.56328125
0 0.4125 0.459375 0.415277778125 0.4609375 0.42222222187499997 0.4609375 0.4236111109375 0.4625 0.43333333281249997 0.4609375 0.43333333281249997 0.44609375 0.43055555625 0.4453125 0.43055555625 0.44296875 0.41944444374999995 0.43671875 0.40138888906250003 0.43671875 0.3986111109375 0.43828125 0.3986111109375 0.4484375 0.40972222187499996 0.45234375 0.4125 0.459375
0 0.36666666718749996 0.571875 0.36666666718749996 0.56328125 0.35694444375 0.56171875 0.3541666671875 0.56328125 0.3541666671875 0.571875 0.3638888890625 0.5734375 0.36666666718749996 0.571875
0 0.765277778125 0.475 0.7708333328125 0.4796875 0.7833333328125 0.4796875 0.8027777781250001 0.4734375 0.8027777781250001 0.47109375 0.8083333328125001 0.46875 0.8083333328125001 0.45859375 0.8055555562500001 0.45703125 0.7791666671875 0.45546875 0.76805555625 0.45859375 0.765277778125 0.46171875 0.765277778125 0.475
0 0.252777778125 0.3546875 0.2638888890625 0.3484375 0.2638888890625 0.34453125 0.24583333281250003 0.34296875 0.24305555625 0.34453125 0.24305555625 0.3515625 0.24583333281250003 0.3546875 0.252777778125 0.3546875
0 0.575 0.5046875 0.5833333328125 0.4984375 0.5861111109375 0.48984375 0.577777778125 0.48671875 0.55694444375 0.48671875 0.5541666671875001 0.48828125 0.55694444375 0.503125 0.559722221875 0.5046875 0.575 0.5046875
0 0.5527777781250001 0.5734375 0.5583333328125 0.56328125 0.534722221875 0.56171875 0.5319444437499999 0.56328125 0.534722221875 0.571875 0.5375 0.5734375 0.5527777781250001 0.5734375
0 0.6361111109375 0.4109375 0.63055555625 0.40546875 0.6125 0.40546875 0.609722221875 0.40703125 0.609722221875 0.4109375 0.6152777781250001 0.4140625 0.63055555625 0.4140625 0.6361111109375 0.4109375
0 0.909722221875 0.4625 0.9166666671874999 0.4625 0.91944444375 0.4609375 0.91944444375 0.45703125 0.9138888890624999 0.4546875 0.9083333328125001 0.44765625 0.902777778125 0.446875 0.902777778125 0.44453125 0.8986111109375001 0.44453125 0.897222221875 0.44296875 0.8791666671874999 0.44296875 0.8763888890624999 0.44453125 0.8763888890624999 0.453125 0.890277778125 0.4625 0.9083333328125001 0.4640625 0.909722221875 0.4625
0 0.9166666671874999 0.3734375 0.922222221875 0.36328125 0.91944444375 0.36171875 0.9013888890624999 0.36171875 0.8986111109375001 0.36328125 0.8986111109375001 0.371875 0.9041666671874999 0.375 0.9166666671874999 0.3734375
0 0.86944444375 0.359375 0.86944444375 0.35234375 0.85694444375 0.34921875 0.8541666671874999 0.3609375 0.85694444375 0.3640625 0.8638888890624999 0.3640625 0.86944444375 0.359375
0 0.5763888890625 0.5078125 0.5791666671875 0.5109375 0.597222221875 0.5109375 0.6138888890625 0.496875 0.6138888890625 0.48984375 0.6083333328125 0.48671875 0.584722221875 0.48671875 0.5791666671875 0.48828125 0.5791666671875 0.4921875 0.5763888890625 0.49296875 0.5763888890625 0.5078125
0 0.6083333328125 0.5625 0.6111111109375 0.5609375 0.6111111109375 0.55078125 0.6083333328125 0.54921875 0.590277778125 0.54921875 0.5875 0.55078125 0.5875 0.5609375 0.5930555562500001 0.5640625 0.6083333328125 0.5625
0 0.2666666671875 0.5859375 0.2666666671875 0.57578125 0.25694444375000003 0.57421875 0.2541666671875 0.57578125 0.2541666671875 0.5859375 0.2638888890625 0.5875 0.2666666671875 0.5859375
0 0.8388888890624999 0.46171875 0.8236111109375001 0.46171875 0.8208333328125 0.46328125 0.8236111109375001 0.4703125 0.8361111109375001 0.4703125 0.8444444437499999 0.4671875 0.8388888890624999 0.46171875