0 0.921875 0.10546875 0.902777778125 0.1142578125 0.8993055562500001 0.1259765625 0.9149305562500001 0.13671875 0.9375 0.1357421875 0.9548611109375 0.1279296875 0.9583333328125001 0.1162109375 0.9427083328125001 0.107421875 0.921875 0.10546875
0 0.0364583328125 0.232421875 0.0173611109375 0.2412109375 0.0173611109375 0.2509765625 0.0329861109375 0.2578125 0.055555556250000006 0.2587890625 0.0625 0.2529296875 0.059027778125 0.2412109375 0.053819443749999994 0.236328125 0.0364583328125 0.232421875
0 0.800347221875 0.078125 0.7743055562500001 0.0888671875 0.7743055562500001 0.1005859375 0.7829861109375 0.107421875 0.7881944437499999 0.1064453125 0.8055555562500001 0.1005859375 0.8055555562500001 0.0908203125 0.8125 0.0849609375 0.800347221875 0.078125
0 0.8038194437499999 0.099609375 0.784722221875 0.1083984375 0.784722221875 0.1220703125 0.796875 0.12890625 0.8229166671874999 0.1279296875 0.8368055562500001 0.1181640625 0.8368055562500001 0.1083984375 0.824652778125 0.099609375 0.8038194437499999 0.099609375
0 0.706597221875 0.23828125 0.6944444437499999 0.2451171875 0.6944444437499999 0.2548828125 0.706597221875 0.26171875 0.722222221875 0.2626953125 0.7361111109375 0.2587890625 0.7326388890625 0.2451171875 0.7239583328125 0.23828125 0.706597221875 0.23828125
0 0.8819444437499999 0.3037109375 0.878472221875 0.3173828125 0.887152778125 0.322265625 0.909722221875 0.3212890625 0.9166666671874999 0.3154296875 0.9166666671874999 0.3037109375 0.8975694437499999 0.296875 0.8819444437499999 0.3037109375
0 0.3767361109375 0.30859375 0.3645833328125 0.3134765625 0.3611111109375 0.3251953125 0.3767361109375 0.33203125 0.3854166671875 0.3310546875 0.39930555624999997 0.3251953125 0.39930555624999997 0.3173828125 0.390625 0.310546875 0.3767361109375 0.30859375
0 0.18923611093749998 0.1171875 0.18055555625 0.1259765625 0.18402777812499999 0.1396484375 0.1927083328125 0.14453125 0.20833333281250002 0.1435546875 0.21875 0.1376953125 0.21875 0.1259765625 0.203125 0.1171875 0.18923611093749998 0.1171875
0 0.8350694437499999 0.361328125 0.8211805562500001 0.361328125 0.7986111109375 0.3759765625 0.8020833328125001 0.3857421875 0.8107638890625 0.390625 0.8263888890625 0.3916015625 0.8368055562500001 0.3876953125 0.847222221875 0.3740234375 0.847222221875 0.3681640625 0.8350694437499999 0.361328125
0 0.9045138890625 0.2734375 0.8958333328125001 0.2783203125 0.8993055562500001 0.2939453125 0.9045138890625 0.296875 0.9201388890625 0.2958984375 0.9305555562500001 0.2900390625 0.9305555562500001 0.2802734375 0.9149305562500001 0.2734375 0.9045138890625 0.2734375
0 0.1076388890625 0.1884765625 0.1197916671875 0.197265625 0.1354166671875 0.1962890625 0.1354166671875 0.1767578125 0.1197916671875 0.173828125 0.1111111109375 0.1787109375 0.1076388890625 0.1884765625
0 0.24131944375 0.4765625 0.22048611093749998 0.484375 0.20833333281250002 0.4931640625 0.230902778125 0.50390625 0.25 0.5029296875 0.2604166671875 0.4951171875 0.2604166671875 0.4853515625 0.2517361109375 0.478515625 0.24131944375 0.4765625
0 0.16840277812499999 0.369140625 0.15972222187500001 0.3740234375 0.1666666671875 0.3876953125 0.19097222187500001 0.3876953125 0.20486111093749998 0.3818359375 0.20138888906250002 0.3720703125 0.1927083328125 0.369140625 0.16840277812499999 0.369140625
0 0.769097221875 0.2265625 0.75 0.2373046875 0.75 0.2451171875 0.765625 0.255859375 0.784722221875 0.2548828125 0.784722221875 0.2412109375 0.7916666671875 0.2333984375 0.7795138890625 0.2265625 0.769097221875 0.2265625
0 0.7100694437499999 0.482421875 0.7013888890625 0.4873046875 0.7013888890625 0.4970703125 0.7170138890625 0.50390625 0.7291666671875 0.5029296875 0.7395833328125 0.4990234375 0.7430555562500001 0.4912109375 0.734375 0.486328125 0.7100694437499999 0.482421875
0 0.02430555625 0.6708984375 0.02430555625 0.6865234375 0.0364583328125 0.69140625 0.05208333281250001 0.6904296875 0.0625 0.6865234375 0.065972221875 0.6748046875 0.0295138890625 0.66796875 0.02430555625 0.6708984375
0 0.7135416671875 0.203125 0.6944444437499999 0.2119140625 0.6944444437499999 0.2158203125 0.7013888890625 0.2275390625 0.706597221875 0.23046875 0.71875 0.2294921875 0.7395833328125 0.2216796875 0.7395833328125 0.2138671875 0.7274305562500001 0.205078125 0.7135416671875 0.203125
0 0.706597221875 0.62890625 0.6979166671875 0.6337890625 0.7048611109375 0.6455078125 0.7135416671875 0.650390625 0.7256944437499999 0.6494140625 0.7361111109375 0.6455078125 0.7395833328125 0.6337890625 0.7239583328125 0.626953125 0.706597221875 0.62890625
0 0.9513888890625 0.3759765625 0.9548611109375 0.3837890625 0.9635416671874999 0.388671875 0.9791666671874999 0.3896484375 1 0.3740234375 0.9913194437499999 0.3671875 0.9670138890625 0.3671875 0.9513888890625 0.3759765625
0 0.1770833328125 0.2958984375 0.18055555625 0.3017578125 0.18923611093749998 0.306640625 0.20486111093749998 0.3056640625 0.215277778125 0.2939453125 0.203125 0.2890625 0.1822916671875 0.2890625 0.1770833328125 0.2958984375
0 0.17881944375 0.5625 0.17361111093749998 0.5654296875 0.17361111093749998 0.5771484375 0.1875 0.5791015625 0.19618055625 0.578125 0.20486111093749998 0.5712890625 0.19965277812499999 0.5625 0.17881944375 0.5625
0 0.65625 0.3310546875 0.675347221875 0.341796875 0.6875 0.3408203125 0.6944444437499999 0.3232421875 0.6857638890625 0.318359375 0.671875 0.318359375 0.65625 0.3310546875
0 0.3645833328125 0.4365234375 0.3645833328125 0.4423828125 0.3767361109375 0.451171875 0.39930555624999997 0.4501953125 0.40625 0.4443359375 0.4010416671875 0.43359375 0.3802083328125 0.431640625 0.3645833328125 0.4365234375
0 0.1302083328125 0.15625 0.121527778125 0.1630859375 0.121527778125 0.1728515625 0.13368055625 0.17578125 0.15277777812499999 0.1748046875 0.16319444375 0.1708984375 0.15972222187500001 0.1611328125 0.14409722187500001 0.15625 0.1302083328125 0.15625
0 0.05208333281250001 0.4931640625 0.055555556250000006 0.5009765625 0.07291666718749999 0.5029296875 0.07986111093750001 0.4912109375 0.074652778125 0.48828125 0.0607638890625 0.48828125 0.05208333281250001 0.4931640625
0 0.875 0.3896484375 0.8802083328125001 0.3984375 0.90625 0.3994140625 0.909722221875 0.3916015625 0.9045138890625 0.388671875 0.8836805562500001 0.38671875 0.875 0.3896484375
0 0.375 0.3310546875 0.38368055624999997 0.337890625 0.40277777812500004 0.3388671875 0.4166666671875 0.3349609375 0.4166666671875 0.3251953125 0.39756944375000003 0.3203125 0.375 0.3310546875
0 0.109375 0.24609375 0.10069444375 0.2509765625 0.10069444375 0.2646484375 0.109375 0.26953125 0.125 0.2685546875 0.1354166671875 0.2607421875 0.1354166671875 0.2509765625 0.12673611093749998 0.24609375 0.109375 0.24609375
0 0.019097221875 0.431640625 0.03125 0.4306640625 0.034722221875 0.4189453125 0.02256944375 0.416015625 0.013888889062500001 0.4267578125 0.019097221875 0.431640625
0 0.4357638890625 0.419921875 0.4270833328125 0.4228515625 0.4236111109375 0.4326171875 0.4322916671875 0.4375 0.46180555625 0.4384765625 0.46875 0.4365234375 0.46875 0.4287109375 0.45659722187499996 0.421875 0.4357638890625 0.419921875
0 0.8333333328125001 0.3974609375 0.8333333328125001 0.4052734375 0.8489583328125001 0.412109375 0.8576388890625 0.4111328125 0.8611111109375 0.3974609375 0.855902778125 0.39453125 0.8385416671874999 0.39453125 0.8333333328125001 0.3974609375
0 0.3454861109375 0.37109375 0.33680555624999997 0.3759765625 0.33680555624999997 0.3876953125 0.3489583328125 0.39453125 0.3645833328125 0.3955078125 0.375 0.3896484375 0.375 0.3759765625 0.36284722187499996 0.37109375 0.3454861109375 0.37109375
0 0.19618055625 0.234375 0.20486111093749998 0.2333984375 0.20833333281250002 0.2197265625 0.1927083328125 0.216796875 0.18402777812499999 0.2294921875 0.19618055625 0.234375
0 0.8211805562500001 0.28125 0.8055555562500001 0.2880859375 0.8055555562500001 0.2919921875 0.828125 0.306640625 0.8333333328125001 0.3056640625 0.847222221875 0.3037109375 0.8506944437499999 0.2880859375 0.8420138890625 0.28125 0.8211805562500001 0.28125
0 0.28472222187499996 0.3232421875 0.28819444375000003 0.3369140625 0.29340277812500004 0.33984375 0.30555555624999997 0.3388671875 0.3125 0.3330078125 0.3125 0.3251953125 0.29340277812500004 0.31640625 0.28472222187499996 0.3232421875
0 0.8767361109375 0.2734375 0.8923611109375 0.2724609375 0.8836805562500001 0.263671875 0.8680555562500001 0.2666015625 0.8680555562500001 0.2705078125 0.8767361109375 0.2734375
0 0.8645833328125001 0.4150390625 0.8732638890625 0.419921875 0.8958333328125001 0.4189453125 0.8958333328125001 0.4072265625 0.8732638890625 0.3984375 0.8645833328125001 0.4033203125 0.8645833328125001 0.4150390625
0 0.652777778125 0.3759765625 0.6423611109375 0.3916015625 0.6545138890625 0.400390625 0.6701388890625 0.3994140625 0.6805555562500001 0.3916015625 0.684027778125 0.3779296875 0.6614583328125 0.373046875 0.652777778125 0.3759765625
0 0.22048611093749998 0.177734375 0.215277778125 0.1806640625 0.215277778125 0.1904296875 0.23611111093749998 0.1982421875 0.24826388906250002 0.197265625 0.25347222187499996 0.1904296875 0.230902778125 0.177734375 0.22048611093749998 0.177734375
0 0.22743055625 0.3515625 0.23611111093749998 0.3505859375 0.23611111093749998 0.3388671875 0.22048611093749998 0.337890625 0.215277778125 0.3466796875 0.22743055625 0.3515625
0 0.7743055562500001 0.3759765625 0.7881944437499999 0.3818359375 0.796875 0.390625 0.8055555562500001 0.3896484375 0.8020833328125001 0.3720703125 0.796875 0.369140625 0.7829861109375 0.369140625 0.7743055562500001 0.3759765625
0 0.6892361109375 0.53515625 0.6770833328125 0.5419921875 0.6736111109375 0.5498046875 0.6788194437499999 0.552734375 0.6944444437499999 0.5517578125 0.7048611109375 0.5478515625 0.7048611109375 0.5439453125 0.7013888890625 0.5380859375 0.6892361109375 0.53515625
0 0.6319444437499999 0.2177734375 0.640625 0.224609375 0.6458333328125 0.2236328125 0.659722221875 0.2158203125 0.659722221875 0.2119140625 0.640625 0.208984375 0.6319444437499999 0.2177734375
0 0.8125 0.2333984375 0.8263888890625 0.2373046875 0.8298611109375 0.2314453125 0.8177083328125001 0.22265625 0.8125 0.2255859375 0.8125 0.2333984375
0 0.15451388906250002 0.12109375 0.1458333328125 0.1279296875 0.1510416671875 0.134765625 0.15972222187500001 0.1337890625 0.1770833328125 0.1298828125 0.1770833328125 0.1220703125 0.171875 0.119140625 0.15451388906250002 0.12109375
0 0.90625 0.3857421875 0.9114583328125001 0.388671875 0.9201388890625 0.3876953125 0.9270833328125001 0.3818359375 0.921875 0.376953125 0.9114583328125001 0.376953125 0.90625 0.3857421875
0 0.9513888890625 0.3017578125 0.9444444437499999 0.3115234375 0.949652778125 0.31640625 0.9583333328125001 0.3154296875 0.972222221875 0.3115234375 0.9704861109375 0.298828125 0.956597221875 0.298828125 0.9513888890625 0.3017578125
0 0.3541666671875 0.3603515625 0.36805555624999997 0.3603515625 0.36805555624999997 0.3525390625 0.359375 0.349609375 0.3541666671875 0.3525390625 0.3541666671875 0.3603515625
0 0.7725694437499999 0.1875 0.7586805562500001 0.189453125 0.746527778125 0.1982421875 0.75 0.2216796875 0.762152778125 0.2265625 0.7673611109375 0.2255859375 0.777777778125 0.2216796875 0.784722221875 0.2138671875 0.777777778125 0.1904296875 0.7725694437499999 0.1875
0 0.578125 0.4296875 0.5763888890625 0.4365234375 0.5833333328125 0.4404296875 0.5833333328125 0.4462890625 0.5954861109375 0.451171875 0.6041666671875 0.4501953125 0.6111111109375 0.4482421875 0.6111111109375 0.4326171875 0.5989583328125 0.427734375 0.578125 0.4296875
0 0.690972221875 0.3955078125 0.6944444437499999 0.4072265625 0.699652778125 0.41015625 0.7118055562500001 0.4091796875 0.71875 0.3994140625 0.706597221875 0.390625 0.699652778125 0.390625 0.690972221875 0.3955078125
0 0.21354166718749998 0.173828125 0.20486111093749998 0.1787109375 0.20833333281250002 0.1904296875 0.230902778125 0.19921875 0.23958333281250002 0.1982421875 0.24826388906250002 0.197265625 0.25347222187499996 0.1904296875 0.230902778125 0.173828125 0.21354166718749998 0.173828125
0 0.15798611093749998 0.158203125 0.1458333328125 0.1748046875 0.15972222187500001 0.1748046875 0.17534722187500001 0.173828125 0.18055555625 0.1669921875 0.17534722187500001 0.162109375 0.15798611093749998 0.158203125
0 0.4236111109375 0.4267578125 0.4236111109375 0.4326171875 0.4322916671875 0.4375 0.46527777812500004 0.4384765625 0.47222222187499996 0.4326171875 0.45659722187499996 0.421875 0.4392361109375 0.419921875 0.4236111109375 0.4267578125