0 0.86796875 0.0125 0.0515625 0.025
0 0.81796875 0.0109375 0.025 0.0203125
0 0.75546875 0.0859375 0.053125 0.03203125
0 0.10234375 0.165625 0.0265625 0.01953125
0 0.01015625 0.16953125 0.0203125 0.0171875
0 0.640625 0.1921875 0.04453125 0.02578125
0 0.67578125 0.196875 0.0375 0.03515625
0 0.56171875 0.2375 0.04296875 0.02421875
0 0.03359375 0.2453125 0.0390625 0.025
0 0.7296875 0.253125 0.040625 0.02109375
0 0.06796875 0.25625 0.03359375 0.0203125
0 0.7296875 0.28125 0.0515625 0.03046875
0 0.5828125 0.28203125 0.04296875 0.0296875
0 0.78125 0.2765625 0.02109375 0.01796875
0 0.68671875 0.28125 0.040625 0.02734375
0 0.62109375 0.29375 0.0390625 0.0265625
0 0.63984375 0.3125 0.0515625 0.03046875
0 0.665625 0.321875 0.03046875 0.0265625
0 0.71640625 0.346875 0.05546875 0.0234375
0 0.55625 0.3640625 0.0515625 0.028125
0 0.64921875 0.3796875 0.03203125 0.0203125
0 0.61875 0.384375 0.040625 0.02578125
0 0.84765625 0.4078125 0.02109375 0.01640625
0 0.57734375 0.4390625 0.0375 0.03671875
0 0.484375 0.44296875 0.0359375 0.0171875
0 0.6390625 0.446875 0.0390625 0.01875
0 0.834375 0.47109375 0.04453125 0.025
0 0.703125 0.4671875 0.0234375 0.01328125
0 0.8046875 0.48984375 0.0484375 0.0203125
0 0.590625 0.4984375 0.04296875 0.01875
0 0.33828125 0.50390625 0.03203125 0.01875
0 0.5484375 0.50859375 0.04453125 0.01875
0 0.7421875 0.515625 0.04296875 0.02421875
0 0.60859375 0.5203125 0.04140625 0.02578125
0 0.578125 0.5390625 0.0265625 0.02265625
0 0.5515625 0.5515625 0.05859375 0.01328125
0 0.56015625 0.60546875 0.034375 0.0203125
0 0.81015625 0.6171875 0.0484375 0.02578125
0 0.77890625 0.621875 0.025 0.02109375
0 0.784375 0.64453125 0.0234375 0.01875
0 0.40390625 0.646875 0.028125 0.01640625
0 0.84375 0.66796875 0.0625 0.0171875
0 0.41171875 0.671875 0.0375 0.015625
0 0.690625 0.7859375 0.059375 0.0375