0 0.0958333328125 0.44375 0.11944444375 0.44375 0.13333333281249998 0.4359375 0.13333333281249998 0.42421875 0.13055555624999998 0.4234375 0.13055555624999998 0.41953125 0.125 0.41796875 0.0791666671875 0.41796875 0.07638888906249999 0.41953125 0.07638888906249999 0.4359375 0.08194444375 0.440625 0.09444444375 0.4421875 0.0958333328125 0.44375
0 0.25555555625 0.2796875 0.25555555625 0.26953125 0.252777778125 0.26796875 0.2125 0.26796875 0.20972222187499998 0.26953125 0.20972222187499998 0.284375 0.215277778125 0.2875 0.2416666671875 0.2875 0.25555555625 0.2796875
0 0.20833333281250002 0.515625 0.21111111093749999 0.5125 0.21111111093749999 0.50234375 0.20555555625 0.49921875 0.16805555625 0.49921875 0.165277778125 0.50078125 0.165277778125 0.5171875 0.16805555625 0.5203125 0.1861111109375 0.521875 0.20833333281250002 0.515625
0 0.43333333281249997 0.2984375 0.4458333328125 0.30625 0.4611111109375 0.30625 0.4611111109375 0.30546875 0.477777778125 0.296875 0.477777778125 0.28515625 0.475 0.284375 0.475 0.28203125 0.47083333281249995 0.28203125 0.46944444374999994 0.28046875 0.434722221875 0.28046875 0.434722221875 0.28125 0.43194444374999996 0.28203125 0.43194444374999996 0.2984375 0.43333333281249997 0.2984375
0 0.352777778125 0.24375 0.3583333328125 0.240625 0.3583333328125 0.23828125 0.36666666718749996 0.2359375 0.36666666718749996 0.22578125 0.352777778125 0.21796875 0.3236111109375 0.21796875 0.32083333281250004 0.21953125 0.32083333281250004 0.2421875 0.3236111109375 0.24375 0.352777778125 0.24375
0 0.43333333281249997 0.50859375 0.44444444375 0.5046875 0.44444444375 0.49140625 0.4361111109375 0.48671875 0.4125 0.48671875 0.40972222187499996 0.509375 0.415277778125 0.5125 0.43055555625 0.5125 0.43333333281249997 0.50859375
0 0.377777778125 0.528125 0.38194444375000003 0.53125 0.39444444375 0.53125 0.39444444375 0.53046875 0.41111111093749997 0.521875 0.41111111093749997 0.51328125 0.40972222187499996 0.51328125 0.40833333281249995 0.51171875 0.3791666671875 0.51171875 0.3791666671875 0.5125 0.3763888890625 0.51328125 0.3763888890625 0.528125 0.377777778125 0.528125
0 0.20555555625 0.2796875 0.21111111093749999 0.275 0.2138888890625 0.26328125 0.20833333281250002 0.26171875 0.17916666718750002 0.26171875 0.1763888890625 0.26328125 0.1763888890625 0.278125 0.184722221875 0.28125 0.20555555625 0.2796875
0 0.13194444375 0.23125 0.15277777812499999 0.23125 0.15555555625 0.22734375 0.16388888906250001 0.225 0.1666666671875 0.221875 0.16388888906250001 0.21328125 0.15277777812499999 0.20546875 0.12361111093749999 0.20546875 0.1208333328125 0.20703125 0.1208333328125 0.225 0.12361111093749999 0.228125 0.13194444375 0.23125
0 0.527777778125 0.3625 0.54444444375 0.3546875 0.54444444375 0.33828125 0.5416666671875 0.33671875 0.5125 0.33671875 0.5097222218749999 0.33828125 0.5097222218749999 0.3578125 0.5125 0.3609375 0.527777778125 0.3625
0 0.240277778125 0.325 0.2611111109375 0.3234375 0.2666666671875 0.31875 0.2638888890625 0.30703125 0.25833333281250004 0.30546875 0.23472222187499997 0.30546875 0.23194444375 0.30703125 0.23194444375 0.3203125 0.23472222187499997 0.3234375 0.240277778125 0.325
0 0.44166666718750003 0.703125 0.44444444375 0.69609375 0.4388888890625 0.69296875 0.4125 0.69296875 0.40972222187499996 0.69453125 0.40972222187499996 0.7046875 0.415277778125 0.7078125 0.43333333281249997 0.70625 0.44166666718750003 0.703125
0 0.49444444374999996 0.6125 0.5 0.6109375 0.5041666671875 0.60625 0.5111111109375 0.6046875 0.5111111109375 0.58984375 0.50555555625 0.58671875 0.4791666671875 0.58671875 0.4763888890625 0.58828125 0.4763888890625 0.6109375 0.4791666671875 0.6125 0.49444444374999996 0.6125
0 0.27777777812500004 0.340625 0.28194444375 0.34375 0.2888888890625 0.34375 0.290277778125 0.3421875 0.29722222187499997 0.3421875 0.29722222187499997 0.34140625 0.3111111109375 0.334375 0.3111111109375 0.32578125 0.309722221875 0.32578125 0.29722222187499997 0.31796875 0.2791666671875 0.31796875 0.2791666671875 0.31875 0.27638888906250003 0.31953125 0.27638888906250003 0.340625 0.27777777812500004 0.340625
0 0.5638888890625 0.25625 0.5694444437499999 0.25 0.5666666671875 0.23828125 0.5638888890625 0.23671875 0.534722221875 0.23671875 0.5319444437499999 0.23828125 0.534722221875 0.259375 0.5527777781250001 0.259375 0.5638888890625 0.25625
0 0.7708333328125 0.4828125 0.7861111109375 0.4796875 0.7861111109375 0.46953125 0.7805555562500001 0.4671875 0.7805555562500001 0.46484375 0.775 0.46171875 0.7486111109375 0.46171875 0.7430555562500001 0.46484375 0.7430555562500001 0.4859375 0.7458333328125 0.4875 0.7638888890625 0.4875 0.7708333328125 0.4828125
0 0.14444444375 0.284375 0.1458333328125 0.2828125 0.15 0.2828125 0.16388888906250001 0.2734375 0.16388888906250001 0.26328125 0.1583333328125 0.2625 0.15277777812499999 0.25546875 0.12361111093749999 0.25546875 0.1208333328125 0.25703125 0.1208333328125 0.2796875 0.134722221875 0.284375 0.14444444375 0.284375
0 0.5333333328125 0.24609375 0.527777778125 0.24296875 0.5013888890625 0.24296875 0.4986111109375 0.259375 0.5041666671875 0.2625 0.5305555562500001 0.2625 0.5333333328125 0.24609375
0 0.797222221875 0.48671875 0.76805555625 0.48671875 0.765277778125 0.48828125 0.76805555625 0.5015625 0.79444444375 0.5 0.8 0.4953125 0.797222221875 0.48671875
0 0.1861111109375 0.225 0.2 0.21875 0.20277777812500003 0.2125 0.2 0.20078125 0.197222221875 0.19921875 0.16805555625 0.19921875 0.165277778125 0.20078125 0.165277778125 0.221875 0.1708333328125 0.225 0.1861111109375 0.225
0 0.852777778125 0.2671875 0.85555555625 0.26015625 0.8583333328125 0.259375 0.85555555625 0.24609375 0.847222221875 0.24296875 0.8236111109375001 0.24296875 0.8208333328125 0.24453125 0.8208333328125 0.2671875 0.8263888890625 0.2703125 0.852777778125 0.2671875
0 0.272222221875 0.51875 0.27777777812500004 0.5171875 0.2916666671875 0.5078125 0.2916666671875 0.50078125 0.28611111093749997 0.49921875 0.25694444375000003 0.49921875 0.2541666671875 0.50078125 0.2541666671875 0.515625 0.259722221875 0.51875 0.272222221875 0.51875
0 0.8194444437499999 0.271875 0.8166666671874999 0.26484375 0.8111111109375001 0.26171875 0.790277778125 0.26171875 0.7875 0.26328125 0.7875 0.2734375 0.790277778125 0.275 0.8055555562500001 0.2765625 0.8194444437499999 0.271875
0 0.9791666671874999 0.57421875 0.9763888890624999 0.5921875 0.997222221875 0.59375 0.997222221875 0.57421875 0.9791666671874999 0.57421875
0 0.3638888890625 0.571875 0.375 0.56875 0.377777778125 0.56484375 0.3861111109375 0.5609375 0.3861111109375 0.55703125 0.38055555625 0.5546875 0.38055555625 0.55234375 0.375 0.54921875 0.3458333328125 0.54921875 0.34305555625 0.55078125 0.34305555625 0.5671875 0.3541666671875 0.571875 0.3638888890625 0.571875
0 0.07638888906249999 0.50625 0.097222221875 0.5046875 0.097222221875 0.50234375 0.102777778125 0.5 0.10833333281249999 0.49375 0.10833333281249999 0.48984375 0.1 0.48671875 0.06805555625000001 0.48671875 0.06527777812499999 0.48828125 0.06527777812499999 0.5 0.06805555625000001 0.503125 0.07638888906249999 0.50625
0 0.922222221875 0.26328125 0.890277778125 0.26171875 0.8875 0.2796875 0.9166666671874999 0.28125 0.922222221875 0.278125 0.922222221875 0.26328125
0 0.252777778125 0.5921875 0.25555555625 0.5875 0.252777778125 0.58046875 0.2208333328125 0.58203125 0.2208333328125 0.5921875 0.22638888906250001 0.5953125 0.2416666671875 0.5953125 0.252777778125 0.5921875
0 0.2888888890625 0.440625 0.2888888890625 0.43203125 0.28611111093749997 0.43046875 0.25694444375000003 0.43046875 0.2541666671875 0.43203125 0.2541666671875 0.44375 0.259722221875 0.4484375 0.272222221875 0.4484375 0.2888888890625 0.440625
0 0.4236111109375 0.3390625 0.447222221875 0.3359375 0.447222221875 0.33359375 0.45555555625000005 0.3296875 0.45277777812500003 0.31953125 0.447222221875 0.31796875 0.415277778125 0.31796875 0.40972222187499996 0.32109375 0.40972222187499996 0.3375 0.415277778125 0.3421875 0.41944444374999995 0.3421875 0.4236111109375 0.3390625
0 0.8638888890624999 0.534375 0.8680555562500001 0.5375 0.875 0.5375 0.8888888890625 0.5296875 0.8888888890625 0.51953125 0.8861111109375001 0.51796875 0.85694444375 0.51796875 0.8541666671874999 0.51953125 0.8541666671874999 0.5296875 0.85694444375 0.5328125 0.8638888890624999 0.534375
0 0.34444444375 0.49375 0.34444444375 0.48203125 0.3236111109375 0.48046875 0.32083333281250004 0.48203125 0.32083333281250004 0.4984375 0.3333333328125 0.5 0.34444444375 0.49375
0 0.527777778125 0.2890625 0.5388888890625 0.2796875 0.5388888890625 0.27265625 0.5361111109375 0.26953125 0.5305555562500001 0.26796875 0.5013888890625 0.26796875 0.4986111109375 0.26953125 0.4986111109375 0.2859375 0.5041666671875 0.290625 0.527777778125 0.2890625
0 0.6944444437499999 0.5140625 0.6958333328124999 0.5125 0.70555555625 0.5109375 0.7083333328125 0.509375 0.7083333328125 0.50546875 0.7111111109375 0.5046875 0.7083333328125 0.49765625 0.7 0.49296875 0.6791666671875001 0.49296875 0.6763888890625 0.49453125 0.6763888890625 0.5109375 0.68194444375 0.5140625 0.6944444437499999 0.5140625
0 0.10833333281249999 0.3 0.1166666671875 0.2921875 0.11388888906250001 0.28359375 0.10833333281249999 0.28046875 0.090277778125 0.28046875 0.0875 0.28203125 0.0875 0.2984375 0.090277778125 0.3 0.10833333281249999 0.3
0 0.1888888890625 0.303125 0.20555555625 0.296875 0.20277777812500003 0.28359375 0.19444444375 0.28046875 0.17916666718750002 0.28046875 0.1763888890625 0.28203125 0.1763888890625 0.3 0.17916666718750002 0.303125 0.1888888890625 0.303125
0 0.8861111109375001 0.25 0.8916666671875 0.24296875 0.897222221875 0.240625 0.8916666671875 0.23203125 0.8861111109375001 0.23046875 0.85694444375 0.23046875 0.8541666671874999 0.23203125 0.8541666671874999 0.246875 0.859722221875 0.25 0.8861111109375001 0.25
0 0.377777778125 0.125 0.377777778125 0.11953125 0.375 0.11796875 0.35694444375 0.11796875 0.3541666671875 0.11953125 0.3541666671875 0.1296875 0.36944444375 0.13125 0.377777778125 0.125
0 0.30416666718749996 0.54375 0.3138888890625 0.5421875 0.32777777812500003 0.534375 0.32777777812500003 0.53203125 0.33055555625 0.53125 0.33055555625 0.52578125 0.32777777812500003 0.52421875 0.3013888890625 0.52421875 0.2986111109375 0.52578125 0.2986111109375 0.540625 0.30416666718749996 0.54375
0 0.4361111109375 0.45078125 0.4125 0.44921875 0.40972222187499996 0.4609375 0.43055555625 0.4625 0.4361111109375 0.459375 0.4361111109375 0.45078125
0 0.25833333281250004 0.23125 0.272222221875 0.2234375 0.272222221875 0.21640625 0.2638888890625 0.21171875 0.24583333281250003 0.21171875 0.24305555625 0.21328125 0.24305555625 0.2296875 0.24583333281250003 0.23125 0.25833333281250004 0.23125
0 0.43333333281249997 0.5421875 0.4388888890625 0.53203125 0.43055555625 0.52421875 0.40138888906250003 0.52421875 0.3986111109375 0.52578125 0.3986111109375 0.5421875 0.40138888906250003 0.54375 0.427777778125 0.54375 0.43333333281249997 0.5421875
0 0.24444444375000002 0.07578125 0.2236111109375 0.07421875 0.2236111109375 0.090625 0.2388888890625 0.090625 0.24444444375000002 0.0875 0.24444444375000002 0.07578125
0 0.19444444375 0.2421875 0.197222221875 0.23828125 0.1916666671875 0.234375 0.1888888890625 0.22578125 0.16805555625 0.22421875 0.165277778125 0.22578125 0.165277778125 0.2421875 0.16805555625 0.24375 0.19444444375 0.2421875
0 0.622222221875 0.55703125 0.6013888890625 0.55546875 0.5986111109375 0.55703125 0.6013888890625 0.5703125 0.61944444375 0.56875 0.622222221875 0.55703125
0 0.08055555625000001 0.30078125 0.05694444375 0.29921875 0.054166667187499996 0.3109375 0.075 0.3125 0.08055555625000001 0.30625 0.08055555625000001 0.30078125
0 0.0888888890625 0.4046875 0.0888888890625 0.39609375 0.08333333281250001 0.39296875 0.0458333328125 0.39296875 0.04305555625 0.39453125 0.0458333328125 0.4109375 0.052777778124999994 0.4109375 0.059722221875 0.40625 0.0888888890625 0.4046875
0 0.8 0.5421875 0.8111111109375001 0.5375 0.8166666671874999 0.52734375 0.8055555562500001 0.52421875 0.790277778125 0.52421875 0.7875 0.52578125 0.7875 0.5390625 0.790277778125 0.5421875 0.8 0.5421875
0 0.11944444375 0.2546875 0.13333333281249998 0.2484375 0.13333333281249998 0.23828125 0.1361111109375 0.2375 0.1361111109375 0.23359375 0.13333333281249998 0.2328125 0.13333333281249998 0.22890625 0.127777778125 0.22578125 0.12361111093749999 0.22578125 0.12222222187500001 0.22421875 0.109722221875 0.22421875 0.10138888906250001 0.23046875 0.0986111109375 0.25 0.1041666671875 0.2546875 0.11944444375 0.2546875
0 0.834722221875 0.5296875 0.8444444437499999 0.5296875 0.85555555625 0.5234375 0.85555555625 0.51796875 0.8583333328125 0.5171875 0.8583333328125 0.51484375 0.852777778125 0.51171875 0.8375 0.51171875 0.83194444375 0.51484375 0.83194444375 0.528125 0.834722221875 0.5296875
0 0.725 0.5875 0.722222221875 0.57578125 0.7013888890625 0.57421875 0.6986111109375 0.5921875 0.7013888890625 0.59375 0.722222221875 0.5921875 0.725 0.5875
0 0.95555555625 0.65 0.9666666671874999 0.6421875 0.9638888890624999 0.63359375 0.9611111109375001 0.63203125 0.9541666671875 0.63203125 0.952777778125 0.63046875 0.934722221875 0.63046875 0.93194444375 0.63203125 0.93194444375 0.646875 0.9375 0.65 0.95555555625 0.65
0 0.030555556249999997 0.2984375 0.0416666671875 0.2921875 0.0388888890625 0.28671875 0.0125 0.28671875 0.009722221875000001 0.28828125 0.0125 0.2953125 0.0166666671875 0.2953125 0.0208333328125 0.2984375 0.030555556249999997 0.2984375
0 0.397222221875 0.1421875 0.397222221875 0.13203125 0.3916666671875 0.13046875 0.365277778125 0.13203125 0.365277778125 0.14375 0.3708333328125 0.146875 0.3861111109375 0.146875 0.397222221875 0.1421875
0 0.30555555624999997 0.16875 0.3166666671875 0.1609375 0.3166666671875 0.15234375 0.3083333328125 0.14921875 0.290277778125 0.14921875 0.2875 0.15078125 0.2875 0.165625 0.29305555625 0.16875 0.30555555624999997 0.16875
0 0.027777778125000003 0.175 0.0333333328125 0.171875 0.0361111109375 0.16484375 0.030555556249999997 0.16171875 0.0125 0.16171875 0.009722221875000001 0.16328125 0.009722221875000001 0.1734375 0.015277778124999999 0.1765625 0.027777778125000003 0.175
0 0.11944444375 0.2734375 0.12222222187500001 0.2703125 0.11944444375 0.25703125 0.11388888906250001 0.25546875 0.0791666671875 0.25546875 0.07638888906249999 0.25703125 0.07638888906249999 0.2734375 0.0791666671875 0.275 0.10833333281249999 0.2765625 0.11944444375 0.2734375
0 0.7888888890625 0.553125 0.7888888890625 0.54609375 0.7833333328125 0.54296875 0.7569444437499999 0.54296875 0.7541666671875 0.54453125 0.7541666671875 0.55 0.7597222218749999 0.5546875 0.7833333328125 0.55625 0.7888888890625 0.553125
0 0.627777778125 0.375 0.6333333328124999 0.371875 0.6361111109375 0.35859375 0.63055555625 0.35546875 0.6152777781250001 0.35546875 0.609722221875 0.35859375 0.609722221875 0.371875 0.6152777781250001 0.375 0.627777778125 0.375
0 0.3611111109375 0.59375 0.372222221875 0.5859375 0.372222221875 0.58203125 0.36666666718749996 0.58046875 0.3458333328125 0.58046875 0.34305555625 0.58203125 0.34305555625 0.590625 0.34861111093749997 0.59375 0.3611111109375 0.59375
0 0.055555556250000006 0.3046875 0.055555556250000006 0.29453125 0.034722221875 0.29296875 0.03194444375 0.3078125 0.034722221875 0.3109375 0.04444444375 0.3109375 0.055555556250000006 0.3046875
0 0.24722222187499998 0.09453125 0.2236111109375 0.09296875 0.2208333328125 0.1046875 0.2236111109375 0.10625 0.24444444375000002 0.10625 0.24722222187499998 0.09453125
0 0.0666666671875 0.16953125 0.0458333328125 0.16796875 0.04305555625 0.16953125 0.0458333328125 0.1828125 0.0638888890625 0.18125 0.0666666671875 0.16953125
0 0.5111111109375 0.16875 0.5111111109375 0.15703125 0.5083333328124999 0.15546875 0.4791666671875 0.15546875 0.4763888890625 0.16875 0.48472222187499997 0.1734375 0.50555555625 0.1734375 0.5111111109375 0.16875
0 0.08333333281250001 0.15078125 0.0791666671875 0.15078125 0.077777778125 0.14921875 0.05694444375 0.14921875 0.054166667187499996 0.15078125 0.054166667187499996 0.1625 0.059722221875 0.165625 0.08055555625000001 0.1609375 0.08333333281250001 0.15078125
0 0.26944444375 0.34609375 0.2638888890625 0.34296875 0.23472222187499997 0.34296875 0.23194444375 0.3609375 0.2638888890625 0.3625 0.26944444375 0.35625 0.26944444375 0.34609375
0 0.7388888890625 0.18828125 0.7236111109375 0.18671875 0.7208333328125 0.18828125 0.7208333328125 0.196875 0.7333333328125 0.1984375 0.7388888890625 0.18828125
0 0.375 0.18671875 0.3541666671875 0.18828125 0.35694444375 0.2 0.38333333281250004 0.1984375 0.38055555625 0.18828125 0.375 0.18671875
0 0.872222221875 0.33671875 0.85694444375 0.33671875 0.8541666671874999 0.33828125 0.85694444375 0.346875 0.8638888890624999 0.346875 0.875 0.3421875 0.872222221875 0.33671875
0 0.4861111109375 0.69375 0.4916666671875 0.68359375 0.4861111109375 0.68046875 0.46805555625000006 0.68046875 0.46527777812500004 0.68203125 0.46527777812500004 0.6921875 0.46805555625000006 0.69375 0.4861111109375 0.69375
0 0.15 0.18828125 0.14305555625 0.18828125 0.1416666671875 0.18671875 0.1125 0.18671875 0.109722221875 0.18828125 0.109722221875 0.1984375 0.11805555625 0.2015625 0.1361111109375 0.2 0.15 0.1921875 0.15 0.18828125
0 0.672222221875 0.57734375 0.6666666671875 0.57421875 0.6569444437499999 0.57421875 0.6541666671875 0.57578125 0.6541666671875 0.5859375 0.6666666671875 0.5875 0.672222221875 0.57734375
0 0.45277777812500003 0.71875 0.45555555625000005 0.7171875 0.45555555625000005 0.70703125 0.45277777812500003 0.70546875 0.434722221875 0.70546875 0.43194444374999996 0.70703125 0.43194444374999996 0.7171875 0.434722221875 0.71875 0.45277777812500003 0.71875
0 0.31944444375000003 0.34921875 0.2875 0.35078125 0.290277778125 0.3625 0.3166666671875 0.3625 0.322222221875 0.3578125 0.31944444375000003 0.34921875
0 0.36805555624999997 0.6375 0.375 0.6375 0.3888888890625 0.6296875 0.3888888890625 0.62734375 0.38333333281250004 0.62421875 0.36805555624999997 0.62421875 0.365277778125 0.62578125 0.365277778125 0.6359375 0.36805555624999997 0.6375
0 0.45277777812500003 0.3546875 0.4611111109375 0.3484375 0.4583333328125 0.33828125 0.434722221875 0.33671875 0.43194444374999996 0.33828125 0.43194444374999996 0.353125 0.434722221875 0.3546875 0.45277777812500003 0.3546875
0 0.28055555625 0.3109375 0.2888888890625 0.30625 0.2888888890625 0.29453125 0.2833333328125 0.29296875 0.25694444375000003 0.29296875 0.2541666671875 0.29453125 0.25694444375000003 0.309375 0.26527777812500003 0.3125 0.28055555625 0.3109375
0 0.04444444375 0.49453125 0.0236111109375 0.49296875 0.0208333328125 0.5109375 0.0388888890625 0.5125 0.04444444375 0.509375 0.04444444375 0.49453125
0 0.6083333328125 0.64375 0.6166666671875001 0.6359375 0.6166666671875001 0.63203125 0.590277778125 0.63046875 0.5875 0.63203125 0.5875 0.6421875 0.590277778125 0.64375 0.6083333328125 0.64375
0 0.16388888906250001 0.3171875 0.1666666671875 0.3125 0.16388888906250001 0.30546875 0.134722221875 0.30546875 0.13194444375 0.30703125 0.13194444375 0.3203125 0.134722221875 0.3234375 0.1416666671875 0.3234375 0.16388888906250001 0.3171875
0 0.2916666671875 0.09453125 0.28611111093749997 0.09296875 0.26527777812500003 0.09453125 0.26805555625 0.1078125 0.28055555625 0.1078125 0.29444444375 0.1046875 0.2916666671875 0.09453125
0 0.6555555562500001 0.17578125 0.65 0.17421875 0.6319444437499999 0.17578125 0.6347222218749999 0.1859375 0.64444444375 0.1859375 0.6555555562500001 0.18125 0.6555555562500001 0.17578125
0 0.36666666718749996 0.10078125 0.3638888890625 0.09921875 0.3458333328125 0.09921875 0.34305555625 0.109375 0.34861111093749997 0.1125 0.3638888890625 0.1109375 0.36666666718749996 0.10078125
0 0.45277777812500003 0.2 0.4611111109375 0.1921875 0.4611111109375 0.18984375 0.45555555625000005 0.18671875 0.434722221875 0.18671875 0.43194444374999996 0.18828125 0.43194444374999996 0.196875 0.4375 0.2 0.45277777812500003 0.2
0 0.6944444437499999 0.31171875 0.66805555625 0.31171875 0.665277778125 0.31328125 0.66805555625 0.325 0.6972222218749999 0.3234375 0.7 0.31484375 0.6944444437499999 0.31171875
0 0.1111111109375 0.44453125 0.10833333281249999 0.44296875 0.0791666671875 0.44296875 0.07638888906249999 0.44453125 0.0791666671875 0.4609375 0.09444444375 0.4609375 0.1111111109375 0.4546875 0.1111111109375 0.44453125
0 0.11944444375 0.2171875 0.1166666671875 0.20703125 0.1111111109375 0.20546875 0.090277778125 0.20546875 0.0875 0.20703125 0.0875 0.2171875 0.09305555625 0.2203125 0.10833333281249999 0.221875 0.11944444375 0.2171875
0 0.6555555562500001 0.19609375 0.6638888890625 0.1921875 0.6638888890625 0.18984375 0.6555555562500001 0.18671875 0.6458333328125 0.18671875 0.64305555625 0.18828125 0.64305555625 0.1984375 0.652777778125 0.2 0.6555555562500001 0.19609375
0 0.9833333328125 0.65 0.9888888890624999 0.646875 0.9888888890624999 0.63828125 0.9861111109375 0.63671875 0.9680555562500001 0.63671875 0.965277778125 0.63828125 0.965277778125 0.6484375 0.9708333328125001 0.6515625 0.9833333328125 0.65
0 0.20833333281250002 0.14296875 0.190277778125 0.14296875 0.1875 0.14453125 0.1875 0.1484375 0.1986111109375 0.153125 0.21111111093749999 0.1515625 0.20833333281250002 0.14296875
0 0.1916666671875 0.475 0.2 0.471875 0.2 0.46796875 0.20555555625 0.4625 0.20555555625 0.45703125 0.17916666718750002 0.45546875 0.1763888890625 0.45703125 0.1763888890625 0.471875 0.18194444375000002 0.475 0.1916666671875 0.475
0 0.5666666671875 0.33828125 0.5458333328125 0.33671875 0.54305555625 0.3546875 0.5583333328125 0.35625 0.5666666671875 0.353125 0.5666666671875 0.33828125
0 0.45277777812500003 0.2 0.4611111109375 0.1921875 0.4611111109375 0.18828125 0.434722221875 0.18671875 0.43194444374999996 0.18828125 0.43194444374999996 0.196875 0.4375 0.2 0.45277777812500003 0.2
0 0.172222221875 0.1796875 0.177777778125 0.16953125 0.175 0.16796875 0.15694444375 0.16796875 0.1541666671875 0.16953125 0.1541666671875 0.1796875 0.15694444375 0.18125 0.172222221875 0.1796875
0 0.547222221875 0.60703125 0.534722221875 0.60546875 0.5319444437499999 0.6109375 0.534722221875 0.6140625 0.5416666671875 0.6140625 0.547222221875 0.60703125
0 0.275 0.1484375 0.275 0.14453125 0.25694444375000003 0.14296875 0.2541666671875 0.153125 0.2666666671875 0.1546875 0.2666666671875 0.15234375 0.275 0.1484375
0 0.04444444375 0.28359375 0.052777778124999994 0.2796875 0.052777778124999994 0.27578125 0.0236111109375 0.27421875 0.0208333328125 0.2921875 0.0236111109375 0.29375 0.04444444375 0.2921875 0.04444444375 0.28359375
0 0.147222221875 0.48828125 0.1416666671875 0.48671875 0.1208333328125 0.48828125 0.12361111093749999 0.496875 0.13888888906250002 0.496875 0.147222221875 0.4921875 0.147222221875 0.48828125
0 0.9902777781250001 0.42421875 0.9875 0.4296875 0.997222221875 0.43125 0.997222221875 0.42421875 0.9902777781250001 0.42421875
0 0.5138888890625 0.68984375 0.5083333328124999 0.68671875 0.5013888890625 0.68671875 0.4986111109375 0.6984375 0.5013888890625 0.7 0.5166666671875 0.6984375 0.5138888890625 0.68984375
0 0.1833333328125 0.334375 0.1861111109375 0.3296875 0.1833333328125 0.32578125 0.177777778125 0.32421875 0.1541666671875 0.32578125 0.1541666671875 0.334375 0.15972222187500001 0.3375 0.175 0.3375 0.1833333328125 0.334375
0 0.8 0.59609375 0.79444444375 0.59296875 0.7791666671875 0.59296875 0.7763888890625 0.59453125 0.7791666671875 0.609375 0.797222221875 0.6078125 0.8 0.59609375
0 0.9472222218749999 0.48828125 0.934722221875 0.48671875 0.93194444375 0.4984375 0.9416666671874999 0.5 0.9472222218749999 0.49375 0.9472222218749999 0.48828125