0 0.88671875 0.1515625 0.0265625 0.0125
0 0.94921875 0.16875 0.0125 0.01171875
0 0.92109375 0.178125 0.021875 0.01796875
0 0.89375 0.2015625 0.02890625 0.0125
0 0.82265625 0.20625 0.015625 0.00859375
0 0.93046875 0.21328125 0.03046875 0.015625
0 0.896875 0.2171875 0.0265625 0.01328125
0 0.809375 0.221875 0.03046875 0.01953125
0 0.83828125 0.2265625 0.0265625 0.01640625
0 0.98828125 0.228125 0.02109375 0.015625
0 0.88828125 0.23359375 0.0234375 0.015625
0 0.9390625 0.25625 0.021875 0.01328125
0 0.5625 0.3109375 0.0109375 0.0140625
0 0.728125 0.315625 0.0265625 0.0125
0 0.803125 0.315625 0.021875 0.01171875
0 0.790625 0.3203125 0.0265625 0.01015625
0 0.6265625 0.3265625 0.025 0.015625
0 0.58203125 0.3359375 0.01953125 0.0140625
0 0.815625 0.3375 0.01796875 0.0078125
0 0.609375 0.3421875 0.02890625 0.01328125
0 0.98203125 0.353125 0.028125 0.01640625
0 0.709375 0.359375 0.0265625 0.01796875
0 0.8265625 0.3609375 0.01953125 0.0171875
0 0.8953125 0.36796875 0.040625 0.0234375
0 0.8859375 0.38671875 0.03046875 0.0203125
0 0.521875 0.3890625 0.0109375 0.01484375
0 0.99140625 0.39609375 0.0109375 0.00625
0 0.109375 0.41171875 0.03046875 0.0171875
0 0.7296875 0.4109375 0.02109375 0.0140625
0 0.8375 0.4140625 0.03359375 0.0203125
0 0.0546875 0.4171875 0.0265625 0.01953125
0 0.01328125 0.41875 0.0265625 0.01484375
0 0.79296875 0.4234375 0.01953125 0.02265625
0 0.09453125 0.42890625 0.025 0.0171875
0 0.13515625 0.4453125 0.03203125 0.02421875
0 0.7984375 0.4640625 0.01640625 0.01171875
0 0.68359375 0.4796875 0.028125 0.015625
0 0.771875 0.47890625 0.02109375 0.0109375
0 0.678125 0.509375 0.028125 0.0125
0 0.709375 0.50625 0.0125 0.00546875
0 0.6875 0.53046875 0.028125 0.0140625
0 0.890625 0.54375 0.015625 0.01640625
0 0.92421875 0.54609375 0.034375 0.015625
0 0.521875 0.54375 0.015625 0.0078125
0 0.434375 0.5484375 0.021875 0.01015625
0 0.6625 0.5546875 0.01953125 0.0125
0 0.93515625 0.559375 0.0265625 0.01640625
0 0.37734375 0.5625 0.0265625 0.01484375
0 0.98515625 0.565625 0.015625 0.0171875
0 0.65234375 0.5671875 0.01796875 0.015625
0 0.66484375 0.57265625 0.015625 0.00625
0 0.721875 0.58671875 0.01796875 0.015625
0 0.79453125 0.584375 0.01640625 0.0078125
0 0.04140625 0.59296875 0.03359375 0.021875
0 0.509375 0.5953125 0.0125 0.01640625
0 0.74609375 0.59765625 0.025 0.01875
0 0.24609375 0.6078125 0.0140625 0.01015625
0 0.5671875 0.6171875 0.02109375 0.01484375
0 0.9796875 0.6234375 0.0234375 0.015625
0 0.63984375 0.6265625 0.03203125 0.01796875
0 0.121875 0.628125 0.01796875 0.0171875
0 0.2546875 0.6296875 0.034375 0.01171875
0 0.715625 0.640625 0.0265625 0.01953125
0 0.54609375 0.646875 0.03046875 0.0203125
0 0.25078125 0.640625 0.01796875 0.00703125
0 0.97734375 0.65 0.0265625 0.01640625
0 0.4671875 0.65390625 0.015625 0.009375
0 0.99609375 0.6546875 0.00546875 0.00625
0 0.32578125 0.671875 0.02109375 0.01328125
0 0.05 0.696875 0.025 0.0171875