0 0.0034722218749999997 0.3017578125 0 0.3134765625 0.015625 0.322265625 0.027777778125000003 0.3212890625 0.05208333281250001 0.3076171875 0.0329861109375 0.294921875 0.02256944375 0.29296875 0.0034722218749999997 0.3017578125
0 0.9079861109375 0.5 0.8819444437499999 0.5146484375 0.878472221875 0.5263671875 0.9010416671874999 0.5390625 0.9305555562500001 0.5380859375 0.9513888890625 0.5302734375 0.9548611109375 0.5146484375 0.9322916671874999 0.501953125 0.9079861109375 0.5
0 0.44618055625 0.548828125 0.4236111109375 0.5576171875 0.4201388890625 0.5693359375 0.4357638890625 0.58203125 0.4548611109375 0.5830078125 0.47569444375 0.5751953125 0.4826388890625 0.5615234375 0.46006944375 0.548828125 0.44618055625 0.548828125
0 0.730902778125 0.29296875 0.715277778125 0.3037109375 0.71875 0.3115234375 0.737847221875 0.3203125 0.7604166671875 0.3193359375 0.7708333328125 0.3134765625 0.7673611109375 0.3017578125 0.7517361109375 0.294921875 0.730902778125 0.29296875
0 0.0208333328125 0.3232421875 0.0329861109375 0.333984375 0.05208333281250001 0.3369140625 0.06944444375 0.3291015625 0.065972221875 0.3134765625 0.053819443749999994 0.30859375 0.0208333328125 0.3232421875
0 0.6545138890625 0.1171875 0.6423611109375 0.1240234375 0.6354166671875 0.1337890625 0.6423611109375 0.1494140625 0.6545138890625 0.154296875 0.659722221875 0.1533203125 0.6979166671875 0.1337890625 0.690972221875 0.1220703125 0.668402778125 0.115234375 0.6545138890625 0.1171875
0 0.7204861109375 0.490234375 0.7100694437499999 0.490234375 0.690972221875 0.5009765625 0.690972221875 0.5068359375 0.706597221875 0.517578125 0.7118055562500001 0.5166015625 0.734375 0.51171875 0.7430555562500001 0.5048828125 0.7361111109375 0.4970703125 0.7204861109375 0.490234375
0 0.02256944375 0.4296875 0.010416667187500001 0.4404296875 0.010416667187500001 0.4501953125 0.0260416671875 0.45703125 0.034722221875 0.4560546875 0.050347221875 0.453125 0.0625 0.4423828125 0.050347221875 0.435546875 0.02256944375 0.4296875
0 0.7725694437499999 0.3359375 0.7604166671875 0.3408203125 0.7638888890625 0.3525390625 0.7725694437499999 0.357421875 0.784722221875 0.3564453125 0.7951388890625 0.3525390625 0.7951388890625 0.3427734375 0.7864583328125 0.337890625 0.7725694437499999 0.3359375
0 0.628472221875 0.1572265625 0.621527778125 0.1669921875 0.6267361109375 0.17578125 0.6736111109375 0.1767578125 0.6770833328125 0.1650390625 0.6579861109375 0.154296875 0.637152778125 0.15234375 0.628472221875 0.1572265625
0 0.6805555562500001 0.1708984375 0.6770833328125 0.1787109375 0.6892361109375 0.185546875 0.7256944437499999 0.1865234375 0.7326388890625 0.1767578125 0.7239583328125 0.166015625 0.6927083328125 0.1640625 0.6805555562500001 0.1708984375
0 0.3697916671875 0.80859375 0.36284722187499996 0.80859375 0.35069444375000003 0.8193359375 0.3541666671875 0.8232421875 0.3697916671875 0.83203125 0.3854166671875 0.8310546875 0.3958333328125 0.8232421875 0.3958333328125 0.8154296875 0.3767361109375 0.814453125 0.3697916671875 0.80859375
0 0.609375 0.46875 0.597222221875 0.4755859375 0.597222221875 0.4892578125 0.6076388890625 0.4892578125 0.6111111109375 0.4833984375 0.621527778125 0.4794921875 0.621527778125 0.4755859375 0.609375 0.46875
0 0.7083333328125 0.2216796875 0.715277778125 0.2236328125 0.7291666671875 0.2177734375 0.7239583328125 0.208984375 0.7083333328125 0.2138671875 0.7083333328125 0.2216796875
0 0.7013888890625 0.1630859375 0.7204861109375 0.166015625 0.7291666671875 0.1767578125 0.7361111109375 0.1767578125 0.7395833328125 0.1689453125 0.7326388890625 0.1611328125 0.7100694437499999 0.150390625 0.7013888890625 0.1630859375
0 0.41319444375 0.5205078125 0.41493055625 0.525390625 0.4270833328125 0.5244140625 0.43402777812500004 0.5205078125 0.4322916671875 0.515625 0.421875 0.515625 0.41319444375 0.5205078125
0 0.38368055624999997 0.515625 0.3958333328125 0.5166015625 0.41319444375 0.5126953125 0.4079861109375 0.50390625 0.38194444375000003 0.5126953125 0.38368055624999997 0.515625
0 0.621527778125 0.1748046875 0.6267361109375 0.177734375 0.6423611109375 0.1767578125 0.6423611109375 0.1591796875 0.6302083328125 0.15625 0.621527778125 0.1650390625 0.621527778125 0.1748046875
0 0.41319444375 0.5205078125 0.41840277812500004 0.525390625 0.4270833328125 0.5244140625 0.43402777812500004 0.5205078125 0.4322916671875 0.515625 0.421875 0.515625 0.41319444375 0.5205078125
0 0.3802083328125 0.515625 0.3958333328125 0.5166015625 0.41319444375 0.5126953125 0.4079861109375 0.50390625 0.37847222187499996 0.5126953125 0.3802083328125 0.515625
0 0.3576388890625 0.5185546875 0.3611111109375 0.5107421875 0.3489583328125 0.5078125 0.34722222187499996 0.5185546875 0.3576388890625 0.5185546875
0 0.38194444375000003 0.5126953125 0.38715277812500004 0.515625 0.40625 0.5146484375 0.41319444375 0.5126953125 0.4079861109375 0.50390625 0.4010416671875 0.50390625 0.38194444375000003 0.5126953125
0 0.7482638890625 0.955078125 0.7239583328125 0.951171875 0.71875 0.9541015625 0.722222221875 0.9677734375 0.7413194437499999 0.9765625 0.7673611109375 0.9814453125 0.7743055562500001 0.9736328125 0.7604166671875 0.9658203125 0.7604166671875 0.9619140625 0.7482638890625 0.955078125
0 0.6805555562500001 0.1708984375 0.6805555562500001 0.1806640625 0.6892361109375 0.185546875 0.7291666671875 0.1865234375 0.7361111109375 0.1669921875 0.7204861109375 0.15625 0.7135416671875 0.15625 0.6805555562500001 0.1708984375
0 0.5555555562500001 0.3623046875 0.5642361109375 0.369140625 0.5763888890625 0.3701171875 0.5798611109375 0.3544921875 0.5711805562500001 0.3515625 0.5555555562500001 0.3583984375 0.5555555562500001 0.3623046875
0 1 0.5947265625 0.987847221875 0.59375 0.9756944437499999 0.6044921875 0.987847221875 0.611328125 1 0.6103515625 1 0.5947265625