0 0.04296875 0.178125 0.028125 0.01484375
0 0.07109375 0.184375 0.03359375 0.01640625
0 0.1984375 0.209375 0.0359375 0.01953125
0 0.31171875 0.228125 0.02890625 0.0140625
0 0.009375 0.265625 0.01796875 0.015625
0 0.265625 0.26328125 0.01640625 0.009375
0 0.10078125 0.271875 0.034375 0.01953125
0 0.096875 0.2859375 0.0234375 0.01640625
0 0.125 0.28828125 0.03046875 0.01875
0 0.4078125 0.2953125 0.02890625 0.01328125
0 0.34921875 0.31171875 0.034375 0.015625
0 0.3265625 0.321875 0.01953125 0.01875
0 0.028125 0.3234375 0.03359375 0.01796875
0 0.27734375 0.3328125 0.02890625 0.01484375
0 0.42890625 0.3359375 0.0359375 0.02109375
0 0.37734375 0.3359375 0.03203125 0.01796875
0 0.01875 0.3421875 0.034375 0.0171875
0 0.36640625 0.353125 0.0359375 0.01484375
0 0.41875 0.3609375 0.02890625 0.0203125
0 0.08984375 0.3625 0.0265625 0.0125
0 0.05078125 0.36796875 0.03203125 0.01875
0 0.525 0.365625 0.025 0.01484375
0 0.628125 0.3890625 0.01796875 0.01328125
0 0.6546875 0.3921875 0.0234375 0.015625
0 0.2984375 0.39140625 0.025 0.0125
0 0.63125 0.4546875 0.03203125 0.02421875
0 0.5890625 0.45546875 0.028125 0.009375
0 0.18828125 0.4625 0.040625 0.01640625
0 0.49765625 0.4734375 0.0265625 0.0109375
0 0.196875 0.48125 0.04609375 0.02421875
0 0.10546875 0.48203125 0.028125 0.021875
0 0.20546875 0.4953125 0.03046875 0.015625
0 0.16640625 0.5171875 0.03046875 0.01328125
0 0.17734375 0.5296875 0.0265625 0.0171875
0 0.18828125 0.534375 0.02890625 0.0171875
0 0.32421875 0.5796875 0.0234375 0.015625