0 0.53359375 0.196875 0.021875 0.02109375
0 0.61484375 0.20625 0.05390625 0.03203125
0 0.459375 0.209375 0.05390625 0.03125
0 0.64921875 0.215625 0.0515625 0.03046875
0 0.425 0.27578125 0.025 0.0234375
0 0.5703125 0.31796875 0.0515625 0.0359375
0 0.0515625 0.315625 0.04453125 0.0265625
0 0.4484375 0.3203125 0.046875 0.0234375
0 0.09140625 0.328125 0.04453125 0.02265625
0 0.52578125 0.35625 0.034375 0.0171875
0 0.6 0.4015625 0.01953125 0.01015625
0 0.42890625 0.4078125 0.053125 0.01953125
0 0.63984375 0.4078125 0.034375 0.01796875
0 0.69296875 0.421875 0.05 0.01953125
0 0.39140625 0.4359375 0.053125 0.0265625
0 0.578125 0.4515625 0.040625 0.02421875
0 0.71015625 0.4546875 0.0484375 0.02265625
0 0.59609375 0.5046875 0.046875 0.02734375
0 0.15703125 0.5015625 0.0390625 0.01328125
0 0.78125 0.5078125 0.03203125 0.02265625
0 0.725 0.51640625 0.0359375 0.021875
0 0.81640625 0.55859375 0.028125 0.0203125
0 0.74765625 0.56484375 0.0265625 0.0234375
0 0.58828125 0.5609375 0.03203125 0.0140625
0 0.35390625 0.59921875 0.053125 0.021875
0 0.5703125 0.60859375 0.0265625 0.01875
0 0.6734375 0.6921875 0.04453125 0.04765625
0 0.446875 0.70390625 0.0390625 0.0171875
0 0.32109375 0.7046875 0.046875 0.01484375
0 0.6015625 0.7375 0.05 0.03671875
0 0.39375 0.7328125 0.02890625 0.015625
0 0.484375 0.734375 0.0484375 0.0140625
0 0.0765625 0.74609375 0.05546875 0.0265625
0 0.63984375 0.7796875 0.0515625 0.0234375
0 0.125 0.796875 0.04453125 0.03203125
0 0.265625 0.8046875 0.034375 0.01875