0 0.725 0.6046875 0.0359375 0.02265625
0 0.39140625 0.48828125 0.04140625 0.025
0 0.3921875 0.271875 0.03203125 0.0203125
0 0.62265625 0.5640625 0.0375 0.021875
0 0.278125 0.5890625 0.0375 0.02109375
0 0.703125 0.559375 0.034375 0.01875
0 0.53203125 0.53125 0.04140625 0.0265625
0 0.759375 0.6140625 0.03046875 0.02109375
0 0.790625 0.6125 0.034375 0.0203125
0 0.609375 0.4625 0.0359375 0.0234375
0 0.59453125 0.5578125 0.028125 0.015625
0 0.28046875 0.625 0.03359375 0.0234375
0 0.278125 0.5671875 0.0359375 0.01875
0 0.30703125 0.5484375 0.04140625 0.01640625
0 0.26328125 0.4734375 0.034375 0.0203125
0 0.33515625 0.4890625 0.02890625 0.01953125
0 0.02109375 0.4546875 0.0359375 0.02421875
0 0.57578125 0.4671875 0.040625 0.02109375
0 0.95703125 0.6859375 0.053125 0.02265625
0 0.359375 0.41875 0.02890625 0.01953125
0 0.52890625 0.57265625 0.03046875 0.015625
0 0.3953125 0.6265625 0.04296875 0.01953125
0 0.4515625 0.49140625 0.03046875 0.015625
0 0.3640625 0.6203125 0.0359375 0.01796875
0 0.65234375 0.58984375 0.034375 0.01875
0 0.734375 0.546875 0.02890625 0.01796875
0 0.503125 0.5734375 0.03203125 0.0171875
0 0.49921875 0.53515625 0.040625 0.0234375
0 0.1484375 0.6296875 0.0359375 0.015625
0 0.6109375 0.590625 0.0359375 0.02265625
0 0.184375 0.465625 0.0234375 0.01484375
0 0.5046875 0.5078125 0.03203125 0.0171875
0 0.409375 0.603125 0.03046875 0.01484375
0 0.2671875 0.475 0.034375 0.01796875
0 0.47421875 0.525 0.03203125 0.0171875
0 0.41015625 0.58828125 0.02890625 0.0171875
0 0.53046875 0.571875 0.03359375 0.02109375
0 0.934375 0.64375 0.0265625 0.0125
0 0.9828125 0.43125 0.02109375 0.0125