0 0.5333333328125 0.0375 0.534722221875 0.0390625 0.54444444375 0.0390625 0.5458333328125 0.0375 0.5611111109375 0.0359375 0.5722222218749999 0.0234375 0.5722222218749999 0.01796875 0.5694444437499999 0.0171875 0.5694444437499999 0.01328125 0.5638888890625 0.00703125 0.5583333328125 0.00546875 0.5125 0.00546875 0.5097222218749999 0.00703125 0.5097222218749999 0.0296875 0.5236111109375 0.0375 0.5333333328125 0.0375
0 0.334722221875 0.50078125 0.334722221875 0.5046875 0.3361111109375 0.5046875 0.34861111093749997 0.5125 0.375 0.5125 0.375 0.51171875 0.377777778125 0.5109375 0.377777778125 0.50859375 0.3888888890625 0.503125 0.3888888890625 0.48828125 0.3875 0.48828125 0.375 0.48046875 0.3375 0.48046875 0.3375 0.48125 0.33194444375 0.48359375 0.33194444375 0.5 0.334722221875 0.50078125
0 0.3416666671875 0.4046875 0.34444444375 0.38359375 0.33888888906250003 0.38046875 0.3013888890625 0.38046875 0.2986111109375 0.38203125 0.3013888890625 0.4015625 0.315277778125 0.4046875 0.3416666671875 0.4046875
0 0.590277778125 0.196875 0.5930555562500001 0.1984375 0.6 0.1984375 0.6013888890625 0.2 0.6361111109375 0.2 0.6375 0.1984375 0.6416666671875 0.1984375 0.6555555562500001 0.1875 0.6555555562500001 0.16953125 0.6416666671875 0.16171875 0.5930555562500001 0.16171875 0.5875 0.16484375 0.5875 0.19375 0.590277778125 0.19453125 0.590277778125 0.196875
0 0.3861111109375 0.7125 0.4 0.7046875 0.40277777812500004 0.68828125 0.4 0.6875 0.4 0.68203125 0.397222221875 0.68046875 0.334722221875 0.68046875 0.33194444375 0.68203125 0.33194444375 0.7046875 0.34027777812500004 0.7109375 0.3458333328125 0.7125 0.3861111109375 0.7125
0 0.46666666718750005 0.15 0.46944444374999994 0.1484375 0.46944444374999994 0.14609375 0.47222222187499996 0.1453125 0.47222222187499996 0.13828125 0.46666666718750005 0.13515625 0.4611111109375 0.134375 0.4583333328125 0.12734375 0.45277777812500003 0.12421875 0.4236111109375 0.12421875 0.42083333281249996 0.12578125 0.42083333281249996 0.140625 0.4375 0.15 0.46666666718750005 0.15
0 0.009722221875000001 0.1671875 0.0125 0.16875 0.0388888890625 0.16875 0.04444444375 0.1671875 0.04444444375 0.16484375 0.058333332812500006 0.159375 0.0638888890625 0.153125 0.058333332812500006 0.13984375 0.05 0.13671875 0.0125 0.13671875 0.009722221875000001 0.13828125 0.009722221875000001 0.1515625 0.0125 0.15234375 0.009722221875000001 0.1671875
0 0.55 0.23125 0.559722221875 0.2265625 0.58055555625 0.2234375 0.58055555625 0.22109375 0.5861111109375 0.21875 0.5861111109375 0.21171875 0.575 0.2046875 0.575 0.20078125 0.577777778125 0.2 0.575 0.19296875 0.5291666671875 0.19296875 0.5236111109375 0.19453125 0.5208333328125 0.19765625 0.5208333328125 0.225 0.5263888890625 0.2296875 0.55 0.23125
0 0.8861111109375001 0.415625 0.8875 0.4140625 0.9083333328125001 0.4109375 0.9083333328125001 0.40859375 0.9166666671874999 0.403125 0.9166666671874999 0.39453125 0.9111111109375001 0.38828125 0.9055555562500001 0.38671875 0.8625 0.38671875 0.85694444375 0.38828125 0.8541666671874999 0.39140625 0.8541666671874999 0.409375 0.859722221875 0.4125 0.8861111109375001 0.415625
0 0.4166666671875 0.18046875 0.40416666718750005 0.18046875 0.4 0.178125 0.4 0.17265625 0.397222221875 0.171875 0.397222221875 0.16953125 0.39027777812500003 0.16953125 0.39027777812500003 0.1734375 0.3875 0.17421875 0.3875 0.1859375 0.4125 0.1984375 0.41944444374999995 0.1984375 0.4263888890625 0.19375 0.43055555625 0.19375 0.43333333281249997 0.18984375 0.4375 0.1875 0.44166666718750003 0.1875 0.44166666718750003 0.18515625 0.44444444375 0.184375 0.44444444375 0.18046875 0.447222221875 0.1796875 0.447222221875 0.17109375 0.44166666718750003 0.16796875 0.434722221875 0.16796875 0.42083333281249996 0.17578125 0.42083333281249996 0.178125 0.4166666671875 0.18046875
0 0.45 0.5171875 0.4583333328125 0.5109375 0.4583333328125 0.50234375 0.45277777812500003 0.49921875 0.4236111109375 0.49921875 0.42083333281249996 0.50078125 0.42083333281249996 0.5171875 0.4236111109375 0.51875 0.45 0.5171875
0 0.73055555625 0.525 0.7388888890625 0.5203125 0.74444444375 0.5125 0.74444444375 0.49609375 0.7361111109375 0.49296875 0.7013888890625 0.49296875 0.6986111109375 0.49453125 0.6986111109375 0.521875 0.7041666671875 0.525 0.73055555625 0.525
0 0.4361111109375 0.40390625 0.4291666671875 0.40390625 0.42083333281249996 0.41015625 0.42083333281249996 0.4234375 0.4236111109375 0.425 0.45277777812500003 0.425 0.46666666718750005 0.4140625 0.46666666718750005 0.40390625 0.46388888906250003 0.403125 0.46388888906250003 0.40078125 0.459722221875 0.40078125 0.4583333328125 0.39921875 0.4458333328125 0.39921875 0.4361111109375 0.40390625
0 0.17916666718750002 0.93203125 0.17916666718750002 0.9359375 0.190277778125 0.9390625 0.2166666671875 0.9375 0.222222221875 0.934375 0.222222221875 0.93203125 0.23055555625 0.928125 0.23055555625 0.92421875 0.23333333281250002 0.9234375 0.23333333281250002 0.91328125 0.23055555625 0.91015625 0.21944444375 0.90546875 0.190277778125 0.90546875 0.184722221875 0.9125 0.1763888890625 0.91796875 0.1763888890625 0.93125 0.17916666718750002 0.93203125
0 0.690277778125 0.33125 0.7083333328125 0.33125 0.7166666671875 0.3234375 0.7166666671875 0.31953125 0.7138888890625 0.31875 0.7138888890625 0.30703125 0.722222221875 0.303125 0.722222221875 0.29765625 0.7194444437499999 0.29453125 0.7138888890625 0.29296875 0.6791666671875001 0.29296875 0.6763888890625 0.29453125 0.6763888890625 0.3234375 0.6791666671875001 0.3265625 0.690277778125 0.33125
0 0.575 0.3140625 0.5791666671875 0.3171875 0.5861111109375 0.3171875 0.6 0.3109375 0.6 0.29296875 0.5916666671875 0.290625 0.5916666671875 0.28828125 0.5861111109375 0.2859375 0.5833333328125 0.28203125 0.5791666671875 0.28203125 0.577777778125 0.28046875 0.55694444375 0.28046875 0.5541666671875001 0.28203125 0.5541666671875001 0.3046875 0.565277778125 0.3125 0.575 0.3140625
0 0.34027777812500004 0.3703125 0.35555555625 0.3671875 0.35555555625 0.35703125 0.352777778125 0.35546875 0.3125 0.35546875 0.309722221875 0.35703125 0.309722221875 0.378125 0.315277778125 0.38125 0.33055555625 0.3796875 0.3333333328125 0.37421875 0.34027777812500004 0.3703125
0 0.7513888890625 0.2890625 0.7583333328124999 0.2890625 0.7666666671875 0.2859375 0.7666666671875 0.27734375 0.7611111109375 0.27421875 0.7236111109375 0.27421875 0.7208333328125 0.27578125 0.7208333328125 0.2953125 0.7236111109375 0.2984375 0.7416666671875001 0.2984375 0.7513888890625 0.2890625
0 0.4 0.57578125 0.397222221875 0.57421875 0.36805555624999997 0.57421875 0.365277778125 0.57578125 0.365277778125 0.5859375 0.36805555624999997 0.5890625 0.3861111109375 0.5875 0.4 0.5796875 0.4 0.57578125
0 0.309722221875 0.425 0.31944444375000003 0.4265625 0.3263888890625 0.4328125 0.3416666671875 0.4328125 0.34722222187499996 0.425 0.34722222187499996 0.41640625 0.34444444375 0.415625 0.34444444375 0.40859375 0.33888888906250003 0.40546875 0.290277778125 0.40546875 0.2875 0.40703125 0.2875 0.4109375 0.2986111109375 0.4203125 0.302777778125 0.4203125 0.309722221875 0.425
0 0.6347222218749999 0.3078125 0.6458333328125 0.3109375 0.652777778125 0.3109375 0.6666666671875 0.3046875 0.66944444375 0.3015625 0.66944444375 0.29296875 0.6638888890625 0.28828125 0.6583333328125 0.28671875 0.6236111109375 0.28671875 0.6208333328125 0.28828125 0.6208333328125 0.2984375 0.6263888890625 0.3046875 0.63055555625 0.3046875 0.6347222218749999 0.3078125
0 0.4888888890625 0.6703125 0.49305555625 0.6734375 0.5 0.6734375 0.5013888890625 0.675 0.5138888890625 0.6734375 0.51944444375 0.66875 0.51944444375 0.66171875 0.5083333328124999 0.65546875 0.5041666671875 0.65546875 0.497222221875 0.65078125 0.49305555625 0.65078125 0.4916666671875 0.64921875 0.4791666671875 0.64921875 0.4763888890625 0.65078125 0.4763888890625 0.6671875 0.48472222187499997 0.6703125 0.4888888890625 0.6703125
0 0.29722222187499997 0.490625 0.3083333328125 0.4859375 0.3111111109375 0.4828125 0.3083333328125 0.47421875 0.290277778125 0.47421875 0.2875 0.47578125 0.290277778125 0.490625 0.29722222187499997 0.490625
0 0.490277778125 0.0421875 0.49305555625 0.04375 0.502777778125 0.04375 0.5125 0.0484375 0.522222221875 0.0484375 0.5236111109375 0.046875 0.527777778125 0.046875 0.5361111109375 0.0421875 0.5361111109375 0.03828125 0.5263888890625 0.03671875 0.5111111109375 0.028125 0.5083333328124999 0.02109375 0.502777778125 0.01875 0.502777778125 0.01484375 0.497222221875 0.01171875 0.490277778125 0.01171875 0.4875 0.01328125 0.4875 0.0390625 0.490277778125 0.03984375 0.490277778125 0.0421875
0 0.715277778125 0.6359375 0.7361111109375 0.63125 0.7416666671875001 0.628125 0.74444444375 0.61796875 0.7416666671875001 0.6171875 0.7416666671875001 0.61328125 0.7375 0.61328125 0.7361111109375 0.61171875 0.715277778125 0.61171875 0.709722221875 0.61484375 0.709722221875 0.63125 0.715277778125 0.6359375
0 0.40277777812500004 0.3859375 0.4 0.37421875 0.40555555625000006 0.36875 0.40555555625000006 0.36328125 0.3791666671875 0.36171875 0.3763888890625 0.3859375 0.38194444375000003 0.3890625 0.39444444375 0.3890625 0.40277777812500004 0.3859375
0 0.6236111109375 0.21640625 0.6208333328125 0.21953125 0.6236111109375 0.23125 0.6416666671875 0.234375 0.6555555562500001 0.2296875 0.6555555562500001 0.21328125 0.652777778125 0.21171875 0.6347222218749999 0.21171875 0.6291666671875 0.21328125 0.627777778125 0.21640625 0.6236111109375 0.21640625
0 0.39027777812500003 0.4171875 0.397222221875 0.41875 0.40138888906250003 0.421875 0.40833333281249995 0.421875 0.41944444374999995 0.41875 0.427777778125 0.409375 0.427777778125 0.40234375 0.4166666671875 0.39296875 0.39027777812500003 0.39296875 0.3875 0.39453125 0.3875 0.4125 0.39027777812500003 0.41328125 0.39027777812500003 0.4171875
0 0.64444444375 0.284375 0.652777778125 0.2796875 0.6555555562500001 0.275 0.652777778125 0.26328125 0.6125 0.26171875 0.609722221875 0.26328125 0.609722221875 0.2796875 0.6152777781250001 0.284375 0.64444444375 0.284375
0 0.4875 0.5125 0.49444444374999996 0.5125 0.5138888890625 0.5046875 0.5138888890625 0.49921875 0.5166666671875 0.4984375 0.5166666671875 0.49609375 0.502777778125 0.48828125 0.49583333281249997 0.48828125 0.49444444374999996 0.48671875 0.47083333281249995 0.48671875 0.46527777812500004 0.48984375 0.46527777812500004 0.50625 0.47083333281249995 0.5109375 0.4861111109375 0.5109375 0.4875 0.5125
0 0.127777778125 0.925 0.13333333281249998 0.9234375 0.134722221875 0.9203125 0.13888888906250002 0.9203125 0.14444444375 0.9171875 0.14444444375 0.90390625 0.1416666671875 0.90078125 0.1361111109375 0.89921875 0.1125 0.89921875 0.109722221875 0.90078125 0.109722221875 0.91875 0.115277778125 0.9234375 0.127777778125 0.925
0 0.3638888890625 0.35625 0.36666666718749996 0.353125 0.3638888890625 0.34296875 0.33194444375 0.34453125 0.33194444375 0.353125 0.3375 0.35625 0.3458333328125 0.3578125 0.3638888890625 0.35625
0 0.5138888890625 0.640625 0.522222221875 0.634375 0.522222221875 0.62734375 0.5166666671875 0.62421875 0.490277778125 0.62421875 0.4875 0.62578125 0.4875 0.640625 0.490277778125 0.6421875 0.5138888890625 0.640625
0 0.372222221875 0.33125 0.372222221875 0.32578125 0.36666666718749996 0.32421875 0.34305555625 0.32578125 0.34305555625 0.33125 0.34861111093749997 0.3359375 0.3638888890625 0.3359375 0.372222221875 0.33125
0 0.7791666671875 0.5921875 0.790277778125 0.5984375 0.8111111109375001 0.5984375 0.8125 0.596875 0.8166666671874999 0.596875 0.827777778125 0.5890625 0.827777778125 0.58046875 0.825 0.5796875 0.825 0.57734375 0.8083333328125001 0.56953125 0.7986111109375 0.56953125 0.797222221875 0.56796875 0.7791666671875 0.56796875 0.7763888890625 0.56953125 0.7763888890625 0.5875 0.7791666671875 0.58828125 0.7791666671875 0.5921875
0 0.5333333328125 0.47734375 0.527777778125 0.47421875 0.5125 0.47421875 0.5097222218749999 0.490625 0.527777778125 0.4921875 0.5333333328125 0.4875 0.5333333328125 0.47734375
0 0.6416666671875 0.31875 0.6388888890625 0.31171875 0.6125 0.31171875 0.609722221875 0.31328125 0.609722221875 0.3171875 0.6208333328125 0.321875 0.63055555625 0.321875 0.6416666671875 0.31875
0 0.39444444375 0.7359375 0.3916666671875 0.72578125 0.3861111109375 0.72421875 0.365277778125 0.72578125 0.365277778125 0.7359375 0.3708333328125 0.7390625 0.3861111109375 0.7390625 0.39444444375 0.7359375
0 0.47222222187499996 0.540625 0.477777778125 0.5375 0.48055555625 0.52734375 0.4888888890625 0.521875 0.4888888890625 0.51328125 0.4861111109375 0.51171875 0.45694444375 0.51171875 0.45416666718750004 0.51328125 0.45416666718750004 0.5359375 0.459722221875 0.5390625 0.47222222187499996 0.540625
0 0.272222221875 0.7234375 0.2833333328125 0.7171875 0.2833333328125 0.70703125 0.27777777812500004 0.70546875 0.25694444375000003 0.70546875 0.2541666671875 0.70703125 0.2541666671875 0.71875 0.25694444375000003 0.721875 0.272222221875 0.7234375
0 0.027777778125000003 0.128125 0.027777778125000003 0.12578125 0.022222221875 0.121875 0.022222221875 0.11484375 0.0166666671875 0.11171875 0.0013888890625 0.11171875 0 0.134375 0.0013888890625 0.1359375 0.0111111109375 0.1359375 0.027777778125000003 0.128125
0 0.0875 0.975 0.090277778125 0.978125 0.10555555624999999 0.9796875 0.1111111109375 0.97265625 0.1166666671875 0.9703125 0.11944444375 0.9671875 0.11944444375 0.95703125 0.11388888906250001 0.95546875 0.10138888906250001 0.95546875 0.090277778125 0.96015625 0.0875 0.96328125 0.0875 0.975
0 0.40277777812500004 0.3859375 0.4 0.37578125 0.40833333281249995 0.36484375 0.4 0.36171875 0.39027777812500003 0.36171875 0.3875 0.36328125 0.3875 0.3859375 0.4 0.3875 0.40277777812500004 0.3859375
0 0.5069444437499999 0.0453125 0.5111111109375 0.0453125 0.5125 0.046875 0.5305555562500001 0.046875 0.5388888890625 0.0421875 0.5388888890625 0.03828125 0.5263888890625 0.03671875 0.5111111109375 0.028125 0.5083333328124999 0.01953125 0.5013888890625 0.01953125 0.5013888890625 0.025 0.4986111109375 0.02578125 0.4986111109375 0.0421875 0.5069444437499999 0.0453125
0 0.34305555625 0.32578125 0.3458333328125 0.3421875 0.3611111109375 0.340625 0.36666666718749996 0.33359375 0.375 0.3296875 0.375 0.32578125 0.36805555624999997 0.32578125 0.36666666718749996 0.32421875 0.3458333328125 0.32421875 0.34305555625 0.32578125