0 0.43515625 0.484375 0.01796875 0.01328125
0 0.46484375 0.290625 0.0375 0.02578125
0 0.76015625 0.69140625 0.02109375 0.0109375
0 0.734375 0.725 0.034375 0.01640625
0 0.578125 0.6671875 0.015625 0.01171875
0 0.5677083328125 0.359375 0.5520833328125 0.3681640625 0.5520833328125 0.3740234375 0.5642361109375 0.380859375 0.5798611109375 0.3798828125 0.5868055562500001 0.3759765625 0.5868055562500001 0.3642578125 0.578125 0.359375 0.5677083328125 0.359375
0 0.21006944375 0.728515625 0.19097222187500001 0.7392578125 0.19097222187500001 0.7490234375 0.1979166671875 0.7548828125 0.21006944375 0.759765625 0.215277778125 0.7587890625 0.23958333281250002 0.7548828125 0.23958333281250002 0.7333984375 0.234375 0.728515625 0.21006944375 0.728515625
0 0.597222221875 0.4326171875 0.597222221875 0.4462890625 0.609375 0.453125 0.6354166671875 0.4521484375 0.6388888890625 0.4345703125 0.6197916671875 0.423828125 0.609375 0.423828125 0.597222221875 0.4326171875
0 0.6579861109375 0.279296875 0.6493055562500001 0.2841796875 0.6493055562500001 0.2939453125 0.6666666671875 0.3037109375 0.684027778125 0.2978515625 0.6875 0.2880859375 0.671875 0.279296875 0.6579861109375 0.279296875
0 0.5538194437499999 0.525390625 0.5416666671875 0.5322265625 0.5381944437499999 0.5439453125 0.546875 0.552734375 0.5729166671875 0.5556640625 0.5833333328125 0.5517578125 0.590277778125 0.5322265625 0.574652778125 0.525390625 0.5538194437499999 0.525390625
0 0.46527777812500004 0.1513671875 0.4704861109375 0.154296875 0.4791666671875 0.1533203125 0.4826388890625 0.1357421875 0.4739583328125 0.1328125 0.46527777812500004 0.1396484375 0.46527777812500004 0.1513671875
0 0.49305555625 0.1357421875 0.49305555625 0.1572265625 0.4982638890625 0.162109375 0.5069444437499999 0.1611328125 0.5173611109375 0.1513671875 0.5173611109375 0.1435546875 0.4982638890625 0.1328125 0.49305555625 0.1357421875
0 0.6232638890625 0.53125 0.6041666671875 0.5380859375 0.6006944437499999 0.5498046875 0.612847221875 0.556640625 0.6319444437499999 0.5556640625 0.6423611109375 0.5498046875 0.6423611109375 0.5380859375 0.6336805562500001 0.53125 0.6232638890625 0.53125
0 0.40277777812500004 0.3486328125 0.40625 0.3623046875 0.4114583328125 0.365234375 0.4270833328125 0.3642578125 0.44444444375 0.3564453125 0.4375 0.3447265625 0.42881944375 0.33984375 0.40277777812500004 0.3486328125
0 0.38368055624999997 0.47265625 0.3611111109375 0.4833984375 0.36631944375000003 0.494140625 0.39930555624999997 0.4951171875 0.40625 0.4912109375 0.40625 0.4775390625 0.39756944375000003 0.47265625 0.38368055624999997 0.47265625
0 0.32465277812500004 0.66796875 0.30555555624999997 0.6767578125 0.30555555624999997 0.6845703125 0.3177083328125 0.69140625 0.3298611109375 0.6904296875 0.3541666671875 0.6806640625 0.35069444375000003 0.6708984375 0.3385416671875 0.666015625 0.32465277812500004 0.66796875
0 0.453125 0.236328125 0.43402777812500004 0.2431640625 0.4270833328125 0.2529296875 0.4392361109375 0.263671875 0.4583333328125 0.2626953125 0.47569444375 0.2587890625 0.4791666671875 0.2490234375 0.4670138890625 0.23828125 0.453125 0.236328125
0 0.265625 0.578125 0.25694444375000003 0.5849609375 0.25694444375000003 0.5947265625 0.265625 0.603515625 0.28472222187499996 0.6044921875 0.2951388890625 0.5986328125 0.3020833328125 0.5869140625 0.28993055624999997 0.578125 0.265625 0.578125
0 0.3732638890625 0.349609375 0.3576388890625 0.3564453125 0.3576388890625 0.3681640625 0.3697916671875 0.373046875 0.375 0.3720703125 0.38368055624999997 0.37109375 0.3888888890625 0.3662109375 0.3854166671875 0.3544921875 0.3732638890625 0.349609375
0 0.5260416671875 0.423828125 0.5138888890625 0.4326171875 0.5173611109375 0.4404296875 0.5260416671875 0.4453125 0.5451388890625 0.4443359375 0.5555555562500001 0.4404296875 0.5555555562500001 0.4326171875 0.5399305562500001 0.423828125 0.5260416671875 0.423828125
0 0.4010416671875 0.451171875 0.3923611109375 0.4580078125 0.3958333328125 0.4697265625 0.4079861109375 0.4765625 0.43055555625 0.4755859375 0.44097222187499996 0.4677734375 0.4375 0.4501953125 0.41840277812500004 0.447265625 0.4010416671875 0.451171875
0 0.234375 0.572265625 0.21875 0.5810546875 0.21875 0.5927734375 0.230902778125 0.599609375 0.24305555625 0.5986328125 0.25694444375000003 0.5888671875 0.2604166671875 0.5791015625 0.24826388906250002 0.572265625 0.234375 0.572265625
0 0.5868055562500001 0.3642578125 0.5868055562500001 0.3740234375 0.59375 0.3759765625 0.59375 0.3798828125 0.6145833328125 0.3798828125 0.621527778125 0.3642578125 0.609375 0.359375 0.5920138890625 0.361328125 0.5868055562500001 0.3642578125
0 0.41493055625 0.27734375 0.39930555624999997 0.2861328125 0.39930555624999997 0.2978515625 0.41840277812500004 0.30859375 0.43402777812500004 0.3076171875 0.4513888890625 0.2998046875 0.4513888890625 0.2880859375 0.4357638890625 0.27734375 0.41493055625 0.27734375
0 0.578125 0.33984375 0.565972221875 0.3466796875 0.565972221875 0.3544921875 0.581597221875 0.361328125 0.59375 0.3603515625 0.6006944437499999 0.3583984375 0.6076388890625 0.3466796875 0.5989583328125 0.33984375 0.578125 0.33984375
0 0.550347221875 0.5546875 0.5416666671875 0.5595703125 0.5451388890625 0.5732421875 0.5538194437499999 0.578125 0.565972221875 0.5771484375 0.5798611109375 0.5673828125 0.5763888890625 0.5595703125 0.5677083328125 0.5546875 0.550347221875 0.5546875
0 0.9427083328125001 0.765625 0.934027778125 0.7724609375 0.934027778125 0.7822265625 0.956597221875 0.79296875 0.972222221875 0.7919921875 0.9826388890625 0.7861328125 0.9791666671874999 0.7705078125 0.9635416671874999 0.763671875 0.9427083328125001 0.765625
0 0.230902778125 0.41796875 0.222222221875 0.4208984375 0.215277778125 0.4326171875 0.22743055625 0.439453125 0.23958333281250002 0.4384765625 0.25 0.4326171875 0.25 0.4228515625 0.24131944375 0.41796875 0.230902778125 0.41796875
0 0.5694444437499999 0.2509765625 0.574652778125 0.259765625 0.5868055562500001 0.2587890625 0.597222221875 0.2548828125 0.5954861109375 0.236328125 0.581597221875 0.23828125 0.5694444437499999 0.2509765625
0 0.16493055625 0.701171875 0.15625 0.7080078125 0.15972222187500001 0.7255859375 0.171875 0.732421875 0.1979166671875 0.7314453125 0.20138888906250002 0.7255859375 0.1770833328125 0.7099609375 0.17361111093749998 0.7021484375 0.16493055625 0.701171875
0 0.4392361109375 0.26171875 0.44097222187499996 0.2783203125 0.44965277812500004 0.283203125 0.46875 0.2822265625 0.4791666671875 0.2763671875 0.4791666671875 0.2626953125 0.4739583328125 0.259765625 0.4392361109375 0.26171875
0 0.4670138890625 0.32421875 0.4427083328125 0.328125 0.43402777812500004 0.3388671875 0.44097222187499996 0.3544921875 0.4583333328125 0.3564453125 0.4583333328125 0.3388671875 0.4791666671875 0.3349609375 0.4791666671875 0.3310546875 0.4670138890625 0.32421875
0 0.6354166671875 0.3876953125 0.6354166671875 0.3994140625 0.6475694437499999 0.404296875 0.6666666671875 0.4052734375 0.6701388890625 0.3916015625 0.6545138890625 0.380859375 0.640625 0.3828125 0.6354166671875 0.3876953125
0 0.4114583328125 0.2578125 0.39930555624999997 0.2646484375 0.39930555624999997 0.2705078125 0.4079861109375 0.275390625 0.4236111109375 0.2744140625 0.43402777812500004 0.2705078125 0.4375 0.2646484375 0.42881944375 0.2578125 0.4114583328125 0.2578125
0 0.33159722187499996 0.505859375 0.31944444375000003 0.5126953125 0.31944444375000003 0.5166015625 0.33506944375000003 0.5234375 0.3611111109375 0.5224609375 0.37847222187499996 0.5166015625 0.375 0.5107421875 0.36284722187499996 0.505859375 0.33159722187499996 0.505859375
0 0.637152778125 0.40234375 0.6354166671875 0.4130859375 0.6458333328125 0.4228515625 0.659722221875 0.4287109375 0.6666666671875 0.4248046875 0.6701388890625 0.4130859375 0.6579861109375 0.404296875 0.637152778125 0.40234375
0 0.2986111109375 0.7451171875 0.2951388890625 0.7548828125 0.30034722187499996 0.76171875 0.31597222187499996 0.7626953125 0.3263888890625 0.7587890625 0.3263888890625 0.7490234375 0.3107638890625 0.740234375 0.2986111109375 0.7451171875
0 0.27256944375000003 0.740234375 0.25347222187499996 0.7490234375 0.25347222187499996 0.7587890625 0.265625 0.767578125 0.28125 0.7666015625 0.2986111109375 0.7587890625 0.2986111109375 0.7529296875 0.28993055624999997 0.7421875 0.27256944375000003 0.740234375
0 0.5868055562500001 0.3955078125 0.5833333328125 0.4052734375 0.5954861109375 0.412109375 0.6076388890625 0.4111328125 0.6145833328125 0.4072265625 0.6145833328125 0.3955078125 0.5989583328125 0.390625 0.5868055562500001 0.3955078125
0 0.640625 0.568359375 0.6354166671875 0.5732421875 0.6388888890625 0.5810546875 0.6475694437499999 0.5859375 0.659722221875 0.5869140625 0.6701388890625 0.5830078125 0.6666666671875 0.5732421875 0.6545138890625 0.568359375 0.640625 0.568359375
0 0.44618055625 0.310546875 0.43055555625 0.3173828125 0.43055555625 0.3232421875 0.44444444375 0.3251953125 0.4635416671875 0.32421875 0.46875 0.3212890625 0.4635416671875 0.310546875 0.44618055625 0.310546875
0 0.44618055625 0.0703125 0.43402777812500004 0.0771484375 0.43402777812500004 0.0927734375 0.44618055625 0.099609375 0.46527777812500004 0.0986328125 0.4791666671875 0.0947265625 0.4791666671875 0.0830078125 0.45659722187499996 0.0703125 0.44618055625 0.0703125
0 0.3263888890625 0.3349609375 0.328125 0.34375 0.35069444375000003 0.3447265625 0.3576388890625 0.3427734375 0.35243055624999997 0.333984375 0.3385416671875 0.33203125 0.3263888890625 0.3349609375
0 0.7864583328125 0.828125 0.7916666671875 0.8271484375 0.7951388890625 0.8115234375 0.7864583328125 0.80859375 0.777777778125 0.8212890625 0.7864583328125 0.828125
0 0.534722221875 0.2216796875 0.543402778125 0.2265625 0.5520833328125 0.2255859375 0.559027778125 0.2197265625 0.5555555562500001 0.2158203125 0.5399305562500001 0.212890625 0.534722221875 0.2216796875
0 0.737847221875 0.640625 0.75 0.6396484375 0.7569444437499999 0.6318359375 0.7482638890625 0.626953125 0.7256944437499999 0.6298828125 0.737847221875 0.640625
0 0.3541666671875 0.4560546875 0.359375 0.46484375 0.375 0.4638671875 0.38194444375000003 0.4619140625 0.3767361109375 0.455078125 0.36284722187499996 0.453125 0.3541666671875 0.4560546875
0 0.3732638890625 0.341796875 0.3923611109375 0.3408203125 0.3958333328125 0.3349609375 0.390625 0.33203125 0.37152777812500004 0.3330078125 0.3732638890625 0.341796875