0 0.63046875 0.11015625 0.05859375 0.0265625
0 0.575 0.1234375 0.0390625 0.01953125
0 0.63671875 0.1453125 0.0625 0.03203125
0 0.7203125 0.15078125 0.0484375 0.0234375
0 0.59296875 0.20625 0.05859375 0.03671875
0 0.70625 0.24921875 0.02109375 0.015625
0 0.00625 0.26015625 0.0125 0.0265625
0 0.71953125 0.2765625 0.03046875 0.01875
0 0.52890625 0.2890625 0.04453125 0.03359375
0 0.4921875 0.325 0.04296875 0.03359375
0 0.528125 0.3234375 0.0375 0.03125
0 0.47421875 0.3296875 0.040625 0.02734375
0 0.86953125 0.4328125 0.05546875 0.03671875
0 0.615625 0.4359375 0.05390625 0.02578125
0 0.04453125 0.45390625 0.0609375 0.03125
0 0.6046875 0.47109375 0.065625 0.025
0 0.53984375 0.471875 0.065625 0.025
0 0.640625 0.4828125 0.04609375 0.02421875
0 0.5328125 0.490625 0.0375 0.02109375
0 0.81953125 0.503125 0.0640625 0.03515625
0 0.51171875 0.5046875 0.040625 0.01953125
0 0.059375 0.5078125 0.046875 0.01953125
0 0.6015625 0.5140625 0.05859375 0.02421875
0 0.78984375 0.52890625 0.0515625 0.0171875
0 0.64296875 0.5359375 0.0609375 0.01953125
0 0.6703125 0.553125 0.040625 0.02421875
0 0.9234375 0.559375 0.0609375 0.03671875
0 0.81328125 0.58203125 0.040625 0.021875
0 0.58359375 0.590625 0.05859375 0.03359375
0 0.75234375 0.60703125 0.0515625 0.0328125
0 0.79375 0.6265625 0.0375 0.03515625
0 0.453125 0.6265625 0.05546875 0.03359375
0 0.84765625 0.64375 0.04296875 0.02734375
0 0.64453125 0.65234375 0.04140625 0.015625
0 0.5828125 0.6546875 0.034375 0.01328125
0 0.80078125 0.66796875 0.05703125 0.03125
0 0.8515625 0.6890625 0.046875 0.025
0 0.9 0.69296875 0.0640625 0.03125
0 0.77109375 0.690625 0.03046875 0.01875
0 0.390625 0.7375 0.04296875 0.0328125
0 0.2640625 0.7734375 0.05546875 0.02890625
0 0.796875 0.79375 0.05 0.03203125
0 0.98359375 0.80390625 0.028125 0.0375
0 0.834375 0.81015625 0.0359375 0.0234375