0 0.2666666671875 0.4484375 0.2666666671875 0.43828125 0.2638888890625 0.43671875 0.2236111109375 0.43671875 0.2208333328125 0.43828125 0.2208333328125 0.453125 0.22638888906250001 0.45625 0.252777778125 0.45625 0.2666666671875 0.4484375
0 0.39444444375 0.490625 0.3888888890625 0.47734375 0.38333333281250004 0.47421875 0.35694444375 0.47421875 0.3541666671875 0.47578125 0.3541666671875 0.4921875 0.35694444375 0.49375 0.3888888890625 0.49375 0.39444444375 0.490625
0 0.1611111109375 0.5265625 0.1625 0.5296875 0.16805555625 0.53125 0.1916666671875 0.5296875 0.1916666671875 0.52734375 0.197222221875 0.5265625 0.2 0.5234375 0.197222221875 0.50078125 0.15694444375 0.49921875 0.1541666671875 0.50078125 0.1541666671875 0.5234375 0.15694444375 0.5265625 0.1611111109375 0.5265625
0 0.8638888890624999 0.2078125 0.8680555562500001 0.2109375 0.8888888890625 0.2109375 0.89305555625 0.2078125 0.902777778125 0.20625 0.9111111109375001 0.2 0.9111111109375001 0.18046875 0.9083333328125001 0.1796875 0.9083333328125001 0.17734375 0.9055555562500001 0.17578125 0.9013888890624999 0.17578125 0.9 0.17421875 0.8708333328125001 0.17421875 0.8541666671874999 0.18203125 0.8541666671874999 0.2046875 0.859722221875 0.2078125 0.8638888890624999 0.2078125
0 0.7166666671875 0.5546875 0.725 0.54375 0.722222221875 0.53203125 0.7194444437499999 0.53046875 0.6791666671875001 0.53046875 0.6763888890625 0.53203125 0.6763888890625 0.553125 0.68194444375 0.55625 0.7166666671875 0.5546875
0 0.4861111109375 0.475 0.4888888890625 0.4734375 0.4888888890625 0.45078125 0.4861111109375 0.44921875 0.4458333328125 0.44921875 0.44305555625000004 0.45078125 0.44305555625000004 0.4734375 0.45416666718750004 0.4765625 0.4861111109375 0.475
0 0.04444444375 0.534375 0.0416666671875 0.52578125 0.0361111109375 0.52421875 0.0125 0.52421875 0.009722221875000001 0.52578125 0.009722221875000001 0.5359375 0.015277778124999999 0.540625 0.027777778125000003 0.540625 0.04444444375 0.534375
0 0.7194444437499999 0.18125 0.722222221875 0.17734375 0.73055555625 0.1734375 0.73055555625 0.15859375 0.722222221875 0.15546875 0.6791666671875001 0.15546875 0.6763888890625 0.15703125 0.6763888890625 0.1796875 0.690277778125 0.1828125 0.7194444437499999 0.18125
0 0.997222221875 0.54375 0.997222221875 0.51796875 0.95694444375 0.51796875 0.9541666671875 0.51953125 0.9541666671875 0.5375 0.9680555562500001 0.54375 0.997222221875 0.54375
0 0.1208333328125 0.5890625 0.13333333281249998 0.5859375 0.13333333281249998 0.58203125 0.13055555624999998 0.58046875 0.10138888906250001 0.58046875 0.0986111109375 0.58203125 0.0986111109375 0.5859375 0.1125 0.5921875 0.1166666671875 0.5921875 0.1208333328125 0.5890625
0 0.597222221875 0.53125 0.602777778125 0.525 0.602777778125 0.51484375 0.597222221875 0.51171875 0.56805555625 0.51171875 0.565277778125 0.51328125 0.565277778125 0.5296875 0.5708333328124999 0.5328125 0.597222221875 0.53125
0 0.8222222218749999 0.5796875 0.8236111109375001 0.58125 0.852777778125 0.58125 0.852777778125 0.58046875 0.8638888890624999 0.575 0.8638888890624999 0.56640625 0.8625 0.56640625 0.85555555625 0.56171875 0.8513888890624999 0.56171875 0.8416666671874999 0.55546875 0.8236111109375001 0.55546875 0.8236111109375001 0.55625 0.8208333328125 0.55703125 0.8208333328125 0.5796875 0.8222222218749999 0.5796875
0 0.7083333328125 0.2734375 0.70555555625 0.26328125 0.7 0.26171875 0.66805555625 0.26171875 0.665277778125 0.26328125 0.665277778125 0.2796875 0.66805555625 0.28125 0.702777778125 0.2796875 0.7083333328125 0.2734375
0 0.3361111109375 0.3671875 0.34444444375 0.3609375 0.34444444375 0.35078125 0.3416666671875 0.34921875 0.3125 0.34921875 0.309722221875 0.35078125 0.309722221875 0.3671875 0.3125 0.36875 0.3361111109375 0.3671875
0 0.55 0.16875 0.5555555562500001 0.165625 0.5555555562500001 0.15078125 0.5527777781250001 0.14921875 0.5236111109375 0.14921875 0.5208333328125 0.15078125 0.5208333328125 0.1671875 0.5291666671875 0.1703125 0.55 0.16875
0 0.627777778125 0.45625 0.6291666671875 0.4578125 0.6333333328124999 0.4578125 0.64305555625 0.4625 0.652777778125 0.4625 0.6541666671875 0.4609375 0.6583333328125 0.4609375 0.6666666671875 0.45625 0.6666666671875 0.45390625 0.66944444375 0.453125 0.66944444375 0.45078125 0.675 0.446875 0.672222221875 0.43984375 0.66944444375 0.4390625 0.6666666671875 0.43359375 0.6611111109375 0.43046875 0.6263888890625 0.43046875 0.6208333328125 0.43359375 0.6208333328125 0.4546875 0.6236111109375 0.45625 0.627777778125 0.45625
0 0.6416666671875 0.2609375 0.6583333328125 0.253125 0.659722221875 0.25 0.6638888890625 0.25 0.6666666671875 0.23828125 0.6611111109375 0.23203125 0.6555555562500001 0.23046875 0.6236111109375 0.23046875 0.6208333328125 0.23203125 0.6208333328125 0.25625 0.6263888890625 0.2609375 0.6416666671875 0.2609375
0 0.2416666671875 0.5421875 0.24444444375000002 0.5390625 0.2416666671875 0.52421875 0.20138888906250002 0.52421875 0.1986111109375 0.52578125 0.1986111109375 0.5421875 0.2125 0.546875 0.222222221875 0.546875 0.2416666671875 0.5421875
0 0.7416666671875001 0.3109375 0.752777778125 0.3078125 0.7569444437499999 0.3046875 0.7611111109375 0.3046875 0.7666666671875 0.2984375 0.7666666671875 0.28984375 0.7611111109375 0.28671875 0.7236111109375 0.28671875 0.7208333328125 0.28828125 0.7208333328125 0.3046875 0.727777778125 0.30625 0.734722221875 0.3109375 0.7416666671875001 0.3109375
0 0.8791666671874999 0.7671875 0.8861111109375001 0.7671875 0.9 0.7609375 0.9 0.75234375 0.89444444375 0.74921875 0.8791666671874999 0.74921875 0.8763888890624999 0.75078125 0.8763888890624999 0.7640625 0.8791666671874999 0.7671875
0 0.6083333328125 0.253125 0.6138888890625 0.246875 0.6111111109375 0.23359375 0.602777778125 0.23046875 0.5791666671875 0.23046875 0.5763888890625 0.23203125 0.5763888890625 0.2484375 0.58194444375 0.2515625 0.6083333328125 0.253125
0 0.6777777781250001 0.034375 0.675 0.02421875 0.64305555625 0.02578125 0.6458333328125 0.0375 0.6541666671875 0.0390625 0.675 0.0375 0.6777777781250001 0.034375
0 0.6347222218749999 0.1765625 0.6375 0.178125 0.6319444437499999 0.18203125 0.6319444437499999 0.190625 0.6458333328125 0.196875 0.652777778125 0.196875 0.675 0.1890625 0.675 0.18671875 0.6777777781250001 0.1859375 0.6777777781250001 0.16953125 0.675 0.16875 0.675 0.16640625 0.6638888890625 0.16171875 0.6347222218749999 0.16171875 0.6319444437499999 0.16328125 0.6319444437499999 0.171875 0.6347222218749999 0.17265625 0.6347222218749999 0.1765625
0 0.39305555625 0.47421875 0.3875 0.47734375 0.39027777812500003 0.4859375 0.3958333328125 0.4875 0.425 0.4859375 0.425 0.48359375 0.43055555625 0.4828125 0.43333333281249997 0.4796875 0.43333333281249997 0.46953125 0.43055555625 0.46796875 0.4125 0.46796875 0.40277777812500004 0.47265625 0.39305555625 0.47421875
0 0.475 0.1265625 0.477777778125 0.1234375 0.475 0.11171875 0.4458333328125 0.11171875 0.44305555625000004 0.11328125 0.44305555625000004 0.1234375 0.4513888890625 0.128125 0.46388888906250003 0.1296875 0.475 0.1265625
0 0.1111111109375 0.53828125 0.090277778125 0.53671875 0.0875 0.5546875 0.102777778125 0.55625 0.1111111109375 0.5515625 0.1111111109375 0.53828125
0 0.8 0.325 0.8 0.30703125 0.76805555625 0.30546875 0.765277778125 0.3296875 0.76805555625 0.33125 0.79444444375 0.3296875 0.8 0.325
0 0.777777778125 0.2546875 0.777777778125 0.23828125 0.775 0.23671875 0.734722221875 0.23671875 0.73194444375 0.23828125 0.734722221875 0.259375 0.752777778125 0.2609375 0.7625 0.25625 0.777777778125 0.2546875
0 0.7708333328125 0.546875 0.7861111109375 0.546875 0.7875 0.5453125 0.797222221875 0.54375 0.8055555562500001 0.5359375 0.8055555562500001 0.53203125 0.797222221875 0.52421875 0.7569444437499999 0.52421875 0.7541666671875 0.52578125 0.7541666671875 0.5421875 0.7625 0.5453125 0.76944444375 0.5453125 0.7708333328125 0.546875
0 0.45277777812500003 0.15 0.45555555625000005 0.1484375 0.45555555625000005 0.13828125 0.45277777812500003 0.13671875 0.434722221875 0.13671875 0.43194444374999996 0.13828125 0.43194444374999996 0.1484375 0.434722221875 0.15 0.45277777812500003 0.15
0 0.5361111109375 0.2796875 0.54444444375 0.2734375 0.54444444375 0.26328125 0.5416666671875 0.26171875 0.515277778125 0.26171875 0.5097222218749999 0.26484375 0.5097222218749999 0.278125 0.515277778125 0.28125 0.5361111109375 0.2796875
0 0.9513888890625 0.5828125 0.9694444437499999 0.5828125 0.9708333328125001 0.58125 0.9833333328125 0.5796875 0.9888888890624999 0.575 0.9888888890624999 0.56171875 0.9861111109375 0.5609375 0.9861111109375 0.55703125 0.98055555625 0.55546875 0.95694444375 0.55546875 0.9541666671875 0.559375 0.94305555625 0.56484375 0.94305555625 0.5796875 0.9513888890625 0.5828125
0 0.7111111109375 0.2546875 0.7111111109375 0.25234375 0.722222221875 0.246875 0.722222221875 0.23359375 0.7166666671875 0.23046875 0.6791666671875001 0.23046875 0.6763888890625 0.23203125 0.6763888890625 0.2546875 0.6791666671875001 0.25625 0.7111111109375 0.2546875
0 0.5861111109375 0.42109375 0.5986111109375 0.415625 0.60555555625 0.415625 0.6125 0.41875 0.622222221875 0.4171875 0.622222221875 0.40546875 0.6166666671875001 0.40078125 0.6111111109375 0.39921875 0.56805555625 0.39921875 0.565277778125 0.40078125 0.565277778125 0.4203125 0.5708333328124999 0.4265625 0.5833333328125 0.4265625 0.5861111109375 0.42109375
0 0.41111111093749997 0.1421875 0.41111111093749997 0.12578125 0.39027777812500003 0.12421875 0.3875 0.12578125 0.3875 0.1421875 0.40833333281249995 0.14375 0.41111111093749997 0.1421875
0 0.3236111109375 0.55 0.3333333328125 0.5484375 0.33055555625 0.53671875 0.2986111109375 0.53828125 0.2986111109375 0.55 0.30416666718749996 0.553125 0.31944444375000003 0.553125 0.3236111109375 0.55
0 0.41944444374999995 0.29375 0.425 0.2859375 0.42222222187499997 0.27734375 0.4166666671875 0.27421875 0.40138888906250003 0.27421875 0.3986111109375 0.27578125 0.3986111109375 0.290625 0.40416666718750005 0.29375 0.41944444374999995 0.29375
0 0.9333333328125001 0.4734375 0.934722221875 0.475 0.95555555625 0.475 0.95555555625 0.47421875 0.9638888890624999 0.4703125 0.9638888890624999 0.46328125 0.9625 0.46328125 0.95 0.45546875 0.934722221875 0.45546875 0.934722221875 0.45625 0.93194444375 0.45703125 0.93194444375 0.4734375 0.9333333328125001 0.4734375
0 0.5083333328124999 0.19375 0.5111111109375 0.18984375 0.51944444375 0.1859375 0.5166666671875 0.17734375 0.5083333328124999 0.17421875 0.490277778125 0.17421875 0.4875 0.17578125 0.4875 0.190625 0.49305555625 0.19375 0.5083333328124999 0.19375
0 0.7333333328125 0.05 0.7333333328125 0.04453125 0.7125 0.04296875 0.709722221875 0.0546875 0.7125 0.05625 0.727777778125 0.0546875 0.7333333328125 0.05
0 0.4861111109375 0.559375 0.4916666671875 0.5546875 0.49444444374999996 0.54609375 0.4888888890625 0.54296875 0.45694444375 0.54296875 0.45416666718750004 0.54453125 0.45416666718750004 0.5578125 0.4625 0.5625 0.475 0.5625 0.4861111109375 0.559375
0 0.7083333328125 0.2125 0.7138888890625 0.209375 0.7111111109375 0.18828125 0.7083333328125 0.18671875 0.6791666671875001 0.18671875 0.6763888890625 0.18828125 0.6763888890625 0.2109375 0.6875 0.2140625 0.7083333328125 0.2125
0 0.76805555625 0.4625 0.777777778125 0.4609375 0.7888888890625 0.4546875 0.7888888890625 0.44453125 0.7861111109375 0.44296875 0.7569444437499999 0.44296875 0.7541666671875 0.44453125 0.7541666671875 0.45625 0.7569444437499999 0.459375 0.76805555625 0.4625
0 0.5041666671875 0.11875 0.5111111109375 0.1171875 0.5111111109375 0.10859375 0.50555555625 0.10546875 0.4791666671875 0.10546875 0.4763888890625 0.10703125 0.4763888890625 0.121875 0.4791666671875 0.1234375 0.49444444374999996 0.125 0.5041666671875 0.11875
0 0.3638888890625 0.575 0.377777778125 0.5671875 0.377777778125 0.56015625 0.375 0.559375 0.375 0.55703125 0.372222221875 0.55546875 0.3458333328125 0.55546875 0.34305555625 0.55703125 0.34305555625 0.571875 0.34861111093749997 0.575 0.3638888890625 0.575
0 0.0861111109375 0.53125 0.0916666671875 0.52109375 0.0861111109375 0.51796875 0.06805555625000001 0.51796875 0.06527777812499999 0.51953125 0.06527777812499999 0.528125 0.07083333281250001 0.53125 0.0861111109375 0.53125
0 0.997222221875 0.3390625 0.9986111109375001 0.33359375 0.99444444375 0.32734375 0.9833333328125 0.32421875 0.95694444375 0.32421875 0.9541666671875 0.32578125 0.9541666671875 0.3421875 0.95694444375 0.34375 0.9861111109375 0.34375 0.997222221875 0.3390625
0 0.3861111109375 0.1359375 0.3888888890625 0.12734375 0.38333333281250004 0.12421875 0.35694444375 0.12421875 0.3541666671875 0.12578125 0.3541666671875 0.134375 0.35972222187499997 0.1375 0.375 0.1390625 0.3861111109375 0.1359375
0 0.172222221875 0.4296875 0.177777778125 0.4265625 0.177777778125 0.42421875 0.1861111109375 0.4203125 0.1888888890625 0.41484375 0.1833333328125 0.41171875 0.15694444375 0.41171875 0.1541666671875 0.41328125 0.1541666671875 0.4265625 0.15694444375 0.4296875 0.172222221875 0.4296875
0 0.6791666671875001 0.284375 0.6763888890625 0.28515625 0.6763888890625 0.2984375 0.68194444375 0.303125 0.6972222218749999 0.3046875 0.7013888890625 0.3015625 0.7111111109375 0.3 0.7194444437499999 0.2953125 0.7194444437499999 0.29296875 0.722222221875 0.2921875 0.722222221875 0.28359375 0.7166666671875 0.28046875 0.684722221875 0.28046875 0.6833333328125 0.28203125 0.6791666671875001 0.28203125 0.6791666671875001 0.284375
0 0.575 0.1484375 0.5888888890625 0.14375 0.5916666671875 0.13828125 0.5861111109375 0.13203125 0.56805555625 0.13046875 0.565277778125 0.13203125 0.565277778125 0.14375 0.56805555625 0.1484375 0.575 0.1484375
0 0.3125 0.46875 0.322222221875 0.46875 0.3333333328125 0.4640625 0.3333333328125 0.46015625 0.34444444375 0.45 0.3416666671875 0.44296875 0.3125 0.44296875 0.309722221875 0.44453125 0.309722221875 0.4671875 0.3125 0.46875
0 0.35694444375 0.4296875 0.3638888890625 0.4296875 0.3708333328125 0.421875 0.39444444375 0.428125 0.4 0.4234375 0.4 0.40703125 0.397222221875 0.40546875 0.36805555624999997 0.40546875 0.36666666718749996 0.40703125 0.3625 0.40703125 0.3541666671875 0.41328125 0.3541666671875 0.4265625 0.35694444375 0.42734375 0.35694444375 0.4296875
0 0.9111111109375001 0.778125 0.9083333328125001 0.76796875 0.8763888890624999 0.76953125 0.8763888890624999 0.778125 0.8819444437499999 0.78125 0.9055555562500001 0.78125 0.9111111109375001 0.778125
0 0.11944444375 0.5234375 0.11944444375 0.51328125 0.10138888906250001 0.51171875 0.0986111109375 0.51328125 0.0986111109375 0.5234375 0.1041666671875 0.5265625 0.11944444375 0.5234375
0 0.4916666671875 0.28203125 0.46805555625000006 0.28046875 0.46527777812500004 0.2984375 0.4861111109375 0.3 0.4916666671875 0.29375 0.4916666671875 0.28203125
0 0.1763888890625 0.42421875 0.1763888890625 0.4359375 0.17916666718750002 0.4375 0.19444444375 0.4375 0.20833333281250002 0.428125 0.20833333281250002 0.41953125 0.20277777812500003 0.41796875 0.1875 0.41796875 0.18194444375000002 0.41953125 0.1763888890625 0.42421875
0 0.7888888890625 0.1921875 0.790277778125 0.190625 0.79444444375 0.190625 0.8027777781250001 0.184375 0.8027777781250001 0.17265625 0.8 0.171875 0.8 0.16953125 0.797222221875 0.16796875 0.76805555625 0.16796875 0.765277778125 0.16953125 0.765277778125 0.1859375 0.7763888890625 0.1921875 0.7888888890625 0.1921875
0 0.752777778125 0.125 0.7638888890625 0.1171875 0.7638888890625 0.10859375 0.75555555625 0.10546875 0.7375 0.10546875 0.73194444375 0.10859375 0.73194444375 0.1234375 0.734722221875 0.125 0.752777778125 0.125
0 0.5708333328124999 0.3125 0.58055555625 0.3109375 0.5888888890625 0.30625 0.5888888890625 0.30390625 0.5916666671875 0.303125 0.5916666671875 0.29609375 0.5861111109375 0.29296875 0.56805555625 0.29296875 0.565277778125 0.29453125 0.565277778125 0.309375 0.5708333328124999 0.3125
0 0.95555555625 0.7546875 0.959722221875 0.7515625 0.9666666671874999 0.75 0.9666666671874999 0.73984375 0.9611111109375001 0.73671875 0.94305555625 0.73671875 0.9416666671874999 0.73828125 0.934722221875 0.73828125 0.93194444375 0.74140625 0.93194444375 0.7484375 0.9458333328125 0.7546875 0.95555555625 0.7546875
0 0.65 0.2890625 0.6611111109375 0.284375 0.6611111109375 0.28203125 0.6638888890625 0.28125 0.6638888890625 0.27578125 0.652777778125 0.26796875 0.6347222218749999 0.26796875 0.6319444437499999 0.26953125 0.6319444437499999 0.2859375 0.6375 0.2890625 0.65 0.2890625
0 0.8861111109375001 0.1078125 0.897222221875 0.1046875 0.9 0.1 0.897222221875 0.08828125 0.8680555562500001 0.08671875 0.8652777781250001 0.08828125 0.8652777781250001 0.1046875 0.8763888890624999 0.1078125 0.8861111109375001 0.1078125
0 0.875 0.0859375 0.877777778125 0.06953125 0.875 0.06796875 0.8458333328125001 0.06796875 0.8430555562500001 0.06953125 0.8458333328125001 0.084375 0.8541666671874999 0.0875 0.875 0.0859375
0 0.8291666671875 0.1 0.85 0.0984375 0.85555555625 0.09375 0.85555555625 0.08671875 0.847222221875 0.08125 0.8416666671874999 0.07421875 0.8236111109375001 0.07421875 0.8208333328125 0.07578125 0.8208333328125 0.0953125 0.8236111109375001 0.0984375 0.8291666671875 0.1
0 0.6777777781250001 0.04609375 0.672222221875 0.04296875 0.6458333328125 0.04296875 0.64305555625 0.04453125 0.64305555625 0.0546875 0.6458333328125 0.05625 0.6638888890625 0.05625 0.6777777781250001 0.0484375 0.6777777781250001 0.04609375
0 0.5333333328125 0.28203125 0.5125 0.28046875 0.5097222218749999 0.2921875 0.527777778125 0.29375 0.5333333328125 0.290625 0.5333333328125 0.28203125
0 0.4361111109375 0.38359375 0.43055555625 0.38046875 0.4125 0.38046875 0.40972222187499996 0.3921875 0.43055555625 0.39375 0.4361111109375 0.390625 0.4361111109375 0.38359375
0 0.997222221875 0.3296875 0.9986111109375001 0.30078125 0.9791666671874999 0.29921875 0.9763888890624999 0.30078125 0.9763888890624999 0.321875 0.98194444375 0.3265625 0.997222221875 0.3296875
0 0.9236111109375 0.565625 0.9263888890624999 0.5671875 0.9416666671874999 0.5671875 0.95555555625 0.5609375 0.95555555625 0.55859375 0.9638888890624999 0.5546875 0.9638888890624999 0.55078125 0.952777778125 0.54296875 0.9236111109375 0.54296875 0.9208333328125 0.54453125 0.9208333328125 0.55 0.9236111109375 0.55078125 0.9236111109375 0.565625
0 0.2916666671875 0.5421875 0.3 0.5375 0.3 0.52578125 0.29722222187499997 0.52421875 0.27638888906250003 0.52578125 0.27638888906250003 0.5421875 0.2791666671875 0.54375 0.2916666671875 0.5421875
0 0.8083333328125001 0.66328125 0.7791666671875 0.66171875 0.7763888890625 0.66328125 0.7763888890625 0.6734375 0.7791666671875 0.675 0.797222221875 0.675 0.8083333328125001 0.6671875 0.8083333328125001 0.66328125
0 0.7 0.6484375 0.7 0.63828125 0.690277778125 0.63671875 0.6875 0.63828125 0.6875 0.6484375 0.6972222218749999 0.65 0.7 0.6484375
0 0.5388888890625 0.0921875 0.5388888890625 0.08984375 0.5333333328125 0.08671875 0.5125 0.08671875 0.5097222218749999 0.08828125 0.5097222218749999 0.09375 0.515277778125 0.0984375 0.5305555562500001 0.096875 0.5388888890625 0.0921875
0 0.8333333328125001 0.61328125 0.8236111109375001 0.61171875 0.8208333328125 0.6234375 0.8236111109375001 0.6265625 0.83055555625 0.6265625 0.8333333328125001 0.61328125
0 0.7416666671875001 0.28125 0.75 0.2734375 0.747222221875 0.26484375 0.7416666671875001 0.26171875 0.7236111109375 0.26171875 0.7208333328125 0.26328125 0.7208333328125 0.2796875 0.7236111109375 0.28125 0.7416666671875001 0.28125
0 0.16388888906250001 0.375 0.172222221875 0.36875 0.172222221875 0.36328125 0.1666666671875 0.36171875 0.13194444375 0.36328125 0.13194444375 0.371875 0.1375 0.375 0.14305555625 0.3734375 0.16388888906250001 0.375
0 0.1458333328125 0.3484375 0.1513888890625 0.35 0.16944444375 0.3484375 0.177777778125 0.3421875 0.175 0.33515625 0.16388888906250001 0.33046875 0.1458333328125 0.33046875 0.14305555625 0.33203125 0.14305555625 0.34375 0.1458333328125 0.34453125 0.1458333328125 0.3484375
0 0.18055555625 0.3171875 0.18055555625 0.30859375 0.172222221875 0.30546875 0.1458333328125 0.30546875 0.14305555625 0.30703125 0.14305555625 0.3234375 0.1458333328125 0.325 0.16944444375 0.3234375 0.18055555625 0.3171875
0 0.490277778125 0.14375 0.497222221875 0.14375 0.5083333328124999 0.1390625 0.5111111109375 0.12734375 0.50555555625 0.12421875 0.490277778125 0.12421875 0.4875 0.12578125 0.4875 0.1421875 0.490277778125 0.14375
0 0.4583333328125 0.290625 0.4611111109375 0.28359375 0.45277777812500003 0.28046875 0.4458333328125 0.28046875 0.44305555625000004 0.28203125 0.44305555625000004 0.2921875 0.45277777812500003 0.29375 0.4583333328125 0.290625
0 0.5791666671875 0.26875 0.5861111109375 0.26875 0.597222221875 0.2640625 0.6 0.2609375 0.597222221875 0.25546875 0.5791666671875 0.25546875 0.5763888890625 0.25703125 0.5763888890625 0.2671875 0.5791666671875 0.26875
0 0.43055555625 0.1328125 0.43055555625 0.12578125 0.4125 0.12421875 0.40972222187499996 0.12578125 0.40972222187499996 0.1359375 0.41944444374999995 0.1375 0.43055555625 0.1328125
0 0.29722222187499997 0.4359375 0.3 0.434375 0.3 0.41953125 0.29722222187499997 0.41796875 0.2791666671875 0.41796875 0.27638888906250003 0.41953125 0.27638888906250003 0.4296875 0.290277778125 0.4359375 0.29722222187499997 0.4359375
0 0.8708333328125001 0.60625 0.875 0.60625 0.877777778125 0.603125 0.875 0.59140625 0.8625 0.59140625 0.852777778125 0.58671875 0.834722221875 0.58671875 0.83194444375 0.58828125 0.834722221875 0.609375 0.8458333328125001 0.6125 0.8583333328125 0.6125 0.8708333328125001 0.60625
0 0.7083333328125 0.6296875 0.7083333328125 0.62578125 0.702777778125 0.62421875 0.6791666671875001 0.62421875 0.6763888890625 0.62578125 0.6763888890625 0.63125 0.68194444375 0.6359375 0.6944444437499999 0.634375 0.7083333328125 0.6296875
0 0.609722221875 0.20859375 0.609722221875 0.21875 0.6125 0.21953125 0.6125 0.221875 0.61944444375 0.221875 0.6333333328124999 0.2171875 0.6361111109375 0.20703125 0.6388888890625 0.20625 0.6388888890625 0.20078125 0.6236111109375 0.19921875 0.6125 0.20546875 0.6125 0.2078125 0.609722221875 0.20859375
0 0.5333333328125 0.28359375 0.527777778125 0.28046875 0.5125 0.28046875 0.5097222218749999 0.2921875 0.527777778125 0.29375 0.5333333328125 0.290625 0.5333333328125 0.28359375
0 0.3458333328125 0.38828125 0.34305555625 0.4015625 0.352777778125 0.4046875 0.35555555625 0.38828125 0.3458333328125 0.38828125
0 0.252777778125 0.33046875 0.23194444375 0.33203125 0.23472222187499997 0.340625 0.252777778125 0.340625 0.25833333281250004 0.3359375 0.252777778125 0.33046875
0 0.597222221875 0.31171875 0.56805555625 0.31171875 0.565277778125 0.31328125 0.56805555625 0.325 0.5861111109375 0.3265625 0.6 0.3234375 0.597222221875 0.31171875
0 0.0666666671875 0.52109375 0.061111110937500004 0.51796875 0.0458333328125 0.51796875 0.04305555625 0.51953125 0.0458333328125 0.5328125 0.0638888890625 0.53125 0.0666666671875 0.52109375
0 0.1708333328125 0.4640625 0.1861111109375 0.459375 0.1861111109375 0.45078125 0.1833333328125 0.44921875 0.16805555625 0.44921875 0.165277778125 0.45078125 0.165277778125 0.4609375 0.1708333328125 0.4640625
0 0.6416666671875 0.5296875 0.652777778125 0.5234375 0.652777778125 0.51640625 0.6416666671875 0.51171875 0.6347222218749999 0.51171875 0.6319444437499999 0.51328125 0.6319444437499999 0.528125 0.6347222218749999 0.5296875 0.6416666671875 0.5296875
0 0.45555555625000005 0.2671875 0.45555555625000005 0.26328125 0.45277777812500003 0.26171875 0.434722221875 0.26171875 0.43194444374999996 0.26328125 0.43194444374999996 0.26875 0.4375 0.2734375 0.44166666718750003 0.2734375 0.45555555625000005 0.2671875
0 0.5361111109375 0.13359375 0.5305555562500001 0.13046875 0.5236111109375 0.13046875 0.5208333328125 0.13203125 0.5208333328125 0.1421875 0.5305555562500001 0.14375 0.5361111109375 0.13359375
0 0.5930555562500001 0.215625 0.590277778125 0.21640625 0.590277778125 0.221875 0.5930555562500001 0.2234375 0.61944444375 0.2234375 0.6263888890625 0.21875 0.6333333328124999 0.2171875 0.6333333328124999 0.21328125 0.6361111109375 0.2125 0.6361111109375 0.19921875 0.6333333328124999 0.19765625 0.6236111109375 0.19765625 0.602777778125 0.21328125 0.5930555562500001 0.21171875 0.5930555562500001 0.215625
0 0.622222221875 0.1453125 0.63055555625 0.1421875 0.63055555625 0.13828125 0.61944444375 0.13046875 0.6125 0.13046875 0.609722221875 0.13203125 0.609722221875 0.1421875 0.6125 0.1453125 0.622222221875 0.1453125
0 0.0638888890625 0.425 0.072222221875 0.4171875 0.072222221875 0.41328125 0.0458333328125 0.41171875 0.04305555625 0.41328125 0.04305555625 0.4234375 0.0458333328125 0.425 0.0638888890625 0.425
0 0.7111111109375 0.4921875 0.7111111109375 0.48203125 0.7013888890625 0.48046875 0.6986111109375 0.48203125 0.6986111109375 0.4921875 0.7083333328125 0.49375 0.7111111109375 0.4921875
0 0.7361111109375 0.05703125 0.7125 0.05546875 0.709722221875 0.0671875 0.73055555625 0.06875 0.7361111109375 0.0640625 0.7361111109375 0.05703125
0 0.4611111109375 0.51953125 0.45555555625000005 0.51796875 0.43194444374999996 0.51953125 0.434722221875 0.5296875 0.45277777812500003 0.5296875 0.4611111109375 0.5234375 0.4611111109375 0.51953125
0 0.222222221875 0.36953125 0.20138888906250002 0.36796875 0.1986111109375 0.36953125 0.20138888906250002 0.378125 0.21944444375 0.3796875 0.222222221875 0.36953125
0 0.2888888890625 0.36796875 0.27638888906250003 0.36953125 0.2791666671875 0.3765625 0.29444444375 0.3734375 0.29444444375 0.36953125 0.2888888890625 0.36796875
0 0.652777778125 0.3375 0.6666666671875 0.3328125 0.66944444375 0.3296875 0.66944444375 0.32109375 0.6666666671875 0.31953125 0.6569444437499999 0.31953125 0.6555555562500001 0.31796875 0.6458333328125 0.31796875 0.64305555625 0.31953125 0.64305555625 0.334375 0.6486111109375 0.3375 0.652777778125 0.3375
0 0.7111111109375 0.4921875 0.7111111109375 0.48203125 0.69305555625 0.48046875 0.6875 0.48359375 0.690277778125 0.4921875 0.7083333328125 0.49375 0.7111111109375 0.4921875
0 0.26944444375 0.36328125 0.25694444375000003 0.36171875 0.2541666671875 0.36875 0.25694444375000003 0.371875 0.2638888890625 0.371875 0.26944444375 0.36328125