0 0.034722221875 0.2484375 0.05 0.246875 0.0638888890625 0.2375 0.0638888890625 0.23203125 0.061111110937500004 0.23046875 0.034722221875 0.23046875 0.03194444375 0.23203125 0.03194444375 0.2453125 0.034722221875 0.2484375
0 0.2666666671875 0.3546875 0.2666666671875 0.33828125 0.24583333281250003 0.33671875 0.24305555625 0.33828125 0.24305555625 0.3546875 0.2638888890625 0.35625 0.2666666671875 0.3546875
0 0.1861111109375 0.31796875 0.165277778125 0.31953125 0.16805555625 0.33125 0.1916666671875 0.3296875 0.1916666671875 0.31953125 0.1861111109375 0.31796875
0 0.15555555625 0.34453125 0.134722221875 0.34296875 0.13194444375 0.3546875 0.134722221875 0.35625 0.15277777812499999 0.3546875 0.15555555625 0.34453125
0 0.197222221875 0.3546875 0.21111111093749999 0.3484375 0.21111111093749999 0.33828125 0.20833333281250002 0.33671875 0.190277778125 0.33671875 0.1875 0.33828125 0.190277778125 0.3546875 0.197222221875 0.3546875
0 0.252777778125 0.378125 0.2611111109375 0.3734375 0.25833333281250004 0.36328125 0.252777778125 0.36171875 0.23472222187499997 0.36171875 0.23194444375 0.36328125 0.23194444375 0.3734375 0.2375 0.3765625 0.252777778125 0.378125
0 0.11944444375 0.29375 0.12222222187500001 0.28984375 0.13055555624999998 0.2859375 0.13055555624999998 0.28203125 0.1125 0.28046875 0.109722221875 0.28203125 0.109722221875 0.290625 0.115277778125 0.29375 0.11944444375 0.29375
0 0.21944444375 0.36875 0.222222221875 0.3671875 0.222222221875 0.35703125 0.21944444375 0.35546875 0.20138888906250002 0.35546875 0.1986111109375 0.35703125 0.1986111109375 0.3671875 0.20416666718749998 0.3703125 0.21944444375 0.36875
0 0.1416666671875 0.39296875 0.12361111093749999 0.39296875 0.1208333328125 0.39453125 0.12361111093749999 0.4 0.1416666671875 0.4 0.14444444375 0.3984375 0.1416666671875 0.39296875
0 0.075 0.47578125 0.06944444375 0.47421875 0.04305555625 0.47578125 0.0458333328125 0.4890625 0.061111110937500004 0.4890625 0.072222221875 0.4859375 0.075 0.47578125
0 0.3888888890625 0.4546875 0.3888888890625 0.44453125 0.3791666671875 0.44296875 0.3763888890625 0.44453125 0.3763888890625 0.4546875 0.3861111109375 0.45625 0.3888888890625 0.4546875
0 0.0416666671875 0.5265625 0.0416666671875 0.51953125 0.0236111109375 0.51796875 0.0208333328125 0.5296875 0.0236111109375 0.5328125 0.030555556249999997 0.5328125 0.0416666671875 0.5265625
0 0.5083333328124999 0.38984375 0.5 0.38671875 0.490277778125 0.38671875 0.4875 0.3984375 0.490277778125 0.4 0.50555555625 0.3984375 0.5083333328124999 0.38984375
0 0.477777778125 0.39609375 0.4861111109375 0.3921875 0.4861111109375 0.38828125 0.46805555625000006 0.38671875 0.46527777812500004 0.38828125 0.46527777812500004 0.3984375 0.475 0.4 0.477777778125 0.39609375
0 0.46944444374999994 0.42421875 0.45416666718750004 0.42578125 0.45694444375 0.43125 0.475 0.4296875 0.475 0.42578125 0.46944444374999994 0.42421875
0 0.15555555625 0.24453125 0.134722221875 0.24296875 0.13194444375 0.2546875 0.15 0.25625 0.15555555625 0.253125 0.15555555625 0.24453125
0 0.3416666671875 0.9828125 0.352777778125 0.9765625 0.352777778125 0.96953125 0.34722222187499996 0.96796875 0.334722221875 0.96796875 0.33194444375 0.96953125 0.33194444375 0.9796875 0.3375 0.9828125 0.3416666671875 0.9828125
0 0.2666666671875 0.30078125 0.24583333281250003 0.29921875 0.24583333281250003 0.3140625 0.2611111109375 0.3140625 0.2666666671875 0.3109375 0.2666666671875 0.30078125
0 0.2236111109375 0.315625 0.2388888890625 0.31875 0.24444444375000002 0.315625 0.24444444375000002 0.30859375 0.2388888890625 0.30546875 0.2236111109375 0.30546875 0.2208333328125 0.30703125 0.2208333328125 0.3125 0.2236111109375 0.31328125 0.2236111109375 0.315625
0 0.23333333281250002 0.45546875 0.2208333328125 0.45703125 0.2236111109375 0.4625 0.2388888890625 0.4609375 0.2388888890625 0.45703125 0.23333333281250002 0.45546875
0 0.0388888890625 0.528125 0.0388888890625 0.52109375 0.0361111109375 0.51953125 0.0236111109375 0.51953125 0.0208333328125 0.52109375 0.0208333328125 0.528125 0.030555556249999997 0.53125 0.0388888890625 0.528125
0 0.047222221875 0.53125 0.052777778124999994 0.528125 0.055555556250000006 0.52109375 0.05 0.51796875 0.034722221875 0.51796875 0.03194444375 0.51953125 0.034722221875 0.5296875 0.0375 0.53125 0.047222221875 0.53125
0 0.08333333281250001 0.49453125 0.075 0.49296875 0.054166667187499996 0.49453125 0.059722221875 0.5015625 0.072222221875 0.5015625 0.08333333281250001 0.4984375 0.08333333281250001 0.49453125