0 0.5921875 0.1265625 0.0375 0.01640625
0 0.47109375 0.14609375 0.0390625 0.0234375
0 0.59375 0.146875 0.040625 0.02109375
0 0.5609375 0.15390625 0.025 0.015625
0 0.6453125 0.16875 0.034375 0.0265625
0 0.77421875 0.171875 0.034375 0.021875
0 0.4828125 0.1796875 0.03203125 0.01953125
0 0.73671875 0.18125 0.0265625 0.01953125
0 0.42578125 0.1859375 0.040625 0.02578125
0 0.565625 0.19375 0.05 0.02265625
0 0.67421875 0.19609375 0.04296875 0.0234375
0 0.8046875 0.1984375 0.034375 0.02109375
0 0.496875 0.2 0.034375 0.0203125
0 0.52890625 0.19609375 0.03046875 0.009375
0 0.39375 0.203125 0.0375 0.01484375
0 0.47890625 0.209375 0.03046875 0.01953125
0 0.60234375 0.2125 0.040625 0.025
0 0.653125 0.21953125 0.034375 0.025
0 0.50703125 0.2234375 0.03046875 0.02265625
0 0.26953125 0.225 0.0359375 0.02109375
0 0.80703125 0.2265625 0.04140625 0.02578125
0 0.46015625 0.2234375 0.034375 0.01328125
0 0.58671875 0.23359375 0.03203125 0.0234375
0 0.54140625 0.234375 0.0359375 0.0234375
0 0.67265625 0.234375 0.02890625 0.02109375
0 0.4375 0.2375 0.028125 0.01953125
0 0.928125 0.2390625 0.04140625 0.01796875
0 0.4859375 0.240625 0.04140625 0.01796875
0 0.834375 0.2390625 0.04296875 0.015625
0 0.61484375 0.246875 0.02890625 0.01875
0 0.87265625 0.2484375 0.03203125 0.01796875
0 0.6625 0.253125 0.0390625 0.01953125
0 0.40078125 0.271875 0.034375 0.01953125
0 0.6234375 0.271875 0.025 0.0140625
0 0.83828125 0.2765625 0.03203125 0.01015625
0 0.621875 0.29375 0.02109375 0.01640625
0 0.88984375 0.3046875 0.0375 0.02890625
0 0.3328125 0.3140625 0.034375 0.015625
0 0.021875 0.315625 0.01640625 0.01015625
0 0.6640625 0.325 0.04453125 0.02734375
0 0.3046875 0.3171875 0.034375 0.01015625
0 0.36015625 0.3234375 0.034375 0.021875
0 0.38984375 0.325 0.034375 0.01640625
0 0.06328125 0.325 0.02890625 0.01484375
0 0.75546875 0.3265625 0.01640625 0.01328125
0 0.49296875 0.3328125 0.0390625 0.01796875
0 0.97421875 0.33984375 0.034375 0.009375
0 0.91328125 0.3421875 0.01796875 0.009375
0 0.92109375 0.35625 0.028125 0.0203125
0 0.7828125 0.365625 0.04296875 0.0296875
0 0.63046875 0.3640625 0.028125 0.01171875
0 0.615625 0.378125 0.028125 0.02109375
0 0.715625 0.3953125 0.0484375 0.028125
0 0.77890625 0.4078125 0.025 0.01796875
0 0.17109375 0.428125 0.04140625 0.02421875
0 0.015625 0.4421875 0.02890625 0.01796875
0 0.725 0.45 0.05 0.034375
0 0.090625 0.45078125 0.02890625 0.0171875
0 0.66015625 0.45234375 0.034375 0.01875
0 0.36328125 0.4640625 0.03203125 0.02109375
0 0.2828125 0.46484375 0.0375 0.015625
0 0.1796875 0.475 0.0375 0.02109375
0 0.69296875 0.47421875 0.028125 0.0171875
0 0.05859375 0.4734375 0.028125 0.0125
0 0.615625 0.478125 0.028125 0.01640625
0 0.21875 0.4828125 0.0265625 0.01875
0 0.7234375 0.4796875 0.01640625 0.01171875
0 0.45546875 0.4953125 0.03359375 0.01953125
0 0.24375 0.5 0.03203125 0.01953125
0 0.6984375 0.5203125 0.04140625 0.0234375
0 0.44609375 0.521875 0.025 0.01484375
0 0.94375 0.5296875 0.05390625 0.02890625
0 0.609375 0.54375 0.0390625 0.01875
0 0.49921875 0.5703125 0.040625 0.02421875
0 0.54296875 0.5703125 0.03046875 0.01796875
0 0.575 0.5765625 0.04140625 0.02578125