0 0.5875 0.35859375 0.5875 0.3609375 0.5916666671875 0.3609375 0.5930555562500001 0.3625 0.63055555625 0.3625 0.64444444375 0.3546875 0.647222221875 0.34921875 0.652777778125 0.346875 0.652777778125 0.33828125 0.6416666671875 0.33046875 0.590277778125 0.33046875 0.5888888890625 0.33203125 0.58194444375 0.33203125 0.5763888890625 0.33671875 0.5763888890625 0.3546875 0.5833333328125 0.35625 0.5875 0.35859375
0 0.8958333328125001 0.0171875 0.8875 0.02109375 0.8875 0.0234375 0.8791666671874999 0.02734375 0.8791666671874999 0.0296875 0.8763888890624999 0.03046875 0.8763888890624999 0.0515625 0.8791666671874999 0.05234375 0.8791666671874999 0.0546875 0.8888888890625 0.05625 0.8958333328125001 0.0609375 0.9 0.0609375 0.9013888890624999 0.0625 0.91944444375 0.0609375 0.9263888890624999 0.05625 0.9305555562500001 0.05625 0.9444444437499999 0.0484375 0.9444444437499999 0.04609375 0.952777778125 0.0421875 0.952777778125 0.03828125 0.95555555625 0.0375 0.95555555625 0.02265625 0.952777778125 0.021875 0.952777778125 0.01953125 0.9444444437499999 0.015625 0.9416666671874999 0.01171875 0.9041666671874999 0.01171875 0.902777778125 0.01328125 0.8986111109375001 0.01328125 0.8958333328125001 0.0171875
0 0.590277778125 0.2328125 0.6 0.2328125 0.6013888890625 0.234375 0.6083333328125 0.234375 0.6125 0.23125 0.63055555625 0.2296875 0.6416666671875 0.21875 0.6416666671875 0.21484375 0.6361111109375 0.2125 0.63055555625 0.20546875 0.5930555562500001 0.20546875 0.5861111109375 0.21015625 0.58194444375 0.21015625 0.5763888890625 0.21328125 0.5763888890625 0.2296875 0.5791666671875 0.23125 0.5888888890625 0.23125 0.590277778125 0.2328125
0 0.622222221875 0.26875 0.6236111109375 0.2703125 0.65 0.2703125 0.6555555562500001 0.26875 0.6611111109375 0.2625 0.6611111109375 0.23984375 0.6555555562500001 0.23359375 0.64444444375 0.23046875 0.6125 0.23046875 0.5986111109375 0.23671875 0.5986111109375 0.2625 0.6013888890625 0.265625 0.6125 0.26875 0.622222221875 0.26875
0 0.6875 0.4828125 0.7 0.48125 0.7083333328125 0.4765625 0.7111111109375 0.46953125 0.7138888890625 0.46875 0.7138888890625 0.45703125 0.70555555625 0.45078125 0.6986111109375 0.45078125 0.6972222218749999 0.44921875 0.6486111109375 0.44921875 0.64305555625 0.45234375 0.64305555625 0.484375 0.6486111109375 0.4875 0.6805555562500001 0.4859375 0.6875 0.4828125
0 0.775 0.0484375 0.7763888890625 0.046875 0.797222221875 0.0421875 0.797222221875 0.03984375 0.8027777781250001 0.0375 0.8027777781250001 0.02578125 0.797222221875 0.0234375 0.797222221875 0.02109375 0.79305555625 0.02109375 0.7888888890625 0.01796875 0.7569444437499999 0.01796875 0.7541666671875 0.01953125 0.7541666671875 0.0421875 0.7708333328125 0.0484375 0.775 0.0484375
0 0.6944444437499999 0.675 0.7 0.671875 0.7 0.66796875 0.70555555625 0.6625 0.702777778125 0.65234375 0.6972222218749999 0.64921875 0.6569444437499999 0.64921875 0.6541666671875 0.65078125 0.6541666671875 0.6734375 0.665277778125 0.6765625 0.6944444437499999 0.675
0 0.6875 0.5734375 0.6972222218749999 0.5734375 0.7041666671875 0.56875 0.7111111109375 0.5671875 0.7111111109375 0.56328125 0.7166666671875 0.559375 0.7166666671875 0.55078125 0.7138888890625 0.55 0.7138888890625 0.54609375 0.7083333328125 0.54296875 0.659722221875 0.54296875 0.6541666671875 0.54609375 0.6541666671875 0.5671875 0.6625 0.5734375 0.6861111109375 0.575 0.6875 0.5734375
0 0.597222221875 0.515625 0.5986111109375 0.5171875 0.6083333328125 0.5171875 0.622222221875 0.5140625 0.63055555625 0.509375 0.63055555625 0.50546875 0.6333333328124999 0.5046875 0.6333333328124999 0.48828125 0.625 0.4828125 0.622222221875 0.47734375 0.6138888890625 0.47421875 0.5791666671875 0.47421875 0.5763888890625 0.47578125 0.5763888890625 0.5109375 0.58194444375 0.5140625 0.597222221875 0.515625
0 0.5791666671875 0.5796875 0.597222221875 0.5796875 0.6013888890625 0.5765625 0.6111111109375 0.575 0.6166666671875001 0.5703125 0.6166666671875001 0.56796875 0.61944444375 0.5671875 0.61944444375 0.55859375 0.6111111109375 0.55546875 0.56805555625 0.55546875 0.565277778125 0.55703125 0.565277778125 0.5734375 0.5708333328124999 0.5765625 0.575 0.5765625 0.5791666671875 0.5796875
0 0.6236111109375 0.4375 0.65 0.4375 0.672222221875 0.428125 0.672222221875 0.42578125 0.675 0.425 0.675 0.41484375 0.66944444375 0.4125 0.66944444375 0.41015625 0.6638888890625 0.40703125 0.659722221875 0.40703125 0.6583333328125 0.40546875 0.6152777781250001 0.40546875 0.609722221875 0.40859375 0.609722221875 0.4296875 0.6180555562500001 0.4359375 0.622222221875 0.4359375 0.6236111109375 0.4375
0 0.6972222218749999 0.5359375 0.7 0.52734375 0.6972222218749999 0.5265625 0.6972222218749999 0.52265625 0.6916666671875 0.51953125 0.6875 0.51953125 0.6861111109375 0.51796875 0.6569444437499999 0.51796875 0.6541666671875 0.51953125 0.6541666671875 0.5359375 0.659722221875 0.540625 0.6805555562500001 0.5421875 0.6972222218749999 0.5359375
0 0.5208333328125 0.4984375 0.5319444437499999 0.5046875 0.5388888890625 0.5046875 0.540277778125 0.50625 0.5611111109375 0.5046875 0.575 0.496875 0.575 0.48203125 0.5694444437499999 0.47578125 0.5638888890625 0.47421875 0.534722221875 0.47421875 0.5291666671875 0.47578125 0.5291666671875 0.478125 0.5236111109375 0.47890625 0.5208333328125 0.48203125 0.5208333328125 0.4984375
0 0.7569444437499999 0.4734375 0.772222221875 0.4734375 0.7819444437499999 0.46875 0.7861111109375 0.46875 0.7888888890625 0.46015625 0.7916666671875 0.459375 0.7916666671875 0.44765625 0.7861111109375 0.44296875 0.7402777781250001 0.44296875 0.734722221875 0.44453125 0.73194444375 0.44765625 0.73194444375 0.4625 0.7402777781250001 0.46875 0.7569444437499999 0.4734375
0 0.8541666671874999 0.00703125 0.8541666671874999 0.028125 0.859722221875 0.03125 0.86944444375 0.0296875 0.8736111109375001 0.0265625 0.8833333328125 0.025 0.8916666671875 0.01875 0.8888888890625 0.00703125 0.8819444437499999 0.00703125 0.88055555625 0.00546875 0.85694444375 0.00546875 0.8541666671874999 0.00703125
0 0.5458333328125 0.45625 0.5527777781250001 0.45625 0.565277778125 0.4609375 0.5916666671875 0.4609375 0.6083333328125 0.453125 0.6083333328125 0.44921875 0.6111111109375 0.4484375 0.6083333328125 0.43203125 0.5736111109375 0.43046875 0.5722222218749999 0.43203125 0.55694444375 0.43203125 0.5555555562500001 0.43359375 0.5513888890625 0.43359375 0.54305555625 0.43828125 0.54305555625 0.453125 0.5458333328125 0.45390625 0.5458333328125 0.45625
0 0.5722222218749999 0.5390625 0.5888888890625 0.534375 0.5916666671875 0.53125 0.5916666671875 0.52109375 0.5861111109375 0.51796875 0.5458333328125 0.51796875 0.54305555625 0.51953125 0.54305555625 0.53125 0.5458333328125 0.53203125 0.5458333328125 0.5359375 0.5722222218749999 0.5390625
0 0.83194444375 0.565625 0.8416666671874999 0.565625 0.8430555562500001 0.5640625 0.847222221875 0.5640625 0.85555555625 0.5609375 0.85555555625 0.55859375 0.8611111109375 0.5546875 0.8611111109375 0.54296875 0.852777778125 0.53671875 0.8041666671875 0.53671875 0.7986111109375 0.53984375 0.7986111109375 0.5578125 0.8041666671875 0.5625 0.83055555625 0.5671875 0.83194444375 0.565625
0 0.9416666671874999 0.08125 0.9638888890624999 0.0703125 0.9638888890624999 0.06796875 0.9666666671874999 0.0671875 0.9666666671874999 0.06015625 0.9638888890624999 0.059375 0.9638888890624999 0.05703125 0.959722221875 0.05703125 0.9583333328125001 0.05546875 0.9236111109375 0.05546875 0.9208333328125 0.05703125 0.9208333328125 0.078125 0.9263888890624999 0.08125 0.9416666671874999 0.08125
0 0.8416666671874999 0.66875 0.8430555562500001 0.6671875 0.847222221875 0.6671875 0.8541666671874999 0.6625 0.8583333328125 0.6625 0.8638888890624999 0.659375 0.8638888890624999 0.64609375 0.8611111109375 0.64453125 0.8541666671874999 0.64453125 0.852777778125 0.64296875 0.8263888890625 0.64296875 0.8208333328125 0.64609375 0.8208333328125 0.665625 0.8263888890625 0.66875 0.8416666671874999 0.66875
0 0.83055555625 0.6453125 0.83055555625 0.63359375 0.8222222218749999 0.63046875 0.8013888890624999 0.63046875 0.7986111109375 0.63203125 0.8013888890624999 0.6515625 0.825 0.65 0.83055555625 0.6453125
0 0.5916666671875 0.25625 0.5916666671875 0.24921875 0.597222221875 0.2453125 0.597222221875 0.23828125 0.56805555625 0.23671875 0.565277778125 0.2546875 0.56805555625 0.2578125 0.5861111109375 0.2609375 0.5916666671875 0.25625