0 0.5638888890625 0.3046875 0.5666666671875 0.30078125 0.575 0.2984375 0.575 0.28828125 0.5458333328125 0.28671875 0.54305555625 0.28828125 0.54305555625 0.303125 0.5486111109375 0.30625 0.5638888890625 0.3046875
0 0.34444444375 0.459375 0.34444444375 0.44609375 0.33888888906250003 0.44296875 0.315277778125 0.44296875 0.309722221875 0.44609375 0.309722221875 0.4609375 0.33888888906250003 0.4625 0.34444444375 0.459375
0 0.44444444375 0.37578125 0.4236111109375 0.37421875 0.42083333281249996 0.3859375 0.4388888890625 0.3875 0.44444444375 0.384375 0.44444444375 0.37578125
0 0.275 0.31484375 0.28611111093749997 0.309375 0.28611111093749997 0.30390625 0.27777777812500004 0.29921875 0.26805555625 0.29921875 0.26527777812500003 0.3140625 0.26805555625 0.3171875 0.275 0.3171875 0.275 0.31484375
0 0.3111111109375 0.44609375 0.31944444375000003 0.44375 0.3166666671875 0.43671875 0.2986111109375 0.43828125 0.3013888890625 0.45 0.3083333328125 0.45 0.3111111109375 0.44609375
0 0.36666666718749996 0.453125 0.36666666718749996 0.44453125 0.3458333328125 0.44296875 0.34305555625 0.453125 0.34861111093749997 0.45625 0.3611111109375 0.45625 0.36666666718749996 0.453125
0 0.4138888890625 0.37578125 0.40138888906250003 0.37421875 0.3986111109375 0.3859375 0.40833333281249995 0.3875 0.4138888890625 0.384375 0.4138888890625 0.37578125
0 0.5555555562500001 0.31796875 0.54305555625 0.31953125 0.5458333328125 0.325 0.5611111109375 0.3234375 0.5611111109375 0.31953125 0.5555555562500001 0.31796875
0 0.997222221875 0.3515625 0.9986111109375001 0.33828125 0.9791666671874999 0.33671875 0.9763888890624999 0.3515625 0.9791666671874999 0.3546875 0.9888888890624999 0.3546875 0.997222221875 0.3515625
0 0.5388888890625 0.3171875 0.54444444375 0.30859375 0.5388888890625 0.30546875 0.5236111109375 0.30546875 0.5208333328125 0.30703125 0.5208333328125 0.3171875 0.5236111109375 0.31875 0.5388888890625 0.3171875
0 0.147222221875 0.9875 0.147222221875 0.98203125 0.12361111093749999 0.98046875 0.1208333328125 0.98203125 0.12361111093749999 0.9921875 0.1416666671875 0.99375 0.147222221875 0.9875