0 0.109375 0.009375 0.03359375 0.01875
0 0.415625 0.0125 0.0390625 0.02421875
0 0.5828125 0.0078125 0.0234375 0.015625
0 0.709375 0.00625 0.0375 0.0125
0 0.98046875 0.0171875 0.0359375 0.02890625
0 0.44453125 0.01875 0.028125 0.02265625
0 0.38984375 0.0234375 0.03203125 0.02265625
0 0.528125 0.02578125 0.04453125 0.028125
0 0.81015625 0.02265625 0.03203125 0.0125
0 0.7703125 0.0328125 0.04296875 0.02578125
0 0.57109375 0.0359375 0.053125 0.02578125
0 0.93515625 0.034375 0.02109375 0.02109375
0 0.96015625 0.04140625 0.04609375 0.028125
0 0.79375 0.046875 0.0234375 0.01640625
0 0.11953125 0.0578125 0.05859375 0.03671875
0 0.5421875 0.05 0.04296875 0.0203125
0 0.4578125 0.0546875 0.02890625 0.01796875
0 0.61171875 0.06015625 0.040625 0.0234375
0 0.521875 0.0625 0.03046875 0.0203125
0 0.7390625 0.065625 0.0390625 0.025
0 0.340625 0.0640625 0.04296875 0.0171875
0 0.9921875 0.0734375 0.0125 0.02265625
0 0.2734375 0.08046875 0.05859375 0.0328125
0 0.571875 0.0765625 0.02890625 0.01953125
0 0.7328125 0.096875 0.034375 0.021875
0 0.96484375 0.1078125 0.04609375 0.02421875
0 0.55859375 0.115625 0.0390625 0.021875
0 0.23515625 0.121875 0.0484375 0.03125
0 0.9171875 0.11796875 0.04609375 0.0234375
0 0.11640625 0.13125 0.05 0.03359375
0 0.28125 0.1328125 0.05703125 0.03671875
0 0.47734375 0.1296875 0.02890625 0.01875
0 0.40234375 0.13671875 0.040625 0.0203125
0 0.5515625 0.1375 0.0359375 0.01953125
0 0.58828125 0.1421875 0.0234375 0.01875
0 0.48125 0.1484375 0.02890625 0.01484375
0 0.50859375 0.15390625 0.03359375 0.0171875
0 0.88515625 0.1609375 0.04609375 0.0265625
0 0.728125 0.1671875 0.05703125 0.0328125
0 0.62265625 0.16015625 0.034375 0.015625
0 0.21015625 0.1640625 0.0515625 0.01953125
0 0.81484375 0.171875 0.03203125 0.01796875
0 0.51328125 0.171875 0.0234375 0.01484375
0 0.34140625 0.175 0.021875 0.01328125
0 0.86640625 0.18984375 0.05546875 0.028125
0 0.02578125 0.19375 0.0484375 0.03046875
0 0.19140625 0.2078125 0.0609375 0.034375
0 0.05546875 0.2015625 0.0140625 0.01796875
0 0.94453125 0.215625 0.0359375 0.01953125
0 0.778125 0.23203125 0.053125 0.025
0 0.55 0.23515625 0.03046875 0.021875
0 0.96875 0.2390625 0.0265625 0.021875
0 0.846875 0.23828125 0.03359375 0.015625
0 0.14453125 0.2484375 0.05859375 0.02890625
0 0.0109375 0.2484375 0.021875 0.02578125
0 0.28046875 0.2546875 0.046875 0.02734375
0 0.33828125 0.2640625 0.03203125 0.01640625
0 0.97734375 0.2671875 0.03203125 0.015625
0 0.65546875 0.2796875 0.05546875 0.03046875
0 0.6046875 0.3 0.040625 0.0234375
0 0.6828125 0.3046875 0.05390625 0.03046875
0 0.33125 0.3015625 0.03203125 0.0109375
0 0.21484375 0.30859375 0.034375 0.0140625
0 0.72109375 0.325 0.05 0.02890625
0 0.2328125 0.3203125 0.02890625 0.01171875
0 0.946875 0.31796875 0.0234375 0.0078125
0 0.5796875 0.3265625 0.04609375 0.01953125
0 0.7921875 0.359375 0.009375 0.01640625
0 0.953125 0.3609375 0.025 0.01640625
0 0.221875 0.3625 0.025 0.009375
0 0.71015625 0.40625 0.034375 0.0171875
0 0.96171875 0.446875 0.07109375 0.0390625
0 0.7546875 0.4625 0.02109375 0.0234375
0 0.59296875 0.4828125 0.01640625 0.0125
0 0.86953125 0.509375 0.0609375 0.02890625
0 0.02421875 0.5234375 0.034375 0.0234375
0 0.82265625 0.5375 0.040625 0.02890625
0 0.91875 0.5375 0.0625 0.02265625
0 0.6765625 0.5640625 0.04453125 0.02109375
0 0.94296875 0.58046875 0.04453125 0.0390625
0 0.2421875 0.57578125 0.04296875 0.0203125
0 0.06484375 0.584375 0.0265625 0.01484375
0 0.253125 0.61875 0.05546875 0.0296875
0 0.321875 0.6421875 0.05390625 0.02890625
0 0.53671875 0.64453125 0.0515625 0.03125
0 0.0671875 0.6625 0.05390625 0.025
0 0.36640625 0.66171875 0.05546875 0.0234375
0 0.30859375 0.665625 0.046875 0.01796875
0 0.3375 0.684375 0.046875 0.0296875
0 0.521875 0.684375 0.04140625 0.02265625
0 0.20703125 0.6875 0.053125 0.02734375
0 0.19765625 0.71875 0.0515625 0.03203125
0 0.26640625 0.7265625 0.05546875 0.03203125