0 0.4166666671875 0.275 0.42222222187499997 0.271875 0.42222222187499997 0.25390625 0.41944444374999995 0.253125 0.41944444374999995 0.25078125 0.415277778125 0.25078125 0.4138888890625 0.24921875 0.3791666671875 0.24921875 0.3763888890625 0.25078125 0.3763888890625 0.271875 0.39305555625 0.278125 0.4166666671875 0.275
0 0.41805555625 0.515625 0.43055555625 0.515625 0.44166666718750003 0.5125 0.45277777812500003 0.5046875 0.45277777812500003 0.49609375 0.44444444375 0.4921875 0.44444444375 0.48984375 0.4388888890625 0.48671875 0.4125 0.48671875 0.40972222187499996 0.48828125 0.40972222187499996 0.5109375 0.4125 0.5140625 0.41805555625 0.515625
0 0.134722221875 0.4828125 0.140277778125 0.4859375 0.14444444375 0.4859375 0.1458333328125 0.4875 0.16388888906250001 0.4875 0.177777778125 0.4796875 0.177777778125 0.46484375 0.172222221875 0.46171875 0.134722221875 0.46171875 0.13194444375 0.46328125 0.13194444375 0.4796875 0.134722221875 0.48046875 0.134722221875 0.4828125
0 0.3888888890625 0.81875 0.39027777812500003 0.8203125 0.4166666671875 0.81875 0.425 0.8140625 0.425 0.81171875 0.43055555625 0.809375 0.43055555625 0.80078125 0.425 0.7984375 0.425 0.79609375 0.41944444374999995 0.79296875 0.3958333328125 0.79296875 0.39444444375 0.79453125 0.39027777812500003 0.79453125 0.3763888890625 0.80390625 0.3763888890625 0.815625 0.38194444375000003 0.81875 0.3888888890625 0.81875
0 0.6458333328125 0.6359375 0.66944444375 0.6328125 0.6777777781250001 0.6296875 0.6777777781250001 0.61328125 0.675 0.61171875 0.6347222218749999 0.61171875 0.6319444437499999 0.61328125 0.6319444437499999 0.6296875 0.6375 0.6328125 0.6416666671875 0.6328125 0.6458333328125 0.6359375
0 0.3638888890625 0.7265625 0.36805555624999997 0.7296875 0.3861111109375 0.7296875 0.4 0.721875 0.397222221875 0.70859375 0.3888888890625 0.70546875 0.3736111109375 0.70546875 0.372222221875 0.70703125 0.36944444375 0.70546875 0.3458333328125 0.70546875 0.34305555625 0.70703125 0.34305555625 0.71875 0.3458333328125 0.71953125 0.3458333328125 0.721875 0.3638888890625 0.7265625
0 0.39444444375 0.7015625 0.3986111109375 0.7046875 0.40833333281249995 0.7046875 0.4125 0.7015625 0.427777778125 0.7 0.43333333281249997 0.696875 0.43333333281249997 0.68671875 0.41944444374999995 0.67421875 0.39027777812500003 0.67421875 0.3875 0.67578125 0.3875 0.6984375 0.39027777812500003 0.7015625 0.39444444375 0.7015625
0 0.577777778125 0.6625 0.5791666671875 0.6640625 0.584722221875 0.6625 0.597222221875 0.6625 0.6111111109375 0.6546875 0.6111111109375 0.64140625 0.6 0.63671875 0.56805555625 0.63671875 0.565277778125 0.63828125 0.565277778125 0.6609375 0.56805555625 0.6625 0.577777778125 0.6625
0 0.5555555562500001 0.54453125 0.5236111109375 0.54296875 0.5208333328125 0.5609375 0.5236111109375 0.5625 0.5527777781250001 0.5609375 0.5555555562500001 0.54453125
0 0.7666666671875 0.6125 0.7638888890625 0.59921875 0.7263888890625 0.59921875 0.7208333328125 0.60234375 0.7208333328125 0.6171875 0.7236111109375 0.61875 0.75555555625 0.61875 0.7666666671875 0.6125
0 0.1763888890625 0.5625 0.197222221875 0.5625 0.21111111093749999 0.5515625 0.21111111093749999 0.54453125 0.2138888890625 0.54375 0.21111111093749999 0.53203125 0.20833333281250002 0.53046875 0.16805555625 0.53046875 0.165277778125 0.53203125 0.165277778125 0.55625 0.16805555625 0.559375 0.1763888890625 0.5625
0 0.43055555625 0.7265625 0.43194444374999996 0.725 0.4388888890625 0.725 0.447222221875 0.7171875 0.44444444375 0.70078125 0.4388888890625 0.69921875 0.415277778125 0.69921875 0.4138888890625 0.70078125 0.40694444374999994 0.70078125 0.3986111109375 0.70703125 0.3986111109375 0.7234375 0.40972222187499996 0.7265625 0.43055555625 0.7265625
0 0.6638888890625 0.54375 0.6638888890625 0.53203125 0.6347222218749999 0.53046875 0.6319444437499999 0.5484375 0.6347222218749999 0.55 0.6583333328125 0.5484375 0.6638888890625 0.54375
0 0.627777778125 0.59375 0.6333333328124999 0.5921875 0.6388888890625 0.5859375 0.6388888890625 0.58046875 0.63055555625 0.57421875 0.590277778125 0.57421875 0.5875 0.57578125 0.590277778125 0.5984375 0.597222221875 0.5984375 0.6125 0.59375 0.627777778125 0.59375
0 0.6972222218749999 0.66875 0.6986111109375 0.6671875 0.7083333328125 0.6671875 0.7138888890625 0.6625 0.7138888890625 0.65234375 0.7083333328125 0.64921875 0.6791666671875001 0.64921875 0.6763888890625 0.65078125 0.6763888890625 0.6609375 0.69305555625 0.66875 0.6972222218749999 0.66875
0 0.675 0.7 0.675 0.68984375 0.6666666671875 0.68671875 0.6347222218749999 0.68671875 0.6319444437499999 0.68828125 0.6319444437499999 0.703125 0.6375 0.70625 0.6638888890625 0.70625 0.675 0.7
0 0.5416666671875 0.4125 0.55 0.4046875 0.547222221875 0.39609375 0.5416666671875 0.39296875 0.5236111109375 0.39296875 0.5208333328125 0.39453125 0.5208333328125 0.4109375 0.5236111109375 0.4125 0.5416666671875 0.4125
0 0.5930555562500001 0.59609375 0.5875 0.60078125 0.5875 0.6140625 0.590277778125 0.61484375 0.590277778125 0.6171875 0.6 0.6171875 0.6013888890625 0.615625 0.622222221875 0.6171875 0.6236111109375 0.615625 0.627777778125 0.615625 0.6416666671875 0.6046875 0.6416666671875 0.59765625 0.63055555625 0.59296875 0.609722221875 0.59296875 0.6083333328125 0.59453125 0.5930555562500001 0.59609375
0 0.6333333328124999 0.53359375 0.6416666671875 0.5296875 0.6416666671875 0.52578125 0.6236111109375 0.52421875 0.6208333328125 0.5375 0.6236111109375 0.540625 0.63055555625 0.540625 0.6333333328124999 0.53359375
0 0.897222221875 0.5234375 0.9 0.51328125 0.897222221875 0.51171875 0.8791666671874999 0.51171875 0.8763888890624999 0.51328125 0.8763888890624999 0.5234375 0.8819444437499999 0.5265625 0.897222221875 0.5234375
0 0.0638888890625 0.7421875 0.06944444375 0.7390625 0.077777778125 0.725 0.077777778125 0.71953125 0.072222221875 0.71796875 0.0458333328125 0.71796875 0.04305555625 0.71953125 0.04305555625 0.7375 0.0513888890625 0.7421875 0.0638888890625 0.7421875
0 0.5361111109375 0.525 0.5333333328125 0.50703125 0.5125 0.50546875 0.5097222218749999 0.50703125 0.5097222218749999 0.5296875 0.5305555562500001 0.53125 0.5361111109375 0.525
0 0.70555555625 0.53125 0.7138888890625 0.5265625 0.722222221875 0.5171875 0.722222221875 0.51484375 0.7166666671875 0.51171875 0.6791666671875001 0.51171875 0.6763888890625 0.51328125 0.6763888890625 0.5265625 0.6791666671875001 0.5296875 0.684722221875 0.53125 0.70555555625 0.53125
0 0.497222221875 0.5234375 0.5 0.51640625 0.5111111109375 0.5078125 0.5111111109375 0.50078125 0.5083333328124999 0.49921875 0.48472222187499997 0.49921875 0.4763888890625 0.50390625 0.4763888890625 0.51875 0.48194444374999995 0.5234375 0.497222221875 0.5234375
0 0.40833333281249995 0.41484375 0.4 0.41171875 0.39027777812500003 0.41171875 0.3875 0.4234375 0.39027777812500003 0.425 0.40555555625000006 0.4234375 0.40833333281249995 0.41484375
0 0.4888888890625 0.45078125 0.46805555625000006 0.44921875 0.46527777812500004 0.4609375 0.48333333281249996 0.4625 0.4888888890625 0.459375 0.4888888890625 0.45078125
0 0.40138888906250003 0.46875 0.4138888890625 0.46875 0.42222222187499997 0.465625 0.42222222187499997 0.46328125 0.43055555625 0.459375 0.43055555625 0.45546875 0.43333333281249997 0.4546875 0.43333333281249997 0.45234375 0.427777778125 0.44921875 0.40416666718750005 0.44921875 0.3986111109375 0.45234375 0.3986111109375 0.465625 0.40138888906250003 0.46875
0 0.9361111109375001 0.51875 0.9361111109375001 0.50859375 0.9305555562500001 0.50546875 0.9125 0.50546875 0.909722221875 0.50703125 0.909722221875 0.5234375 0.925 0.525 0.9361111109375001 0.51875
0 0.3791666671875 0.66875 0.3916666671875 0.665625 0.3916666671875 0.65078125 0.36805555624999997 0.64921875 0.365277778125 0.65078125 0.365277778125 0.6625 0.36805555624999997 0.665625 0.3791666671875 0.66875
0 0.334722221875 0.7484375 0.35 0.7484375 0.3638888890625 0.740625 0.3638888890625 0.73203125 0.3611111109375 0.73046875 0.334722221875 0.73046875 0.33194444375 0.73203125 0.33194444375 0.7421875 0.334722221875 0.74296875 0.334722221875 0.7484375
0 0.0861111109375 0.625 0.0916666671875 0.61484375 0.0861111109375 0.61171875 0.06805555625000001 0.61171875 0.06527777812499999 0.61328125 0.06527777812499999 0.6234375 0.06805555625000001 0.625 0.0861111109375 0.625
0 0.575 0.57578125 0.5694444437499999 0.57421875 0.54305555625 0.57578125 0.5458333328125 0.58125 0.55694444375 0.5828125 0.575 0.5796875 0.575 0.57578125
0 0.715277778125 0.525 0.727777778125 0.521875 0.727777778125 0.51484375 0.7194444437499999 0.51171875 0.690277778125 0.51171875 0.6875 0.51328125 0.6875 0.5296875 0.690277778125 0.53125 0.70555555625 0.53125 0.715277778125 0.525
0 0.46805555625000006 0.6875 0.475 0.6859375 0.475 0.67578125 0.46805555625000006 0.67578125 0.46805555625000006 0.678125 0.4611111109375 0.68203125 0.4583333328125 0.68046875 0.4513888890625 0.68046875 0.44166666718750003 0.67421875 0.434722221875 0.67421875 0.43194444374999996 0.67578125 0.43194444374999996 0.6875 0.4375 0.6921875 0.4611111109375 0.6921875 0.46805555625000006 0.6875
0 0.4888888890625 0.7046875 0.4916666671875 0.69609375 0.497222221875 0.69375 0.49444444374999996 0.68671875 0.4763888890625 0.68828125 0.4763888890625 0.7046875 0.4791666671875 0.70625 0.4888888890625 0.7046875
0 0.39305555625 0.459375 0.3875 0.46328125 0.3875 0.4671875 0.39027777812500003 0.46875 0.4138888890625 0.46875 0.415277778125 0.4671875 0.41944444374999995 0.4671875 0.42222222187499997 0.46328125 0.4263888890625 0.4609375 0.43055555625 0.4609375 0.43333333281249997 0.45234375 0.427777778125 0.44921875 0.40416666718750005 0.44921875 0.39305555625 0.45703125 0.39305555625 0.459375
0 0.6944444437499999 0.5375 0.6944444437499999 0.53203125 0.6791666671875001 0.53046875 0.6763888890625 0.53203125 0.6763888890625 0.5421875 0.6861111109375 0.54375 0.6944444437499999 0.5375
0 0.5 0.8125 0.5 0.80078125 0.46805555625000006 0.79921875 0.46527777812500004 0.8171875 0.46805555625000006 0.81875 0.49444444374999996 0.8171875 0.5 0.8125
0 0.6888888890625 0.5421875 0.6861111109375 0.53203125 0.6944444437499999 0.5296875 0.6944444437499999 0.52578125 0.66805555625 0.52421875 0.665277778125 0.52578125 0.66805555625 0.5421875 0.6791666671875001 0.54375 0.6888888890625 0.5421875