0 0.51328125 0.0796875 0.0484375 0.0203125
0 0.54375 0.13515625 0.0515625 0.03125
0 0.603125 0.2125 0.028125 0.0140625
0 0.5046875 0.24375 0.0484375 0.025
0 0.63671875 0.24375 0.0375 0.02421875
0 0.465625 0.2625 0.04140625 0.01796875
0 0.5078125 0.265625 0.04296875 0.02109375
0 0.515625 0.28046875 0.04140625 0.0203125
0 0.471875 0.2859375 0.05390625 0.03046875
0 0.715625 0.290625 0.040625 0.028125
0 0.50078125 0.3125 0.04296875 0.0125
0 0.47578125 0.3171875 0.0375 0.0078125
0 0.51171875 0.3390625 0.0515625 0.03203125
0 0.4296875 0.33125 0.0234375 0.00859375
0 0.38984375 0.33359375 0.034375 0.0078125
0 0.6359375 0.3453125 0.0359375 0.01953125
0 0.4734375 0.35 0.0359375 0.02421875
0 0.42265625 0.35859375 0.034375 0.0265625
0 0.6265625 0.3671875 0.04453125 0.02578125
0 0.659375 0.371875 0.03046875 0.02109375
0 0.6921875 0.39296875 0.034375 0.0265625
0 0.646875 0.3984375 0.04140625 0.0265625
0 0.72265625 0.41484375 0.015625 0.0203125
0 0.284375 0.42265625 0.034375 0.0265625
0 0.58671875 0.4328125 0.04296875 0.02109375
0 0.67421875 0.4375 0.0484375 0.028125
0 0.47109375 0.4578125 0.05 0.02890625
0 0.41484375 0.45546875 0.02890625 0.0109375
0 0.684375 0.4796875 0.02109375 0.02421875
0 0.43359375 0.4828125 0.04453125 0.02578125
0 0.65703125 0.4859375 0.04140625 0.02265625
0 0.54921875 0.5015625 0.02890625 0.01796875
0 0.628125 0.50703125 0.03203125 0.0140625
0 0.39921875 0.5109375 0.034375 0.01640625
0 0.621875 0.53984375 0.0515625 0.0296875
0 0.67265625 0.5453125 0.04609375 0.0234375
0 0.61015625 0.56796875 0.04609375 0.025
0 0.28984375 0.58125 0.0375 0.028125
0 0.703125 0.57890625 0.03046875 0.015625
0 0.33046875 0.5890625 0.0390625 0.02265625
0 0.009375 0.62890625 0.01875 0.0234375
0 0.7890625 0.6359375 0.021875 0.01328125
0 0.0171875 0.675 0.034375 0.02421875
0 0.63203125 0.6734375 0.021875 0.01640625
0 0.3796875 0.6796875 0.0515625 0.025
0 0.240625 0.7171875 0.05546875 0.03125
0 0.7796875 0.7296875 0.03203125 0.0140625
0 0.26953125 0.746875 0.05546875 0.03046875
0 0.3375 0.753125 0.0359375 0.02109375
0 0.31015625 0.7578125 0.034375 0.015625
0 0.98203125 0.78203125 0.03359375 0.0328125
0 0.8359375 0.821875 0.0390625 0.02265625