0 0.64444444375 0.25078125 0.6125 0.24921875 0.609722221875 0.2671875 0.6388888890625 0.26875 0.64444444375 0.265625 0.64444444375 0.25078125
0 0.39444444375 0.325 0.4 0.321875 0.4 0.31484375 0.3916666671875 0.309375 0.3916666671875 0.30703125 0.3861111109375 0.30546875 0.36805555624999997 0.30546875 0.365277778125 0.30703125 0.365277778125 0.325 0.36805555624999997 0.328125 0.39444444375 0.325
0 0.14305555625 0.71171875 0.14305555625 0.7234375 0.1458333328125 0.725 0.175 0.7265625 0.1763888890625 0.725 0.1861111109375 0.725 0.19444444375 0.7171875 0.19444444375 0.70859375 0.1861111109375 0.69921875 0.16805555625 0.69921875 0.1611111109375 0.71015625 0.1458333328125 0.70859375 0.14305555625 0.71171875
0 0.58055555625 0.4203125 0.5944444437499999 0.4171875 0.6 0.4125 0.6 0.40078125 0.5930555562500001 0.39921875 0.5861111109375 0.39296875 0.55694444375 0.39296875 0.5541666671875001 0.39453125 0.5541666671875001 0.4171875 0.565277778125 0.4203125 0.58055555625 0.4203125
0 0.5111111109375 0.40625 0.5111111109375 0.39453125 0.4791666671875 0.39296875 0.4763888890625 0.4109375 0.4791666671875 0.4125 0.50555555625 0.4109375 0.5111111109375 0.40625
0 0.43333333281249997 0.2171875 0.43333333281249997 0.20234375 0.427777778125 0.19921875 0.39027777812500003 0.19921875 0.3875 0.20078125 0.3875 0.21875 0.39305555625 0.2234375 0.41111111093749997 0.2234375 0.43333333281249997 0.2171875
0 0.45 0.11875 0.46388888906250003 0.1140625 0.46666666718750005 0.1109375 0.46388888906250003 0.09296875 0.4236111109375 0.09296875 0.42083333281249996 0.09453125 0.42083333281249996 0.1109375 0.4263888890625 0.115625 0.4375 0.11875 0.45 0.11875
0 0.1916666671875 0.40625 0.2 0.403125 0.20277777812500003 0.396875 0.2 0.38828125 0.17916666718750002 0.38671875 0.1763888890625 0.38828125 0.1763888890625 0.403125 0.18194444375000002 0.40625 0.1916666671875 0.40625
0 0.36805555624999997 0.44375 0.3861111109375 0.4421875 0.3861111109375 0.43984375 0.3916666671875 0.4375 0.397222221875 0.43125 0.39444444375 0.42109375 0.3861111109375 0.41796875 0.35694444375 0.41796875 0.3541666671875 0.41953125 0.3541666671875 0.4359375 0.35694444375 0.4390625 0.36805555624999997 0.44375
0 0.5555555562500001 0.521875 0.559722221875 0.525 0.5833333328125 0.525 0.5833333328125 0.52421875 0.5888888890625 0.521875 0.5888888890625 0.51953125 0.597222221875 0.515625 0.597222221875 0.50546875 0.5958333328125 0.50546875 0.5861111109375 0.49921875 0.559722221875 0.49921875 0.559722221875 0.5 0.5541666671875001 0.50234375 0.5541666671875001 0.521875 0.5555555562500001 0.521875
0 0.5694444437499999 0.3484375 0.577777778125 0.34375 0.577777778125 0.33203125 0.575 0.33046875 0.5458333328125 0.33046875 0.54305555625 0.33203125 0.5458333328125 0.3484375 0.5541666671875001 0.35 0.5694444437499999 0.3484375
0 0.352777778125 0.4625 0.3583333328125 0.4578125 0.3583333328125 0.45546875 0.3611111109375 0.4546875 0.3611111109375 0.44921875 0.3638888890625 0.4484375 0.3638888890625 0.44609375 0.3583333328125 0.44375 0.3583333328125 0.44140625 0.352777778125 0.43671875 0.334722221875 0.43671875 0.32083333281250004 0.44765625 0.32083333281250004 0.4609375 0.3236111109375 0.4625 0.352777778125 0.4625
0 0.252777778125 0.5671875 0.25555555625 0.5640625 0.252777778125 0.54921875 0.2125 0.54921875 0.20972222187499998 0.55078125 0.20972222187499998 0.565625 0.215277778125 0.56875 0.2388888890625 0.5703125 0.252777778125 0.5671875
0 0.20555555625 0.5625 0.21111111093749999 0.5578125 0.21111111093749999 0.54453125 0.20833333281250002 0.54296875 0.17916666718750002 0.54296875 0.1763888890625 0.54453125 0.1763888890625 0.5609375 0.18194444375000002 0.5640625 0.20555555625 0.5625
0 0.28611111093749997 0.65625 0.302777778125 0.646875 0.302777778125 0.63984375 0.29722222187499997 0.63671875 0.2625 0.63671875 0.25694444375000003 0.63828125 0.2541666671875 0.64140625 0.2541666671875 0.6546875 0.25694444375000003 0.65625 0.2666666671875 0.65625 0.26805555625 0.6578125 0.28611111093749997 0.65625
0 0.3861111109375 0.2703125 0.397222221875 0.2671875 0.4 0.24453125 0.397222221875 0.24296875 0.35694444375 0.24296875 0.3541666671875 0.24453125 0.3541666671875 0.2671875 0.36805555624999997 0.2703125 0.3861111109375 0.2703125
0 0.5263888890625 0.225 0.5388888890625 0.225 0.540277778125 0.2234375 0.54444444375 0.2234375 0.54444444375 0.22109375 0.5486111109375 0.21875 0.5555555562500001 0.2171875 0.5555555562500001 0.20078125 0.5527777781250001 0.19921875 0.534722221875 0.19921875 0.5208333328125 0.20703125 0.5208333328125 0.221875 0.5263888890625 0.225
0 0.2416666671875 0.73125 0.252777778125 0.721875 0.252777778125 0.71484375 0.24444444375000002 0.71171875 0.2236111109375 0.71171875 0.2208333328125 0.71328125 0.2208333328125 0.7296875 0.2236111109375 0.73125 0.2416666671875 0.73125
0 0.2888888890625 0.7203125 0.2888888890625 0.71328125 0.28611111093749997 0.71171875 0.25694444375000003 0.71171875 0.2541666671875 0.71328125 0.2541666671875 0.725 0.259722221875 0.728125 0.2833333328125 0.725 0.2888888890625 0.7203125
0 0.527777778125 0.5234375 0.5333333328125 0.5203125 0.5361111109375 0.51328125 0.5416666671875 0.5125 0.54444444375 0.509375 0.54444444375 0.50078125 0.5305555562500001 0.49296875 0.5013888890625 0.49296875 0.4986111109375 0.49453125 0.4986111109375 0.51875 0.5041666671875 0.5234375 0.527777778125 0.5234375
0 0.51944444375 0.5421875 0.527777778125 0.53125 0.527777778125 0.52734375 0.522222221875 0.52421875 0.5013888890625 0.52421875 0.4986111109375 0.52578125 0.4986111109375 0.540625 0.5041666671875 0.54375 0.51944444375 0.5421875
0 0.33055555625 0.3375 0.3361111109375 0.33203125 0.34444444375 0.3296875 0.3416666671875 0.31953125 0.3125 0.31796875 0.309722221875 0.31953125 0.309722221875 0.3359375 0.3125 0.3375 0.33055555625 0.3375
0 0.909722221875 0.765625 0.9166666671874999 0.765625 0.9277777781250001 0.7625 0.9333333328125001 0.759375 0.9333333328125001 0.75234375 0.925 0.746875 0.925 0.74453125 0.91944444375 0.74296875 0.890277778125 0.74296875 0.8875 0.74453125 0.8875 0.7609375 0.89305555625 0.7640625 0.9083333328125001 0.7671875 0.909722221875 0.765625
0 0.5666666671875 0.3796875 0.5666666671875 0.36328125 0.5458333328125 0.36171875 0.54305555625 0.36328125 0.54305555625 0.3796875 0.5638888890625 0.38125 0.5666666671875 0.3796875
0 0.427777778125 0.24375 0.4361111109375 0.2359375 0.43333333281249997 0.22578125 0.43055555625 0.22421875 0.40138888906250003 0.22421875 0.3986111109375 0.22578125 0.3986111109375 0.2421875 0.40138888906250003 0.24375 0.427777778125 0.24375
0 0.54444444375 0.33203125 0.5236111109375 0.33046875 0.5208333328125 0.33203125 0.5236111109375 0.346875 0.5416666671875 0.3484375 0.54444444375 0.33203125
0 0.3861111109375 0.2359375 0.3888888890625 0.21953125 0.3861111109375 0.21796875 0.35694444375 0.21796875 0.3541666671875 0.21953125 0.3541666671875 0.234375 0.3625 0.2375 0.3861111109375 0.2359375
0 0.425 0.27578125 0.41944444374999995 0.27421875 0.3986111109375 0.27578125 0.40138888906250003 0.2875 0.41944444374999995 0.2875 0.427777778125 0.284375 0.425 0.27578125
0 0.39027777812500003 0.3125 0.39444444375 0.3125 0.40138888906250003 0.3171875 0.40833333281249995 0.3171875 0.415277778125 0.3125 0.41944444374999995 0.3125 0.41944444374999995 0.31015625 0.43055555625 0.3046875 0.43055555625 0.30078125 0.43333333281249997 0.3 0.43055555625 0.29296875 0.39027777812500003 0.29296875 0.3875 0.29453125 0.3875 0.309375 0.39027777812500003 0.3125
0 0.58055555625 0.4625 0.58055555625 0.45234375 0.575 0.44921875 0.55694444375 0.44921875 0.5541666671875001 0.465625 0.559722221875 0.46875 0.575 0.46875 0.58055555625 0.4625
0 0.6166666671875001 0.3703125 0.625 0.365625 0.625 0.35703125 0.6013888890625 0.35546875 0.5986111109375 0.35703125 0.5986111109375 0.3671875 0.6041666671875 0.3703125 0.6166666671875001 0.3703125
0 0.5638888890625 0.31875 0.5611111109375 0.31171875 0.534722221875 0.31171875 0.5319444437499999 0.31328125 0.5319444437499999 0.3234375 0.534722221875 0.325 0.5527777781250001 0.325 0.5638888890625 0.31875
0 0.6125 0.3984375 0.61944444375 0.3984375 0.61944444375 0.39609375 0.63055555625 0.3921875 0.63055555625 0.38046875 0.61944444375 0.37421875 0.6013888890625 0.37421875 0.5986111109375 0.37578125 0.6013888890625 0.3921875 0.6083333328125 0.39375 0.6125 0.3984375
0 0.61944444375 0.55625 0.622222221875 0.5546875 0.622222221875 0.54453125 0.61944444375 0.54296875 0.6013888890625 0.54296875 0.5986111109375 0.54453125 0.5986111109375 0.5546875 0.6013888890625 0.55625 0.61944444375 0.55625
0 0.33055555625 0.47578125 0.322222221875 0.47421875 0.2791666671875 0.47421875 0.27638888906250003 0.47578125 0.2791666671875 0.4875 0.3111111109375 0.4875 0.33055555625 0.48125 0.33055555625 0.47578125
0 0.40416666718750005 0.31875 0.4138888890625 0.31875 0.43055555625 0.309375 0.43055555625 0.30390625 0.43333333281249997 0.303125 0.43333333281249997 0.29453125 0.43055555625 0.29296875 0.40138888906250003 0.29296875 0.3986111109375 0.29453125 0.3986111109375 0.3140625 0.40416666718750005 0.31875
0 0.42222222187499997 0.30703125 0.41805555625 0.30703125 0.40972222187499996 0.31328125 0.40972222187499996 0.3203125 0.4125 0.32109375 0.4125 0.3234375 0.427777778125 0.321875 0.4388888890625 0.315625 0.44166666718750003 0.30703125 0.4375 0.30703125 0.4361111109375 0.30546875 0.4236111109375 0.30546875 0.42222222187499997 0.30703125
0 0.73055555625 0.8 0.7388888890625 0.796875 0.7388888890625 0.78671875 0.73055555625 0.78046875 0.7236111109375 0.78046875 0.7208333328125 0.78203125 0.7208333328125 0.796875 0.7263888890625 0.8 0.73055555625 0.8
0 0.3875 0.0484375 0.39305555625 0.0515625 0.4138888890625 0.0515625 0.425 0.046875 0.425 0.03671875 0.42222222187499997 0.0359375 0.42222222187499997 0.03203125 0.41944444374999995 0.03046875 0.40138888906250003 0.03046875 0.39027777812500003 0.03671875 0.39027777812500003 0.0390625 0.3875 0.03984375 0.3875 0.0484375
0 0.522222221875 0.4921875 0.527777778125 0.4875 0.527777778125 0.48359375 0.51944444375 0.48046875 0.5069444437499999 0.48203125 0.5041666671875 0.48359375 0.5069444437499999 0.4890625 0.5125 0.4921875 0.522222221875 0.4921875
0 0.3111111109375 0.3046875 0.3083333328125 0.29921875 0.27638888906250003 0.30078125 0.27638888906250003 0.3046875 0.28194444375 0.3078125 0.302777778125 0.3078125 0.3111111109375 0.3046875
0 0.9902777781250001 0.11796875 0.9875 0.1421875 0.997222221875 0.14375 0.9986111109375001 0.11953125 0.9902777781250001 0.11796875
0 0.7111111109375 0.6046875 0.7083333328125 0.59921875 0.690277778125 0.59921875 0.6875 0.60078125 0.6875 0.6046875 0.69305555625 0.609375 0.70555555625 0.6078125 0.7111111109375 0.6046875
0 0.58055555625 0.65703125 0.56805555625 0.65546875 0.565277778125 0.6671875 0.575 0.6703125 0.58055555625 0.665625 0.58055555625 0.65703125
0 0.5333333328125 0.18125 0.5305555562500001 0.17421875 0.51805555625 0.17578125 0.5166666671875 0.18203125 0.5138888890625 0.17578125 0.4986111109375 0.17578125 0.5013888890625 0.1875 0.515277778125 0.184375 0.5305555562500001 0.184375 0.5333333328125 0.18125
0 0.5083333328124999 0.45 0.5111111109375 0.4484375 0.5111111109375 0.44453125 0.5083333328124999 0.44296875 0.5013888890625 0.44296875 0.4986111109375 0.44453125 0.4986111109375 0.4484375 0.5013888890625 0.45 0.5083333328124999 0.45