0 0.5319444437499999 0.5921875 0.5388888890625 0.59375 0.5486111109375 0.6 0.5666666671875 0.6 0.5763888890625 0.5953125 0.5888888890625 0.5921875 0.5888888890625 0.58984375 0.5944444437499999 0.5859375 0.5944444437499999 0.58203125 0.597222221875 0.58125 0.5944444437499999 0.57109375 0.5916666671875 0.5703125 0.5888888890625 0.56484375 0.58055555625 0.56171875 0.54305555625 0.56171875 0.5416666671875 0.56328125 0.5375 0.56328125 0.5319444437499999 0.56796875 0.5319444437499999 0.5921875
0 0.6583333328125 0.6875 0.6666666671875 0.6828125 0.6666666671875 0.67421875 0.66944444375 0.6734375 0.6666666671875 0.66328125 0.6583333328125 0.659375 0.6583333328125 0.65703125 0.652777778125 0.65546875 0.6180555562500001 0.65546875 0.6125 0.65703125 0.609722221875 0.66015625 0.609722221875 0.684375 0.6236111109375 0.6890625 0.6583333328125 0.6875
0 0.434722221875 0.3921875 0.44166666718750003 0.3921875 0.4486111109375 0.3875 0.45555555625000005 0.3875 0.46388888906250003 0.384375 0.46666666718750005 0.36328125 0.4611111109375 0.36171875 0.4125 0.36171875 0.40972222187499996 0.36328125 0.40972222187499996 0.3828125 0.4125 0.3859375 0.425 0.3875 0.434722221875 0.3921875
0 0.64444444375 0.8 0.6541666671875 0.803125 0.675 0.803125 0.6763888890625 0.8015625 0.6861111109375 0.8 0.6972222218749999 0.7921875 0.6972222218749999 0.78203125 0.6888888890625 0.77890625 0.68194444375 0.77890625 0.6777777781250001 0.77578125 0.6736111109375 0.77578125 0.6638888890625 0.76796875 0.6347222218749999 0.76796875 0.6319444437499999 0.76953125 0.6319444437499999 0.796875 0.6375 0.8 0.64444444375 0.8
0 0.51944444375 0.365625 0.5208333328125 0.3640625 0.5305555562500001 0.3625 0.5333333328125 0.35859375 0.5416666671875 0.3546875 0.5416666671875 0.34921875 0.54444444375 0.3484375 0.54444444375 0.34609375 0.5361111109375 0.340625 0.5361111109375 0.33828125 0.5291666671875 0.33671875 0.51944444375 0.33046875 0.490277778125 0.33046875 0.4875 0.33203125 0.4875 0.3609375 0.5013888890625 0.365625 0.51944444375 0.365625
0 0.527777778125 0.1625 0.534722221875 0.165625 0.54444444375 0.165625 0.5458333328125 0.1671875 0.5611111109375 0.1671875 0.5708333328124999 0.1609375 0.575 0.1609375 0.577777778125 0.14453125 0.5722222218749999 0.1421875 0.5722222218749999 0.13984375 0.5611111109375 0.13203125 0.55694444375 0.13203125 0.5555555562500001 0.13046875 0.5236111109375 0.13046875 0.522222221875 0.13203125 0.51805555625 0.13203125 0.5097222218749999 0.13828125 0.5097222218749999 0.1546875 0.5208333328125 0.1625 0.527777778125 0.1625
0 0.33055555625 0.89375 0.3333333328125 0.88984375 0.3416666671875 0.8859375 0.3416666671875 0.88203125 0.34444444375 0.88125 0.34444444375 0.87265625 0.3361111109375 0.8671875 0.3361111109375 0.86484375 0.33055555625 0.86171875 0.290277778125 0.86171875 0.2875 0.86328125 0.2875 0.890625 0.3013888890625 0.8953125 0.33055555625 0.89375
0 0.63055555625 0.615625 0.6319444437499999 0.6140625 0.652777778125 0.6109375 0.6555555562500001 0.609375 0.6555555562500001 0.60546875 0.6583333328125 0.6046875 0.6583333328125 0.59296875 0.6555555562500001 0.5921875 0.652777778125 0.58359375 0.64444444375 0.58046875 0.6152777781250001 0.58046875 0.609722221875 0.58359375 0.609722221875 0.609375 0.6236111109375 0.615625 0.63055555625 0.615625
0 0.690277778125 0.9671875 0.709722221875 0.975 0.7361111109375 0.975 0.7375 0.9734375 0.7416666671875001 0.9734375 0.74444444375 0.96953125 0.752777778125 0.965625 0.752777778125 0.95390625 0.75 0.953125 0.74444444375 0.94453125 0.7416666671875001 0.94296875 0.7013888890625 0.94296875 0.7 0.94453125 0.69305555625 0.94453125 0.6875 0.94921875 0.6875 0.9640625 0.690277778125 0.96484375 0.690277778125 0.9671875
0 0.5305555562500001 0.5046875 0.5333333328125 0.503125 0.5333333328125 0.49296875 0.522222221875 0.4828125 0.522222221875 0.47578125 0.5166666671875 0.47421875 0.490277778125 0.47421875 0.4875 0.47578125 0.4875 0.4984375 0.5125 0.5046875 0.5305555562500001 0.5046875
0 0.5236111109375 0.48828125 0.5236111109375 0.4921875 0.5319444437499999 0.49609375 0.534722221875 0.5 0.54444444375 0.5 0.5458333328125 0.5015625 0.5638888890625 0.5 0.5861111109375 0.490625 0.5861111109375 0.48828125 0.5888888890625 0.4875 0.5888888890625 0.47578125 0.58194444375 0.47421875 0.575 0.46796875 0.5291666671875 0.46796875 0.527777778125 0.46953125 0.5236111109375 0.46953125 0.5236111109375 0.471875 0.5208333328125 0.47265625 0.5208333328125 0.4875 0.5236111109375 0.48828125
0 0.46527777812500004 0.16875 0.46805555625000006 0.16953125 0.46805555625000006 0.171875 0.4763888890625 0.175 0.5 0.175 0.5166666671875 0.1671875 0.5166666671875 0.15703125 0.5111111109375 0.153125 0.5111111109375 0.14453125 0.5083333328124999 0.14296875 0.4791666671875 0.14296875 0.477777778125 0.14453125 0.47361111093749997 0.14453125 0.46527777812500004 0.15078125 0.46527777812500004 0.16875
0 0.434722221875 0.1375 0.44444444375 0.1375 0.45555555625000005 0.1296875 0.45555555625000005 0.12109375 0.45 0.11796875 0.4125 0.11796875 0.40972222187499996 0.11953125 0.40972222187499996 0.1359375 0.415277778125 0.1390625 0.43333333281249997 0.1390625 0.434722221875 0.1375
0 0.40416666718750005 0.4078125 0.42222222187499997 0.40625 0.427777778125 0.4046875 0.43333333281249997 0.4 0.43333333281249997 0.39296875 0.43055555625 0.38984375 0.42222222187499997 0.38671875 0.39305555625 0.38671875 0.3875 0.38984375 0.3875 0.4078125 0.39027777812500003 0.4109375 0.4 0.4109375 0.40416666718750005 0.4078125
0 0.5097222218749999 0.0546875 0.515277778125 0.0578125 0.5388888890625 0.0578125 0.540277778125 0.05625 0.55 0.0546875 0.5555555562500001 0.05 0.5555555562500001 0.03203125 0.5416666671875 0.02421875 0.5208333328125 0.02421875 0.51944444375 0.02578125 0.515277778125 0.02578125 0.5097222218749999 0.03046875 0.5097222218749999 0.0546875
0 0.525 0.64375 0.5263888890625 0.6453125 0.55 0.6453125 0.5555555562500001 0.64375 0.5666666671875 0.6359375 0.5666666671875 0.63046875 0.5694444437499999 0.6296875 0.5666666671875 0.61953125 0.5527777781250001 0.61171875 0.515277778125 0.61171875 0.5097222218749999 0.61484375 0.5097222218749999 0.640625 0.515277778125 0.64375 0.525 0.64375
0 0.5138888890625 0.6671875 0.522222221875 0.6609375 0.522222221875 0.65234375 0.5166666671875 0.64921875 0.490277778125 0.64921875 0.4875 0.65078125 0.490277778125 0.6671875 0.49583333281249997 0.66875 0.5138888890625 0.6671875
0 0.56805555625 0.6234375 0.5763888890625 0.6265625 0.597222221875 0.625 0.6 0.62109375 0.6083333328125 0.6171875 0.6083333328125 0.61171875 0.6111111109375 0.6109375 0.6083333328125 0.60234375 0.6 0.59921875 0.56805555625 0.59921875 0.565277778125 0.60078125 0.565277778125 0.61875 0.56805555625 0.61953125 0.56805555625 0.6234375
0 0.6416666671875 0.51875 0.647222221875 0.515625 0.647222221875 0.51171875 0.652777778125 0.5078125 0.652777778125 0.49765625 0.65 0.49453125 0.64444444375 0.4921875 0.64444444375 0.48984375 0.6361111109375 0.48671875 0.6125 0.48671875 0.609722221875 0.48828125 0.609722221875 0.5109375 0.6236111109375 0.51875 0.6416666671875 0.51875
0 0.60555555625 0.71875 0.6138888890625 0.7125 0.6111111109375 0.69453125 0.6083333328125 0.69296875 0.5791666671875 0.69296875 0.5763888890625 0.69453125 0.5763888890625 0.7171875 0.5791666671875 0.71875 0.60555555625 0.71875
0 0.6 0.6734375 0.6111111109375 0.6671875 0.6111111109375 0.65859375 0.60555555625 0.65546875 0.5791666671875 0.65546875 0.5763888890625 0.65703125 0.5763888890625 0.6734375 0.5791666671875 0.675 0.6 0.6734375
0 0.597222221875 0.31875 0.6111111109375 0.309375 0.6083333328125 0.30234375 0.60555555625 0.30078125 0.6013888890625 0.30078125 0.6 0.29921875 0.5791666671875 0.29921875 0.5763888890625 0.30078125 0.5763888890625 0.3171875 0.5791666671875 0.31875 0.597222221875 0.31875
0 0.3541666671875 0.5734375 0.36944444375 0.571875 0.377777778125 0.565625 0.377777778125 0.55078125 0.375 0.54921875 0.334722221875 0.54921875 0.33194444375 0.55078125 0.33194444375 0.5671875 0.3375 0.5703125 0.3541666671875 0.5734375
0 0.7083333328125 0.4296875 0.7111111109375 0.41484375 0.70555555625 0.41171875 0.6791666671875001 0.41171875 0.6763888890625 0.41328125 0.6791666671875001 0.4328125 0.6944444437499999 0.4328125 0.7083333328125 0.4296875
0 0.5666666671875 0.34375 0.58055555625 0.334375 0.58055555625 0.32421875 0.577777778125 0.3234375 0.577777778125 0.32109375 0.575 0.31953125 0.559722221875 0.31953125 0.5583333328125 0.31796875 0.534722221875 0.31796875 0.5319444437499999 0.31953125 0.5319444437499999 0.3359375 0.54305555625 0.3421875 0.5666666671875 0.34375
0 0.6777777781250001 0.62734375 0.6888888890625 0.6234375 0.6888888890625 0.61953125 0.6916666671875 0.61875 0.6916666671875 0.61484375 0.6861111109375 0.61171875 0.6458333328125 0.61171875 0.64305555625 0.61328125 0.64305555625 0.628125 0.6513888890625 0.6328125 0.675 0.63125 0.6777777781250001 0.62734375
0 0.1111111109375 0.878125 0.13055555624999998 0.8734375 0.13333333281249998 0.8703125 0.13333333281249998 0.85703125 0.127777778125 0.85546875 0.0958333328125 0.85546875 0.090277778125 0.85703125 0.0875 0.86015625 0.0875 0.8734375 0.09305555625 0.8765625 0.1111111109375 0.878125
0 0.6361111109375 0.3140625 0.64444444375 0.3109375 0.64444444375 0.30703125 0.6555555562500001 0.2984375 0.652777778125 0.29296875 0.6236111109375 0.29296875 0.6208333328125 0.29453125 0.6236111109375 0.3140625 0.6361111109375 0.3140625
0 0.4 0.61875 0.40833333281249995 0.6140625 0.40833333281249995 0.60703125 0.40555555625000006 0.60625 0.40555555625000006 0.60390625 0.397222221875 0.59921875 0.3791666671875 0.59921875 0.3763888890625 0.60078125 0.3763888890625 0.6171875 0.38194444375000003 0.6203125 0.4 0.61875
0 0.7138888890625 0.5046875 0.722222221875 0.4984375 0.7194444437499999 0.48828125 0.7138888890625 0.48671875 0.690277778125 0.48671875 0.6875 0.48828125 0.6875 0.503125 0.69305555625 0.50625 0.7138888890625 0.5046875
0 0.477777778125 0.4421875 0.475 0.43359375 0.46666666718750005 0.43046875 0.45694444375 0.43046875 0.45416666718750004 0.43203125 0.45694444375 0.4453125 0.47222222187499996 0.4453125 0.477777778125 0.4421875
0 0.997222221875 0.66796875 0.9791666671874999 0.66796875 0.9763888890624999 0.66953125 0.9791666671874999 0.6828125 0.997222221875 0.684375 0.997222221875 0.66796875
0 0.477777778125 0.85703125 0.475 0.85546875 0.4458333328125 0.85546875 0.44305555625000004 0.8671875 0.4458333328125 0.86875 0.46666666718750005 0.86875 0.475 0.8640625 0.477777778125 0.85703125
0 0.45277777812500003 0.59296875 0.4236111109375 0.59296875 0.42083333281249996 0.59453125 0.4236111109375 0.60625 0.44444444375 0.6078125 0.45555555625000005 0.6046875 0.45277777812500003 0.59296875
0 0.46666666718750005 0.1609375 0.46666666718750005 0.15390625 0.475 0.1484375 0.475 0.14453125 0.4458333328125 0.14296875 0.44305555625000004 0.1609375 0.4458333328125 0.1640625 0.4583333328125 0.1640625 0.46666666718750005 0.1609375
0 0.74444444375 0.496875 0.74444444375 0.48203125 0.7236111109375 0.48046875 0.7208333328125 0.496875 0.7263888890625 0.5 0.7388888890625 0.5 0.74444444375 0.496875
0 0.2888888890625 0.778125 0.29722222187499997 0.7734375 0.2916666671875 0.76328125 0.28611111093749997 0.76171875 0.26805555625 0.76171875 0.26527777812500003 0.76328125 0.26527777812500003 0.7734375 0.2708333328125 0.778125 0.2888888890625 0.778125
0 0.31944444375000003 0.7734375 0.33055555625 0.7671875 0.33055555625 0.75703125 0.3013888890625 0.75546875 0.2986111109375 0.75703125 0.2986111109375 0.771875 0.3013888890625 0.7734375 0.31944444375000003 0.7734375
0 0.6833333328125 0.434375 0.6861111109375 0.42734375 0.6805555562500001 0.425 0.6777777781250001 0.41953125 0.6569444437499999 0.41796875 0.6541666671875 0.41953125 0.6541666671875 0.4296875 0.66805555625 0.434375 0.6833333328125 0.434375
0 0.55 0.2875 0.55 0.28203125 0.534722221875 0.28046875 0.5319444437499999 0.28203125 0.5319444437499999 0.2984375 0.5416666671875 0.3 0.55 0.2875
0 0.3138888890625 0.775 0.33055555625 0.7671875 0.33055555625 0.75703125 0.325 0.75546875 0.29305555625 0.75546875 0.2875 0.75859375 0.2875 0.771875 0.290277778125 0.77265625 0.290277778125 0.7765625 0.3138888890625 0.775
0 0.497222221875 0.175 0.5138888890625 0.1671875 0.5166666671875 0.1640625 0.5166666671875 0.15546875 0.5138888890625 0.1546875 0.5111111109375 0.13984375 0.502777778125 0.13671875 0.48472222187499997 0.13671875 0.4763888890625 0.14140625 0.4763888890625 0.1734375 0.4791666671875 0.175 0.497222221875 0.175
0 0.7333333328125 0.61953125 0.727777778125 0.61796875 0.6986111109375 0.61953125 0.7013888890625 0.6328125 0.722222221875 0.6328125 0.7333333328125 0.628125 0.7333333328125 0.61953125
0 0.652777778125 0.31796875 0.6319444437499999 0.31953125 0.6347222218749999 0.3265625 0.64444444375 0.3265625 0.6555555562500001 0.3234375 0.652777778125 0.31796875
0 0.5388888890625 0.184375 0.5416666671875 0.18125 0.5416666671875 0.16953125 0.5069444437499999 0.16796875 0.50555555625 0.16953125 0.49305555625 0.16953125 0.4875 0.17421875 0.490277778125 0.1828125 0.5013888890625 0.1875 0.5333333328125 0.1859375 0.5388888890625 0.184375
0 0.7416666671875001 0.4984375 0.74444444375 0.4953125 0.7416666671875001 0.48203125 0.722222221875 0.48046875 0.6986111109375 0.48203125 0.7013888890625 0.5046875 0.7111111109375 0.5046875 0.7263888890625 0.4984375 0.7416666671875001 0.4984375
0 0.6916666671875 0.4296875 0.6916666671875 0.42578125 0.6805555562500001 0.4234375 0.68194444375 0.4171875 0.6958333328124999 0.42109375 0.6986111109375 0.428125 0.7083333328125 0.4265625 0.7083333328125 0.41328125 0.684722221875 0.41328125 0.68194444375 0.41484375 0.659722221875 0.41171875 0.6541666671875 0.41484375 0.6541666671875 0.4296875 0.659722221875 0.4328125 0.6861111109375 0.434375 0.6916666671875 0.4296875
0 0.5 0.39453125 0.490277778125 0.39296875 0.4875 0.3984375 0.490277778125 0.4015625 0.497222221875 0.4015625 0.5 0.39453125