0 0.40138888906250003 0.734375 0.40833333281249995 0.734375 0.415277778125 0.73125 0.43055555625 0.7296875 0.43333333281249997 0.7265625 0.43333333281249997 0.70859375 0.427777778125 0.70546875 0.3791666671875 0.70546875 0.3763888890625 0.70703125 0.3763888890625 0.725 0.38194444375000003 0.7296875 0.39444444375 0.73125 0.40138888906250003 0.734375
0 0.2208333328125 0.0921875 0.23472222187499997 0.1 0.24444444375000002 0.1 0.24583333281250003 0.1015625 0.252777778125 0.1015625 0.2541666671875 0.1 0.2666666671875 0.1 0.27777777812500004 0.09375 0.27777777812500004 0.07578125 0.2638888890625 0.06796875 0.23194444375 0.06796875 0.23055555625 0.06953125 0.22638888906250001 0.06953125 0.2236111109375 0.07109375 0.2236111109375 0.0734375 0.2208333328125 0.07421875 0.2208333328125 0.0921875
0 0.7569444437499999 0.178125 0.76805555625 0.184375 0.772222221875 0.184375 0.7791666671875 0.1875 0.8055555562500001 0.1875 0.80694444375 0.1859375 0.8166666671874999 0.184375 0.83055555625 0.1765625 0.83055555625 0.17421875 0.8333333328125001 0.1734375 0.8333333328125001 0.15078125 0.83055555625 0.14921875 0.8263888890625 0.14921875 0.8222222218749999 0.146875 0.8222222218749999 0.14453125 0.8194444437499999 0.14296875 0.76805555625 0.14296875 0.7541666671875 0.15078125 0.7541666671875 0.175 0.7569444437499999 0.17578125 0.7569444437499999 0.178125
0 0.2388888890625 0.425 0.24722222187499998 0.4171875 0.24722222187499998 0.40703125 0.2416666671875 0.40546875 0.2125 0.40546875 0.20972222187499998 0.40703125 0.2125 0.4203125 0.2236111109375 0.425 0.2388888890625 0.425
0 0.6763888890625 0.084375 0.6875 0.08984375 0.690277778125 0.09375 0.6972222218749999 0.09375 0.7041666671875 0.096875 0.725 0.0953125 0.7263888890625 0.09375 0.73055555625 0.09375 0.7333333328125 0.08984375 0.7416666671875001 0.0859375 0.7416666671875001 0.08359375 0.747222221875 0.0796875 0.747222221875 0.07578125 0.752777778125 0.0734375 0.752777778125 0.06171875 0.7388888890625 0.04921875 0.6875 0.04921875 0.6861111109375 0.05078125 0.68194444375 0.05078125 0.6763888890625 0.05546875 0.6763888890625 0.084375
0 0.7430555562500001 0.0828125 0.73194444375 0.08828125 0.73194444375 0.0984375 0.734722221875 0.1 0.7388888890625 0.1 0.7402777781250001 0.1015625 0.75 0.1015625 0.7541666671875 0.1046875 0.7583333328124999 0.1046875 0.76805555625 0.1109375 0.777777778125 0.1109375 0.7888888890625 0.103125 0.7888888890625 0.08515625 0.7861111109375 0.084375 0.7861111109375 0.08203125 0.777777778125 0.078125 0.777777778125 0.07578125 0.775 0.07421875 0.7541666671875 0.07421875 0.752777778125 0.07578125 0.7486111109375 0.07578125 0.7458333328125 0.07734375 0.7430555562500001 0.0828125
0 0.93194444375 0.615625 0.9458333328125 0.6234375 0.95 0.6234375 0.9513888890625 0.625 0.9833333328125 0.625 0.997222221875 0.6140625 0.997222221875 0.59921875 0.99444444375 0.59765625 0.9875 0.59765625 0.9861111109375 0.59609375 0.98194444375 0.59609375 0.972222221875 0.60390625 0.9625 0.60390625 0.9583333328125001 0.6015625 0.9583333328125001 0.59921875 0.952777778125 0.596875 0.952777778125 0.59453125 0.94305555625 0.59453125 0.9416666671874999 0.59609375 0.9375 0.59609375 0.934722221875 0.59765625 0.934722221875 0.6 0.93194444375 0.60078125 0.93194444375 0.615625
0 0.09305555625 0.34375 0.1 0.3421875 0.1 0.33359375 0.09444444375 0.33046875 0.06805555625000001 0.33046875 0.06527777812499999 0.33203125 0.06527777812499999 0.3421875 0.07083333281250001 0.346875 0.0861111109375 0.3484375 0.09305555625 0.34375
0 0.027777778125000003 0.08125 0.04444444375 0.0734375 0.04444444375 0.06171875 0.0416666671875 0.05859375 0.0333333328125 0.05546875 0.0125 0.05546875 0.009722221875000001 0.05703125 0.009722221875000001 0.0796875 0.0125 0.08125 0.027777778125000003 0.08125
0 0.8041666671875 0.1421875 0.8083333328125001 0.1421875 0.809722221875 0.14375 0.8166666671874999 0.14375 0.8263888890625 0.15 0.8444444437499999 0.15 0.8541666671874999 0.1453125 0.8583333328125 0.1453125 0.859722221875 0.14375 0.8638888890624999 0.14375 0.8666666671875 0.1421875 0.8666666671875 0.13828125 0.872222221875 0.134375 0.875 0.12578125 0.86944444375 0.1234375 0.8666666671875 0.11328125 0.8638888890624999 0.11171875 0.8125 0.11171875 0.7986111109375 0.11953125 0.7986111109375 0.1359375 0.8013888890624999 0.13671875 0.8013888890624999 0.140625 0.8041666671875 0.1421875
0 0.19444444375 0.13125 0.20694444375 0.125 0.21944444375 0.125 0.225 0.11875 0.222222221875 0.10234375 0.2166666671875 0.09921875 0.17916666718750002 0.09921875 0.1763888890625 0.10078125 0.1763888890625 0.1265625 0.17916666718750002 0.1296875 0.19444444375 0.13125
0 0.140277778125 0.2390625 0.16388888906250001 0.2390625 0.165277778125 0.2375 0.172222221875 0.2375 0.177777778125 0.234375 0.177777778125 0.21953125 0.16388888906250001 0.21171875 0.12361111093749999 0.21171875 0.1208333328125 0.21328125 0.1208333328125 0.2296875 0.1291666671875 0.2359375 0.13333333281249998 0.2359375 0.140277778125 0.2390625
0 0.375 0.51875 0.38055555625 0.509375 0.377777778125 0.50078125 0.375 0.49921875 0.3458333328125 0.49921875 0.34305555625 0.50078125 0.34305555625 0.5171875 0.34861111093749997 0.5203125 0.375 0.51875
0 0.8013888890624999 0.6421875 0.8083333328125001 0.6421875 0.809722221875 0.64375 0.827777778125 0.64375 0.8291666671875 0.6421875 0.8388888890624999 0.6421875 0.85555555625 0.6296875 0.852777778125 0.62109375 0.8444444437499999 0.6171875 0.8444444437499999 0.61484375 0.8388888890624999 0.61171875 0.8013888890624999 0.61171875 0.7986111109375 0.61328125 0.7986111109375 0.6390625 0.8013888890624999 0.63984375 0.8013888890624999 0.6421875
0 0.49444444374999996 0.10625 0.502777778125 0.0984375 0.502777778125 0.08984375 0.497222221875 0.08671875 0.46805555625000006 0.08671875 0.46527777812500004 0.08828125 0.46527777812500004 0.1046875 0.46805555625000006 0.1078125 0.49444444374999996 0.10625
0 0.7013888890625 0.4859375 0.7194444437499999 0.4859375 0.7263888890625 0.48125 0.7416666671875001 0.48125 0.752777778125 0.4765625 0.75555555625 0.46953125 0.74444444375 0.45703125 0.7388888890625 0.45546875 0.709722221875 0.45546875 0.7083333328125 0.45703125 0.7013888890625 0.45703125 0.7013888890625 0.4609375 0.6986111109375 0.46171875 0.6986111109375 0.4828125 0.7013888890625 0.4859375
0 0.15555555625 0.721875 0.15555555625 0.70703125 0.12361111093749999 0.70546875 0.1208333328125 0.70703125 0.12361111093749999 0.7234375 0.15 0.725 0.15555555625 0.721875
0 0.4888888890625 0.6734375 0.4861111109375 0.66328125 0.4791666671875 0.66328125 0.477777778125 0.66171875 0.440277778125 0.66171875 0.4388888890625 0.66328125 0.434722221875 0.66328125 0.434722221875 0.665625 0.43194444374999996 0.66640625 0.43194444374999996 0.6734375 0.4458333328125 0.68125 0.477777778125 0.68125 0.4888888890625 0.6734375
0 0.3986111109375 0.2421875 0.40972222187499996 0.25 0.41944444374999995 0.2515625 0.4236111109375 0.2546875 0.44166666718750003 0.2546875 0.4486111109375 0.25 0.45277777812500003 0.25 0.45555555625000005 0.2484375 0.45555555625000005 0.24453125 0.4583333328125 0.24375 0.4583333328125 0.24140625 0.46388888906250003 0.2375 0.46388888906250003 0.23046875 0.4583333328125 0.228125 0.45555555625000005 0.22109375 0.45277777812500003 0.21953125 0.4486111109375 0.21953125 0.447222221875 0.21796875 0.4125 0.21796875 0.41111111093749997 0.21953125 0.40694444374999994 0.21953125 0.3986111109375 0.22578125 0.3986111109375 0.2421875
0 0.5263888890625 0.3703125 0.5305555562500001 0.3703125 0.5416666671875 0.3640625 0.5416666671875 0.36171875 0.54444444375 0.3609375 0.5416666671875 0.35234375 0.5388888890625 0.35078125 0.534722221875 0.35078125 0.5333333328125 0.34921875 0.5013888890625 0.34921875 0.4986111109375 0.35078125 0.4986111109375 0.3671875 0.5125 0.3734375 0.522222221875 0.3734375 0.5263888890625 0.3703125
0 0.1666666671875 0.0546875 0.1763888890625 0.0609375 0.197222221875 0.0609375 0.197222221875 0.06015625 0.21111111093749999 0.053125 0.21111111093749999 0.03828125 0.20972222187499998 0.03828125 0.20833333281250002 0.03671875 0.16805555625 0.03671875 0.16805555625 0.0375 0.165277778125 0.03828125 0.165277778125 0.0546875 0.1666666671875 0.0546875
0 0.7763888890625 0.0375 0.79444444375 0.0375 0.8 0.0359375 0.8 0.03046875 0.8027777781250001 0.0296875 0.8027777781250001 0.02578125 0.79444444375 0.02109375 0.8111111109375001 0.0109375 0.8111111109375001 0.00703125 0.8083333328125001 0.00546875 0.7708333328125 0.00546875 0.765277778125 0.00859375 0.765277778125 0.03125 0.76805555625 0.034375 0.7763888890625 0.0375
0 0.6541666671875 0 0.6541666671875 0.0109375 0.66805555625 0.0140625 0.6972222218749999 0.0125 0.70555555625 0.0046875 0.70555555625 0 0.6541666671875 0
0 0.48333333281249996 0.05 0.497222221875 0.0421875 0.497222221875 0.03359375 0.4916666671875 0.03046875 0.4875 0.03046875 0.48055555625 0.02578125 0.4763888890625 0.02578125 0.475 0.02421875 0.45694444375 0.02421875 0.45416666718750004 0.02578125 0.45416666718750004 0.0484375 0.45694444375 0.05 0.48333333281249996 0.05
0 0.95 0.0796875 0.9541666671875 0.0765625 0.9611111109375001 0.0765625 0.972222221875 0.0734375 0.977777778125 0.06875 0.977777778125 0.06171875 0.98055555625 0.0609375 0.975 0.04453125 0.9680555562500001 0.04453125 0.9666666671874999 0.04296875 0.9263888890624999 0.04296875 0.9208333328125 0.04609375 0.9208333328125 0.0734375 0.934722221875 0.0796875 0.95 0.0796875
0 0.8458333328125001 0.28125 0.8666666671875 0.28125 0.872222221875 0.2796875 0.88055555625 0.271875 0.877777778125 0.25703125 0.875 0.25546875 0.8375 0.25546875 0.83194444375 0.25859375 0.83194444375 0.275 0.834722221875 0.278125 0.8458333328125001 0.28125
0 0.9013888890624999 0.1328125 0.922222221875 0.1328125 0.9361111109375001 0.1296875 0.9416666671874999 0.1265625 0.9444444437499999 0.11796875 0.9472222218749999 0.1171875 0.9444444437499999 0.10234375 0.9388888890624999 0.09921875 0.890277778125 0.10078125 0.890277778125 0.1046875 0.8875 0.10546875 0.8875 0.128125 0.9013888890624999 0.1328125
0 0.28055555625 0.3375 0.28611111093749997 0.3359375 0.28611111093749997 0.33359375 0.29444444375 0.3296875 0.29722222187499997 0.3234375 0.2888888890625 0.31328125 0.24583333281250003 0.31171875 0.24305555625 0.31328125 0.24305555625 0.3359375 0.24583333281250003 0.3375 0.28055555625 0.3375
0 0.1888888890625 0.153125 0.19583333281249998 0.1578125 0.2 0.1578125 0.20416666718749998 0.1609375 0.21944444375 0.1609375 0.21944444375 0.16015625 0.23055555625 0.1546875 0.23055555625 0.14296875 0.23333333281250002 0.1421875 0.23333333281250002 0.12734375 0.23194444375 0.12734375 0.22777777812500002 0.12421875 0.20138888906250002 0.12421875 0.20138888906250002 0.125 0.1875 0.13203125 0.1875 0.153125 0.1888888890625 0.153125
0 0.3458333328125 0.24765625 0.3458333328125 0.25 0.35555555625 0.2515625 0.3763888890625 0.2625 0.397222221875 0.2625 0.4 0.2609375 0.4 0.25703125 0.40277777812500004 0.25625 0.4 0.23828125 0.39305555625 0.23671875 0.3861111109375 0.23046875 0.3513888890625 0.23046875 0.35 0.23203125 0.3458333328125 0.23203125 0.3458333328125 0.2359375 0.34305555625 0.23671875 0.34305555625 0.246875 0.3458333328125 0.24765625
0 0.0388888890625 0.0609375 0.0458333328125 0.0671875 0.0638888890625 0.06875 0.0666666671875 0.06484375 0.077777778125 0.0609375 0.077777778125 0.04609375 0.072222221875 0.04296875 0.034722221875 0.04453125 0.034722221875 0.0484375 0.03194444375 0.04921875 0.034722221875 0.0609375 0.0388888890625 0.0609375
0 0.4763888890625 0.53828125 0.4763888890625 0.553125 0.48194444374999995 0.55625 0.5 0.55625 0.5111111109375 0.5515625 0.5111111109375 0.54765625 0.5138888890625 0.546875 0.5138888890625 0.53515625 0.5083333328124999 0.53046875 0.490277778125 0.53046875 0.48472222187499997 0.53203125 0.48472222187499997 0.534375 0.4791666671875 0.53515625 0.4763888890625 0.53828125
0 0.64305555625 0.09453125 0.64305555625 0.115625 0.6458333328125 0.11640625 0.6458333328125 0.11875 0.6486111109375 0.1203125 0.652777778125 0.1203125 0.6569444437499999 0.1234375 0.6638888890625 0.1234375 0.6638888890625 0.12109375 0.6708333328125 0.1171875 0.6888888890625 0.115625 0.7 0.1109375 0.7 0.09609375 0.6833333328125 0.08671875 0.6569444437499999 0.08671875 0.6555555562500001 0.08828125 0.6513888890625 0.08828125 0.64305555625 0.09453125
0 0.24305555625 0.3046875 0.2486111109375 0.3078125 0.252777778125 0.3078125 0.25694444375000003 0.3109375 0.27777777812500004 0.3109375 0.28194444375 0.3078125 0.28611111093749997 0.3078125 0.2916666671875 0.3046875 0.2916666671875 0.30234375 0.29722222187499997 0.2984375 0.29722222187499997 0.28828125 0.2916666671875 0.2859375 0.2916666671875 0.28359375 0.28611111093749997 0.28046875 0.26527777812500003 0.28046875 0.24583333281250003 0.28984375 0.24583333281250003 0.2921875 0.24305555625 0.29296875 0.24305555625 0.3046875
0 0.17916666718750002 0.3375 0.19444444375 0.3359375 0.2 0.33125 0.2 0.32109375 0.19444444375 0.31796875 0.16805555625 0.31796875 0.165277778125 0.31953125 0.165277778125 0.3296875 0.16805555625 0.3328125 0.17916666718750002 0.3375
0 0.622222221875 0.509375 0.6333333328124999 0.50625 0.6388888890625 0.5 0.6388888890625 0.48984375 0.63055555625 0.48671875 0.6013888890625 0.48671875 0.5986111109375 0.48828125 0.5986111109375 0.5046875 0.6125 0.509375 0.622222221875 0.509375
0 0.5527777781250001 0.11875 0.5611111109375 0.1078125 0.5611111109375 0.10078125 0.5527777781250001 0.09296875 0.5125 0.09296875 0.5097222218749999 0.09453125 0.5097222218749999 0.115625 0.5125 0.11875 0.5527777781250001 0.11875
0 0.6888888890625 0.2265625 0.690277778125 0.228125 0.7111111109375 0.225 0.722222221875 0.21875 0.722222221875 0.21328125 0.725 0.2125 0.722222221875 0.20078125 0.7194444437499999 0.19921875 0.6791666671875001 0.19921875 0.6763888890625 0.20078125 0.6763888890625 0.2234375 0.68194444375 0.2265625 0.6888888890625 0.2265625
0 0.0916666671875 0.1609375 0.1 0.1546875 0.1 0.14609375 0.09444444375 0.14296875 0.06805555625000001 0.14296875 0.06527777812499999 0.14453125 0.06527777812499999 0.1609375 0.06805555625000001 0.1625 0.0916666671875 0.1609375
0 0.11944444375 0.0984375 0.12222222187500001 0.08984375 0.13055555624999998 0.08203125 0.125 0.07578125 0.11944444375 0.07421875 0.10138888906250001 0.07421875 0.0986111109375 0.07578125 0.0986111109375 0.0984375 0.1111111109375 0.1 0.11944444375 0.0984375
0 0.5944444437499999 0.2140625 0.6013888890625 0.2203125 0.622222221875 0.21875 0.6333333328124999 0.2125 0.6333333328124999 0.20546875 0.6361111109375 0.2046875 0.6361111109375 0.20234375 0.6333333328124999 0.2015625 0.6333333328124999 0.19765625 0.627777778125 0.19453125 0.6236111109375 0.19453125 0.622222221875 0.19296875 0.5875 0.19296875 0.5861111109375 0.19453125 0.58194444375 0.19453125 0.5763888890625 0.19921875 0.5763888890625 0.209375 0.58194444375 0.2125 0.5944444437499999 0.2140625
0 0.040277778125000004 0.2296875 0.0458333328125 0.23125 0.058333332812500006 0.2296875 0.0666666671875 0.225 0.0638888890625 0.21328125 0.034722221875 0.21171875 0.03194444375 0.21328125 0.034722221875 0.2265625 0.0388888890625 0.2265625 0.040277778125000004 0.2296875
0 0.5916666671875 0.559375 0.5888888890625 0.54453125 0.56805555625 0.54296875 0.565277778125 0.54453125 0.565277778125 0.5609375 0.5861111109375 0.5625 0.5916666671875 0.559375
0 0.5069444437499999 0.2375 0.51944444375 0.2375 0.5208333328125 0.2390625 0.5416666671875 0.2375 0.5527777781250001 0.23125 0.5527777781250001 0.22578125 0.5555555562500001 0.225 0.5555555562500001 0.22109375 0.547222221875 0.2125 0.547222221875 0.20859375 0.5416666671875 0.20546875 0.5013888890625 0.20546875 0.4986111109375 0.20703125 0.4986111109375 0.2328125 0.5013888890625 0.2359375 0.5069444437499999 0.2375
0 0.0666666671875 0.475 0.0666666671875 0.46953125 0.0458333328125 0.46796875 0.04305555625 0.4796875 0.0458333328125 0.48125 0.061111110937500004 0.4796875 0.0666666671875 0.475
0 0.3638888890625 0.47578125 0.35694444375 0.47578125 0.35555555625 0.47421875 0.3236111109375 0.47421875 0.32083333281250004 0.47578125 0.32083333281250004 0.4859375 0.33194444375 0.4890625 0.352777778125 0.4875 0.3638888890625 0.4796875 0.3638888890625 0.47578125
0 0.0666666671875 0.14375 0.072222221875 0.1359375 0.06944444375 0.12734375 0.0638888890625 0.12421875 0.0458333328125 0.12421875 0.04305555625 0.12578125 0.04305555625 0.1421875 0.0513888890625 0.1453125 0.0666666671875 0.14375
0 0.63055555625 0.2953125 0.6319444437499999 0.296875 0.64444444375 0.296875 0.6458333328125 0.2953125 0.65 0.2953125 0.6555555562500001 0.2921875 0.6555555562500001 0.28203125 0.6583333328125 0.28125 0.6583333328125 0.27109375 0.652777778125 0.26796875 0.6236111109375 0.26796875 0.6208333328125 0.26953125 0.6208333328125 0.2921875 0.6263888890625 0.2953125 0.63055555625 0.2953125
0 0.7638888890625 0.325 0.775 0.3171875 0.775 0.30703125 0.734722221875 0.30546875 0.73194444375 0.30703125 0.73194444375 0.321875 0.734722221875 0.325 0.7638888890625 0.325
0 0.40138888906250003 0.103125 0.40555555625000006 0.103125 0.40694444374999994 0.1046875 0.41111111093749997 0.1046875 0.4125 0.10625 0.42222222187499997 0.1046875 0.425 0.10078125 0.43055555625 0.0984375 0.43055555625 0.09453125 0.425 0.0921875 0.425 0.08984375 0.41944444374999995 0.08671875 0.39027777812500003 0.08671875 0.3875 0.08828125 0.3875 0.0984375 0.3958333328125 0.1015625 0.4 0.1015625 0.40138888906250003 0.103125
0 0.097222221875 0.1859375 0.097222221875 0.18203125 0.090277778125 0.18203125 0.0888888890625 0.18046875 0.05694444375 0.18046875 0.054166667187499996 0.18203125 0.054166667187499996 0.19375 0.0625 0.1984375 0.077777778125 0.1984375 0.08333333281250001 0.19140625 0.097222221875 0.1859375
0 0.45 0.0484375 0.45555555625000005 0.04375 0.45555555625000005 0.03359375 0.45 0.03046875 0.4236111109375 0.03046875 0.42083333281249996 0.03203125 0.4236111109375 0.0484375 0.4263888890625 0.05 0.45 0.0484375
0 0.059722221875 0.2125 0.06944444375 0.2109375 0.075 0.2078125 0.077777778125 0.20234375 0.072222221875 0.19921875 0.05694444375 0.19921875 0.054166667187499996 0.20078125 0.054166667187499996 0.209375 0.059722221875 0.2125
0 0.5541666671875001 0.1234375 0.565277778125 0.1296875 0.577777778125 0.13125 0.5791666671875 0.1328125 0.5861111109375 0.1328125 0.590277778125 0.1296875 0.5944444437499999 0.1296875 0.602777778125 0.1234375 0.602777778125 0.11015625 0.597222221875 0.10546875 0.565277778125 0.10546875 0.5638888890625 0.10703125 0.559722221875 0.10703125 0.5541666671875001 0.11171875 0.5541666671875001 0.1234375
0 0.16805555625 0.1625 0.175 0.1625 0.177777778125 0.15703125 0.172222221875 0.15078125 0.1666666671875 0.14921875 0.14305555625 0.15078125 0.14305555625 0.1625 0.14861111093749999 0.165625 0.1611111109375 0.165625 0.16805555625 0.1625
0 0.1041666671875 0.275 0.1166666671875 0.271875 0.11388888906250001 0.26484375 0.125 0.2609375 0.125 0.25703125 0.11944444375 0.25546875 0.10138888906250001 0.25546875 0.0986111109375 0.25703125 0.0986111109375 0.271875 0.1041666671875 0.275
0 0.45416666718750004 0.06875 0.46666666718750005 0.06875 0.475 0.0625 0.475 0.05546875 0.47222222187499996 0.05234375 0.46388888906250003 0.04921875 0.4458333328125 0.04921875 0.44305555625000004 0.05078125 0.44305555625000004 0.0671875 0.4486111109375 0.0703125 0.45416666718750004 0.06875
0 0.215277778125 0.31875 0.21944444375 0.31875 0.22777777812500002 0.3125 0.22777777812500002 0.30859375 0.225 0.30703125 0.21805555625 0.30703125 0.2166666671875 0.30546875 0.190277778125 0.30546875 0.1875 0.30703125 0.1875 0.3171875 0.1986111109375 0.3234375 0.20833333281250002 0.3234375 0.215277778125 0.31875
0 0.6236111109375 0.1671875 0.6458333328125 0.178125 0.6611111109375 0.178125 0.66805555625 0.1734375 0.675 0.171875 0.675 0.16953125 0.6861111109375 0.1625 0.6861111109375 0.15546875 0.6833333328125 0.1546875 0.6833333328125 0.15234375 0.6777777781250001 0.14921875 0.6625 0.14921875 0.659722221875 0.15078125 0.6583333328125 0.14609375 0.6541666671875 0.14609375 0.652777778125 0.14453125 0.6263888890625 0.14296875 0.6208333328125 0.14609375 0.6208333328125 0.1640625 0.6236111109375 0.16484375 0.6236111109375 0.1671875
0 0.16388888906250001 0.378125 0.172222221875 0.3734375 0.172222221875 0.36796875 0.16944444375 0.3671875 0.16944444375 0.36484375 0.16388888906250001 0.36171875 0.1458333328125 0.36171875 0.14305555625 0.36328125 0.14305555625 0.3734375 0.1541666671875 0.378125 0.16388888906250001 0.378125
0 0.3013888890625 0.17734375 0.3013888890625 0.1828125 0.2986111109375 0.18359375 0.2986111109375 0.1984375 0.3125 0.20625 0.33055555625 0.20625 0.33194444375 0.2046875 0.3361111109375 0.2046875 0.34722222187499996 0.1984375 0.34722222187499996 0.19609375 0.352777778125 0.19375 0.352777778125 0.18046875 0.3416666671875 0.17421875 0.3236111109375 0.17421875 0.322222221875 0.17578125 0.30416666718749996 0.17578125 0.3013888890625 0.17734375
0 0.222222221875 0.2953125 0.2236111109375 0.296875 0.23055555625 0.296875 0.24444444375000002 0.2859375 0.2416666671875 0.27734375 0.2388888890625 0.27578125 0.23472222187499997 0.27578125 0.23333333281250002 0.27421875 0.2125 0.27421875 0.20972222187499998 0.27578125 0.20972222187499998 0.2890625 0.21805555625 0.2953125 0.222222221875 0.2953125
0 0.5361111109375 0.146875 0.5375 0.1453125 0.5527777781250001 0.1421875 0.5527777781250001 0.13984375 0.5555555562500001 0.1390625 0.5555555562500001 0.12421875 0.5416666671875 0.11796875 0.5236111109375 0.11796875 0.5208333328125 0.11953125 0.5208333328125 0.1421875 0.5263888890625 0.146875 0.5361111109375 0.146875
0 0.052777778124999994 0.4984375 0.05 0.48984375 0.0361111109375 0.48671875 0.0236111109375 0.48671875 0.0208333328125 0.48828125 0.0236111109375 0.503125 0.0333333328125 0.503125 0.040277778125000004 0.5 0.052777778124999994 0.4984375
0 0.15277777812499999 0.3625 0.1583333328125 0.359375 0.1611111109375 0.35078125 0.134722221875 0.34921875 0.13194444375 0.35078125 0.13194444375 0.3609375 0.134722221875 0.3625 0.15277777812499999 0.3625
0 0.15277777812499999 0.3109375 0.15555555625 0.28984375 0.14444444375 0.28671875 0.134722221875 0.28671875 0.13194444375 0.28828125 0.13194444375 0.309375 0.1375 0.3125 0.15277777812499999 0.3109375
0 0.35555555625 0.4484375 0.352777778125 0.43828125 0.34722222187499996 0.43671875 0.3236111109375 0.43671875 0.32083333281250004 0.43828125 0.32083333281250004 0.4484375 0.3263888890625 0.4515625 0.3416666671875 0.453125 0.35555555625 0.4484375
0 0.1208333328125 0.0984375 0.1291666671875 0.1046875 0.15 0.10625 0.1513888890625 0.1046875 0.15555555625 0.1046875 0.15555555625 0.10234375 0.1611111109375 0.0984375 0.1611111109375 0.09296875 0.147222221875 0.08203125 0.14305555625 0.08203125 0.1416666671875 0.08046875 0.13194444375 0.08046875 0.13055555624999998 0.08203125 0.1263888890625 0.08203125 0.1208333328125 0.08671875 0.1208333328125 0.0984375
0 0.019444443750000002 0.11171875 0.0125 0.11171875 0.009722221875000001 0.128125 0.022222221875 0.1296875 0.025 0.11484375 0.019444443750000002 0.11171875
0 0.28194444375 0.4046875 0.2916666671875 0.403125 0.3 0.3984375 0.3 0.38828125 0.29722222187499997 0.38671875 0.2791666671875 0.38671875 0.27638888906250003 0.38828125 0.27638888906250003 0.4 0.28194444375 0.4046875
0 0.440277778125 0.1921875 0.45555555625000005 0.1921875 0.4625 0.1875 0.46944444374999994 0.1875 0.47083333281249995 0.1859375 0.475 0.1859375 0.477777778125 0.184375 0.477777778125 0.17421875 0.46944444374999994 0.16953125 0.45694444375 0.16953125 0.45555555625000005 0.16796875 0.4236111109375 0.16796875 0.42083333281249996 0.16953125 0.42083333281249996 0.1796875 0.4236111109375 0.18046875 0.4236111109375 0.1828125 0.440277778125 0.1921875
0 0.4 0.00703125 0.3791666671875 0.00546875 0.3763888890625 0.0171875 0.3791666671875 0.01875 0.397222221875 0.0171875 0.4 0.00703125
0 0.030555556249999997 0.07890625 0.026388889062499997 0.07890625 0.0208333328125 0.08203125 0.0208333328125 0.0984375 0.0236111109375 0.1 0.0388888890625 0.0984375 0.04305555625 0.0953125 0.052777778124999994 0.09375 0.0638888890625 0.0875 0.0638888890625 0.08046875 0.058333332812500006 0.07578125 0.054166667187499996 0.07578125 0.052777778124999994 0.07421875 0.0375 0.07421875 0.030555556249999997 0.07890625
0 0.059722221875 0.115625 0.077777778125 0.1109375 0.077777778125 0.10078125 0.075 0.09921875 0.05694444375 0.09921875 0.054166667187499996 0.10078125 0.054166667187499996 0.1109375 0.059722221875 0.115625
0 0.3013888890625 0.275 0.3111111109375 0.2734375 0.3166666671875 0.26484375 0.322222221875 0.2625 0.325 0.25234375 0.3166666671875 0.24921875 0.3013888890625 0.24921875 0.2986111109375 0.25078125 0.2986111109375 0.271875 0.3013888890625 0.275
0 0.722222221875 0.440625 0.7194444437499999 0.42734375 0.7111111109375 0.42421875 0.7013888890625 0.42421875 0.6986111109375 0.42578125 0.6986111109375 0.4421875 0.7166666671875 0.44375 0.722222221875 0.440625
0 0.14305555625 0.2546875 0.1458333328125 0.2578125 0.1611111109375 0.25625 0.16944444375 0.2515625 0.172222221875 0.24453125 0.1666666671875 0.24296875 0.1458333328125 0.24296875 0.14305555625 0.24453125 0.14305555625 0.2546875
0 0.058333332812500006 0.1546875 0.061111110937500004 0.14609375 0.052777778124999994 0.14296875 0.0458333328125 0.14296875 0.04305555625 0.14453125 0.04305555625 0.1546875 0.052777778124999994 0.15625 0.058333332812500006 0.1546875
0 0.4138888890625 0.0296875 0.4138888890625 0.02734375 0.40555555625000006 0.02421875 0.3791666671875 0.02421875 0.3763888890625 0.02578125 0.3763888890625 0.0359375 0.3791666671875 0.0390625 0.3916666671875 0.0390625 0.40277777812500004 0.0359375 0.4138888890625 0.0296875
0 0.290277778125 0.27421875 0.290277778125 0.2765625 0.302777778125 0.2765625 0.3111111109375 0.2734375 0.3111111109375 0.27109375 0.322222221875 0.2609375 0.322222221875 0.25234375 0.3166666671875 0.24921875 0.29305555625 0.24921875 0.2875 0.25234375 0.2875 0.2734375 0.290277778125 0.27421875
0 0.6791666671875001 0.153125 0.68194444375 0.1546875 0.702777778125 0.1546875 0.7083333328125 0.153125 0.7138888890625 0.14453125 0.7194444437499999 0.1421875 0.7194444437499999 0.13203125 0.7083333328125 0.12421875 0.6791666671875001 0.12421875 0.6763888890625 0.12578125 0.6763888890625 0.1453125 0.6791666671875001 0.14609375 0.6791666671875001 0.153125
0 0.025 0.35703125 0.0125 0.35546875 0.009722221875000001 0.36875 0.019444443750000002 0.3703125 0.025 0.3671875 0.025 0.35703125
0 0.32777777812500003 0.1484375 0.3361111109375 0.1375 0.3361111109375 0.13203125 0.33055555625 0.13046875 0.3013888890625 0.13046875 0.2986111109375 0.13203125 0.2986111109375 0.140625 0.30416666718749996 0.146875 0.32777777812500003 0.1484375
0 0.013888889062500001 0.49453125 0.0111111109375 0.48828125 0.0013888890625 0.48671875 0 0.503125 0.0013888890625 0.50625 0.0083333328125 0.50625 0.013888889062500001 0.49453125
0 0.2638888890625 0.11796875 0.23472222187499997 0.11796875 0.23194444375 0.11953125 0.23472222187499997 0.13125 0.25833333281250004 0.1328125 0.2666666671875 0.1296875 0.2638888890625 0.11796875
0 0.2611111109375 0.0625 0.2611111109375 0.05390625 0.252777778125 0.04921875 0.2125 0.04921875 0.20972222187499998 0.05078125 0.20972222187499998 0.0671875 0.215277778125 0.0703125 0.252777778125 0.06875 0.2611111109375 0.0625
0 0.5944444437499999 0.2296875 0.6 0.225 0.6 0.21484375 0.5861111109375 0.20546875 0.5791666671875 0.20546875 0.5763888890625 0.20703125 0.5763888890625 0.228125 0.5791666671875 0.2296875 0.5944444437499999 0.2296875
0 0.3458333328125 0.2765625 0.3611111109375 0.2765625 0.36666666718749996 0.275 0.372222221875 0.2703125 0.372222221875 0.26484375 0.36666666718749996 0.25859375 0.35555555625 0.25546875 0.334722221875 0.25546875 0.33194444375 0.25703125 0.33194444375 0.26875 0.334722221875 0.271875 0.3458333328125 0.2765625
0 0.21944444375 0.2953125 0.2236111109375 0.2984375 0.23055555625 0.2984375 0.23055555625 0.29609375 0.24444444375000002 0.2859375 0.2416666671875 0.27578125 0.23611111093749998 0.27421875 0.2125 0.27421875 0.20972222187499998 0.27578125 0.20972222187499998 0.290625 0.215277778125 0.2953125 0.21944444375 0.2953125
0 0.5666666671875 0.1609375 0.5694444437499999 0.14609375 0.58055555625 0.1421875 0.58055555625 0.13828125 0.5486111109375 0.13671875 0.54305555625 0.13984375 0.5458333328125 0.159375 0.5486111109375 0.1609375 0.5666666671875 0.1609375
0 0.13333333281249998 0.55703125 0.13055555624999998 0.55546875 0.10138888906250001 0.55546875 0.0986111109375 0.55703125 0.0986111109375 0.5671875 0.10138888906250001 0.56875 0.11944444375 0.56875 0.13333333281249998 0.5609375 0.13333333281249998 0.55703125
0 0.30694444375 0.153125 0.309722221875 0.1546875 0.325 0.1546875 0.33055555625 0.1515625 0.3361111109375 0.13203125 0.33055555625 0.13046875 0.3013888890625 0.13046875 0.2986111109375 0.13203125 0.2986111109375 0.1421875 0.30416666718749996 0.14609375 0.30694444375 0.153125
0 0.252777778125 0.06875 0.2611111109375 0.0609375 0.25833333281250004 0.05234375 0.252777778125 0.04921875 0.2236111109375 0.04921875 0.2208333328125 0.05078125 0.2208333328125 0.0671875 0.2236111109375 0.06875 0.252777778125 0.06875
0 0.11944444375 0.16171875 0.0986111109375 0.16328125 0.10138888906250001 0.1734375 0.1125 0.175 0.12222222187500001 0.1734375 0.11944444375 0.16171875
0 0.5138888890625 0.1359375 0.5138888890625 0.13203125 0.5083333328124999 0.12578125 0.4986111109375 0.12578125 0.490277778125 0.12890625 0.4875 0.146875 0.49305555625 0.1515625 0.5083333328124999 0.1515625 0.5305555562500001 0.14375 0.5305555562500001 0.13828125 0.5333333328125 0.1375 0.5305555562500001 0.12578125 0.5236111109375 0.12578125 0.5208333328125 0.12734375 0.5166666671875 0.13671875 0.5138888890625 0.1359375
0 0.5944444437499999 0.12578125 0.6013888890625 0.1234375 0.61944444375 0.1234375 0.622222221875 0.10234375 0.6166666671875001 0.09921875 0.60555555625 0.10078125 0.58194444375 0.09921875 0.5763888890625 0.10234375 0.5763888890625 0.128125 0.5916666671875 0.1296875 0.5944444437499999 0.12578125
0 0.175 0.18125 0.177777778125 0.1796875 0.177777778125 0.16953125 0.175 0.16796875 0.15694444375 0.16796875 0.1541666671875 0.16953125 0.1541666671875 0.1796875 0.15694444375 0.18125 0.175 0.18125