0 0.497222221875 0.45625 0.5 0.4546875 0.5 0.43828125 0.497222221875 0.43671875 0.46805555625000006 0.43671875 0.46527777812500004 0.43828125 0.46527777812500004 0.4546875 0.4763888890625 0.4578125 0.497222221875 0.45625
0 0.11944444375 0.46875 0.12222222187500001 0.46484375 0.13333333281249998 0.459375 0.13333333281249998 0.45234375 0.13055555624999998 0.4515625 0.13055555624999998 0.44921875 0.11944444375 0.44296875 0.090277778125 0.44296875 0.0875 0.44453125 0.0875 0.4671875 0.090277778125 0.46875 0.11944444375 0.46875
0 0.1 0.690625 0.097222221875 0.67421875 0.05694444375 0.67421875 0.054166667187499996 0.67578125 0.05694444375 0.69375 0.077777778125 0.6953125 0.09444444375 0.69375 0.1 0.690625
0 0.2888888890625 0.2296875 0.2888888890625 0.21484375 0.2833333328125 0.21171875 0.25694444375000003 0.21171875 0.2541666671875 0.21328125 0.2541666671875 0.2359375 0.275 0.2375 0.2888888890625 0.2296875
0 0.0888888890625 0.3890625 0.0861111109375 0.37734375 0.077777778125 0.37421875 0.05694444375 0.37421875 0.054166667187499996 0.3921875 0.05694444375 0.39375 0.0861111109375 0.3921875 0.0888888890625 0.3890625
0 0.4611111109375 0.4140625 0.4611111109375 0.40703125 0.45694444375 0.40703125 0.45555555625000005 0.40546875 0.434722221875 0.40546875 0.43194444374999996 0.40703125 0.43194444374999996 0.4171875 0.45 0.421875 0.4611111109375 0.4140625
0 0.022222221875 0.48359375 0.0333333328125 0.4796875 0.0361111109375 0.46484375 0.030555556249999997 0.46171875 0.0125 0.46171875 0.009722221875000001 0.46328125 0.009722221875000001 0.484375 0.022222221875 0.4859375 0.022222221875 0.48359375
0 0.1416666671875 0.48203125 0.1361111109375 0.48046875 0.10138888906250001 0.48046875 0.0986111109375 0.48203125 0.0986111109375 0.4921875 0.109722221875 0.4953125 0.125 0.4953125 0.13888888906250002 0.4890625 0.1416666671875 0.48203125
0 0.3166666671875 0.4796875 0.322222221875 0.475 0.31944444375000003 0.46328125 0.290277778125 0.46171875 0.2875 0.46328125 0.2875 0.4796875 0.290277778125 0.48125 0.3166666671875 0.4796875
0 0.9791666671874999 0.31796875 0.9763888890624999 0.3296875 0.997222221875 0.33125 0.997222221875 0.31796875 0.9791666671874999 0.31796875
0 0.934722221875 0.34375 0.9416666671874999 0.34375 0.952777778125 0.3375 0.95 0.33046875 0.934722221875 0.33046875 0.93194444375 0.33203125 0.93194444375 0.3421875 0.934722221875 0.34375
0 0.11944444375 0.39375 0.12222222187500001 0.3921875 0.12222222187500001 0.38203125 0.11944444375 0.38046875 0.10138888906250001 0.38046875 0.0986111109375 0.38203125 0.0986111109375 0.3921875 0.10138888906250001 0.39375 0.11944444375 0.39375
0 0.9166666671874999 0.3109375 0.91944444375 0.30078125 0.9013888890624999 0.29921875 0.8986111109375001 0.30078125 0.8986111109375001 0.309375 0.9041666671874999 0.3125 0.9166666671874999 0.3109375
0 0.95694444375 0.35 0.9694444437499999 0.35 0.975 0.3484375 0.9888888890624999 0.340625 0.9888888890624999 0.33359375 0.9833333328125 0.33046875 0.95694444375 0.33046875 0.9541666671875 0.33203125 0.9541666671875 0.3484375 0.95694444375 0.35
0 0.0791666671875 0.6328125 0.090277778125 0.6375 0.10833333281249999 0.6375 0.1111111109375 0.6359375 0.10833333281249999 0.62734375 0.0958333328125 0.62421875 0.0861111109375 0.61796875 0.0791666671875 0.61796875 0.07638888906249999 0.61953125 0.07638888906249999 0.6296875 0.0791666671875 0.63046875 0.0791666671875 0.6328125
0 0.3791666671875 0.415625 0.384722221875 0.41796875 0.384722221875 0.421875 0.3875 0.42265625 0.3875 0.425 0.39027777812500003 0.4265625 0.4 0.4265625 0.40833333281249995 0.421875 0.40833333281249995 0.41796875 0.41111111093749997 0.4171875 0.40833333281249995 0.41171875 0.397222221875 0.40546875 0.3791666671875 0.40546875 0.3763888890625 0.40703125 0.3763888890625 0.4125 0.3791666671875 0.41328125 0.3791666671875 0.415625
0 0.9333333328125001 0.65078125 0.9125 0.64921875 0.909722221875 0.65078125 0.9125 0.6703125 0.9305555562500001 0.66875 0.9333333328125001 0.65078125
0 0.4138888890625 0.68828125 0.40138888906250003 0.68671875 0.3986111109375 0.68828125 0.3986111109375 0.703125 0.40833333281249995 0.7046875 0.4138888890625 0.68828125
0 0.475 0.628125 0.475 0.61953125 0.45694444375 0.61796875 0.45416666718750004 0.61953125 0.45416666718750004 0.6359375 0.46666666718750005 0.6375 0.475 0.628125
0 0.10833333281249999 0.56953125 0.10555555624999999 0.56796875 0.0791666671875 0.56796875 0.07638888906249999 0.56953125 0.07638888906249999 0.5796875 0.0791666671875 0.5828125 0.09444444375 0.58125 0.10833333281249999 0.5734375 0.10833333281249999 0.56953125
0 0.7666666671875 0.5546875 0.7666666671875 0.55078125 0.7638888890625 0.54921875 0.7458333328125 0.54921875 0.7430555562500001 0.55078125 0.7430555562500001 0.5578125 0.7458333328125 0.5609375 0.7583333328124999 0.559375 0.7666666671875 0.5546875
0 0.34444444375 0.45234375 0.33888888906250003 0.44921875 0.3236111109375 0.44921875 0.32083333281250004 0.4609375 0.33888888906250003 0.4625 0.34444444375 0.459375 0.34444444375 0.45234375
0 0.4236111109375 0.4375 0.43333333281249997 0.4359375 0.4388888890625 0.4296875 0.4388888890625 0.42578125 0.43333333281249997 0.41953125 0.427777778125 0.41796875 0.4125 0.41796875 0.40972222187499996 0.41953125 0.40972222187499996 0.43125 0.4125 0.434375 0.4236111109375 0.4375
0 0.6666666671875 0.6546875 0.66944444375 0.653125 0.6666666671875 0.65 0.6666666671875 0.63203125 0.6638888890625 0.63046875 0.6347222218749999 0.63203125 0.6319444437499999 0.63515625 0.6319444437499999 0.646875 0.6486111109375 0.6546875 0.6666666671875 0.6546875
0 0.06944444375 0.5796875 0.075 0.575 0.075 0.56796875 0.06944444375 0.56328125 0.05694444375 0.56171875 0.054166667187499996 0.56328125 0.054166667187499996 0.5796875 0.0638888890625 0.58125 0.06944444375 0.5796875
0 0.565277778125 0.66953125 0.56805555625 0.675 0.5861111109375 0.675 0.5833333328125 0.66796875 0.565277778125 0.66953125
0 0.952777778125 0.6359375 0.95555555625 0.62578125 0.934722221875 0.62421875 0.93194444375 0.6359375 0.934722221875 0.6390625 0.9444444437499999 0.6390625 0.952777778125 0.6359375
0 0.075 0.65234375 0.0666666671875 0.64921875 0.05694444375 0.64921875 0.054166667187499996 0.6609375 0.075 0.6625 0.077777778125 0.6609375 0.075 0.65234375
0 0.6541666671875 0.6609375 0.672222221875 0.6609375 0.672222221875 0.65546875 0.6666666671875 0.65 0.6666666671875 0.63828125 0.6638888890625 0.63671875 0.6347222218749999 0.63671875 0.6319444437499999 0.63828125 0.6319444437499999 0.646875 0.6486111109375 0.65390625 0.6541666671875 0.6609375
0 0.91944444375 0.31171875 0.8986111109375001 0.31328125 0.9013888890624999 0.3203125 0.9111111109375001 0.3203125 0.922222221875 0.3171875 0.91944444375 0.31171875
0 0.8861111109375001 0.60078125 0.8680555562500001 0.59921875 0.8652777781250001 0.6109375 0.877777778125 0.6140625 0.8861111109375001 0.6109375 0.8861111109375001 0.60078125
0 0.29722222187499997 0.7609375 0.302777778125 0.75234375 0.29722222187499997 0.74921875 0.2791666671875 0.74921875 0.27638888906250003 0.75078125 0.27638888906250003 0.7609375 0.2791666671875 0.7625 0.29722222187499997 0.7609375
0 0.7 0.56328125 0.690277778125 0.56171875 0.6875 0.5703125 0.690277778125 0.5734375 0.6972222218749999 0.5734375 0.7 0.56328125
0 0.7111111109375 0.66953125 0.7013888890625 0.66796875 0.6986111109375 0.6734375 0.7013888890625 0.6765625 0.7083333328125 0.6765625 0.7111111109375 0.66953125
0 0.41944444374999995 0.5921875 0.41944444374999995 0.58828125 0.39027777812500003 0.58671875 0.3875 0.5984375 0.39027777812500003 0.6 0.40833333281249995 0.5984375 0.41111111093749997 0.59453125 0.41944444374999995 0.5921875
0 0.077777778125 0.6421875 0.077777778125 0.63828125 0.075 0.63671875 0.05694444375 0.63671875 0.054166667187499996 0.63828125 0.054166667187499996 0.64375 0.059722221875 0.6484375 0.0638888890625 0.6484375 0.077777778125 0.6421875
0 0.11388888906250001 0.5734375 0.11388888906250001 0.56953125 0.0791666671875 0.56796875 0.07638888906249999 0.56953125 0.07638888906249999 0.5796875 0.0791666671875 0.5828125 0.097222221875 0.58125 0.1041666671875 0.575 0.11388888906250001 0.5734375