0 0.10555555624999999 0.64375 0.1111111109375 0.640625 0.1111111109375 0.61953125 0.090277778125 0.61796875 0.0875 0.61953125 0.0875 0.6375 0.09305555625 0.6421875 0.10555555624999999 0.64375
0 0.5833333328125 0.64375 0.5916666671875 0.6375 0.5916666671875 0.62578125 0.55694444375 0.62421875 0.5541666671875001 0.62578125 0.5541666671875001 0.6421875 0.55694444375 0.64375 0.5833333328125 0.64375
0 0.7194444437499999 0.6875 0.725 0.68125 0.722222221875 0.66953125 0.7194444437499999 0.66796875 0.69305555625 0.66796875 0.6875 0.67109375 0.6875 0.6859375 0.690277778125 0.6875 0.7194444437499999 0.6875
0 0.09305555625 0.61875 0.1 0.61875 0.10833333281249999 0.615625 0.1111111109375 0.60859375 0.10555555624999999 0.60546875 0.0791666671875 0.60546875 0.07638888906249999 0.60703125 0.07638888906249999 0.61875 0.08194444375 0.6234375 0.0861111109375 0.6234375 0.09305555625 0.61875
0 0.534722221875 0.60625 0.5527777781250001 0.60625 0.5555555562500001 0.60234375 0.5666666671875 0.5984375 0.5666666671875 0.58203125 0.5638888890625 0.58046875 0.5458333328125 0.58046875 0.5375 0.58984375 0.5361111109375 0.58359375 0.5305555562500001 0.58046875 0.5236111109375 0.58046875 0.5208333328125 0.58203125 0.5208333328125 0.5984375 0.5305555562500001 0.6015625 0.534722221875 0.60625
0 0.26805555625 0.5109375 0.275 0.5109375 0.27638888906250003 0.5125 0.28611111093749997 0.5125 0.3 0.5046875 0.3 0.49453125 0.29722222187499997 0.49296875 0.2708333328125 0.49296875 0.26527777812500003 0.49609375 0.26527777812500003 0.4984375 0.2708333328125 0.50234375 0.26805555625 0.5109375
0 0.097222221875 0.63984375 0.0888888890625 0.63671875 0.06805555625000001 0.63671875 0.06527777812499999 0.63828125 0.06805555625000001 0.65 0.09444444375 0.65 0.1 0.646875 0.097222221875 0.63984375
0 0.2833333328125 0.65625 0.2888888890625 0.653125 0.2888888890625 0.64453125 0.272222221875 0.63671875 0.25694444375000003 0.63671875 0.2541666671875 0.63828125 0.2541666671875 0.6546875 0.25694444375000003 0.65625 0.2833333328125 0.65625
0 0.23472222187499997 0.65 0.24444444375000002 0.65 0.25555555625 0.6421875 0.25555555625 0.63515625 0.252777778125 0.634375 0.252777778125 0.63203125 0.2486111109375 0.63203125 0.24722222187499998 0.63046875 0.2236111109375 0.63046875 0.2208333328125 0.63203125 0.2236111109375 0.640625 0.22916666718749998 0.64296875 0.23472222187499997 0.65
0 0.63055555625 0.74375 0.64444444375 0.7359375 0.64444444375 0.72578125 0.6388888890625 0.72421875 0.6125 0.72421875 0.609722221875 0.72578125 0.609722221875 0.7421875 0.6125 0.74375 0.63055555625 0.74375
0 0.397222221875 0.61328125 0.3916666671875 0.61171875 0.3541666671875 0.61328125 0.3541666671875 0.621875 0.35972222187499997 0.625 0.397222221875 0.621875 0.397222221875 0.61328125
0 0.075 0.3703125 0.0791666671875 0.3734375 0.0861111109375 0.3734375 0.0888888890625 0.36953125 0.097222221875 0.365625 0.1 0.35078125 0.097222221875 0.34921875 0.06805555625000001 0.34921875 0.06527777812499999 0.35078125 0.06527777812499999 0.3671875 0.07083333281250001 0.3703125 0.075 0.3703125
0 0.652777778125 0.67421875 0.647222221875 0.66953125 0.6347222218749999 0.66796875 0.6319444437499999 0.66953125 0.6319444437499999 0.6796875 0.65 0.68125 0.652777778125 0.67421875
0 0.522222221875 0.63203125 0.5125 0.63046875 0.5097222218749999 0.6421875 0.5125 0.6453125 0.51944444375 0.6453125 0.522222221875 0.63203125
0 0.3111111109375 0.7921875 0.3166666671875 0.790625 0.322222221875 0.7859375 0.325 0.77734375 0.33055555625 0.775 0.33055555625 0.76953125 0.325 0.76796875 0.290277778125 0.76796875 0.2875 0.76953125 0.2875 0.7859375 0.2986111109375 0.7921875 0.3111111109375 0.7921875
0 0.5305555562500001 0.60546875 0.5125 0.60546875 0.5097222218749999 0.60703125 0.5125 0.6125 0.5305555562500001 0.6125 0.5333333328125 0.6109375 0.5305555562500001 0.60546875
0 0.2388888890625 0.4921875 0.2388888890625 0.48828125 0.2236111109375 0.48671875 0.2208333328125 0.48828125 0.2208333328125 0.4984375 0.23055555625 0.5 0.2388888890625 0.4921875