0 0.36953125 0.2984375 0.04453125 0.02421875
0 0.5046875 0.059375 0.04609375 0.03203125
0 0.29921875 0.553125 0.0484375 0.02734375
0 0.67421875 0.50234375 0.04296875 0.025
0 0.4734375 0.1734375 0.053125 0.028125
0 0.22734375 0.375 0.0375 0.0234375
0 0.61015625 0.290625 0.040625 0.02421875
0 0.43515625 0.2875 0.0375 0.02578125
0 0.465625 0.1984375 0.0515625 0.02578125
0 0.39765625 0.4375 0.0515625 0.02734375
0 0.53515625 0.4578125 0.0484375 0.025
0 0.98125 0.7421875 0.03203125 0.02578125
0 0.6171875 0.1734375 0.03203125 0.021875
0 0.6703125 0.4328125 0.0515625 0.02734375
0 0.63046875 0.4390625 0.04140625 0.02109375
0 0.57265625 0.140625 0.03203125 0.015625
0 0.453125 0.25234375 0.05390625 0.0203125
0 0.634375 0.3109375 0.0375 0.01953125
0 0.59765625 0.51875 0.03203125 0.01484375
0 0.66484375 0.334375 0.0234375 0.0140625
0 0.3640625 0.46875 0.046875 0.01953125
0 0.484375 0.21796875 0.04296875 0.0328125
0 0.6390625 0.36953125 0.025 0.0203125
0 0.484375 0.2125 0.0359375 0.0234375
0 0.3828125 0.4109375 0.03203125 0.015625
0 0.56328125 0.35 0.03203125 0.01640625
0 0.37578125 0.35703125 0.0375 0.0171875
0 0.5453125 0.534375 0.02890625 0.01328125
0 0.38984375 0.2703125 0.0265625 0.01015625
0 0.834375 0.78984375 0.0375 0.0171875
0 0.678125 0.4328125 0.0609375 0.025
0 0.8734375 0.421875 0.025 0.01328125
0 0.4635416671875 0.26171875 0.4513888890625 0.2705078125 0.4513888890625 0.2861328125 0.4635416671875 0.294921875 0.4861111109375 0.2939453125 0.5 0.2822265625 0.5 0.2705078125 0.48090277812500004 0.259765625 0.4635416671875 0.26171875
0 0.421875 0.20703125 0.40277777812500004 0.2158203125 0.39930555624999997 0.2275390625 0.41493055625 0.240234375 0.4375 0.2412109375 0.4548611109375 0.2353515625 0.4583333328125 0.2197265625 0.4427083328125 0.20703125 0.421875 0.20703125
0 0.24826388906250002 0.53515625 0.23263888906250002 0.5439453125 0.22916666718749998 0.5537109375 0.237847221875 0.5625 0.25694444375000003 0.5634765625 0.27430555624999997 0.5556640625 0.27777777812500004 0.5419921875 0.26215277812500004 0.53515625 0.24826388906250002 0.53515625
0 0.265625 0.70703125 0.2552083328125 0.71484375 0.24479166718749998 0.7109375 0.22916666718749998 0.7197265625 0.22916666718749998 0.7314453125 0.23611111093749998 0.7392578125 0.24826388906250002 0.744140625 0.2638888890625 0.7431640625 0.2916666671875 0.7353515625 0.2916666671875 0.7119140625 0.2795138890625 0.70703125 0.265625 0.70703125
0 0.5677083328125 0.369140625 0.5451388890625 0.3740234375 0.5416666671875 0.3837890625 0.5538194437499999 0.392578125 0.5833333328125 0.3916015625 0.590277778125 0.3857421875 0.590277778125 0.3779296875 0.581597221875 0.37109375 0.5677083328125 0.369140625
0 0.4322916671875 0.3984375 0.4166666671875 0.4091796875 0.4201388890625 0.4189453125 0.4357638890625 0.427734375 0.4479166671875 0.4267578125 0.47222222187499996 0.4189453125 0.47222222187499996 0.4033203125 0.4635416671875 0.396484375 0.4322916671875 0.3984375
0 0.6927083328125 0.2109375 0.6770833328125 0.2255859375 0.6927083328125 0.240234375 0.7048611109375 0.2392578125 0.7118055562500001 0.2373046875 0.71875 0.2236328125 0.706597221875 0.212890625 0.6927083328125 0.2109375
0 0.675347221875 0.373046875 0.6458333328125 0.3837890625 0.6510416671875 0.3984375 0.668402778125 0.40234375 0.6875 0.4013671875 0.7118055562500001 0.3876953125 0.699652778125 0.37890625 0.6857638890625 0.373046875 0.675347221875 0.373046875
0 0.36631944375000003 0.638671875 0.34027777812500004 0.6513671875 0.34027777812500004 0.6572265625 0.3489583328125 0.6640625 0.375 0.6650390625 0.3958333328125 0.6533203125 0.3958333328125 0.6435546875 0.3802083328125 0.63671875 0.36631944375000003 0.638671875
0 0.203125 0.681640625 0.19097222187500001 0.6904296875 0.19097222187500001 0.7001953125 0.21354166718749998 0.712890625 0.22916666718749998 0.7138671875 0.24305555625 0.7080078125 0.22916666718749998 0.6865234375 0.22048611093749998 0.681640625 0.203125 0.681640625
0 0.41493055625 0.18359375 0.39930555624999997 0.1904296875 0.39930555624999997 0.2001953125 0.4045138890625 0.203125 0.4166666671875 0.2021484375 0.44097222187499996 0.1943359375 0.44097222187499996 0.1904296875 0.42534722187499996 0.18359375 0.41493055625 0.18359375
0 0.609375 0.48046875 0.59375 0.4873046875 0.590277778125 0.5009765625 0.6024305562500001 0.51171875 0.625 0.5126953125 0.6388888890625 0.5087890625 0.6493055562500001 0.4951171875 0.6336805562500001 0.482421875 0.609375 0.48046875