0 0.5381944437499999 0.3544921875 0.5416666671875 0.3662109375 0.5520833328125 0.3681640625 0.5729166671875 0.3544921875 0.5677083328125 0.345703125 0.546875 0.34765625 0.5381944437499999 0.3544921875
0 0.6336805562500001 0.4453125 0.6180555562500001 0.4521484375 0.6145833328125 0.4638671875 0.6232638890625 0.470703125 0.6458333328125 0.4716796875 0.65625 0.4677734375 0.65625 0.4521484375 0.6510416671875 0.447265625 0.6336805562500001 0.4453125
0 0.644097221875 0.189453125 0.628472221875 0.1962890625 0.625 0.2041015625 0.640625 0.21484375 0.652777778125 0.2138671875 0.6666666671875 0.2080078125 0.6666666671875 0.1943359375 0.6545138890625 0.189453125 0.644097221875 0.189453125
0 0.109375 0.2734375 0.090277778125 0.2841796875 0.090277778125 0.2919921875 0.105902778125 0.30078125 0.121527778125 0.2998046875 0.13194444375 0.2958984375 0.1354166671875 0.2822265625 0.1197916671875 0.2734375 0.109375 0.2734375
0 0.8489583328125001 0.673828125 0.8350694437499999 0.673828125 0.8263888890625 0.6787109375 0.8298611109375 0.6943359375 0.8420138890625 0.69921875 0.8680555562500001 0.6982421875 0.871527778125 0.6962890625 0.8576388890625 0.6884765625 0.8576388890625 0.6787109375 0.8489583328125001 0.673828125
0 0.5538194437499999 0.2265625 0.5416666671875 0.2333984375 0.5381944437499999 0.2470703125 0.5538194437499999 0.255859375 0.5694444437499999 0.2548828125 0.5833333328125 0.2490234375 0.590277778125 0.2373046875 0.578125 0.228515625 0.5538194437499999 0.2265625
0 0.8836805562500001 0.673828125 0.875 0.6767578125 0.871527778125 0.6943359375 0.8767361109375 0.697265625 0.8958333328125001 0.6962890625 0.909722221875 0.6904296875 0.909722221875 0.6767578125 0.9045138890625 0.673828125 0.8836805562500001 0.673828125
0 0.765625 0.037109375 0.7517361109375 0.041015625 0.746527778125 0.0478515625 0.75 0.0595703125 0.765625 0.068359375 0.7708333328125 0.0673828125 0.7881944437499999 0.0576171875 0.7881944437499999 0.0419921875 0.7829861109375 0.037109375 0.765625 0.037109375
0 0.753472221875 0.4619140625 0.753472221875 0.4755859375 0.7586805562500001 0.478515625 0.7916666671875 0.4775390625 0.7951388890625 0.4619140625 0.7795138890625 0.455078125 0.7586805562500001 0.45703125 0.753472221875 0.4619140625
0 0.7274305562500001 0.087890625 0.715277778125 0.0966796875 0.715277778125 0.1044921875 0.7204861109375 0.109375 0.7361111109375 0.1123046875 0.75 0.0986328125 0.75 0.0927734375 0.7413194437499999 0.087890625 0.7274305562500001 0.087890625
0 0.9045138890625 0.330078125 0.8836805562500001 0.333984375 0.878472221875 0.3388671875 0.878472221875 0.3564453125 0.8836805562500001 0.359375 0.8993055562500001 0.3583984375 0.9079861109375 0.357421875 0.9270833328125001 0.3447265625 0.9236111109375 0.3369140625 0.9045138890625 0.330078125
0 0.8194444437499999 0.1396484375 0.8194444437499999 0.1513671875 0.828125 0.158203125 0.8541666671874999 0.1572265625 0.8576388890625 0.1396484375 0.8454861109375 0.1328125 0.831597221875 0.130859375 0.8194444437499999 0.1396484375
0 0.05729166718749999 0.125 0.0486111109375 0.1298828125 0.05208333281250001 0.1435546875 0.0607638890625 0.150390625 0.07291666718749999 0.1513671875 0.08680555625 0.1435546875 0.08680555625 0.1279296875 0.081597221875 0.125 0.05729166718749999 0.125
0 1 0.3720703125 0.980902778125 0.3671875 0.9583333328125001 0.3740234375 0.9583333328125001 0.3916015625 0.9704861109375 0.3984375 0.9826388890625 0.3994140625 1 0.3955078125 1 0.3720703125
0 0.3420138890625 0.6640625 0.3263888890625 0.6708984375 0.31597222187499996 0.6826171875 0.32465277812500004 0.689453125 0.34722222187499996 0.6904296875 0.3611111109375 0.6826171875 0.3611111109375 0.6728515625 0.35243055624999997 0.666015625 0.3420138890625 0.6640625
0 0.03819444375 0.1943359375 0.053819443749999994 0.201171875 0.065972221875 0.2001953125 0.07638888906249999 0.1943359375 0.07291666718749999 0.1845703125 0.046875 0.181640625 0.03819444375 0.1943359375
0 0.652777778125 0.3486328125 0.640625 0.341796875 0.612847221875 0.345703125 0.6041666671875 0.3525390625 0.6041666671875 0.3623046875 0.609375 0.365234375 0.6180555562500001 0.3642578125 0.6267361109375 0.361328125 0.6475694437499999 0.361328125 0.652777778125 0.3583984375 0.652777778125 0.3486328125
0 0.07118055625 0.439453125 0.065972221875 0.4423828125 0.065972221875 0.4501953125 0.07638888906249999 0.4619140625 0.081597221875 0.46484375 0.10069444375 0.4638671875 0.1111111109375 0.4501953125 0.1076388890625 0.4423828125 0.10243055625 0.439453125 0.07118055625 0.439453125
0 0.046875 0.39453125 0.03819444375 0.4033203125 0.0416666671875 0.4111328125 0.053819443749999994 0.416015625 0.07291666718749999 0.4150390625 0.07638888906249999 0.4072265625 0.06944444375 0.3955078125 0.06423611093750001 0.392578125 0.046875 0.39453125
0 0.8732638890625 0.091796875 0.8524305562500001 0.09375 0.8368055562500001 0.1044921875 0.8368055562500001 0.1123046875 0.8454861109375 0.1171875 0.8611111109375 0.1181640625 0.8767361109375 0.115234375 0.8854166671874999 0.1083984375 0.8854166671874999 0.0986328125 0.8732638890625 0.091796875
0 0.7482638890625 0.00390625 0.7361111109375 0.0107421875 0.7361111109375 0.0185546875 0.7413194437499999 0.0234375 0.7569444437499999 0.0244140625 0.7673611109375 0.0224609375 0.7673611109375 0.0107421875 0.7586805562500001 0.00390625 0.7482638890625 0.00390625
0 0.7274305562500001 0.15625 0.715277778125 0.1630859375 0.71875 0.1748046875 0.7274305562500001 0.1796875 0.75 0.1787109375 0.7604166671875 0.1708984375 0.7569444437499999 0.1611328125 0.7482638890625 0.15625 0.7274305562500001 0.15625
0 0.652777778125 0.4521484375 0.65625 0.4638671875 0.6631944437499999 0.4658203125 0.6805555562500001 0.4560546875 0.675347221875 0.44921875 0.6579861109375 0.44921875 0.652777778125 0.4521484375
0 0.7118055562500001 0.0126953125 0.7239583328125 0.01953125 0.7361111109375 0.0205078125 0.7361111109375 0.0126953125 0.746527778125 0.0009765625 0.7170138890625 0 0.7118055562500001 0.0126953125
0 1 0.5126953125 0.9774305562500001 0.51171875 0.96875 0.5185546875 0.96875 0.5263671875 0.9774305562500001 0.53125 0.9930555562500001 0.5302734375 1 0.5283203125 1 0.5126953125
0 0.7517361109375 0.09765625 0.7395833328125 0.1064453125 0.7395833328125 0.1220703125 0.7552083328125 0.130859375 0.7743055562500001 0.1298828125 0.78125 0.1220703125 0.777777778125 0.1044921875 0.762152778125 0.10546875 0.7517361109375 0.09765625
0 0.29340277812500004 0.658203125 0.28472222187499996 0.6630859375 0.28472222187499996 0.6787109375 0.296875 0.68359375 0.3020833328125 0.6826171875 0.3125 0.6787109375 0.31597222187499996 0.6689453125 0.30381944375000003 0.658203125 0.29340277812500004 0.658203125
0 0.699652778125 0.400390625 0.6875 0.4091796875 0.6875 0.4169921875 0.6979166671875 0.4189453125 0.706597221875 0.41796875 0.71875 0.4091796875 0.7100694437499999 0.400390625 0.699652778125 0.400390625
0 0.6927083328125 0.232421875 0.6875 0.2373046875 0.6875 0.2431640625 0.6927083328125 0.24609375 0.7013888890625 0.2451171875 0.71875 0.2431640625 0.71875 0.2353515625 0.706597221875 0.23046875 0.6927083328125 0.232421875
0 0.7586805562500001 0.18359375 0.75 0.1904296875 0.75 0.2021484375 0.7638888890625 0.2041015625 0.777777778125 0.1982421875 0.777777778125 0.1943359375 0.7708333328125 0.1865234375 0.7586805562500001 0.18359375
0 0.7673611109375 0.1513671875 0.7673611109375 0.1591796875 0.7829861109375 0.171875 0.7916666671875 0.1708984375 0.7951388890625 0.1572265625 0.7899305562500001 0.15234375 0.7725694437499999 0.1484375 0.7673611109375 0.1513671875
0 0.8333333328125001 0.2099609375 0.8368055562500001 0.2255859375 0.8420138890625 0.228515625 0.8611111109375 0.2275390625 0.8680555562500001 0.2080078125 0.862847221875 0.205078125 0.8385416671874999 0.20703125 0.8333333328125001 0.2099609375
0 0.7170138890625 0.015625 0.7118055562500001 0.0185546875 0.7118055562500001 0.0361328125 0.7326388890625 0.0361328125 0.746527778125 0.0302734375 0.746527778125 0.0263671875 0.730902778125 0.017578125 0.7170138890625 0.015625
0 0.8125 0.0283203125 0.8125 0.0361328125 0.8211805562500001 0.041015625 0.8541666671874999 0.0458984375 0.8576388890625 0.0380859375 0.8489583328125001 0.02734375 0.828125 0.0234375 0.8125 0.0283203125
0 0.078125 0.166015625 0.07291666718749999 0.1767578125 0.07986111093750001 0.1865234375 0.097222221875 0.1865234375 0.1076388890625 0.1806640625 0.1076388890625 0.1728515625 0.08854166718749999 0.166015625 0.078125 0.166015625
0 0.9357638890625 0.369140625 0.921875 0.37109375 0.909722221875 0.3779296875 0.9166666671874999 0.3916015625 0.921875 0.39453125 0.9305555562500001 0.3935546875 0.9444444437499999 0.3857421875 0.9375 0.3779296875 0.940972221875 0.3720703125 0.9357638890625 0.369140625
0 0.8576388890625 0.2255859375 0.8663194437499999 0.23046875 0.8854166671874999 0.2294921875 0.8958333328125001 0.2177734375 0.8836805562500001 0.2109375 0.862847221875 0.212890625 0.8576388890625 0.2255859375
0 0.9045138890625 0.421875 0.8819444437499999 0.4306640625 0.878472221875 0.4384765625 0.890625 0.4453125 0.8993055562500001 0.4443359375 0.9270833328125001 0.4365234375 0.9270833328125001 0.4267578125 0.921875 0.423828125 0.9045138890625 0.421875
0 0.6944444437499999 0.1552734375 0.703125 0.16015625 0.7118055562500001 0.1591796875 0.7118055562500001 0.1435546875 0.699652778125 0.140625 0.6944444437499999 0.1435546875 0.6944444437499999 0.1552734375
0 0.8819444437499999 0.3583984375 0.875 0.3662109375 0.8802083328125001 0.375 0.9166666671874999 0.3740234375 0.9270833328125001 0.3701171875 0.9270833328125001 0.3642578125 0.9149305562500001 0.35546875 0.8819444437499999 0.3583984375
0 0.8576388890625 0.6318359375 0.8697916671874999 0.638671875 0.875 0.6376953125 0.8819444437499999 0.6298828125 0.8663194437499999 0.619140625 0.859375 0.619140625 0.8576388890625 0.6318359375
0 0.699652778125 0.203125 0.690972221875 0.2080078125 0.690972221875 0.2138671875 0.6961805562500001 0.21875 0.7118055562500001 0.2177734375 0.722222221875 0.2138671875 0.722222221875 0.2060546875 0.7170138890625 0.203125 0.699652778125 0.203125
0 0.6232638890625 0.646484375 0.6111111109375 0.6533203125 0.6111111109375 0.6572265625 0.628472221875 0.6630859375 0.6388888890625 0.6572265625 0.6388888890625 0.6533203125 0.6336805562500001 0.6484375 0.6232638890625 0.646484375
0 0.793402778125 0.078125 0.7881944437499999 0.0869140625 0.8107638890625 0.1015625 0.815972221875 0.1005859375 0.8229166671874999 0.0966796875 0.8263888890625 0.0791015625 0.8211805562500001 0.076171875 0.793402778125 0.078125
0 0 0.2548828125 0.015625 0.263671875 0.0295138890625 0.267578125 0.0416666671875 0.2666015625 0.0416666671875 0.2548828125 0.0329861109375 0.25390625 0.019097221875 0.2421875 0 0.2490234375 0 0.2548828125
0 0.7864583328125 0.130859375 0.7743055562500001 0.1416015625 0.7743055562500001 0.1474609375 0.793402778125 0.15625 0.7986111109375 0.1552734375 0.8055555562500001 0.1513671875 0.809027778125 0.1357421875 0.800347221875 0.130859375 0.7864583328125 0.130859375
0 0.26215277812500004 0.423828125 0.25694444375000003 0.4267578125 0.265625 0.435546875 0.27777777812500004 0.4365234375 0.2986111109375 0.4326171875 0.2986111109375 0.4267578125 0.28993055624999997 0.421875 0.26215277812500004 0.423828125
0 0.7256944437499999 0.1806640625 0.7170138890625 0.162109375 0.690972221875 0.1708984375 0.6961805562500001 0.1796875 0.7256944437499999 0.1806640625
0 0.9079861109375 0.419921875 0.9201388890625 0.4189453125 0.9201388890625 0.4052734375 0.9045138890625 0.40234375 0.902777778125 0.4169921875 0.9079861109375 0.419921875
0 0.8836805562500001 0.5703125 0.871527778125 0.5791015625 0.875 0.5869140625 0.8836805562500001 0.591796875 0.8958333328125001 0.5908203125 0.9166666671874999 0.5830078125 0.9166666671874999 0.5751953125 0.9079861109375 0.56640625 0.8836805562500001 0.5703125
0 0.6388888890625 0.6103515625 0.6388888890625 0.6181640625 0.644097221875 0.62109375 0.6631944437499999 0.6201171875 0.6701388890625 0.6123046875 0.6666666671875 0.6064453125 0.6545138890625 0.603515625 0.6388888890625 0.6103515625
0 0.953125 0.408203125 0.96875 0.4072265625 0.9756944437499999 0.4013671875 0.956597221875 0.388671875 0.9479166671874999 0.4033203125 0.953125 0.408203125
0 0.8836805562500001 0.359375 0.875 0.3662109375 0.8802083328125001 0.375 0.9166666671874999 0.3740234375 0.9270833328125001 0.3701171875 0.9270833328125001 0.3662109375 0.9114583328125001 0.35546875 0.8836805562500001 0.359375
0 0.7413194437499999 0.615234375 0.7326388890625 0.6162109375 0.7291666671875 0.6240234375 0.7413194437499999 0.630859375 0.7673611109375 0.6318359375 0.7743055562500001 0.6298828125 0.769097221875 0.62109375 0.7517361109375 0.62109375 0.7413194437499999 0.615234375
0 0.887152778125 0.607421875 0.8819444437499999 0.6123046875 0.8888888890625 0.6201171875 0.90625 0.6220703125 0.9131944437499999 0.6201171875 0.9131944437499999 0.6123046875 0.9010416671874999 0.607421875 0.887152778125 0.607421875
0 0.6736111109375 0.6083984375 0.6788194437499999 0.61328125 0.6875 0.6142578125 0.6944444437499999 0.6103515625 0.690972221875 0.6025390625 0.6788194437499999 0.6015625 0.6736111109375 0.6083984375
0 0.8333333328125001 0.3974609375 0.8333333328125001 0.4052734375 0.8385416671874999 0.408203125 0.8506944437499999 0.4072265625 0.8576388890625 0.3974609375 0.8524305562500001 0.392578125 0.8420138890625 0.392578125 0.8333333328125001 0.3974609375
0 0.8576388890625 0.4970703125 0.8541666671874999 0.5048828125 0.859375 0.5078125 0.8767361109375 0.505859375 0.894097221875 0.513671875 0.902777778125 0.5126953125 0.909722221875 0.5048828125 0.894097221875 0.4921875 0.8697916671874999 0.490234375 0.8576388890625 0.4970703125
0 0.8072916671874999 0 0.809027778125 0.0166015625 0.8142361109375 0.021484375 0.8194444437499999 0.0205078125 0.8263888890625 0.0068359375 0.8211805562500001 0 0.8072916671874999 0
0 0 0.3935546875 0.0017361109374999999 0.40625 0.027777778125000003 0.4052734375 0.03125 0.3974609375 0.019097221875 0.390625 0.0052083328125 0.390625 0 0.3935546875
0 0.815972221875 0.1220703125 0.824652778125 0.12890625 0.8368055562500001 0.1279296875 0.847222221875 0.1181640625 0.8350694437499999 0.107421875 0.8194444437499999 0.1123046875 0.815972221875 0.1220703125
0 0.7239583328125 0.255859375 0.7430555562500001 0.2548828125 0.7430555562500001 0.2470703125 0.730902778125 0.2421875 0.715277778125 0.2490234375 0.7239583328125 0.255859375
0 0.597222221875 0.3662109375 0.6076388890625 0.3681640625 0.6076388890625 0.3505859375 0.6024305562500001 0.349609375 0.59375 0.3583984375 0.597222221875 0.3662109375
0 0.7881944437499999 0.0634765625 0.793402778125 0.06640625 0.8020833328125001 0.0654296875 0.809027778125 0.0556640625 0.7899305562500001 0.052734375 0.784722221875 0.0595703125 0.7881944437499999 0.0634765625
0 0.84375 0.4521484375 0.84375 0.4580078125 0.8489583328125001 0.4609375 0.8576388890625 0.4599609375 0.8645833328125001 0.4580078125 0.862847221875 0.4453125 0.855902778125 0.4453125 0.84375 0.4521484375
0 0.03819444375 0.1708984375 0.050347221875 0.1796875 0.06944444375 0.1787109375 0.06944444375 0.1552734375 0.05729166718749999 0.150390625 0.03819444375 0.1591796875 0.03819444375 0.1708984375
0 0.690972221875 0.5693359375 0.699652778125 0.572265625 0.7118055562500001 0.5712890625 0.7118055562500001 0.5634765625 0.699652778125 0.55859375 0.690972221875 0.5634765625 0.690972221875 0.5693359375
0 0.8038194437499999 0.04296875 0.793402778125 0.044921875 0.784722221875 0.0595703125 0.7881944437499999 0.0634765625 0.793402778125 0.06640625 0.8107638890625 0.06640625 0.8177083328125001 0.0625 0.824652778125 0.0703125 0.8333333328125001 0.0693359375 0.84375 0.0615234375 0.84375 0.0458984375 0.8177083328125001 0.046875 0.8038194437499999 0.04296875
0 0.9774305562500001 0.36328125 0.9670138890625 0.361328125 0.940972221875 0.3662109375 0.9375 0.3798828125 0.9427083328125001 0.384765625 0.9513888890625 0.3857421875 0.9583333328125001 0.3818359375 0.9583333328125001 0.3759765625 0.9791666671874999 0.3681640625 0.9774305562500001 0.36328125
0 0.671875 0.5078125 0.6666666671875 0.5107421875 0.6666666671875 0.5166015625 0.6805555562500001 0.5205078125 0.6944444437499999 0.5146484375 0.6979166671875 0.5107421875 0.6927083328125 0.5078125 0.671875 0.5078125
0 0.8072916671874999 0.470703125 0.8020833328125001 0.4736328125 0.8020833328125001 0.4814453125 0.8125 0.4814453125 0.8385416671874999 0.478515625 0.840277778125 0.4736328125 0.8350694437499999 0.470703125 0.8072916671874999 0.470703125
0 0.597222221875 0.3505859375 0.597222221875 0.3642578125 0.6024305562500001 0.3671875 0.6111111109375 0.3662109375 0.6145833328125 0.3642578125 0.6076388890625 0.3603515625 0.609375 0.345703125 0.597222221875 0.3505859375
0 0.7569444437499999 0.0634765625 0.7604166671875 0.0712890625 0.7743055562500001 0.0751953125 0.7916666671875 0.0595703125 0.7899305562500001 0.056640625 0.7725694437499999 0.064453125 0.7569444437499999 0.0634765625
0 0.8454861109375 0.205078125 0.8333333328125001 0.2099609375 0.8368055562500001 0.2255859375 0.8454861109375 0.228515625 0.8611111109375 0.2275390625 0.8611111109375 0.2197265625 0.871527778125 0.2080078125 0.8663194437499999 0.205078125 0.8454861109375 0.205078125
0 0.84375 0.4716796875 0.84375 0.4794921875 0.8576388890625 0.4794921875 0.8645833328125001 0.4716796875 0.859375 0.46484375 0.8489583328125001 0.466796875 0.84375 0.4716796875