0 0.35972222187499997 0.61875 0.36666666718749996 0.61875 0.36805555624999997 0.6203125 0.3861111109375 0.621875 0.39027777812500003 0.61875 0.397222221875 0.61875 0.4 0.61484375 0.40833333281249995 0.6109375 0.40833333281249995 0.59609375 0.40277777812500004 0.59375 0.4 0.58828125 0.397222221875 0.58671875 0.3541666671875 0.58671875 0.34861111093749997 0.58828125 0.34305555625 0.59296875 0.34305555625 0.6109375 0.35 0.6125 0.35972222187499997 0.61875
0 0.6972222218749999 0.5859375 0.7 0.584375 0.7 0.57265625 0.6972222218749999 0.571875 0.7 0.55703125 0.6972222218749999 0.55546875 0.6569444437499999 0.55546875 0.6541666671875 0.55703125 0.6541666671875 0.5796875 0.6708333328125 0.5875 0.6972222218749999 0.5859375
0 0.5527777781250001 0.1671875 0.5555555562500001 0.15078125 0.5486111109375 0.14921875 0.5416666671875 0.14296875 0.5013888890625 0.14296875 0.4986111109375 0.14453125 0.4986111109375 0.1671875 0.5013888890625 0.16875 0.5333333328125 0.1703125 0.5527777781250001 0.1671875
0 0.3541666671875 0.2296875 0.35972222187499997 0.23125 0.38055555625 0.23125 0.3861111109375 0.2296875 0.3888888890625 0.22578125 0.397222221875 0.221875 0.397222221875 0.21796875 0.4 0.2171875 0.4 0.20546875 0.397222221875 0.20234375 0.3888888890625 0.19921875 0.34861111093749997 0.19921875 0.34305555625 0.20234375 0.34305555625 0.2234375 0.35 0.225 0.3541666671875 0.2296875
0 0.6180555562500001 0.51875 0.63055555625 0.5171875 0.6361111109375 0.5109375 0.6333333328124999 0.50078125 0.63055555625 0.49921875 0.5791666671875 0.49921875 0.5763888890625 0.50078125 0.5791666671875 0.5296875 0.6 0.5296875 0.60694444375 0.525 0.6111111109375 0.525 0.6180555562500001 0.51875
0 0.56805555625 0.6953125 0.575 0.6953125 0.577777778125 0.68984375 0.5861111109375 0.6875 0.5958333328125 0.68125 0.60555555625 0.68125 0.6083333328125 0.6796875 0.6083333328125 0.67421875 0.597222221875 0.66796875 0.56805555625 0.66796875 0.565277778125 0.66953125 0.565277778125 0.6921875 0.56805555625 0.6953125
0 0.5638888890625 0.6375 0.5666666671875 0.63359375 0.577777778125 0.6296875 0.577777778125 0.62109375 0.5694444437499999 0.615625 0.5666666671875 0.60703125 0.5638888890625 0.60546875 0.534722221875 0.60546875 0.5319444437499999 0.60703125 0.5319444437499999 0.634375 0.5375 0.6375 0.5638888890625 0.6375
0 0.3416666671875 0.3484375 0.34444444375 0.31953125 0.3416666671875 0.31796875 0.3013888890625 0.31796875 0.2986111109375 0.31953125 0.3013888890625 0.346875 0.31805555625 0.35 0.3416666671875 0.3484375
0 0.1861111109375 0.7625 0.1875 0.7609375 0.1916666671875 0.7609375 0.20555555625 0.753125 0.20555555625 0.75078125 0.20833333281250002 0.75 0.20833333281250002 0.74296875 0.20416666718749998 0.74296875 0.2 0.740625 0.2 0.73828125 0.19583333281249998 0.73828125 0.18055555625 0.73046875 0.15694444375 0.73046875 0.1541666671875 0.73203125 0.1541666671875 0.759375 0.15972222187500001 0.7625 0.1861111109375 0.7625
0 0.602777778125 0.3046875 0.61944444375 0.2984375 0.622222221875 0.2953125 0.622222221875 0.28203125 0.61944444375 0.28046875 0.590277778125 0.28203125 0.5875 0.28671875 0.590277778125 0.3046875 0.602777778125 0.3046875
0 0.4236111109375 0.1578125 0.43194444374999996 0.1625 0.4388888890625 0.1625 0.4486111109375 0.1671875 0.45555555625000005 0.1671875 0.45694444375 0.16875 0.46944444374999994 0.1671875 0.477777778125 0.1625 0.477777778125 0.14453125 0.475 0.14375 0.475 0.14140625 0.46388888906250003 0.13671875 0.4263888890625 0.13671875 0.42083333281249996 0.13984375 0.42083333281249996 0.1546875 0.4236111109375 0.15546875 0.4236111109375 0.1578125
0 0.625 0.82890625 0.6180555562500001 0.82890625 0.609722221875 0.83203125 0.609722221875 0.840625 0.6152777781250001 0.84375 0.6388888890625 0.84375 0.6555555562500001 0.834375 0.6555555562500001 0.82890625 0.6611111109375 0.8234375 0.6611111109375 0.81796875 0.6583333328125 0.8171875 0.6583333328125 0.81171875 0.6555555562500001 0.8109375 0.6555555562500001 0.80703125 0.652777778125 0.80546875 0.6347222218749999 0.80546875 0.6319444437499999 0.80703125 0.6319444437499999 0.8234375 0.625 0.82890625
0 0.447222221875 0.1265625 0.45694444375 0.13125 0.475 0.1296875 0.48055555625 0.1234375 0.48055555625 0.11328125 0.477777778125 0.11015625 0.46666666718750005 0.10546875 0.434722221875 0.10546875 0.43194444374999996 0.10703125 0.43194444374999996 0.1234375 0.440277778125 0.1265625 0.447222221875 0.1265625
0 0.19583333281249998 0.6484375 0.20555555625 0.6484375 0.20694444375 0.65 0.23055555625 0.653125 0.23194444375 0.6515625 0.2388888890625 0.6515625 0.252777778125 0.6421875 0.25555555625 0.63359375 0.252777778125 0.6328125 0.25 0.62578125 0.24444444375000002 0.62421875 0.20138888906250002 0.62421875 0.190277778125 0.62890625 0.1875 0.63203125 0.1875 0.64375 0.190277778125 0.646875 0.19583333281249998 0.6484375
0 0.647222221875 0.4609375 0.6486111109375 0.459375 0.6555555562500001 0.459375 0.6569444437499999 0.4578125 0.6666666671875 0.45625 0.6777777781250001 0.446875 0.6777777781250001 0.43359375 0.672222221875 0.43046875 0.66805555625 0.43046875 0.6611111109375 0.42578125 0.6541666671875 0.42578125 0.652777778125 0.42421875 0.6263888890625 0.42421875 0.6208333328125 0.42734375 0.6208333328125 0.4546875 0.6375 0.4609375 0.647222221875 0.4609375
0 0.69305555625 0.7234375 0.6972222218749999 0.7234375 0.7 0.71953125 0.70555555625 0.7171875 0.7083333328125 0.70703125 0.7041666671875 0.70703125 0.702777778125 0.70546875 0.6791666671875001 0.70546875 0.6638888890625 0.69921875 0.6486111109375 0.69921875 0.64305555625 0.70234375 0.64305555625 0.7171875 0.659722221875 0.725 0.6916666671875 0.725 0.69305555625 0.7234375
0 0.46388888906250003 0.675 0.477777778125 0.6671875 0.477777778125 0.66015625 0.475 0.65703125 0.46805555625000006 0.65703125 0.46666666718750005 0.65546875 0.434722221875 0.65546875 0.43194444374999996 0.65703125 0.43194444374999996 0.6671875 0.434722221875 0.6703125 0.4458333328125 0.675 0.46388888906250003 0.675
0 0.7861111109375 0.840625 0.7916666671875 0.834375 0.7888888890625 0.81328125 0.76805555625 0.81171875 0.765277778125 0.81328125 0.765277778125 0.8375 0.7708333328125 0.840625 0.7861111109375 0.840625
0 0.7180555562500001 0.4703125 0.7333333328125 0.4703125 0.747222221875 0.4640625 0.75 0.4609375 0.75 0.45234375 0.7416666671875001 0.44921875 0.7180555562500001 0.44921875 0.7125 0.45078125 0.709722221875 0.45390625 0.709722221875 0.4671875 0.7180555562500001 0.4703125
0 0.45555555625000005 0.49375 0.45694444375 0.4921875 0.46388888906250003 0.4921875 0.46388888906250003 0.48984375 0.47222222187499996 0.4859375 0.47222222187499996 0.48046875 0.46666666718750005 0.478125 0.46666666718750005 0.47578125 0.4625 0.47578125 0.45277777812500003 0.46953125 0.4458333328125 0.46953125 0.44444444375 0.46796875 0.4236111109375 0.46796875 0.42083333281249996 0.46953125 0.42083333281249996 0.490625 0.4263888890625 0.49375 0.45555555625000005 0.49375
0 0.41111111093749997 0.1375 0.4138888890625 0.1359375 0.4138888890625 0.12578125 0.39027777812500003 0.12421875 0.3875 0.12578125 0.3875 0.1359375 0.39305555625 0.1390625 0.41111111093749997 0.1375
0 0.41944444374999995 0.5390625 0.4236111109375 0.5421875 0.43055555625 0.5421875 0.43333333281249997 0.53671875 0.44444444375 0.5296875 0.447222221875 0.52109375 0.44166666718750003 0.51796875 0.4375 0.51796875 0.4361111109375 0.51484375 0.43055555625 0.51171875 0.4125 0.51171875 0.40972222187499996 0.51328125 0.40972222187499996 0.5359375 0.415277778125 0.5390625 0.41944444374999995 0.5390625
0 0.64444444375 0.70078125 0.6388888890625 0.69921875 0.609722221875 0.70078125 0.609722221875 0.709375 0.6152777781250001 0.7125 0.6416666671875 0.7140625 0.64444444375 0.70078125
0 0.4125 0.640625 0.4263888890625 0.6484375 0.43055555625 0.6484375 0.43194444374999996 0.65 0.44166666718750003 0.65 0.447222221875 0.646875 0.44444444375 0.63359375 0.4361111109375 0.63046875 0.4125 0.63046875 0.40972222187499996 0.63203125 0.40972222187499996 0.6375 0.4125 0.63828125 0.4125 0.640625
0 0.7236111109375 0.72734375 0.7236111109375 0.7296875 0.7208333328125 0.73046875 0.7208333328125 0.7421875 0.7263888890625 0.7453125 0.7388888890625 0.746875 0.7402777781250001 0.7453125 0.75 0.74375 0.75555555625 0.740625 0.7583333328124999 0.72734375 0.752777778125 0.72421875 0.73194444375 0.72421875 0.73055555625 0.72578125 0.7263888890625 0.72578125 0.7236111109375 0.72734375
0 0.51944444375 0.4984375 0.51944444375 0.48828125 0.5138888890625 0.48671875 0.4791666671875 0.48671875 0.4763888890625 0.48828125 0.4763888890625 0.5 0.48194444374999995 0.5046875 0.502777778125 0.5046875 0.51944444375 0.4984375
0 0.6083333328125 0.5484375 0.609722221875 0.55 0.63055555625 0.55 0.6361111109375 0.546875 0.6361111109375 0.54296875 0.6388888890625 0.5421875 0.6361111109375 0.53515625 0.63055555625 0.53203125 0.6263888890625 0.53203125 0.6166666671875001 0.52578125 0.6041666671875 0.52421875 0.5986111109375 0.52734375 0.5986111109375 0.5453125 0.6013888890625 0.5484375 0.6083333328125 0.5484375
0 0.94305555625 0.8015625 0.9666666671874999 0.8015625 0.977777778125 0.7984375 0.977777778125 0.78359375 0.972222221875 0.78046875 0.9458333328125 0.78046875 0.93194444375 0.78828125 0.93194444375 0.7984375 0.934722221875 0.8 0.9416666671874999 0.8 0.94305555625 0.8015625
0 0.4458333328125 0.4578125 0.46388888906250003 0.4546875 0.46666666718750005 0.43984375 0.4583333328125 0.43671875 0.434722221875 0.43671875 0.43194444374999996 0.43828125 0.43194444374999996 0.4515625 0.434722221875 0.4546875 0.4458333328125 0.4578125
0 0.6972222218749999 0.4625 0.6986111109375 0.4609375 0.702777778125 0.4609375 0.7111111109375 0.45625 0.7111111109375 0.45390625 0.7194444437499999 0.45 0.722222221875 0.44453125 0.7194444437499999 0.44375 0.7194444437499999 0.43984375 0.7166666671875 0.43828125 0.7125 0.43828125 0.7111111109375 0.43671875 0.68194444375 0.43671875 0.6763888890625 0.43984375 0.6763888890625 0.4546875 0.690277778125 0.4625 0.6972222218749999 0.4625
0 0.019444443750000002 0.79375 0.0333333328125 0.7859375 0.0333333328125 0.77421875 0.027777778125000003 0.76953125 0.0236111109375 0.76953125 0.022222221875 0.76796875 0.0125 0.76796875 0.009722221875000001 0.76953125 0.009722221875000001 0.7921875 0.0125 0.79375 0.019444443750000002 0.79375
0 0.675 0.5375 0.6805555562500001 0.534375 0.6805555562500001 0.53203125 0.6888888890625 0.528125 0.6888888890625 0.51953125 0.6861111109375 0.51796875 0.659722221875 0.51796875 0.6541666671875 0.52109375 0.6541666671875 0.534375 0.659722221875 0.5375 0.675 0.5375
0 0.6041666671875 0.63125 0.6166666671875001 0.6328125 0.6208333328125 0.6390625 0.63055555625 0.6390625 0.6333333328124999 0.634375 0.63055555625 0.62578125 0.622222221875 0.62421875 0.58194444375 0.62421875 0.5763888890625 0.62734375 0.5791666671875 0.6453125 0.5888888890625 0.64375 0.5958333328125 0.6328125 0.6041666671875 0.63125
0 0.5888888890625 0.821875 0.6 0.81875 0.6 0.81640625 0.6111111109375 0.8109375 0.6083333328125 0.79921875 0.5791666671875 0.79921875 0.5763888890625 0.80078125 0.5791666671875 0.821875 0.5888888890625 0.821875
0 0.45555555625000005 0.5171875 0.45555555625000005 0.50703125 0.434722221875 0.50546875 0.43194444374999996 0.50703125 0.434722221875 0.51875 0.45 0.5203125 0.45555555625000005 0.5171875
0 0.377777778125 0.3421875 0.377777778125 0.33359375 0.372222221875 0.33046875 0.34305555625 0.33203125 0.34305555625 0.3421875 0.34861111093749997 0.3453125 0.36666666718749996 0.3453125 0.377777778125 0.3421875
0 0.3763888890625 0.66796875 0.3763888890625 0.6734375 0.3791666671875 0.67421875 0.3791666671875 0.6765625 0.397222221875 0.675 0.4 0.67109375 0.40833333281249995 0.6671875 0.40833333281249995 0.66328125 0.40416666718750005 0.66328125 0.40277777812500004 0.66171875 0.3875 0.66171875 0.3763888890625 0.66796875
0 0.4763888890625 0.5609375 0.48055555625 0.5609375 0.48333333281249996 0.559375 0.48333333281249996 0.55703125 0.4888888890625 0.5546875 0.4888888890625 0.55234375 0.497222221875 0.5484375 0.49444444374999996 0.54140625 0.48333333281249996 0.53671875 0.4458333328125 0.53671875 0.44305555625000004 0.53828125 0.44305555625000004 0.5546875 0.459722221875 0.5625 0.475 0.5625 0.4763888890625 0.5609375
0 0.44166666718750003 0.34375 0.447222221875 0.340625 0.44444444375 0.33203125 0.44166666718750003 0.33046875 0.4236111109375 0.33046875 0.42083333281249996 0.33203125 0.42083333281249996 0.3421875 0.4236111109375 0.34375 0.44166666718750003 0.34375
0 0.175 0.671875 0.172222221875 0.66484375 0.1666666671875 0.66171875 0.15694444375 0.66171875 0.1541666671875 0.66328125 0.1541666671875 0.6734375 0.16944444375 0.675 0.175 0.671875
0 0.7569444437499999 0.575 0.7638888890625 0.575 0.775 0.5671875 0.777777778125 0.55859375 0.772222221875 0.55546875 0.7569444437499999 0.55546875 0.7541666671875 0.55703125 0.7541666671875 0.5734375 0.7569444437499999 0.575
0 0.7666666671875 0.475 0.7666666671875 0.46953125 0.7638888890625 0.46796875 0.734722221875 0.46796875 0.73194444375 0.46953125 0.73194444375 0.478125 0.7375 0.48125 0.752777778125 0.48125 0.7666666671875 0.475
0 0.5888888890625 0.6484375 0.5916666671875 0.646875 0.5916666671875 0.64140625 0.60555555625 0.6328125 0.6125 0.6390625 0.6083333328125 0.64296875 0.5958333328125 0.64609375 0.5986111109375 0.6609375 0.61944444375 0.6625 0.622222221875 0.6609375 0.622222221875 0.65078125 0.63055555625 0.646875 0.63055555625 0.64140625 0.6333333328124999 0.640625 0.6333333328124999 0.62734375 0.627777778125 0.62421875 0.5791666671875 0.62421875 0.5763888890625 0.62578125 0.5763888890625 0.64375 0.5791666671875 0.646875 0.5888888890625 0.6484375
0 0.40416666718750005 0.5171875 0.40833333281249995 0.5171875 0.40972222187499996 0.5140625 0.42222222187499997 0.5109375 0.425 0.49609375 0.41944444374999995 0.49296875 0.40138888906250003 0.49296875 0.3986111109375 0.49453125 0.3986111109375 0.5125 0.40416666718750005 0.5171875
0 0.7388888890625 0.5796875 0.747222221875 0.5734375 0.74444444375 0.56328125 0.7416666671875001 0.56171875 0.7236111109375 0.56171875 0.7208333328125 0.56328125 0.7208333328125 0.575 0.7236111109375 0.578125 0.7388888890625 0.5796875
0 0.577777778125 0.7109375 0.577777778125 0.70078125 0.56805555625 0.69921875 0.565277778125 0.70078125 0.565277778125 0.7109375 0.575 0.7125 0.577777778125 0.7109375
0 0.63055555625 0.61171875 0.609722221875 0.61328125 0.6125 0.61875 0.6208333328125 0.6203125 0.6333333328124999 0.61875 0.63055555625 0.61171875
0 0.475 0.459375 0.4763888890625 0.4578125 0.4861111109375 0.45625 0.4888888890625 0.45078125 0.4861111109375 0.45 0.4861111109375 0.44765625 0.48055555625 0.4453125 0.48055555625 0.44296875 0.475 0.43984375 0.459722221875 0.43671875 0.45416666718750004 0.43984375 0.45416666718750004 0.4546875 0.46527777812500004 0.459375 0.475 0.459375
0 0.5986111109375 0.65078125 0.5986111109375 0.6671875 0.6041666671875 0.671875 0.6111111109375 0.671875 0.6125 0.6734375 0.6166666671875001 0.6734375 0.622222221875 0.66875 0.622222221875 0.65234375 0.63055555625 0.6484375 0.63055555625 0.64453125 0.6333333328124999 0.64375 0.6333333328124999 0.63984375 0.627777778125 0.63671875 0.609722221875 0.64140625 0.6013888890625 0.64609375 0.6013888890625 0.65 0.5986111109375 0.65078125