0 0.5888888890625 0.30703125 0.56805555625 0.30546875 0.565277778125 0.3171875 0.56805555625 0.31875 0.5861111109375 0.3171875 0.5888888890625 0.30703125
0 0.5111111109375 0.27578125 0.490277778125 0.27421875 0.4875 0.2859375 0.50555555625 0.2875 0.5111111109375 0.284375 0.5111111109375 0.27578125
0 0.2708333328125 0.44375 0.2833333328125 0.4421875 0.2888888890625 0.4390625 0.2888888890625 0.42734375 0.2833333328125 0.42421875 0.26805555625 0.42421875 0.26527777812500003 0.42578125 0.26527777812500003 0.440625 0.2708333328125 0.44375
0 0.40277777812500004 0.28359375 0.397222221875 0.28046875 0.39027777812500003 0.28046875 0.3875 0.2984375 0.397222221875 0.3 0.40277777812500004 0.29375 0.40277777812500004 0.28359375
0 0.43055555625 0.3 0.43333333281249997 0.2984375 0.43333333281249997 0.28828125 0.43055555625 0.28671875 0.4125 0.28671875 0.40972222187499996 0.28828125 0.40972222187499996 0.2984375 0.4125 0.3 0.43055555625 0.3
0 0.622222221875 0.7078125 0.622222221875 0.70078125 0.6013888890625 0.69921875 0.5986111109375 0.7109375 0.6013888890625 0.7140625 0.6111111109375 0.7140625 0.622222221875 0.7078125
0 0.46388888906250003 0.2171875 0.46388888906250003 0.21328125 0.4458333328125 0.21171875 0.44305555625000004 0.21328125 0.44305555625000004 0.221875 0.45555555625000005 0.2234375 0.46388888906250003 0.2171875
0 0.5722222218749999 0.2546875 0.5722222218749999 0.25078125 0.55694444375 0.24921875 0.5541666671875001 0.25078125 0.5541666671875001 0.259375 0.5638888890625 0.2609375 0.5722222218749999 0.2546875
0 0.3236111109375 0.39375 0.33055555625 0.39375 0.3416666671875 0.3859375 0.33888888906250003 0.38046875 0.3236111109375 0.38046875 0.32083333281250004 0.38203125 0.32083333281250004 0.3921875 0.3236111109375 0.39375
0 0.0208333328125 0.75078125 0.0208333328125 0.765625 0.026388889062499997 0.76875 0.0416666671875 0.7671875 0.0486111109375 0.7625 0.055555556250000006 0.7609375 0.055555556250000006 0.74609375 0.05 0.74296875 0.029166667187500002 0.74296875 0.0236111109375 0.74453125 0.0236111109375 0.75 0.0208333328125 0.75078125
0 0.5666666671875 0.28828125 0.5458333328125 0.28671875 0.54305555625 0.2984375 0.5458333328125 0.3 0.5638888890625 0.2984375 0.5666666671875 0.28828125
0 0.48055555625 0.28203125 0.46805555625000006 0.28046875 0.46527777812500004 0.28203125 0.46527777812500004 0.290625 0.475 0.2921875 0.48055555625 0.28203125
0 0.477777778125 0.271875 0.477777778125 0.26328125 0.46805555625000006 0.26171875 0.46527777812500004 0.26328125 0.46527777812500004 0.271875 0.475 0.2734375 0.477777778125 0.271875
0 0.6944444437499999 0.6359375 0.6944444437499999 0.63203125 0.6888888890625 0.63046875 0.66805555625 0.63046875 0.665277778125 0.63203125 0.66805555625 0.6421875 0.6861111109375 0.64375 0.6944444437499999 0.6359375
0 0.075 0.725 0.075 0.71953125 0.06944444375 0.71796875 0.0458333328125 0.71796875 0.04305555625 0.71953125 0.04305555625 0.7296875 0.0486111109375 0.7328125 0.0666666671875 0.73125 0.075 0.725
0 0.4611111109375 0.44375 0.46666666718750005 0.440625 0.46666666718750005 0.43359375 0.477777778125 0.4296875 0.475 0.42421875 0.4458333328125 0.42578125 0.44305555625000004 0.42890625 0.4458333328125 0.44375 0.4611111109375 0.44375
0 0.847222221875 0.696875 0.85 0.68828125 0.834722221875 0.68671875 0.83194444375 0.68828125 0.83194444375 0.6984375 0.8416666671874999 0.7 0.847222221875 0.696875
0 0.1861111109375 0.4109375 0.2 0.4046875 0.2 0.39453125 0.197222221875 0.39296875 0.17916666718750002 0.39296875 0.1763888890625 0.39453125 0.17916666718750002 0.4109375 0.1861111109375 0.4109375
0 0.6 0.484375 0.597222221875 0.47578125 0.5833333328125 0.47734375 0.577777778125 0.47421875 0.565277778125 0.47578125 0.565277778125 0.4859375 0.5708333328124999 0.4890625 0.597222221875 0.4875 0.6 0.484375
0 0.61944444375 0.30546875 0.6013888890625 0.30546875 0.5986111109375 0.30703125 0.6013888890625 0.3125 0.61944444375 0.3125 0.622222221875 0.3109375 0.61944444375 0.30546875
0 0.18055555625 0.41328125 0.15694444375 0.41171875 0.1541666671875 0.4234375 0.175 0.425 0.18055555625 0.41875 0.18055555625 0.41328125
0 0.6861111109375 0.3875 0.6888888890625 0.3859375 0.6888888890625 0.37578125 0.6861111109375 0.37421875 0.66805555625 0.37421875 0.665277778125 0.37578125 0.665277778125 0.3859375 0.6708333328125 0.3890625 0.6861111109375 0.3875
0 0.425 0.62578125 0.4125 0.62421875 0.40972222187499996 0.62578125 0.40972222187499996 0.6359375 0.42222222187499997 0.6375 0.425 0.62578125
0 0.3416666671875 0.71875 0.35555555625 0.7109375 0.35555555625 0.70078125 0.352777778125 0.69921875 0.3236111109375 0.69921875 0.32083333281250004 0.70078125 0.32083333281250004 0.7171875 0.3236111109375 0.71875 0.3416666671875 0.71875
0 0.55694444375 0.73203125 0.55694444375 0.7375 0.5638888890625 0.7375 0.5666666671875 0.73203125 0.55694444375 0.73203125
0 0.21944444375 0.6890625 0.2236111109375 0.6921875 0.23055555625 0.6921875 0.2416666671875 0.6859375 0.2416666671875 0.68203125 0.2388888890625 0.68046875 0.22638888906250001 0.68046875 0.21944444375 0.67421875 0.2125 0.67421875 0.20972222187499998 0.67578125 0.20972222187499998 0.6859375 0.215277778125 0.6890625 0.21944444375 0.6890625
0 0.6 0.5859375 0.6111111109375 0.5796875 0.6111111109375 0.57734375 0.60555555625 0.57421875 0.590277778125 0.57421875 0.5875 0.57578125 0.5875 0.584375 0.590277778125 0.5859375 0.6 0.5859375
0 0.8027777781250001 0.66328125 0.790277778125 0.66171875 0.7875 0.6734375 0.797222221875 0.675 0.8027777781250001 0.66875 0.8027777781250001 0.66328125
0 0.6888888890625 0.77578125 0.66805555625 0.77421875 0.665277778125 0.7859375 0.6833333328125 0.7875 0.6888888890625 0.784375 0.6888888890625 0.77578125
0 0.6666666671875 0.35703125 0.6569444437499999 0.35546875 0.6541666671875 0.3609375 0.6569444437499999 0.3640625 0.6638888890625 0.3640625 0.6666666671875 0.35703125
0 0.28611111093749997 0.6859375 0.28611111093749997 0.68359375 0.2916666671875 0.6828125 0.3 0.678125 0.3 0.66640625 0.29722222187499997 0.66328125 0.2916666671875 0.66171875 0.26805555625 0.66171875 0.26527777812500003 0.66328125 0.26527777812500003 0.675 0.2791666671875 0.6859375 0.28611111093749997 0.6859375
0 0.31944444375000003 0.49296875 0.309722221875 0.49453125 0.3125 0.5 0.32777777812500003 0.4984375 0.32777777812500003 0.49453125 0.31944444375000003 0.49296875
0 0.7361111109375 0.775 0.7361111109375 0.76953125 0.7125 0.76796875 0.709722221875 0.76953125 0.7125 0.7828125 0.73055555625 0.78125 0.7361111109375 0.775
0 0.38333333281250004 0.453125 0.3861111109375 0.44609375 0.377777778125 0.44296875 0.36805555624999997 0.44296875 0.365277778125 0.44453125 0.365277778125 0.4546875 0.375 0.45625 0.38333333281250004 0.453125
0 0.7125 0.75 0.7194444437499999 0.75 0.73055555625 0.74375 0.727777778125 0.73671875 0.7125 0.73671875 0.709722221875 0.73828125 0.709722221875 0.7484375 0.7125 0.75
0 0.9 0.78984375 0.9083333328125001 0.7859375 0.9083333328125001 0.78203125 0.890277778125 0.78046875 0.8875 0.78203125 0.8875 0.7921875 0.897222221875 0.79375 0.9 0.78984375
0 0.252777778125 0.703125 0.25833333281250004 0.6984375 0.2611111109375 0.68984375 0.24583333281250003 0.68671875 0.24305555625 0.68828125 0.24305555625 0.7 0.24583333281250003 0.703125 0.252777778125 0.703125
0 0.6319444437499999 0.74453125 0.6319444437499999 0.7484375 0.6347222218749999 0.75 0.65 0.75 0.6611111109375 0.7421875 0.6611111109375 0.73828125 0.6541666671875 0.73828125 0.652777778125 0.73671875 0.640277778125 0.73828125 0.6319444437499999 0.74453125
0 0.6347222218749999 0.63046875 0.6319444437499999 0.63203125 0.6347222218749999 0.6390625 0.652777778125 0.6375 0.65 0.63046875 0.6347222218749999 0.63046875
0 0.497222221875 0.29453125 0.4791666671875 0.29296875 0.4763888890625 0.3046875 0.4791666671875 0.30625 0.49444444374999996 0.3046875 0.497222221875 0.29453125
0 0.809722221875 0.815625 0.8041666671875 0.81640625 0.7986111109375 0.81953125 0.7986111109375 0.8234375 0.8013888890624999 0.825 0.8194444437499999 0.825 0.8333333328125001 0.8171875 0.8333333328125001 0.80703125 0.83055555625 0.80546875 0.8208333328125 0.80546875 0.8194444437499999 0.80703125 0.8125 0.80703125 0.809722221875 0.815625
0 0.775 0.784375 0.7833333328125 0.7796875 0.7833333328125 0.77578125 0.775 0.76796875 0.76805555625 0.76796875 0.765277778125 0.76953125 0.765277778125 0.78125 0.76805555625 0.784375 0.775 0.784375
0 0.597222221875 0.5796875 0.597222221875 0.57734375 0.5888888890625 0.57421875 0.5763888890625 0.57578125 0.5763888890625 0.5796875 0.58194444375 0.5828125 0.5888888890625 0.5828125 0.597222221875 0.5796875
0 0.64444444375 0.2859375 0.64444444375 0.27578125 0.6347222218749999 0.27421875 0.6319444437499999 0.27578125 0.6319444437499999 0.2859375 0.6416666671875 0.2875 0.64444444375 0.2859375
0 0.597222221875 0.7 0.6 0.6984375 0.6 0.69453125 0.597222221875 0.69296875 0.590277778125 0.69296875 0.5875 0.69453125 0.5875 0.6984375 0.590277778125 0.7 0.597222221875 0.7
0 0.397222221875 0.43125 0.4 0.4296875 0.4 0.42578125 0.397222221875 0.42421875 0.39027777812500003 0.42421875 0.3875 0.42578125 0.3875 0.4296875 0.39027777812500003 0.43125 0.397222221875 0.43125
0 0.6 0.7421875 0.6 0.73984375 0.5944444437499999 0.73671875 0.5791666671875 0.73671875 0.5763888890625 0.73828125 0.5763888890625 0.7421875 0.58194444375 0.7453125 0.5888888890625 0.7453125 0.6 0.7421875
0 0.622222221875 0.4859375 0.622222221875 0.47578125 0.6125 0.47421875 0.609722221875 0.47578125 0.609722221875 0.4859375 0.61944444375 0.4875 0.622222221875 0.4859375
0 0.34444444375 0.61953125 0.334722221875 0.61796875 0.33194444375 0.6296875 0.334722221875 0.6328125 0.3416666671875 0.6328125 0.34444444375 0.61953125
0 0.5791666671875 0.27578125 0.5791666671875 0.2796875 0.5861111109375 0.2796875 0.5861111109375 0.27578125 0.5791666671875 0.27578125
0 0.7666666671875 0.815625 0.7666666671875 0.80078125 0.7569444437499999 0.79921875 0.7541666671875 0.80078125 0.7541666671875 0.815625 0.7638888890625 0.8171875 0.7666666671875 0.815625
0 0.5555555562500001 0.6125 0.5555555562500001 0.60703125 0.534722221875 0.60546875 0.5319444437499999 0.6171875 0.534722221875 0.61875 0.55 0.6171875 0.5555555562500001 0.6125
0 0.2638888890625 0.56875 0.2666666671875 0.5671875 0.2666666671875 0.56328125 0.2638888890625 0.56171875 0.25694444375000003 0.56171875 0.2541666671875 0.56328125 0.2541666671875 0.5671875 0.25694444375000003 0.56875 0.2638888890625 0.56875
0 0.48333333281249996 0.63046875 0.46527777812500004 0.63203125 0.46805555625000006 0.6375 0.4916666671875 0.6359375 0.4916666671875 0.63203125 0.48333333281249996 0.63046875
0 0.46944444374999994 0.57578125 0.46666666718750005 0.57421875 0.45694444375 0.57421875 0.45416666718750004 0.5796875 0.45694444375 0.58125 0.46666666718750005 0.58125 0.46944444374999994 0.57578125
0 0.622222221875 0.72578125 0.6125 0.72421875 0.609722221875 0.7296875 0.6125 0.7328125 0.61944444375 0.7328125 0.622222221875 0.72578125
0 0.3611111109375 0.47421875 0.3458333328125 0.47421875 0.34305555625 0.47578125 0.3458333328125 0.48125 0.3611111109375 0.48125 0.3638888890625 0.4796875 0.3611111109375 0.47421875
0 0.5166666671875 0.6484375 0.5236111109375 0.6546875 0.5305555562500001 0.6546875 0.5305555562500001 0.64296875 0.5333333328125 0.6421875 0.5333333328125 0.63984375 0.527777778125 0.63671875 0.5041666671875 0.63671875 0.4986111109375 0.63984375 0.4986111109375 0.6421875 0.5125 0.6484375 0.5166666671875 0.6484375