0 0.63055555625 0.2296875 0.63055555625 0.22734375 0.6388888890625 0.225 0.64444444375 0.2203125 0.64444444375 0.19921875 0.6416666671875 0.19453125 0.6333333328124999 0.19296875 0.584722221875 0.19296875 0.5791666671875 0.19453125 0.5763888890625 0.19765625 0.5763888890625 0.2234375 0.590277778125 0.23125 0.63055555625 0.2296875
0 0.35694444375 0.7453125 0.3611111109375 0.7453125 0.36805555624999997 0.7484375 0.38055555625 0.7484375 0.38194444375000003 0.746875 0.397222221875 0.74375 0.41111111093749997 0.7359375 0.41111111093749997 0.71796875 0.40833333281249995 0.7171875 0.40833333281249995 0.71484375 0.40555555625000006 0.71328125 0.384722221875 0.71328125 0.38333333281250004 0.71484375 0.38055555625 0.71328125 0.3763888890625 0.71328125 0.375 0.71171875 0.3458333328125 0.71171875 0.34305555625 0.71328125 0.34305555625 0.740625 0.34861111093749997 0.74375 0.35555555625 0.74375 0.35694444375 0.7453125
0 0.4875 0.03828125 0.4875 0.05625 0.490277778125 0.05703125 0.490277778125 0.059375 0.5041666671875 0.0671875 0.5083333328124999 0.0671875 0.5208333328125 0.0734375 0.5305555562500001 0.0734375 0.5319444437499999 0.071875 0.5361111109375 0.071875 0.540277778125 0.06875 0.54444444375 0.06875 0.547222221875 0.0671875 0.547222221875 0.06484375 0.5555555562500001 0.0609375 0.5555555562500001 0.05546875 0.5583333328125 0.0546875 0.5583333328125 0.05078125 0.5555555562500001 0.05 0.5555555562500001 0.04453125 0.55 0.04140625 0.540277778125 0.03984375 0.5361111109375 0.0375 0.5361111109375 0.03515625 0.5333333328125 0.034375 0.5333333328125 0.03203125 0.5305555562500001 0.03046875 0.4986111109375 0.03046875 0.497222221875 0.03203125 0.49305555625 0.03203125 0.49305555625 0.034375 0.4875 0.03828125
0 0.5236111109375 0.2625 0.5416666671875 0.2625 0.54305555625 0.2609375 0.575 0.253125 0.575 0.25078125 0.577777778125 0.25 0.577777778125 0.23828125 0.5722222218749999 0.2328125 0.5722222218749999 0.22578125 0.56805555625 0.22578125 0.5666666671875 0.22421875 0.51805555625 0.22421875 0.5166666671875 0.22578125 0.5125 0.22578125 0.5125 0.228125 0.5097222218749999 0.22890625 0.5097222218749999 0.2546875 0.5236111109375 0.2625
0 0.40555555625000006 0.21171875 0.3958333328125 0.21171875 0.3888888890625 0.2078125 0.3888888890625 0.20234375 0.3791666671875 0.20078125 0.3763888890625 0.20234375 0.3763888890625 0.2171875 0.38333333281250004 0.21875 0.39027777812500003 0.225 0.40138888906250003 0.2265625 0.41944444374999995 0.225 0.42222222187499997 0.22109375 0.43333333281249997 0.2171875 0.4361111109375 0.20078125 0.43055555625 0.19921875 0.4125 0.20078125 0.40972222187499996 0.209375 0.40555555625000006 0.21171875
0 0.675 0.35625 0.6763888890625 0.3578125 0.6805555562500001 0.3578125 0.6875 0.3609375 0.6972222218749999 0.3609375 0.7111111109375 0.353125 0.7111111109375 0.32578125 0.7083333328125 0.32421875 0.66805555625 0.32421875 0.665277778125 0.32578125 0.665277778125 0.353125 0.6708333328125 0.35625 0.675 0.35625
0 0.3638888890625 0.54375 0.377777778125 0.5359375 0.377777778125 0.53203125 0.38055555625 0.53125 0.38055555625 0.51796875 0.377777778125 0.5171875 0.377777778125 0.51328125 0.375 0.51171875 0.334722221875 0.51171875 0.33194444375 0.51328125 0.33194444375 0.5359375 0.3458333328125 0.54375 0.3638888890625 0.54375
0 0.20416666718749998 0.946875 0.20138888906250002 0.94765625 0.20138888906250002 0.9515625 0.190277778125 0.95703125 0.190277778125 0.959375 0.1875 0.96015625 0.1875 0.9734375 0.20138888906250002 0.98125 0.21944444375 0.98125 0.23611111093749998 0.971875 0.23611111093749998 0.96953125 0.24444444375000002 0.9671875 0.24444444375000002 0.95234375 0.2416666671875 0.9515625 0.2416666671875 0.94921875 0.23611111093749998 0.9484375 0.23611111093749998 0.94609375 0.23055555625 0.94296875 0.20972222187499998 0.94296875 0.20833333281250002 0.94453125 0.20416666718749998 0.94453125 0.20416666718749998 0.946875
0 0.415277778125 0.55 0.427777778125 0.5484375 0.4375 0.5421875 0.44166666718750003 0.5421875 0.44166666718750003 0.53984375 0.447222221875 0.5359375 0.447222221875 0.52890625 0.44166666718750003 0.52421875 0.4125 0.52421875 0.40972222187499996 0.52578125 0.40972222187499996 0.546875 0.415277778125 0.55
0 0.4263888890625 0.18125 0.43333333281249997 0.18125 0.434722221875 0.1828125 0.45 0.1828125 0.4583333328125 0.178125 0.4583333328125 0.16796875 0.45277777812500003 0.1640625 0.45277777812500003 0.16015625 0.44444444375 0.15546875 0.4125 0.15546875 0.40972222187499996 0.15703125 0.40972222187499996 0.1734375 0.4166666671875 0.175 0.4263888890625 0.18125
0 0.3236111109375 0.434375 0.33055555625 0.434375 0.3333333328125 0.4328125 0.3333333328125 0.43046875 0.3416666671875 0.4234375 0.3416666671875 0.41953125 0.33055555625 0.41171875 0.290277778125 0.41171875 0.2875 0.41328125 0.2875 0.4296875 0.290277778125 0.43125 0.3166666671875 0.43125 0.3236111109375 0.434375
0 0.397222221875 0.4171875 0.40555555625000006 0.4046875 0.40555555625000006 0.39609375 0.397222221875 0.39296875 0.36805555624999997 0.39296875 0.365277778125 0.39453125 0.365277778125 0.415625 0.3708333328125 0.41875 0.397222221875 0.4171875
0 0.8833333328125 0.44375 0.897222221875 0.4375 0.9 0.434375 0.9 0.42578125 0.89444444375 0.41953125 0.8888888890625 0.41796875 0.8458333328125001 0.41796875 0.8430555562500001 0.41953125 0.8430555562500001 0.4359375 0.8513888890624999 0.4421875 0.85694444375 0.44375 0.8833333328125 0.44375
0 0.40972222187499996 0.43828125 0.40972222187499996 0.4546875 0.4125 0.45625 0.43333333281249997 0.45625 0.434722221875 0.4546875 0.4388888890625 0.4546875 0.45277777812500003 0.4453125 0.45277777812500003 0.44296875 0.45555555625000005 0.4421875 0.45555555625000005 0.43671875 0.45277777812500003 0.4359375 0.45 0.42890625 0.44166666718750003 0.42421875 0.4236111109375 0.42578125 0.415277778125 0.43046875 0.4125 0.4375 0.40972222187499996 0.43828125
0 0.38194444375000003 0.446875 0.39027777812500003 0.45 0.40277777812500004 0.45 0.41111111093749997 0.446875 0.41111111093749997 0.44140625 0.41944444374999995 0.4359375 0.41944444374999995 0.42109375 0.41111111093749997 0.41796875 0.3791666671875 0.41796875 0.3763888890625 0.41953125 0.3763888890625 0.43125 0.3791666671875 0.43203125 0.38194444375000003 0.446875
0 0.30555555624999997 0.5109375 0.30555555624999997 0.50703125 0.3 0.50546875 0.2791666671875 0.50546875 0.27638888906250003 0.50703125 0.2791666671875 0.5203125 0.29722222187499997 0.51875 0.30555555624999997 0.5109375
0 0.28194444375 0.7546875 0.28611111093749997 0.7546875 0.2888888890625 0.74453125 0.28611111093749997 0.74375 0.28611111093749997 0.73984375 0.2833333328125 0.73828125 0.2791666671875 0.73828125 0.27777777812500004 0.73671875 0.24583333281250003 0.73671875 0.24305555625 0.73828125 0.24305555625 0.753125 0.2486111109375 0.75625 0.272222221875 0.759375 0.28194444375 0.7546875
0 0.6 0.3078125 0.6041666671875 0.3109375 0.6138888890625 0.3109375 0.6152777781250001 0.3125 0.6416666671875 0.3109375 0.6416666671875 0.30703125 0.64444444375 0.30625 0.64444444375 0.29453125 0.63055555625 0.28671875 0.5958333328125 0.28671875 0.590277778125 0.28828125 0.5875 0.29140625 0.5875 0.303125 0.590277778125 0.30625 0.6 0.3078125
0 0.3375 0.4 0.3416666671875 0.4 0.34722222187499996 0.396875 0.35 0.38828125 0.34305555625 0.38828125 0.3416666671875 0.38671875 0.3013888890625 0.38671875 0.2986111109375 0.38828125 0.2986111109375 0.4046875 0.30416666718749996 0.4078125 0.31944444375000003 0.4078125 0.33055555625 0.4046875 0.3375 0.4
0 0.5458333328125 0.3359375 0.5486111109375 0.3375 0.5527777781250001 0.3375 0.559722221875 0.3421875 0.5666666671875 0.3421875 0.56805555625 0.34375 0.5833333328125 0.34375 0.5888888890625 0.340625 0.5888888890625 0.33828125 0.5944444437499999 0.334375 0.5944444437499999 0.32578125 0.5888888890625 0.3234375 0.5888888890625 0.32109375 0.577777778125 0.315625 0.577777778125 0.31328125 0.575 0.31171875 0.5458333328125 0.31171875 0.54305555625 0.31328125 0.54305555625 0.3328125 0.5458333328125 0.33359375 0.5458333328125 0.3359375
0 0.609722221875 0.259375 0.6125 0.2625 0.6333333328124999 0.2640625 0.64444444375 0.2609375 0.647222221875 0.24453125 0.6416666671875 0.23671875 0.6236111109375 0.23671875 0.6152777781250001 0.23984375 0.6152777781250001 0.24375 0.609722221875 0.24921875 0.609722221875 0.259375
0 0.4916666671875 0.0796875 0.49305555625 0.08125 0.5111111109375 0.08125 0.5125 0.0796875 0.51944444375 0.0796875 0.51944444375 0.06953125 0.515277778125 0.06953125 0.4916666671875 0.05625 0.4916666671875 0.05390625 0.4888888890625 0.053125 0.4888888890625 0.05078125 0.4861111109375 0.04921875 0.4791666671875 0.04921875 0.4763888890625 0.05078125 0.4763888890625 0.0734375 0.4875 0.0796875 0.4916666671875 0.0796875
0 0.7361111109375 0.5484375 0.7361111109375 0.54609375 0.7416666671875001 0.54375 0.7416666671875001 0.53359375 0.7361111109375 0.52734375 0.7194444437499999 0.52421875 0.690277778125 0.52421875 0.6875 0.52578125 0.6875 0.5484375 0.690277778125 0.55 0.7138888890625 0.553125 0.7361111109375 0.5484375
0 0.5013888890625 0.7046875 0.5111111109375 0.7046875 0.5125 0.703125 0.5166666671875 0.703125 0.525 0.6984375 0.525 0.68984375 0.51944444375 0.68671875 0.515277778125 0.68671875 0.5138888890625 0.68359375 0.5083333328124999 0.68046875 0.490277778125 0.68046875 0.4875 0.68203125 0.4875 0.6984375 0.49444444374999996 0.7 0.5013888890625 0.7046875
0 0.1416666671875 0.96875 0.14305555625 0.9671875 0.15 0.9671875 0.15555555625 0.9625 0.15555555625 0.95234375 0.15 0.94921875 0.1458333328125 0.94921875 0.13888888906250002 0.94453125 0.134722221875 0.94453125 0.13333333281249998 0.94296875 0.12361111093749999 0.94296875 0.1208333328125 0.94453125 0.1208333328125 0.965625 0.1263888890625 0.96875 0.1416666671875 0.96875
0 0.35555555625 0.384375 0.35555555625 0.36953125 0.352777778125 0.36796875 0.3236111109375 0.36953125 0.32083333281250004 0.384375 0.3263888890625 0.3875 0.35 0.3875 0.35555555625 0.384375
0 0.32083333281250004 0.4625 0.3236111109375 0.4640625 0.33055555625 0.4640625 0.334722221875 0.4609375 0.33888888906250003 0.4609375 0.3416666671875 0.459375 0.3416666671875 0.45546875 0.34444444375 0.4546875 0.34444444375 0.44140625 0.3416666671875 0.440625 0.3416666671875 0.43828125 0.33888888906250003 0.43671875 0.3333333328125 0.4359375 0.3333333328125 0.43359375 0.33055555625 0.43203125 0.3236111109375 0.43203125 0.322222221875 0.43046875 0.28194444375 0.43046875 0.27638888906250003 0.43359375 0.28472222187499996 0.4484375 0.30555555624999997 0.4515625 0.32083333281250004 0.46015625 0.32083333281250004 0.4625
0 0.7791666671875 0.6234375 0.7861111109375 0.6234375 0.7875 0.625 0.8111111109375001 0.6234375 0.8138888890624999 0.61953125 0.8194444437499999 0.61875 0.8222222218749999 0.615625 0.8222222218749999 0.60390625 0.8138888890624999 0.6 0.8138888890624999 0.59765625 0.8083333328125001 0.59453125 0.7986111109375 0.59453125 0.797222221875 0.59296875 0.7708333328125 0.59296875 0.765277778125 0.59609375 0.765277778125 0.6140625 0.76805555625 0.6171875 0.7791666671875 0.6234375
0 0.6263888890625 0.3359375 0.63055555625 0.3359375 0.6347222218749999 0.3390625 0.652777778125 0.3375 0.6583333328125 0.334375 0.6583333328125 0.33203125 0.6638888890625 0.3296875 0.6638888890625 0.32421875 0.6611111109375 0.3234375 0.6611111109375 0.32109375 0.6416666671875 0.31171875 0.6236111109375 0.31171875 0.6208333328125 0.31328125 0.6208333328125 0.3296875 0.6236111109375 0.33046875 0.6263888890625 0.3359375
0 0.5305555562500001 0.6671875 0.527777778125 0.65546875 0.5013888890625 0.65546875 0.4986111109375 0.65703125 0.4986111109375 0.671875 0.5013888890625 0.6734375 0.5166666671875 0.6734375 0.5305555562500001 0.6671875
0 0.7236111109375 0.3296875 0.73055555625 0.3296875 0.7333333328125 0.328125 0.7375 0.3203125 0.752777778125 0.31875 0.7583333328124999 0.315625 0.752777778125 0.30546875 0.7125 0.30546875 0.709722221875 0.30703125 0.709722221875 0.321875 0.7125 0.325 0.7194444437499999 0.3265625 0.7236111109375 0.3296875
0 0.4861111109375 0.5453125 0.5041666671875 0.5359375 0.5083333328124999 0.5359375 0.5083333328124999 0.53046875 0.5111111109375 0.5296875 0.5083333328124999 0.51953125 0.4986111109375 0.51953125 0.497222221875 0.51796875 0.46805555625000006 0.51796875 0.46527777812500004 0.51953125 0.46527777812500004 0.5421875 0.47083333281249995 0.5453125 0.4861111109375 0.5453125
0 0.36666666718749996 0.3609375 0.3638888890625 0.35546875 0.334722221875 0.35546875 0.33194444375 0.35703125 0.33194444375 0.3609375 0.3458333328125 0.365625 0.3583333328125 0.365625 0.36666666718749996 0.3609375
0 0.475 0.5609375 0.475 0.55546875 0.46388888906250003 0.553125 0.46944444374999994 0.5484375 0.46666666718750005 0.54453125 0.4583333328125 0.54296875 0.43194444374999996 0.54453125 0.43194444374999996 0.55625 0.4375 0.5609375 0.4486111109375 0.5625 0.475 0.5609375
0 0.40277777812500004 0.6109375 0.40277777812500004 0.60703125 0.3986111109375 0.60703125 0.397222221875 0.60546875 0.3708333328125 0.60546875 0.365277778125 0.60859375 0.365277778125 0.61875 0.36805555624999997 0.61953125 0.36805555624999997 0.621875 0.3888888890625 0.61875 0.40277777812500004 0.6109375
0 0.0333333328125 0.1796875 0.0361111109375 0.175 0.0333333328125 0.16640625 0.022222221875 0.16171875 0.0125 0.16171875 0.009722221875000001 0.16328125 0.009722221875000001 0.1796875 0.0125 0.18125 0.0333333328125 0.1796875
0 0.40277777812500004 0.76328125 0.397222221875 0.76171875 0.3763888890625 0.76328125 0.3763888890625 0.771875 0.38194444375000003 0.775 0.4 0.7734375 0.40277777812500004 0.76328125
0 0.459722221875 0.5671875 0.47222222187499996 0.565625 0.477777778125 0.5609375 0.477777778125 0.55703125 0.46944444374999994 0.5515625 0.46944444374999994 0.54453125 0.4625 0.54453125 0.4611111109375 0.54296875 0.4458333328125 0.54296875 0.44305555625000004 0.54453125 0.44305555625000004 0.5609375 0.45555555625000005 0.5640625 0.459722221875 0.5671875
0 0.7833333328125 0.6859375 0.7888888890625 0.6828125 0.7888888890625 0.67265625 0.777777778125 0.66796875 0.76805555625 0.66796875 0.765277778125 0.66953125 0.765277778125 0.68125 0.7708333328125 0.6859375 0.7833333328125 0.6859375
0 0.3875 0.4421875 0.4138888890625 0.440625 0.41944444374999995 0.4328125 0.41944444374999995 0.42421875 0.4138888890625 0.41953125 0.40833333281249995 0.41796875 0.36805555624999997 0.41796875 0.365277778125 0.41953125 0.365277778125 0.43125 0.3708333328125 0.4375 0.38333333281250004 0.4359375 0.3875 0.4421875
0 0.4888888890625 0.43828125 0.46805555625000006 0.43671875 0.46527777812500004 0.4484375 0.47083333281249995 0.4515625 0.4861111109375 0.4515625 0.4888888890625 0.43828125
0 0.0125 0.18203125 0.009722221875000001 0.1953125 0.0125 0.1984375 0.019444443750000002 0.1984375 0.0361111109375 0.190625 0.0388888890625 0.17734375 0.0361111109375 0.17109375 0.030555556249999997 0.16796875 0.0125 0.16796875 0.009722221875000001 0.16953125 0.009722221875000001 0.18125 0.0125 0.18203125
0 0.5416666671875 0.5171875 0.5416666671875 0.51171875 0.5305555562500001 0.50546875 0.5125 0.50546875 0.5097222218749999 0.50703125 0.5097222218749999 0.5171875 0.515277778125 0.5203125 0.5305555562500001 0.5203125 0.5416666671875 0.5171875
0 0.3125 0.40625 0.322222221875 0.40625 0.3236111109375 0.4046875 0.33055555625 0.4046875 0.3375 0.4 0.3416666671875 0.4 0.352777778125 0.3875 0.352777778125 0.38203125 0.3125 0.38046875 0.309722221875 0.38203125 0.309722221875 0.4046875 0.3125 0.40625
0 0.575 0.2859375 0.5694444437499999 0.28046875 0.54305555625 0.28203125 0.54305555625 0.2859375 0.5513888890625 0.2890625 0.5694444437499999 0.2890625 0.575 0.2859375
0 0.1916666671875 0.70703125 0.17916666718750002 0.70546875 0.1763888890625 0.70703125 0.1763888890625 0.7234375 0.1888888890625 0.725 0.1916666671875 0.70703125