0 0.7552083328125 0.158203125 0.734375 0.158203125 0.7118055562500001 0.1708984375 0.71875 0.1865234375 0.734375 0.19140625 0.7430555562500001 0.1904296875 0.7604166671875 0.1826171875 0.7673611109375 0.1748046875 0.7673611109375 0.1669921875 0.7552083328125 0.158203125
0 0.41493055625 0.40625 0.40625 0.4111328125 0.40277777812500004 0.4248046875 0.41493055625 0.431640625 0.43402777812500004 0.4326171875 0.44097222187499996 0.4287109375 0.43402777812500004 0.4150390625 0.421875 0.40625 0.41493055625 0.40625
0 0.5711805562500001 0.15625 0.5538194437499999 0.1640625 0.5399305562500001 0.1640625 0.53125 0.1767578125 0.543402778125 0.189453125 0.565972221875 0.1904296875 0.5868055562500001 0.1845703125 0.59375 0.1728515625 0.590277778125 0.1650390625 0.5711805562500001 0.15625
0 0.769097221875 0.169921875 0.7604166671875 0.1806640625 0.7430555562500001 0.1904296875 0.7430555562500001 0.1943359375 0.7552083328125 0.201171875 0.78125 0.2001953125 0.7951388890625 0.1923828125 0.7986111109375 0.1826171875 0.7899305562500001 0.171875 0.769097221875 0.169921875
0 0.737847221875 0.72265625 0.722222221875 0.7314453125 0.715277778125 0.7431640625 0.730902778125 0.759765625 0.7413194437499999 0.763671875 0.7604166671875 0.7626953125 0.7708333328125 0.7451171875 0.7708333328125 0.7353515625 0.7586805562500001 0.724609375 0.737847221875 0.72265625
0 0.8211805562500001 0.78125 0.793402778125 0.783203125 0.7864583328125 0.77734375 0.7795138890625 0.77734375 0.7638888890625 0.7861328125 0.7673611109375 0.7939453125 0.793402778125 0.8046875 0.8055555562500001 0.8037109375 0.831597221875 0.798828125 0.840277778125 0.7919921875 0.8368055562500001 0.7861328125 0.8211805562500001 0.78125
0 0.703125 0.2734375 0.6788194437499999 0.271484375 0.6631944437499999 0.2822265625 0.659722221875 0.2939453125 0.6631944437499999 0.2998046875 0.690972221875 0.3134765625 0.7048611109375 0.3076171875 0.715277778125 0.2978515625 0.71875 0.2841796875 0.703125 0.2734375
0 0.8229166671874999 0.6748046875 0.828125 0.6796875 0.8420138890625 0.6796875 0.8524305562500001 0.68359375 0.875 0.6826171875 0.875 0.6787109375 0.859375 0.671875 0.828125 0.669921875 0.8229166671874999 0.6748046875
0 0.859375 0.69140625 0.8454861109375 0.689453125 0.8229166671874999 0.7001953125 0.8229166671874999 0.7080078125 0.831597221875 0.71484375 0.8541666671874999 0.7158203125 0.878472221875 0.6982421875 0.8767361109375 0.685546875 0.862847221875 0.6875 0.859375 0.69140625
0 0.675347221875 0.591796875 0.6649305562500001 0.587890625 0.6493055562500001 0.5947265625 0.6493055562500001 0.6103515625 0.668402778125 0.623046875 0.6770833328125 0.6220703125 0.6805555562500001 0.6142578125 0.6979166671875 0.6103515625 0.7013888890625 0.5908203125 0.675347221875 0.591796875
0 0.171875 0.466796875 0.15972222187500001 0.4755859375 0.16319444375 0.4814453125 0.17534722187500001 0.486328125 0.19444444375 0.4853515625 0.20486111093749998 0.4794921875 0.20486111093749998 0.4716796875 0.1927083328125 0.46484375 0.171875 0.466796875
0 0.534722221875 0.2802734375 0.53125 0.2919921875 0.543402778125 0.302734375 0.5833333328125 0.3037109375 0.59375 0.2978515625 0.5850694437499999 0.287109375 0.5572916671875 0.279296875 0.534722221875 0.2802734375
0 0.081597221875 0.263671875 0.065972221875 0.2705078125 0.065972221875 0.2822265625 0.07118055625 0.28515625 0.1076388890625 0.2861328125 0.121527778125 0.2783203125 0.121527778125 0.2666015625 0.112847221875 0.26171875 0.081597221875 0.263671875
0 0.609375 0.314453125 0.6006944437499999 0.3212890625 0.6041666671875 0.3330078125 0.6197916671875 0.33984375 0.628472221875 0.3388671875 0.6458333328125 0.3349609375 0.6458333328125 0.3193359375 0.6197916671875 0.318359375 0.609375 0.314453125
0 0.5625 0.7802734375 0.5625 0.7919921875 0.5677083328125 0.794921875 0.597222221875 0.7939453125 0.6041666671875 0.7744140625 0.5850694437499999 0.767578125 0.5711805562500001 0.767578125 0.5625 0.7802734375
0 0.6892361109375 0.421875 0.6770833328125 0.4287109375 0.6770833328125 0.4384765625 0.6892361109375 0.443359375 0.7118055562500001 0.4423828125 0.71875 0.4365234375 0.71875 0.4267578125 0.703125 0.421875 0.6892361109375 0.421875
0 0.515625 0.23046875 0.49305555625 0.2392578125 0.4861111109375 0.2509765625 0.512152778125 0.2578125 0.527777778125 0.2568359375 0.5381944437499999 0.2509765625 0.5451388890625 0.2392578125 0.5364583328125 0.232421875 0.515625 0.23046875
0 0.5052083328125 0.3984375 0.49305555625 0.4189453125 0.5052083328125 0.42578125 0.53125 0.4248046875 0.5381944437499999 0.4208984375 0.534722221875 0.4033203125 0.5260416671875 0.3984375 0.5052083328125 0.3984375
0 0.8211805562500001 0.48828125 0.8125 0.4931640625 0.8194444437499999 0.5107421875 0.828125 0.515625 0.847222221875 0.5146484375 0.8576388890625 0.5087890625 0.8506944437499999 0.4931640625 0.8454861109375 0.490234375 0.8211805562500001 0.48828125
0 0.512152778125 0.6796875 0.503472221875 0.6865234375 0.5069444437499999 0.6982421875 0.512152778125 0.701171875 0.5208333328125 0.7001953125 0.5451388890625 0.6826171875 0.5451388890625 0.6787109375 0.5364583328125 0.67578125 0.512152778125 0.6796875
0 0.1510416671875 0.775390625 0.14236111093749998 0.7880859375 0.1458333328125 0.7958984375 0.15798611093749998 0.80078125 0.1875 0.7998046875 0.1979166671875 0.7958984375 0.19444444375 0.7802734375 0.17534722187500001 0.7734375 0.1510416671875 0.775390625
0 0.9583333328125001 0.5380859375 0.9618055562500001 0.5576171875 0.987847221875 0.56640625 0.996527778125 0.5654296875 1 0.5341796875 0.9947916671874999 0.53125 0.9670138890625 0.533203125 0.9583333328125001 0.5380859375
0 0.793402778125 0.396484375 0.777777778125 0.4033203125 0.777777778125 0.4091796875 0.8020833328125001 0.4169921875 0.8142361109375 0.416015625 0.8263888890625 0.4091796875 0.828125 0.396484375 0.793402778125 0.396484375
0 0.7135416671875 0.474609375 0.6944444437499999 0.4892578125 0.6944444437499999 0.4931640625 0.7170138890625 0.50390625 0.7361111109375 0.5029296875 0.75 0.4970703125 0.7430555562500001 0.4814453125 0.7274305562500001 0.474609375 0.7135416671875 0.474609375
0 0.5381944437499999 0.3837890625 0.5416666671875 0.3896484375 0.546875 0.392578125 0.5625 0.3916015625 0.565972221875 0.3779296875 0.5607638890625 0.375 0.546875 0.375 0.5381944437499999 0.3837890625
0 0.5 0.3837890625 0.5 0.3935546875 0.5052083328125 0.3984375 0.5243055562500001 0.3974609375 0.53125 0.3876953125 0.5243055562500001 0.3740234375 0.515625 0.373046875 0.5 0.3837890625
0 0.8767361109375 0.482421875 0.8680555562500001 0.4912109375 0.8680555562500001 0.5029296875 0.8767361109375 0.5078125 0.8958333328125001 0.5068359375 0.909722221875 0.5029296875 0.909722221875 0.4931640625 0.894097221875 0.482421875 0.8767361109375 0.482421875
0 0.9288194437499999 0.544921875 0.9045138890625 0.548828125 0.8993055562500001 0.5556640625 0.90625 0.5654296875 0.9149305562500001 0.5703125 0.9305555562500001 0.5693359375 0.9375 0.5673828125 0.9444444437499999 0.5576171875 0.940972221875 0.5517578125 0.9288194437499999 0.544921875
0 0.1770833328125 0.5068359375 0.18055555625 0.5146484375 0.18923611093749998 0.51953125 0.21180555625 0.5185546875 0.215277778125 0.5009765625 0.21006944375 0.498046875 0.18576388906250002 0.5 0.1770833328125 0.5068359375
0 0.1232638890625 0.279296875 0.1145833328125 0.2841796875 0.1145833328125 0.2939453125 0.12673611093749998 0.30078125 0.14930555625 0.2998046875 0.15277777812499999 0.2900390625 0.140625 0.2890625 0.13368055625 0.279296875 0.1232638890625 0.279296875
0 0.10243055625 0.724609375 0.08506944375 0.728515625 0.07986111093750001 0.7333984375 0.08333333281250001 0.7470703125 0.09895833281250001 0.755859375 0.11805555625 0.7548828125 0.1354166671875 0.7470703125 0.1354166671875 0.7275390625 0.1302083328125 0.724609375 0.10243055625 0.724609375
0 0.5225694437499999 0.19140625 0.5416666671875 0.1923828125 0.5520833328125 0.1884765625 0.5329861109375 0.173828125 0.5173611109375 0.1865234375 0.5225694437499999 0.19140625
0 0.8454861109375 0.541015625 0.8368055562500001 0.5439453125 0.8368055562500001 0.5576171875 0.8489583328125001 0.564453125 0.878472221875 0.5654296875 0.8854166671874999 0.5595703125 0.8854166671874999 0.5458984375 0.8802083328125001 0.54296875 0.8454861109375 0.541015625
0 0.4166666671875 0.6884765625 0.41319444375 0.7001953125 0.421875 0.705078125 0.4479166671875 0.7041015625 0.4548611109375 0.6962890625 0.4392361109375 0.6875 0.42534722187499996 0.685546875 0.4166666671875 0.6884765625
0 0.7604166671875 0.4365234375 0.765625 0.443359375 0.8055555562500001 0.4443359375 0.809027778125 0.4326171875 0.800347221875 0.42578125 0.7725694437499999 0.427734375 0.7604166671875 0.4365234375
0 0.32118055624999997 0.62890625 0.30902777812500004 0.6357421875 0.30902777812500004 0.6455078125 0.3177083328125 0.650390625 0.3263888890625 0.6494140625 0.33680555624999997 0.6435546875 0.34027777812500004 0.6318359375 0.33506944375000003 0.62890625 0.32118055624999997 0.62890625
0 0.125 0.3173828125 0.13368055625 0.326171875 0.14236111093749998 0.3251953125 0.14930555625 0.3232421875 0.14930555625 0.3115234375 0.13715277812499999 0.30859375 0.125 0.3173828125
0 0.1979166671875 0.5849609375 0.21006944375 0.59375 0.22569444375 0.5927734375 0.23958333281250002 0.5791015625 0.230902778125 0.57421875 0.21006944375 0.57421875 0.1979166671875 0.5849609375
0 0.3298611109375 0.7939453125 0.35069444375000003 0.7939453125 0.35069444375000003 0.7724609375 0.33506944375000003 0.76953125 0.3298611109375 0.7724609375 0.3298611109375 0.7939453125
0 0.565972221875 0.2294921875 0.565972221875 0.2353515625 0.5694444437499999 0.2431640625 0.578125 0.248046875 0.5833333328125 0.2470703125 0.590277778125 0.2412109375 0.590277778125 0.2255859375 0.578125 0.22265625 0.565972221875 0.2294921875
0 0.3697916671875 0.70703125 0.375 0.7060546875 0.41319444375 0.6982421875 0.38715277812500004 0.69140625 0.36805555624999997 0.7041015625 0.3697916671875 0.70703125
0 0.109375 0.2421875 0.121527778125 0.2431640625 0.121527778125 0.2294921875 0.105902778125 0.228515625 0.10069444375 0.2373046875 0.109375 0.2421875
0 0.050347221875 0.28515625 0.065972221875 0.2841796875 0.0607638890625 0.271484375 0.050347221875 0.271484375 0.0416666671875 0.2763671875 0.050347221875 0.28515625
0 0.12847222187500001 0.2451171875 0.140625 0.251953125 0.15625 0.2509765625 0.15798611093749998 0.23828125 0.14409722187500001 0.236328125 0.12847222187500001 0.2412109375 0.12847222187500001 0.2451171875
0 0.14236111093749998 0.5498046875 0.1458333328125 0.5576171875 0.15451388906250002 0.5625 0.18055555625 0.5654296875 0.18402777812499999 0.5517578125 0.17534722187500001 0.546875 0.14756944375 0.546875 0.14236111093749998 0.5498046875
0 0.578125 0.22265625 0.565972221875 0.2294921875 0.5694444437499999 0.2451171875 0.5833333328125 0.2470703125 0.590277778125 0.2431640625 0.59375 0.2314453125 0.5885416671875 0.22265625 0.578125 0.22265625
0 0.5711805562500001 0.15625 0.5538194437499999 0.1640625 0.5399305562500001 0.1640625 0.53125 0.1748046875 0.53125 0.1806640625 0.546875 0.19140625 0.565972221875 0.1904296875 0.581597221875 0.1875 0.590277778125 0.1787109375 0.590277778125 0.1669921875 0.5711805562500001 0.15625
0 0.15972222187500001 0.2412109375 0.15972222187500001 0.2509765625 0.171875 0.255859375 0.18055555625 0.2548828125 0.19097222187500001 0.2470703125 0.1875 0.2412109375 0.16493055625 0.23828125 0.15972222187500001 0.2412109375
0 0.1197916671875 0.587890625 0.1111111109375 0.5966796875 0.11631944375 0.599609375 0.12847222187500001 0.5986328125 0.13888888906250002 0.5947265625 0.13888888906250002 0.5908203125 0.13368055625 0.587890625 0.1197916671875 0.587890625