0 0.36796875 0.12734375 0.0359375 0.01875
0 0.42421875 0.13828125 0.04609375 0.03125
0 0.365625 0.1546875 0.04609375 0.0265625
0 0.403125 0.15546875 0.046875 0.0171875
0 0.409375 0.1859375 0.025 0.0203125
0 0.0078125 0.1984375 0.015625 0.0125
0 0.56875 0.203125 0.02890625 0.02109375
0 0.021875 0.228125 0.03203125 0.02265625
0 0.109375 0.2703125 0.0375 0.02421875
0 0.5859375 0.27421875 0.03359375 0.0234375
0 0.62421875 0.28125 0.040625 0.0203125
0 0.0390625 0.321875 0.03046875 0.01328125
0 0.03125 0.346875 0.0484375 0.028125
0 0.08671875 0.35546875 0.0375 0.01875
0 0.109375 0.36953125 0.03046875 0.0234375
0 0.0640625 0.37421875 0.021875 0.015625
0 0.01796875 0.38984375 0.0359375 0.025
0 0.1296875 0.3859375 0.03203125 0.01796875
0 0.09375 0.390625 0.02890625 0.01953125
0 0.0421875 0.39765625 0.015625 0.0109375
0 0.1265625 0.4046875 0.03359375 0.02265625
0 0.128125 0.4453125 0.0390625 0.015625
0 0.09609375 0.453125 0.03359375 0.01640625
0 0.56875 0.503125 0.0484375 0.02578125
0 0.0109375 0.50234375 0.021875 0.021875
0 0.04609375 0.521875 0.0359375 0.0171875
0 0.00625 0.5203125 0.0125 0.0125
0 0.25859375 0.521875 0.01640625 0.01015625
0 0.003125 0.53125 0.00546875 0.01015625
0 0.08203125 0.54140625 0.0359375 0.021875
0 0.159375 0.6671875 0.04140625 0.02421875
0 0.98671875 0.675 0.0234375 0.015625
0 0.29453125 0.67734375 0.01640625 0.0140625
0 0.12734375 0.6796875 0.040625 0.01328125
0 0.321875 0.7234375 0.0390625 0.03359375
0 0.215625 0.746875 0.021875 0.0171875
0 0.165625 0.75625 0.046875 0.0265625
0 0.1109375 0.26953125 0.0421875 0.02421875
0 0.48046875 0.46796875 0.02265625 0.0140625
0 0.4859375 0.36640625 0.01640625 0.01328125
0 0.475 0.38125 0.0359375 0.0125
0 0.4875 0.34765625 0.0203125 0.01171875
0 0.50859375 0.36796875 0.025 0.01328125
0 0.57421875 0.3796875 0.0203125 0.0125
0 0.74609375 0.390625 0.02265625 0.01328125
0 0.75078125 0.41015625 0.0171875 0.0125
0 0.87265625 0.4359375 0.01953125 0.01171875
0 0.89921875 0.4515625 0.0171875 0.0078125
0 0.93203125 0.4390625 0.021875 0.01015625
0 0.90859375 0.42421875 0.02109375 0.01015625
0 0.9171875 0.3953125 0.0203125 0.01484375
0 0.9171875 0.35234375 0.01796875 0.0109375
0 0.89296875 0.33515625 0.01953125 0.01484375
0 0.87734375 0.31171875 0.02265625 0.01015625
0 0.86640625 0.31796875 0.01484375 0.0109375
0 0.99296875 0.30546875 0.0140625 0.01484375
0 0.23125 0.4140625 0.01171875 0.00625
0 0.23984375 0.42109375 0.01796875 0.00859375
0 0.33125 0.37890625 0.01953125 0.01015625
0 0.1875 0.36953125 0.0171875 0.009375
0 0.203125 0.36796875 0.01484375 0.00859375
0 0.253125 0.38984375 0.015625 0.0078125
0 0.2234375 0.38671875 0.01640625 0.01015625
0 0.20390625 0.38828125 0.01640625 0.0078125
0 0.2671875 0.31953125 0.0140625 0.01015625
0 0.27109375 0.30625 0.02265625 0.0109375
0 0.24609375 0.29375 0.015625 0.0078125
0 0.21640625 0.30546875 0.01484375 0.00625
0 0.21171875 0.31796875 0.0140625 0.00625
0 0.20078125 0.33359375 0.0203125 0.00703125
0 0.38359375 0.2625 0.0171875 0.0078125
0 0.359375 0.3484375 0.01796875 0.009375
0 0.55703125 0.309375 0.01015625 0.01015625
0 0.5703125 0.309375 0.01328125 0.00703125
0 0.5578125 0.29453125 0.01640625 0.009375
0 0.3671875 0.27265625 0.01640625 0.0078125
0 0.38671875 0.29453125 0.01640625 0.00703125
0 0.2078125 0.43203125 0.01953125 0.01328125
0 0.25859375 0.453125 0.0125 0.009375
0 0.778125 0.315625 0.01171875 0.00859375
0 0.76015625 0.309375 0.01484375 0.01171875
0 0.775 0.3046875 0.0140625 0.0109375
0 0.56953125 0.3625 0.01953125 0.0171875
0 0.95703125 0.49765625 0.0203125 0.0109375
0 0.6328125 0.5109375 0.0296875 0.01328125