0 0.37152777812500004 0.7158203125 0.37152777812500004 0.7314453125 0.3802083328125 0.736328125 0.40277777812500004 0.7392578125 0.41319444375 0.7314453125 0.41319444375 0.7119140625 0.390625 0.708984375 0.37152777812500004 0.7158203125
0 0.074652778125 0.453125 0.046875 0.455078125 0.03125 0.4619140625 0.03819444375 0.4736328125 0.046875 0.478515625 0.06944444375 0.4775390625 0.07986111093750001 0.4736328125 0.08680555625 0.4658203125 0.08333333281250001 0.4580078125 0.074652778125 0.453125
0 0.574652778125 0.55859375 0.565972221875 0.5634765625 0.5729166671875 0.5791015625 0.581597221875 0.58203125 0.6006944437499999 0.5810546875 0.6111111109375 0.5751953125 0.6111111109375 0.5654296875 0.5989583328125 0.55859375 0.574652778125 0.55859375
0 0.5642361109375 0.51171875 0.5451388890625 0.5224609375 0.5486111109375 0.5341796875 0.5607638890625 0.541015625 0.5833333328125 0.5400390625 0.597222221875 0.5322265625 0.597222221875 0.5224609375 0.5711805562500001 0.51171875 0.5642361109375 0.51171875
0 0.0295138890625 0.66796875 0.0208333328125 0.6728515625 0.0208333328125 0.6923828125 0.0260416671875 0.6953125 0.0451388890625 0.6962890625 0.0625 0.6923828125 0.065972221875 0.6806640625 0.050347221875 0.66796875 0.0295138890625 0.66796875
0 0.4947916671875 0.66015625 0.4861111109375 0.6650390625 0.49305555625 0.6806640625 0.4982638890625 0.68359375 0.5208333328125 0.6826171875 0.5381944437499999 0.6748046875 0.5416666671875 0.6630859375 0.5329861109375 0.658203125 0.4947916671875 0.66015625
0 0.5885416671875 0.654296875 0.5798611109375 0.6572265625 0.5798611109375 0.6806640625 0.6006944437499999 0.6806640625 0.6076388890625 0.6767578125 0.6111111109375 0.6669921875 0.6076388890625 0.6611328125 0.5885416671875 0.654296875
0 0.1354166671875 0.4990234375 0.1354166671875 0.5087890625 0.140625 0.51171875 0.1666666671875 0.5126953125 0.18055555625 0.5048828125 0.171875 0.49609375 0.14409722187500001 0.49609375 0.1354166671875 0.4990234375
0 0.08506944375 0.703125 0.074652778125 0.703125 0.06944444375 0.7119140625 0.0486111109375 0.7197265625 0.0486111109375 0.7275390625 0.053819443749999994 0.73046875 0.07638888906249999 0.7314453125 0.09375 0.7236328125 0.097222221875 0.7177734375 0.097222221875 0.7099609375 0.08506944375 0.703125
0 0.644097221875 0.775390625 0.6319444437499999 0.7802734375 0.628472221875 0.7900390625 0.644097221875 0.798828125 0.659722221875 0.7978515625 0.6701388890625 0.7919921875 0.6736111109375 0.7822265625 0.6579861109375 0.775390625 0.644097221875 0.775390625
0 0.5399305562500001 0.701171875 0.53125 0.7060546875 0.527777778125 0.7138671875 0.53125 0.7216796875 0.5399305562500001 0.7265625 0.5625 0.7255859375 0.5763888890625 0.7177734375 0.5729166671875 0.7060546875 0.5677083328125 0.703125 0.5399305562500001 0.701171875
0 0.5173611109375 0.5068359375 0.5225694437499999 0.517578125 0.5486111109375 0.5205078125 0.565972221875 0.5107421875 0.5607638890625 0.5078125 0.5399305562500001 0.5 0.5173611109375 0.5068359375
0 0.6232638890625 0.521484375 0.612847221875 0.5234375 0.597222221875 0.5361328125 0.6006944437499999 0.5439453125 0.609375 0.548828125 0.621527778125 0.5498046875 0.6302083328125 0.548828125 0.6423611109375 0.5400390625 0.6423611109375 0.5283203125 0.6232638890625 0.521484375
0 0.5 0.5029296875 0.5 0.4990234375 0.48784722187499996 0.49609375 0.46875 0.5029296875 0.46527777812500004 0.5126953125 0.47222222187499996 0.5224609375 0.48784722187499996 0.53125 0.5 0.5302734375 0.5 0.5263671875 0.4861111109375 0.5185546875 0.4861111109375 0.5107421875 0.5 0.5029296875
0 0 0.4541015625 0.0052083328125 0.45703125 0.0208333328125 0.4560546875 0.03125 0.4404296875 0.00868055625 0.4296875 0 0.4326171875 0 0.4541015625
0 0.1875 0.6435546875 0.1875 0.6533203125 0.21180555625 0.6533203125 0.21875 0.6494140625 0.215277778125 0.6416015625 0.19618055625 0.638671875 0.1875 0.6435546875
0 0.5763888890625 0.6865234375 0.5798611109375 0.6962890625 0.5850694437499999 0.69921875 0.6006944437499999 0.6982421875 0.6076388890625 0.6943359375 0.6076388890625 0.6806640625 0.581597221875 0.681640625 0.5763888890625 0.6865234375
0 0.053819443749999994 0.63671875 0.03819444375 0.6435546875 0.034722221875 0.6572265625 0.043402778125 0.666015625 0.065972221875 0.6650390625 0.07638888906249999 0.6611328125 0.08333333281250001 0.6474609375 0.074652778125 0.638671875 0.053819443749999994 0.63671875
0 0.43055555625 0.6552734375 0.43055555625 0.6630859375 0.44618055625 0.669921875 0.4583333328125 0.6689453125 0.47222222187499996 0.6611328125 0.46527777812500004 0.6513671875 0.44965277812500004 0.6484375 0.43055555625 0.6552734375
0 0.675347221875 0.671875 0.6666666671875 0.6826171875 0.6788194437499999 0.689453125 0.6979166671875 0.6884765625 0.7118055562500001 0.6806640625 0.7083333328125 0.6728515625 0.703125 0.669921875 0.675347221875 0.671875
0 0.06944444375 0.4775390625 0.06944444375 0.4814453125 0.081597221875 0.490234375 0.09375 0.4892578125 0.10069444375 0.4833984375 0.10069444375 0.4736328125 0.08506944375 0.46875 0.06944444375 0.4775390625
0 0.7708333328125 0.8408203125 0.7708333328125 0.8447265625 0.7829861109375 0.8515625 0.800347221875 0.85546875 0.8194444437499999 0.8544921875 0.8194444437499999 0.8447265625 0.8072916671874999 0.8359375 0.7795138890625 0.8359375 0.7708333328125 0.8408203125
0 0.4357638890625 0.572265625 0.43055555625 0.5751953125 0.43055555625 0.5869140625 0.4427083328125 0.59375 0.46180555625 0.5927734375 0.47222222187499996 0.5849609375 0.46875 0.5751953125 0.45659722187499996 0.5703125 0.4357638890625 0.572265625
0 0.10243055625 0.505859375 0.125 0.5068359375 0.13194444375 0.5029296875 0.1302083328125 0.494140625 0.097222221875 0.4970703125 0.10243055625 0.505859375
0 0.47743055625 0.63671875 0.46875 0.6435546875 0.46875 0.6591796875 0.4739583328125 0.6640625 0.4861111109375 0.6630859375 0.49652777812500004 0.6552734375 0.49652777812500004 0.6396484375 0.49131944375 0.63671875 0.47743055625 0.63671875
0 0.30555555624999997 0.6474609375 0.3142361109375 0.65234375 0.31944444375000003 0.6513671875 0.3263888890625 0.6396484375 0.3142361109375 0.63671875 0.30555555624999997 0.6416015625 0.30555555624999997 0.6474609375
0 0.9322916671874999 0.865234375 0.9201388890625 0.8701171875 0.9201388890625 0.8818359375 0.9357638890625 0.892578125 0.9444444437499999 0.8916015625 0.965277778125 0.8857421875 0.96875 0.8759765625 0.9600694437499999 0.8671875 0.9322916671874999 0.865234375
0 0.512152778125 0.71875 0.4895833328125 0.7275390625 0.4861111109375 0.7353515625 0.4947916671875 0.740234375 0.5173611109375 0.7392578125 0.53125 0.7314453125 0.53125 0.7255859375 0.519097221875 0.71875 0.512152778125 0.71875
0 0.7604166671875 0.8701171875 0.7604166671875 0.8583984375 0.7482638890625 0.85546875 0.7361111109375 0.8701171875 0.7604166671875 0.8701171875
0 0.02256944375 0.7109375 0.0173611109375 0.7138671875 0.0173611109375 0.7294921875 0.0260416671875 0.734375 0.0416666671875 0.7333984375 0.0486111109375 0.7294921875 0.0486111109375 0.7177734375 0.0364583328125 0.7109375 0.02256944375 0.7109375
0 0.15277777812499999 0.6455078125 0.14930555625 0.6552734375 0.15972222187500001 0.6572265625 0.1770833328125 0.6533203125 0.17881944375 0.642578125 0.1614583328125 0.640625 0.15277777812499999 0.6455078125
0 0.5 0.5029296875 0.5 0.4990234375 0.48784722187499996 0.49609375 0.46527777812500004 0.5068359375 0.46527777812500004 0.5126953125 0.4826388890625 0.5302734375 0.49131944375 0.53515625 0.49652777812500004 0.5341796875 0.503472221875 0.5263671875 0.4861111109375 0.5185546875 0.4861111109375 0.5107421875 0.5 0.5029296875
0 0.0017361109374999999 0.517578125 0 0.5400390625 0.013888889062500001 0.5400390625 0.027777778125000003 0.5361328125 0.027777778125000003 0.5224609375 0.02256944375 0.517578125 0.0017361109374999999 0.517578125
0 0.7795138890625 0.728515625 0.7413194437499999 0.724609375 0.7361111109375 0.7294921875 0.746527778125 0.7470703125 0.7552083328125 0.751953125 0.7708333328125 0.7529296875 0.7795138890625 0.751953125 0.7881944437499999 0.7451171875 0.784722221875 0.7314453125 0.7795138890625 0.728515625
0 0.5763888890625 0.6826171875 0.5763888890625 0.6943359375 0.5850694437499999 0.69921875 0.6006944437499999 0.6982421875 0.6076388890625 0.6943359375 0.6076388890625 0.6806640625 0.581597221875 0.6796875 0.5763888890625 0.6826171875