0 0.0333333328125 0.3171875 0.0333333328125 0.30078125 0.0125 0.29921875 0.009722221875000001 0.30078125 0.009722221875000001 0.3171875 0.030555556249999997 0.31875 0.0333333328125 0.3171875
0 0.872222221875 0.51875 0.877777778125 0.515625 0.877777778125 0.49765625 0.8666666671875 0.49296875 0.8375 0.49453125 0.83194444375 0.49921875 0.83194444375 0.5171875 0.834722221875 0.51875 0.872222221875 0.51875
0 0.3611111109375 0.50625 0.36805555624999997 0.5125 0.3861111109375 0.5125 0.3916666671875 0.50546875 0.397222221875 0.503125 0.4 0.49609375 0.39444444375 0.49296875 0.35694444375 0.49296875 0.3541666671875 0.49453125 0.3541666671875 0.503125 0.35694444375 0.50625 0.3611111109375 0.50625
0 0.127777778125 0.5125 0.1291666671875 0.5140625 0.15277777812499999 0.5125 0.15555555625 0.5109375 0.15555555625 0.50859375 0.16388888906250001 0.5046875 0.16388888906250001 0.49453125 0.15555555625 0.490625 0.15555555625 0.48828125 0.15277777812499999 0.48671875 0.12361111093749999 0.48671875 0.1208333328125 0.48828125 0.1208333328125 0.5109375 0.12361111093749999 0.5125 0.127777778125 0.5125
0 0.21944444375 0.528125 0.222222221875 0.51484375 0.2166666671875 0.51171875 0.17916666718750002 0.51171875 0.1763888890625 0.51328125 0.1763888890625 0.5296875 0.18194444375000002 0.5328125 0.20277777812500003 0.5328125 0.21944444375 0.528125
0 0.1916666671875 0.1984375 0.2 0.1921875 0.2 0.18203125 0.197222221875 0.18046875 0.16805555625 0.18046875 0.165277778125 0.18203125 0.165277778125 0.1984375 0.16805555625 0.2 0.1916666671875 0.1984375
0 0.375 0.353125 0.3888888890625 0.3484375 0.3888888890625 0.33515625 0.3861111109375 0.33203125 0.38055555625 0.33046875 0.35694444375 0.33046875 0.3541666671875 0.33203125 0.3541666671875 0.35 0.35972222187499997 0.353125 0.375 0.353125
0 0.055555556250000006 0.3625 0.058333332812500006 0.35234375 0.052777778124999994 0.34921875 0.0236111109375 0.34921875 0.0208333328125 0.35078125 0.0236111109375 0.3625 0.034722221875 0.365625 0.047222221875 0.365625 0.055555556250000006 0.3625
0 0.58055555625 0.3359375 0.58055555625 0.32734375 0.575 0.32421875 0.55694444375 0.32421875 0.5541666671875001 0.3390625 0.55694444375 0.3421875 0.5694444437499999 0.3421875 0.58055555625 0.3359375
0 0.534722221875 0.53125 0.5527777781250001 0.5296875 0.5555555562500001 0.52265625 0.5638888890625 0.5171875 0.5638888890625 0.51328125 0.5583333328125 0.50703125 0.5527777781250001 0.50546875 0.5236111109375 0.50546875 0.5208333328125 0.50703125 0.5208333328125 0.5234375 0.5236111109375 0.5265625 0.534722221875 0.53125
0 0.1 0.30078125 0.0791666671875 0.29921875 0.07638888906249999 0.3109375 0.09444444375 0.3125 0.1 0.309375 0.1 0.30078125
0 0.497222221875 0.475 0.502777778125 0.46875 0.5 0.45703125 0.497222221875 0.45546875 0.46805555625000006 0.45546875 0.46527777812500004 0.45703125 0.46527777812500004 0.4734375 0.46805555625000006 0.475 0.497222221875 0.475
0 0.055555556250000006 0.1625 0.0638888890625 0.15625 0.0638888890625 0.14921875 0.052777778124999994 0.14296875 0.034722221875 0.14296875 0.03194444375 0.14453125 0.03194444375 0.1609375 0.034722221875 0.1625 0.055555556250000006 0.1625
0 0.3416666671875 0.5203125 0.3458333328125 0.5234375 0.352777778125 0.5234375 0.35694444375 0.5203125 0.36666666718749996 0.51875 0.36944444375 0.5171875 0.36944444375 0.51171875 0.36666666718749996 0.5109375 0.36666666718749996 0.50703125 0.352777778125 0.49921875 0.334722221875 0.49921875 0.33194444375 0.50078125 0.33194444375 0.5171875 0.3375 0.5203125 0.3416666671875 0.5203125
0 0.43055555625 0.40859375 0.44166666718750003 0.403125 0.44166666718750003 0.39609375 0.43333333281249997 0.39296875 0.4125 0.39296875 0.40972222187499996 0.39453125 0.40972222187499996 0.409375 0.43055555625 0.4109375 0.43055555625 0.40859375
0 0.40833333281249995 0.4359375 0.41111111093749997 0.43203125 0.41944444374999995 0.4296875 0.41944444374999995 0.41953125 0.39027777812500003 0.41796875 0.3875 0.41953125 0.39027777812500003 0.4328125 0.3986111109375 0.4359375 0.40833333281249995 0.4359375
0 0.9916666671875 0.52109375 0.9861111109375 0.51796875 0.9680555562500001 0.51796875 0.965277778125 0.51953125 0.965277778125 0.528125 0.9680555562500001 0.5296875 0.977777778125 0.5296875 0.9916666671875 0.5234375 0.9916666671875 0.52109375
0 0.1 0.3921875 0.109722221875 0.3984375 0.12222222187500001 0.3984375 0.12222222187500001 0.39765625 0.13333333281249998 0.3921875 0.13333333281249998 0.38203125 0.13194444375 0.38203125 0.13055555624999998 0.38046875 0.10138888906250001 0.38046875 0.10138888906250001 0.38125 0.0986111109375 0.38203125 0.0986111109375 0.3921875 0.1 0.3921875
0 0.45277777812500003 0.5125 0.46388888906250003 0.5046875 0.4611111109375 0.49609375 0.45277777812500003 0.49296875 0.4236111109375 0.49296875 0.42083333281249996 0.49453125 0.42083333281249996 0.5109375 0.4236111109375 0.5125 0.45277777812500003 0.5125
0 0.1666666671875 0.203125 0.16388888906250001 0.18984375 0.15555555625 0.18671875 0.1458333328125 0.18671875 0.14305555625 0.18828125 0.14305555625 0.2046875 0.1583333328125 0.20625 0.1666666671875 0.203125
0 0.5416666671875 0.3984375 0.55 0.3921875 0.55 0.38671875 0.5416666671875 0.38046875 0.534722221875 0.38046875 0.5319444437499999 0.38203125 0.5319444437499999 0.396875 0.534722221875 0.3984375 0.5416666671875 0.3984375
0 0.4166666671875 0.37578125 0.41111111093749997 0.37421875 0.39027777812500003 0.37421875 0.3875 0.37578125 0.39027777812500003 0.3875 0.40555555625000006 0.3890625 0.41944444374999995 0.3859375 0.4166666671875 0.37578125
0 0.20277777812500003 0.2234375 0.20277777812500003 0.22109375 0.21111111093749999 0.2171875 0.21111111093749999 0.21015625 0.20833333281250002 0.20703125 0.20277777812500003 0.20546875 0.17916666718750002 0.20546875 0.1763888890625 0.20703125 0.1763888890625 0.21875 0.190277778125 0.225 0.20277777812500003 0.2234375
0 0.1263888890625 0.4796875 0.134722221875 0.4828125 0.15 0.48125 0.1583333328125 0.475 0.15555555625 0.46328125 0.15 0.46171875 0.12361111093749999 0.46171875 0.1208333328125 0.46328125 0.1208333328125 0.475 0.1263888890625 0.47734375 0.1263888890625 0.4796875
0 0.44444444375 0.3484375 0.44444444375 0.33828125 0.44166666718750003 0.33671875 0.4125 0.33671875 0.40972222187499996 0.33828125 0.40972222187499996 0.3484375 0.415277778125 0.353125 0.43055555625 0.3546875 0.44444444375 0.3484375
0 0.14444444375 0.1796875 0.1583333328125 0.1734375 0.1583333328125 0.16328125 0.15277777812499999 0.16171875 0.134722221875 0.16171875 0.13194444375 0.16328125 0.13194444375 0.178125 0.134722221875 0.1796875 0.14444444375 0.1796875
0 0.0888888890625 0.16875 0.1 0.1625 0.1 0.15078125 0.097222221875 0.14921875 0.06805555625000001 0.14921875 0.06527777812499999 0.15078125 0.06527777812499999 0.1671875 0.06805555625000001 0.1703125 0.0888888890625 0.16875
0 0.24722222187499998 0.20078125 0.23472222187499997 0.19921875 0.23194444375 0.2109375 0.2416666671875 0.2140625 0.24722222187499998 0.2109375 0.24722222187499998 0.20078125
0 0.097222221875 0.38203125 0.0791666671875 0.38046875 0.07638888906249999 0.3921875 0.0791666671875 0.39375 0.09444444375 0.3921875 0.097222221875 0.38203125
0 0.5458333328125 0.41875 0.5527777781250001 0.41875 0.5666666671875 0.4109375 0.5666666671875 0.40703125 0.5638888890625 0.40546875 0.5458333328125 0.40546875 0.54305555625 0.40703125 0.54305555625 0.4171875 0.5458333328125 0.41875
0 0.2416666671875 0.2859375 0.2416666671875 0.27734375 0.23333333281250002 0.27421875 0.2125 0.27421875 0.20972222187499998 0.27578125 0.20972222187499998 0.2890625 0.2125 0.2921875 0.225 0.2921875 0.2416666671875 0.2859375
0 0.51944444375 0.534375 0.5305555562500001 0.5296875 0.5305555562500001 0.52578125 0.522222221875 0.521875 0.522222221875 0.51484375 0.5125 0.51328125 0.5097222218749999 0.51484375 0.5097222218749999 0.53125 0.515277778125 0.534375 0.51944444375 0.534375
0 0.6458333328125 0.5046875 0.6638888890625 0.5046875 0.6666666671875 0.49765625 0.672222221875 0.496875 0.6777777781250001 0.4921875 0.675 0.48203125 0.6347222218749999 0.48046875 0.6319444437499999 0.48203125 0.6347222218749999 0.5 0.6388888890625 0.5 0.6458333328125 0.5046875
0 0.5236111109375 0.40546875 0.5208333328125 0.40703125 0.5236111109375 0.4140625 0.5416666671875 0.4125 0.5388888890625 0.40546875 0.5236111109375 0.40546875
0 0.3111111109375 0.41484375 0.3013888890625 0.41328125 0.2986111109375 0.4203125 0.3013888890625 0.4234375 0.3083333328125 0.4234375 0.3111111109375 0.41484375
0 0.23472222187499997 0.3359375 0.2416666671875 0.3359375 0.24722222187499998 0.32734375 0.2416666671875 0.32421875 0.2236111109375 0.32421875 0.2208333328125 0.32578125 0.2208333328125 0.3296875 0.22777777812500002 0.33125 0.23472222187499997 0.3359375
0 0.23333333281250002 0.34375 0.2416666671875 0.340625 0.24444444375000002 0.32578125 0.2416666671875 0.32421875 0.2236111109375 0.32421875 0.2208333328125 0.32578125 0.2236111109375 0.33203125 0.2208333328125 0.3421875 0.23333333281250002 0.34375
0 0.1888888890625 0.321875 0.1888888890625 0.31328125 0.1861111109375 0.31171875 0.16805555625 0.31171875 0.165277778125 0.3171875 0.1763888890625 0.3234375 0.1861111109375 0.3234375 0.1888888890625 0.321875
0 0.334722221875 0.4234375 0.3416666671875 0.4234375 0.352777778125 0.4171875 0.352777778125 0.41328125 0.35 0.41171875 0.334722221875 0.41171875 0.33194444375 0.41328125 0.33194444375 0.4203125 0.334722221875 0.4234375
0 0.5305555562500001 0.325 0.5361111109375 0.31484375 0.5305555562500001 0.31171875 0.5125 0.31171875 0.5097222218749999 0.31328125 0.5097222218749999 0.3234375 0.5125 0.325 0.5305555562500001 0.325
0 0.6 0.4984375 0.597222221875 0.48984375 0.5888888890625 0.48671875 0.5791666671875 0.48671875 0.5763888890625 0.48828125 0.5791666671875 0.5015625 0.5944444437499999 0.5015625 0.6 0.4984375
0 0.13055555624999998 0.19921875 0.10138888906250001 0.19921875 0.0986111109375 0.20078125 0.10138888906250001 0.215625 0.1111111109375 0.215625 0.13333333281249998 0.2109375 0.13055555624999998 0.19921875
0 0.097222221875 0.11953125 0.0916666671875 0.11796875 0.06805555625000001 0.11796875 0.06527777812499999 0.11953125 0.06527777812499999 0.125 0.07083333281250001 0.1296875 0.097222221875 0.125 0.097222221875 0.11953125
0 0.09444444375 0.4359375 0.102777778125 0.4296875 0.102777778125 0.42578125 0.0791666671875 0.42421875 0.07638888906249999 0.42578125 0.07638888906249999 0.4359375 0.0791666671875 0.4375 0.09444444375 0.4359375
0 0.8833333328125 0.4953125 0.8888888890625 0.490625 0.8888888890625 0.48203125 0.8680555562500001 0.48046875 0.8652777781250001 0.48203125 0.8680555562500001 0.4953125 0.8708333328125001 0.496875 0.8833333328125 0.4953125
0 0.1875 0.15625 0.1916666671875 0.15625 0.20138888906250002 0.15 0.20833333281250002 0.1484375 0.20833333281250002 0.14140625 0.197222221875 0.13671875 0.1708333328125 0.13671875 0.165277778125 0.13984375 0.165277778125 0.1546875 0.1708333328125 0.1578125 0.1861111109375 0.1578125 0.1875 0.15625
0 0.022222221875 0.37578125 0.0125 0.37421875 0.009722221875000001 0.3859375 0.0125 0.3890625 0.019444443750000002 0.3890625 0.022222221875 0.37578125
0 0.022222221875 0.221875 0.022222221875 0.21328125 0.019444443750000002 0.21171875 0.0013888890625 0.21171875 0.0013888890625 0.228125 0.0083333328125 0.228125 0.022222221875 0.221875
0 0.3861111109375 0.42421875 0.3791666671875 0.42421875 0.3763888890625 0.4359375 0.3861111109375 0.4375 0.3916666671875 0.43046875 0.3861111109375 0.42421875
0 0.2416666671875 0.2140625 0.24722222187499998 0.2109375 0.24722222187499998 0.20078125 0.2416666671875 0.19921875 0.22638888906250001 0.19921875 0.2208333328125 0.20234375 0.2208333328125 0.2109375 0.22638888906250001 0.215625 0.2416666671875 0.2140625
0 0.11944444375 0.1515625 0.12222222187500001 0.13828125 0.10138888906250001 0.13671875 0.0986111109375 0.13828125 0.10138888906250001 0.1515625 0.1041666671875 0.153125 0.11944444375 0.1515625
0 0.23333333281250002 0.3453125 0.24444444375000002 0.340625 0.24444444375000002 0.33828125 0.23611111093749998 0.33203125 0.2236111109375 0.33046875 0.2208333328125 0.33203125 0.2208333328125 0.34375 0.2236111109375 0.3453125 0.23333333281250002 0.3453125
0 0.25555555625 0.4046875 0.25555555625 0.39453125 0.24583333281250003 0.39296875 0.24305555625 0.39453125 0.24305555625 0.4046875 0.252777778125 0.40625 0.25555555625 0.4046875