0 0.353125 0.01328125 0.0640625 0.021875
0 0.403125 0.1015625 0.0640625 0.03984375
0 0.29140625 0.13359375 0.06953125 0.040625
0 0.478125 0.13359375 0.04296875 0.03125
0 0.42578125 0.1421875 0.0484375 0.03515625
0 0.47890625 0.17578125 0.0390625 0.028125
0 0.30234375 0.215625 0.05390625 0.03671875
0 0.953125 0.20625 0.021875 0.01171875
0 0.36171875 0.225 0.0265625 0.02421875
0 0.97265625 0.23984375 0.0515625 0.0296875
0 0.14609375 0.23984375 0.0640625 0.0234375
0 0.2921875 0.253125 0.0484375 0.0296875
0 0.5265625 0.2640625 0.05859375 0.03828125
0 0.14140625 0.26875 0.06953125 0.03203125
0 0.196875 0.278125 0.06796875 0.04140625
0 0.984375 0.27265625 0.0265625 0.0265625
0 0.43984375 0.278125 0.065625 0.03359375
0 0.340625 0.284375 0.05703125 0.0296875
0 0.390625 0.3078125 0.01796875 0.02109375
0 0.196875 0.3109375 0.05859375 0.0234375
0 0.103125 0.321875 0.05390625 0.03359375
0 0.1703125 0.32578125 0.04296875 0.021875
0 0.228125 0.325 0.02109375 0.0171875
0 0.509375 0.346875 0.03203125 0.021875
0 0.303125 0.3484375 0.04609375 0.015625
0 0.86796875 0.3859375 0.071875 0.0421875
0 0.50703125 0.3796875 0.01953125 0.01796875
0 0.95078125 0.396875 0.0765625 0.03515625
0 0.35859375 0.43671875 0.04453125 0.0234375
0 0.26640625 0.4484375 0.05859375 0.03125
0 0.50546875 0.45859375 0.0390625 0.0140625
0 0.09375 0.4703125 0.0484375 0.03359375
0 0.578125 0.47421875 0.059375 0.034375
0 0.4328125 0.46875 0.05703125 0.01875
0 0.23828125 0.4734375 0.02109375 0.02109375
0 0.184375 0.5015625 0.07109375 0.03359375
0 0.3765625 0.496875 0.0390625 0.02265625
0 0.46796875 0.53515625 0.04453125 0.0125
0 0.49453125 0.55390625 0.05859375 0.0328125
0 0.46953125 0.5765625 0.03046875 0.02421875
0 0.28515625 0.615625 0.0765625 0.03984375
0 0.371875 0.61875 0.0625 0.03203125
0 0.3375 0.646875 0.03046875 0.02890625
0 0.4859375 0.7171875 0.0609375 0.025
0 0.5578125 0.7375 0.0515625 0.02890625
0 0.2890625 0.7421875 0.03046875 0.01640625
0 0.634375 0.771875 0.0765625 0.034375