0 0.43984375 0.3515625 0.04609375 0.0234375
0 0.3984375 0.3609375 0.03046875 0.015625
0 0.4328125 0.37890625 0.07109375 0.021875
0 0.50546875 0.3859375 0.053125 0.02734375
0 0.3609375 0.4359375 0.046875 0.025
0 0.3484375 0.503125 0.028125 0.02265625
0 0.328125 0.53671875 0.05 0.0328125
0 0.3640625 0.534375 0.03359375 0.0234375
0 0.61875 0.6390625 0.05390625 0.03359375
0 0.684375 0.6421875 0.04453125 0.025
0 0.44140625 0.6375 0.028125 0.01015625
0 0.46484375 0.6421875 0.0265625 0.01640625
0 0.728125 0.65 0.04296875 0.01953125
0 0.43984375 0.675 0.0484375 0.025
0 0.48671875 0.6859375 0.04609375 0.01875
0 0.41875 0.6953125 0.0265625 0.021875
0 0.571875 0.709375 0.05859375 0.03125
0 0.4265625 0.7203125 0.05859375 0.02734375
0 0.46484375 0.746875 0.04296875 0.021875
0 0.64296875 0.7671875 0.04453125 0.03203125
0 0.7515625 0.765625 0.03359375 0.01875
0 0.359375 0.8015625 0.053125 0.03515625
0 0.53515625 0.81875 0.05390625 0.03671875
0 0.5984375 0.8109375 0.025 0.009375
0 0.43046875 0.83359375 0.05546875 0.0328125
0 0.209375 0.8328125 0.05390625 0.0296875
0 0.57890625 0.8453125 0.05859375 0.05078125
0 0.46015625 0.8640625 0.0484375 0.01953125
0 0.3796875 0.86875 0.0265625 0.02109375
0 0.56015625 0.8828125 0.040625 0.034375
0 0.60390625 0.90625 0.0390625 0.01796875
0 0.621875 0.90546875 0.00390625 0.003125
0 0.646875 0.915625 0.05390625 0.02265625
0 0.715625 0.9390625 0.034375 0.02734375
0 0.16015625 0.9484375 0.05390625 0.03046875
0 0.94375 0.9875 0.0484375 0.02265625