0 0.14756944375 0.515625 0.13888888906250002 0.5205078125 0.14236111093749998 0.5361328125 0.14756944375 0.5390625 0.1770833328125 0.5380859375 0.1875 0.5302734375 0.18402777812499999 0.5185546875 0.171875 0.513671875 0.14756944375 0.515625
0 0.4427083328125 0.291015625 0.4270833328125 0.2978515625 0.4236111109375 0.3076171875 0.4322916671875 0.314453125 0.44618055625 0.318359375 0.46180555625 0.3173828125 0.47222222187499996 0.3115234375 0.47222222187499996 0.3017578125 0.4635416671875 0.294921875 0.4427083328125 0.291015625
0 0.074652778125 0.431640625 0.065972221875 0.4384765625 0.065972221875 0.4482421875 0.07291666718749999 0.4541015625 0.081597221875 0.45703125 0.1111111109375 0.4560546875 0.121527778125 0.4482421875 0.11805555625 0.4365234375 0.09548611093750001 0.427734375 0.074652778125 0.431640625
0 0.11631944375 0.265625 0.1076388890625 0.2724609375 0.1076388890625 0.2822265625 0.1232638890625 0.291015625 0.1354166671875 0.2900390625 0.15277777812499999 0.2822265625 0.15277777812499999 0.2744140625 0.13715277812499999 0.265625 0.11631944375 0.265625
0 0.171875 0.203125 0.15972222187500001 0.2099609375 0.15625 0.2216796875 0.16840277812499999 0.23046875 0.18402777812499999 0.2314453125 0.20138888906250002 0.2236328125 0.20138888906250002 0.2119140625 0.1927083328125 0.205078125 0.171875 0.203125
0 0.45659722187499996 0.611328125 0.4479166671875 0.6142578125 0.44097222187499996 0.6240234375 0.453125 0.634765625 0.46527777812500004 0.6337890625 0.4826388890625 0.6259765625 0.4826388890625 0.6201171875 0.4739583328125 0.61328125 0.45659722187499996 0.611328125
0 0.3454861109375 0.2265625 0.33506944375000003 0.2265625 0.3125 0.2373046875 0.31597222187499996 0.2490234375 0.328125 0.255859375 0.34027777812500004 0.2568359375 0.3489583328125 0.255859375 0.3611111109375 0.2470703125 0.3611111109375 0.2373046875 0.3454861109375 0.2265625
0 0.8177083328125001 0.26953125 0.7986111109375 0.2841796875 0.8142361109375 0.294921875 0.8263888890625 0.2939453125 0.84375 0.2861328125 0.84375 0.2783203125 0.831597221875 0.26953125 0.8177083328125001 0.26953125
0 0.5052083328125 0.28125 0.4895833328125 0.2900390625 0.4895833328125 0.2998046875 0.5017361109375 0.306640625 0.5173611109375 0.3056640625 0.534722221875 0.2998046875 0.534722221875 0.2900390625 0.5225694437499999 0.28125 0.5052083328125 0.28125
0 0.5052083328125 0.259765625 0.49652777812500004 0.2646484375 0.503472221875 0.2744140625 0.515625 0.28125 0.5243055562500001 0.2802734375 0.53125 0.2744140625 0.53125 0.2646484375 0.519097221875 0.259765625 0.5052083328125 0.259765625
0 0.4357638890625 0.333984375 0.41493055625 0.333984375 0.4010416671875 0.337890625 0.3958333328125 0.3447265625 0.39930555624999997 0.3505859375 0.4114583328125 0.357421875 0.4270833328125 0.3564453125 0.44097222187499996 0.3544921875 0.4479166671875 0.3466796875 0.44444444375 0.3369140625 0.4357638890625 0.333984375
0 0.25868055624999997 0.33203125 0.25 0.3388671875 0.25347222187499996 0.3505859375 0.265625 0.35546875 0.27777777812500004 0.3544921875 0.2916666671875 0.3486328125 0.2916666671875 0.3388671875 0.2795138890625 0.33203125 0.25868055624999997 0.33203125
0 0.050347221875 0.498046875 0.03819444375 0.5048828125 0.03819444375 0.5146484375 0.046875 0.51953125 0.07291666718749999 0.5205078125 0.08333333281250001 0.5107421875 0.07986111093750001 0.5029296875 0.06423611093750001 0.498046875 0.050347221875 0.498046875
0 0.234375 0.515625 0.222222221875 0.5205078125 0.222222221875 0.5263671875 0.230902778125 0.533203125 0.25347222187499996 0.5341796875 0.2673611109375 0.5283203125 0.2673611109375 0.5224609375 0.25868055624999997 0.517578125 0.234375 0.515625
0 0.206597221875 0.08203125 0.20138888906250002 0.0869140625 0.20486111093749998 0.0966796875 0.21354166718749998 0.1015625 0.22569444375 0.1005859375 0.23263888906250002 0.0966796875 0.23263888906250002 0.0888671875 0.22048611093749998 0.08203125 0.206597221875 0.08203125
0 0.9288194437499999 0.6015625 0.9166666671874999 0.6083984375 0.9166666671874999 0.6162109375 0.925347221875 0.62109375 0.940972221875 0.6220703125 0.9548611109375 0.6162109375 0.9548611109375 0.6064453125 0.9461805562500001 0.6015625 0.9288194437499999 0.6015625
0 0.3420138890625 0.125 0.3298611109375 0.1337890625 0.3333333328125 0.1416015625 0.3454861109375 0.146484375 0.3576388890625 0.1455078125 0.3645833328125 0.1396484375 0.3645833328125 0.1298828125 0.35590277812500004 0.125 0.3420138890625 0.125
0 0.3697916671875 0.716796875 0.3611111109375 0.7255859375 0.36631944375000003 0.734375 0.38194444375000003 0.7333984375 0.3923611109375 0.7275390625 0.3923611109375 0.7177734375 0.38715277812500004 0.71484375 0.3697916671875 0.716796875
0 0.4010416671875 0.505859375 0.38194444375000003 0.5166015625 0.3854166671875 0.5244140625 0.39756944375000003 0.53125 0.4166666671875 0.5302734375 0.4270833328125 0.5244140625 0.4270833328125 0.5146484375 0.41493055625 0.5078125 0.4010416671875 0.505859375
0 0.543402778125 0.2578125 0.53125 0.2646484375 0.53125 0.2724609375 0.5364583328125 0.275390625 0.5625 0.2744140625 0.5694444437499999 0.2705078125 0.5694444437499999 0.2626953125 0.5607638890625 0.2578125 0.543402778125 0.2578125
0 0.30555555624999997 0.5771484375 0.30902777812500004 0.5869140625 0.3177083328125 0.591796875 0.3298611109375 0.5927734375 0.34722222187499996 0.5869140625 0.34722222187499996 0.5732421875 0.3107638890625 0.572265625 0.30555555624999997 0.5771484375
0 0.519097221875 0.3515625 0.4982638890625 0.357421875 0.49305555625 0.3642578125 0.49652777812500004 0.3701171875 0.512152778125 0.37890625 0.5173611109375 0.3779296875 0.5260416671875 0.376953125 0.5381944437499999 0.3681640625 0.534722221875 0.3583984375 0.519097221875 0.3515625
0 0.17534722187500001 0.26953125 0.1666666671875 0.2763671875 0.1666666671875 0.2841796875 0.17534722187500001 0.2890625 0.19444444375 0.2880859375 0.20486111093749998 0.2841796875 0.20833333281250002 0.2744140625 0.1927083328125 0.267578125 0.17534722187500001 0.26953125
0 0.3541666671875 0.5341796875 0.3541666671875 0.5458984375 0.36284722187499996 0.55078125 0.37847222187499996 0.5498046875 0.3888888890625 0.5458984375 0.3923611109375 0.5361328125 0.36631944375000003 0.52734375 0.3541666671875 0.5341796875
0 0.21701388906250002 0.2734375 0.20486111093749998 0.2783203125 0.20486111093749998 0.2880859375 0.22048611093749998 0.296875 0.23263888906250002 0.2978515625 0.246527778125 0.2900390625 0.246527778125 0.2822265625 0.24131944375 0.27734375 0.21701388906250002 0.2734375
0 0.059027778125 0.2216796875 0.07118055625 0.2265625 0.08680555625 0.2255859375 0.08680555625 0.2099609375 0.06423611093750001 0.208984375 0.059027778125 0.2119140625 0.059027778125 0.2216796875
0 0.07986111093750001 0.4130859375 0.07638888906249999 0.4091796875 0.0607638890625 0.40234375 0.0329861109375 0.40625 0.02430555625 0.4208984375 0.034722221875 0.4267578125 0.046875 0.41796875 0.0607638890625 0.41796875 0.07118055625 0.421875 0.07986111093750001 0.4130859375
0 0.1145833328125 0.2158203125 0.11805555625 0.2314453125 0.1302083328125 0.23828125 0.14930555625 0.2373046875 0.15972222187500001 0.2333984375 0.15625 0.2138671875 0.1302083328125 0.208984375 0.1145833328125 0.2158203125
0 0.65625 0.6044921875 0.65625 0.6181640625 0.6649305562500001 0.62109375 0.6805555562500001 0.6201171875 0.690972221875 0.6083984375 0.6788194437499999 0.6015625 0.6614583328125 0.6015625 0.65625 0.6044921875
0 0.2708333328125 0.1728515625 0.2760416671875 0.17578125 0.2951388890625 0.1748046875 0.2951388890625 0.1591796875 0.2795138890625 0.158203125 0.2708333328125 0.1630859375 0.2708333328125 0.1728515625
0 0.15972222187500001 0.2958984375 0.15972222187500001 0.3076171875 0.16840277812499999 0.3125 0.18402777812499999 0.3115234375 0.19097222187500001 0.2978515625 0.1822916671875 0.291015625 0.16840277812499999 0.291015625 0.15972222187500001 0.2958984375
0 0.2552083328125 0.1015625 0.25 0.1123046875 0.265625 0.119140625 0.27430555624999997 0.1181640625 0.28125 0.1142578125 0.27777777812500004 0.1044921875 0.27256944375000003 0.1015625 0.2552083328125 0.1015625
0 0.7413194437499999 0.486328125 0.722222221875 0.4990234375 0.7256944437499999 0.5068359375 0.734375 0.51171875 0.7569444437499999 0.5107421875 0.7673611109375 0.5048828125 0.7673611109375 0.4951171875 0.7586805562500001 0.48828125 0.7413194437499999 0.486328125
0 0.15625 0.2353515625 0.15625 0.2470703125 0.16493055625 0.251953125 0.18402777812499999 0.2509765625 0.19097222187500001 0.2490234375 0.18402777812499999 0.2333984375 0.16493055625 0.23046875 0.15625 0.2353515625
0 0.855902778125 0.251953125 0.84375 0.2587890625 0.84375 0.2705078125 0.8489583328125001 0.2734375 0.871527778125 0.2724609375 0.878472221875 0.2685546875 0.878472221875 0.2587890625 0.8697916671874999 0.25390625 0.855902778125 0.251953125
0 0.230902778125 0.314453125 0.215277778125 0.3271484375 0.22395833281250002 0.333984375 0.24305555625 0.3349609375 0.25 0.3330078125 0.25694444375000003 0.3232421875 0.24479166718749998 0.314453125 0.230902778125 0.314453125
0 0.7395833328125 0.5146484375 0.7395833328125 0.5224609375 0.7482638890625 0.52734375 0.7569444437499999 0.5263671875 0.78125 0.5185546875 0.7760416671875 0.509765625 0.7586805562500001 0.5078125 0.7395833328125 0.5146484375
0 0.375 0.5517578125 0.375 0.5576171875 0.38715277812500004 0.564453125 0.39930555624999997 0.5634765625 0.4166666671875 0.5576171875 0.4079861109375 0.541015625 0.39409722187499996 0.541015625 0.375 0.5517578125
0 0.7795138890625 0.28125 0.7673611109375 0.2880859375 0.7673611109375 0.2958984375 0.7795138890625 0.30078125 0.7916666671875 0.2998046875 0.8020833328125001 0.2958984375 0.8020833328125001 0.2900390625 0.793402778125 0.283203125 0.7795138890625 0.28125
0 0.23263888906250002 0.4482421875 0.22916666718749998 0.4580078125 0.24131944375 0.462890625 0.25347222187499996 0.4619140625 0.2638888890625 0.4560546875 0.2638888890625 0.4482421875 0.24479166718749998 0.443359375 0.23263888906250002 0.4482421875
0 0 0.5537109375 0.0173611109375 0.5537109375 0.03125 0.5478515625 0.03125 0.5400390625 0.0260416671875 0.53515625 0.0052083328125 0.53515625 0 0.5380859375 0 0.5537109375
0 0.074652778125 0.287109375 0.05208333281250001 0.2978515625 0.05208333281250001 0.3037109375 0.06423611093750001 0.30859375 0.08333333281250001 0.3076171875 0.090277778125 0.3017578125 0.090277778125 0.2939453125 0.08506944375 0.2890625 0.074652778125 0.287109375
0 0.35069444375000003 0.1494140625 0.35069444375000003 0.1572265625 0.35590277812500004 0.16015625 0.375 0.1591796875 0.38194444375000003 0.1552734375 0.38194444375000003 0.1435546875 0.36631944375000003 0.140625 0.35069444375000003 0.1494140625
0 0.8177083328125001 0.546875 0.8125 0.5517578125 0.815972221875 0.5576171875 0.8333333328125001 0.5595703125 0.84375 0.5556640625 0.84375 0.5498046875 0.8385416671874999 0.546875 0.8177083328125001 0.546875
0 0.2673611109375 0.5458984375 0.2708333328125 0.5595703125 0.2760416671875 0.5625 0.2986111109375 0.5615234375 0.30902777812500004 0.5498046875 0.28993055624999997 0.541015625 0.2760416671875 0.541015625 0.2673611109375 0.5458984375
0 0.20138888906250002 0.1025390625 0.206597221875 0.111328125 0.22916666718749998 0.1123046875 0.23263888906250002 0.1044921875 0.22743055625 0.099609375 0.206597221875 0.099609375 0.20138888906250002 0.1025390625
0 0.8802083328125001 0.287109375 0.8680555562500001 0.2919921875 0.8645833328125001 0.3017578125 0.8732638890625 0.306640625 0.8888888890625 0.3056640625 0.902777778125 0.3037109375 0.90625 0.2919921875 0.894097221875 0.287109375 0.8802083328125001 0.287109375
0 0.053819443749999994 0.150390625 0.0486111109375 0.1552734375 0.055555556250000006 0.1650390625 0.07291666718749999 0.1669921875 0.07986111093750001 0.1650390625 0.07986111093750001 0.1533203125 0.074652778125 0.150390625 0.053819443749999994 0.150390625
0 0.30555555624999997 0.6025390625 0.30555555624999997 0.6083984375 0.3107638890625 0.611328125 0.3263888890625 0.6103515625 0.3333333328125 0.6064453125 0.3333333328125 0.6005859375 0.3177083328125 0.595703125 0.30555555624999997 0.6025390625
0 0.1111111109375 0.2314453125 0.10069444375 0.2470703125 0.10069444375 0.2568359375 0.1145833328125 0.2568359375 0.12847222187500001 0.2451171875 0.12847222187500001 0.2373046875 0.11631944375 0.23046875 0.1111111109375 0.2314453125
0 0.015625 0.171875 0.010416667187500001 0.1748046875 0.013888889062500001 0.1845703125 0.019097221875 0.1875 0.03125 0.1865234375 0.03819444375 0.1845703125 0.03819444375 0.1748046875 0.0329861109375 0.171875 0.015625 0.171875
0 0.18055555625 0.6064453125 0.18055555625 0.6123046875 0.18923611093749998 0.6171875 0.20486111093749998 0.6162109375 0.215277778125 0.6083984375 0.21006944375 0.599609375 0.19965277812499999 0.599609375 0.18055555625 0.6064453125
0 0.18923611093749998 0.306640625 0.17361111093749998 0.3154296875 0.17361111093749998 0.3193359375 0.18576388906250002 0.328125 0.1979166671875 0.3291015625 0.21180555625 0.3251953125 0.215277778125 0.3173828125 0.206597221875 0.30859375 0.18923611093749998 0.306640625
0 0.6614583328125 0.517578125 0.652777778125 0.5224609375 0.652777778125 0.5302734375 0.6614583328125 0.5390625 0.6770833328125 0.5380859375 0.6944444437499999 0.5302734375 0.6944444437499999 0.5263671875 0.6788194437499999 0.517578125 0.6614583328125 0.517578125
0 0.3732638890625 0.46484375 0.36805555624999997 0.4677734375 0.36805555624999997 0.4755859375 0.3767361109375 0.48046875 0.3888888890625 0.4814453125 0.39930555624999997 0.4755859375 0.39930555624999997 0.4716796875 0.38368055624999997 0.46484375 0.3732638890625 0.46484375
0 0.24479166718749998 0.21875 0.23611111093749998 0.2236328125 0.23611111093749998 0.2353515625 0.25694444375000003 0.2392578125 0.2673611109375 0.2353515625 0.2708333328125 0.2275390625 0.26215277812500004 0.220703125 0.24479166718749998 0.21875
0 0.375 0.7412109375 0.38368055624999997 0.74609375 0.40277777812500004 0.7451171875 0.40972222187499996 0.7392578125 0.39756944375000003 0.732421875 0.375 0.7353515625 0.375 0.7412109375
0 0.0364583328125 0.150390625 0.02430555625 0.1552734375 0.02430555625 0.1630859375 0.0364583328125 0.169921875 0.0486111109375 0.1689453125 0.055555556250000006 0.1650390625 0.055555556250000006 0.1572265625 0.050347221875 0.15234375 0.0364583328125 0.150390625
0 0.21006944375 0.35546875 0.20486111093749998 0.3603515625 0.20833333281250002 0.3701171875 0.22395833281250002 0.375 0.23263888906250002 0.3740234375 0.24305555625 0.3701171875 0.24305555625 0.3583984375 0.230902778125 0.353515625 0.21006944375 0.35546875
0 0.112847221875 0.3125 0.10069444375 0.3212890625 0.10069444375 0.3271484375 0.11631944375 0.333984375 0.125 0.3330078125 0.1354166671875 0.3271484375 0.1354166671875 0.3212890625 0.1232638890625 0.3125 0.112847221875 0.3125
0 0.34375 0.2001953125 0.34375 0.2060546875 0.35243055624999997 0.21484375 0.3611111109375 0.2138671875 0.375 0.2080078125 0.375 0.2001953125 0.359375 0.1953125 0.34375 0.2001953125
0 0.074652778125 0.26171875 0.0625 0.2705078125 0.0625 0.2763671875 0.081597221875 0.28515625 0.10069444375 0.2841796875 0.1076388890625 0.2802734375 0.1076388890625 0.2666015625 0.09895833281250001 0.26171875 0.074652778125 0.26171875
0 0.08680555625 0.1943359375 0.08680555625 0.2021484375 0.09895833281250001 0.208984375 0.1145833328125 0.2080078125 0.125 0.1982421875 0.112847221875 0.189453125 0.10243055625 0.1875 0.08680555625 0.1943359375
0 0.40972222187499996 0.3662109375 0.41493055625 0.369140625 0.44444444375 0.3681640625 0.4392361109375 0.35546875 0.41493055625 0.35546875 0.40972222187499996 0.3583984375 0.40972222187499996 0.3662109375
0 0.7291666671875 0.5712890625 0.7291666671875 0.5791015625 0.734375 0.58203125 0.7638888890625 0.5810546875 0.7638888890625 0.5712890625 0.7517361109375 0.564453125 0.7413194437499999 0.564453125 0.7291666671875 0.5712890625
0 0.703125 0.220703125 0.71875 0.2197265625 0.71875 0.2099609375 0.7100694437499999 0.205078125 0.6944444437499999 0.2119140625 0.703125 0.220703125
0 0.578125 0.578125 0.5694444437499999 0.5830078125 0.5694444437499999 0.5888671875 0.578125 0.595703125 0.590277778125 0.5966796875 0.6006944437499999 0.5908203125 0.6006944437499999 0.5830078125 0.5920138890625 0.578125 0.578125 0.578125
0 0.894097221875 0.658203125 0.8854166671874999 0.6650390625 0.8854166671874999 0.6708984375 0.890625 0.67578125 0.90625 0.6767578125 0.9201388890625 0.6728515625 0.9201388890625 0.6650390625 0.9045138890625 0.658203125 0.894097221875 0.658203125
0 0.0260416671875 0.302734375 0.0173611109375 0.3134765625 0.02256944375 0.318359375 0.0416666671875 0.3212890625 0.05208333281250001 0.3154296875 0.05208333281250001 0.3076171875 0.043402778125 0.302734375 0.0260416671875 0.302734375
0 0.4739583328125 0.169921875 0.46180555625 0.1767578125 0.46180555625 0.1845703125 0.4704861109375 0.193359375 0.4826388890625 0.1923828125 0.49305555625 0.1826171875 0.49305555625 0.1748046875 0.484375 0.169921875 0.4739583328125 0.169921875
0 0.7673611109375 0.5556640625 0.7673611109375 0.5654296875 0.7725694437499999 0.568359375 0.784722221875 0.5673828125 0.7916666671875 0.5634765625 0.7916666671875 0.5576171875 0.7725694437499999 0.552734375 0.7673611109375 0.5556640625
0 0.13194444375 0.1728515625 0.13368055625 0.18359375 0.14409722187500001 0.1875 0.1666666671875 0.1865234375 0.17013888906250002 0.1787109375 0.15798611093749998 0.169921875 0.13715277812499999 0.169921875 0.13194444375 0.1728515625
0 0.27256944375000003 0.36328125 0.2638888890625 0.3701171875 0.265625 0.375 0.28125 0.3759765625 0.2916666671875 0.3720703125 0.2916666671875 0.3642578125 0.2829861109375 0.361328125 0.27256944375000003 0.36328125
0 1 0.2373046875 0.984375 0.236328125 0.9756944437499999 0.2412109375 0.9756944437499999 0.2490234375 0.987847221875 0.25390625 1 0.2529296875 1 0.2373046875
0 0.42534722187499996 0.71875 0.4479166671875 0.7177734375 0.4357638890625 0.701171875 0.4201388890625 0.7099609375 0.4201388890625 0.7158203125 0.42534722187499996 0.71875
0 0.27430555624999997 0.5029296875 0.2795138890625 0.513671875 0.30555555624999997 0.5146484375 0.3125 0.5048828125 0.30381944375000003 0.5 0.2864583328125 0.498046875 0.27430555624999997 0.5029296875
0 0.96875 0.1806640625 0.96875 0.1904296875 0.980902778125 0.1953125 0.996527778125 0.1943359375 1 0.1689453125 0.9913194437499999 0.166015625 0.9756944437499999 0.1728515625 0.96875 0.1806640625
0 0.6145833328125 0.6083984375 0.6197916671875 0.61328125 0.6319444437499999 0.6123046875 0.6388888890625 0.6044921875 0.6354166671875 0.5986328125 0.6197916671875 0.59375 0.6145833328125 0.6083984375
0 0.0625 0.1787109375 0.07986111093750001 0.1806640625 0.07986111093750001 0.1689453125 0.06423611093750001 0.166015625 0.059027778125 0.1689453125 0.0625 0.1787109375
0 0 0.3134765625 0.0173611109375 0.3154296875 0.02430555625 0.3017578125 0.012152778125 0.298828125 0 0.3037109375 0 0.3134765625
0 0.1041666671875 0.5107421875 0.1145833328125 0.5166015625 0.1354166671875 0.5087890625 0.12673611093749998 0.50390625 0.109375 0.501953125 0.1041666671875 0.5107421875
0 0.21875 0.6318359375 0.22395833281250002 0.634765625 0.23263888906250002 0.6337890625 0.23263888906250002 0.6220703125 0.22395833281250002 0.619140625 0.21875 0.6220703125 0.21875 0.6318359375
0 0.7881944437499999 0.5458984375 0.800347221875 0.5546875 0.8055555562500001 0.5537109375 0.815972221875 0.5478515625 0.8107638890625 0.541015625 0.800347221875 0.541015625 0.7881944437499999 0.5458984375
0 0.6232638890625 0.1953125 0.6145833328125 0.2021484375 0.625 0.2138671875 0.6302083328125 0.216796875 0.6388888890625 0.2158203125 0.6458333328125 0.2119140625 0.6458333328125 0.2021484375 0.637152778125 0.1953125 0.6232638890625 0.1953125
0 0.121527778125 0.3427734375 0.1302083328125 0.34765625 0.14930555625 0.3466796875 0.1510416671875 0.33203125 0.1302083328125 0.33203125 0.121527778125 0.3369140625 0.121527778125 0.3427734375
0 0.6354166671875 0.3349609375 0.6354166671875 0.3408203125 0.644097221875 0.345703125 0.659722221875 0.3447265625 0.6666666671875 0.3408203125 0.6666666671875 0.3330078125 0.6510416671875 0.328125 0.6354166671875 0.3349609375
0 0.20138888906250002 0.2060546875 0.206597221875 0.216796875 0.23263888906250002 0.2158203125 0.24305555625 0.2099609375 0.230902778125 0.201171875 0.22048611093749998 0.19921875 0.20138888906250002 0.2060546875
0 0.2552083328125 0.302734375 0.24305555625 0.3115234375 0.2552083328125 0.322265625 0.2673611109375 0.3212890625 0.27430555624999997 0.3173828125 0.27430555624999997 0.3115234375 0.265625 0.3046875 0.2552083328125 0.302734375
0 0.230902778125 0.14453125 0.222222221875 0.1494140625 0.22569444375 0.1552734375 0.246527778125 0.1591796875 0.25347222187499996 0.1533203125 0.25 0.1494140625 0.24131944375 0.14453125 0.230902778125 0.14453125
0 0.8368055562500001 0.2998046875 0.8420138890625 0.302734375 0.8611111109375 0.3017578125 0.8680555562500001 0.2880859375 0.8524305562500001 0.283203125 0.8368055562500001 0.2900390625 0.8368055562500001 0.2998046875
0 1 0.1962890625 0.987847221875 0.193359375 0.9791666671874999 0.1982421875 0.9791666671874999 0.2060546875 0.9913194437499999 0.212890625 1 0.2119140625 1 0.1962890625
0 0.06423611093750001 0.16796875 0.07986111093750001 0.1669921875 0.07638888906249999 0.1513671875 0.053819443749999994 0.150390625 0.055555556250000006 0.1650390625 0.06423611093750001 0.16796875
0 0.3177083328125 0.642578125 0.30902777812500004 0.6494140625 0.3125 0.6552734375 0.3298611109375 0.6552734375 0.33680555624999997 0.6513671875 0.33680555624999997 0.6455078125 0.33159722187499996 0.642578125 0.3177083328125 0.642578125
0 0.05729166718749999 0.298828125 0.05208333281250001 0.3017578125 0.05208333281250001 0.3115234375 0.0607638890625 0.31640625 0.07638888906249999 0.3154296875 0.08333333281250001 0.3115234375 0.08333333281250001 0.3056640625 0.07118055625 0.306640625 0.05729166718749999 0.298828125
0 0.8767361109375 0.52734375 0.8888888890625 0.5263671875 0.8923611109375 0.5185546875 0.8767361109375 0.515625 0.871527778125 0.5244140625 0.8767361109375 0.52734375
0 0.16493055625 0.46875 0.15972222187500001 0.4853515625 0.16493055625 0.48828125 0.18055555625 0.4873046875 0.1875 0.4814453125 0.1875 0.4736328125 0.1822916671875 0.46875 0.16493055625 0.46875
0 0.5399305562500001 0.35546875 0.534722221875 0.3583984375 0.5381944437499999 0.3662109375 0.53125 0.3740234375 0.5364583328125 0.376953125 0.5451388890625 0.3759765625 0.5520833328125 0.3701171875 0.5520833328125 0.3603515625 0.546875 0.35546875 0.5399305562500001 0.35546875
0 0.9444444437499999 0.4599609375 0.9444444437499999 0.4658203125 0.949652778125 0.46875 0.96875 0.4677734375 0.9756944437499999 0.4580078125 0.9635416671874999 0.451171875 0.956597221875 0.451171875 0.9444444437499999 0.4599609375
0 0.6180555562500001 0.1962890625 0.6145833328125 0.2041015625 0.6302083328125 0.216796875 0.6388888890625 0.2158203125 0.6458333328125 0.2119140625 0.6458333328125 0.2021484375 0.6267361109375 0.19140625 0.6180555562500001 0.1962890625
0 0.96875 0.1787109375 0.96875 0.1904296875 0.984375 0.1953125 0.996527778125 0.1943359375 1 0.1669921875 0.9947916671874999 0.1640625 0.9756944437499999 0.1708984375 0.96875 0.1787109375
0 0.6354166671875 0.5146484375 0.640625 0.517578125 0.65625 0.5166015625 0.659722221875 0.5029296875 0.644097221875 0.498046875 0.6354166671875 0.5048828125 0.6354166671875 0.5146484375
0 0.18576388906250002 0.294921875 0.16493055625 0.294921875 0.15972222187500001 0.2978515625 0.15972222187500001 0.3056640625 0.17361111093749998 0.3193359375 0.18923611093749998 0.328125 0.20138888906250002 0.3271484375 0.21180555625 0.3212890625 0.21180555625 0.3115234375 0.1875 0.2998046875 0.18576388906250002 0.294921875
0 0.840277778125 0.2919921875 0.8454861109375 0.294921875 0.8645833328125001 0.2958984375 0.8680555562500001 0.2880859375 0.859375 0.283203125 0.84375 0.2861328125 0.840277778125 0.2919921875
0 0.3333333328125 0.1181640625 0.35243055624999997 0.125 0.3611111109375 0.1240234375 0.36805555624999997 0.1201171875 0.3645833328125 0.1103515625 0.3489583328125 0.107421875 0.3333333328125 0.1181640625
0 0.2552083328125 0.302734375 0.24305555625 0.3115234375 0.2604166671875 0.3232421875 0.27430555624999997 0.3173828125 0.27430555624999997 0.3115234375 0.265625 0.3046875 0.2552083328125 0.302734375