0 0.296875 0.18125 0.04296875 0.01796875
0 0.225 0.2828125 0.046875 0.021875
0 0.52578125 0.6109375 0.0265625 0.01796875
0 0.6024305562500001 0.236328125 0.5885416671875 0.236328125 0.5763888890625 0.2451171875 0.5763888890625 0.2568359375 0.5850694437499999 0.26171875 0.6041666671875 0.2607421875 0.6145833328125 0.2568359375 0.621527778125 0.2490234375 0.6180555562500001 0.2431640625 0.6024305562500001 0.236328125
0 0.046875 0.46875 0.0416666671875 0.4716796875 0.0416666671875 0.4892578125 0.053819443749999994 0.494140625 0.0625 0.4931640625 0.07638888906249999 0.4892578125 0.07986111093750001 0.4794921875 0.06770833281250001 0.470703125 0.046875 0.46875
0 0.17881944375 0.345703125 0.17013888906250002 0.3525390625 0.17361111093749998 0.3662109375 0.1822916671875 0.369140625 0.20138888906250002 0.3681640625 0.21180555625 0.3642578125 0.21180555625 0.3525390625 0.1927083328125 0.345703125 0.17881944375 0.345703125
0 0.730902778125 0.38671875 0.71875 0.3935546875 0.715277778125 0.4033203125 0.730902778125 0.4140625 0.746527778125 0.4150390625 0.753472221875 0.4111328125 0.753472221875 0.3916015625 0.7447916671875 0.38671875 0.730902778125 0.38671875
0 0.08680555625 0.5126953125 0.09548611093750001 0.517578125 0.1076388890625 0.5166015625 0.121527778125 0.5048828125 0.109375 0.5 0.08854166718749999 0.501953125 0.08680555625 0.5126953125
0 0.9322916671874999 0.68359375 0.9236111109375 0.6884765625 0.9201388890625 0.7021484375 0.9322916671874999 0.708984375 0.9444444437499999 0.7080078125 0.9548611109375 0.7021484375 0.9583333328125001 0.6923828125 0.953125 0.685546875 0.9322916671874999 0.68359375
0 0.6875 0.1298828125 0.699652778125 0.140625 0.71875 0.1416015625 0.71875 0.1181640625 0.703125 0.115234375 0.690972221875 0.1220703125 0.6875 0.1298828125
0 0.652777778125 0.2353515625 0.6579861109375 0.2421875 0.6770833328125 0.2412109375 0.6979166671875 0.2353515625 0.6822916671875 0.224609375 0.6649305562500001 0.2265625 0.652777778125 0.2353515625
0 0.7413194437499999 0.435546875 0.7326388890625 0.4404296875 0.7326388890625 0.4541015625 0.7413194437499999 0.4609375 0.7673611109375 0.4638671875 0.784722221875 0.4560546875 0.784722221875 0.4404296875 0.765625 0.43359375 0.7413194437499999 0.435546875
0 0.6024305562500001 0.380859375 0.590277778125 0.3876953125 0.590277778125 0.3935546875 0.609375 0.40625 0.628472221875 0.4052734375 0.6388888890625 0.3974609375 0.6319444437499999 0.3837890625 0.6232638890625 0.380859375 0.6024305562500001 0.380859375
0 0.14756944375 0.404296875 0.13888888906250002 0.4091796875 0.1354166671875 0.4228515625 0.14409722187500001 0.427734375 0.1666666671875 0.4287109375 0.18055555625 0.4228515625 0.18055555625 0.4130859375 0.16493055625 0.404296875 0.14756944375 0.404296875
0 0.7864583328125 0.259765625 0.7708333328125 0.2783203125 0.7743055562500001 0.2841796875 0.7864583328125 0.2890625 0.7986111109375 0.2880859375 0.815972221875 0.2783203125 0.8194444437499999 0.2685546875 0.8072916671874999 0.259765625 0.7864583328125 0.259765625
0 0.237847221875 0.447265625 0.21701388906250002 0.447265625 0.20486111093749998 0.4541015625 0.20486111093749998 0.4638671875 0.21354166718749998 0.46875 0.22569444375 0.4677734375 0.237847221875 0.466796875 0.246527778125 0.4599609375 0.246527778125 0.4521484375 0.237847221875 0.447265625
0 0.7586805562500001 0.095703125 0.75 0.1044921875 0.753472221875 0.1123046875 0.762152778125 0.12109375 0.7743055562500001 0.1201171875 0.784722221875 0.1123046875 0.784722221875 0.1044921875 0.7760416671875 0.09765625 0.7586805562500001 0.095703125
0 0.9583333328125001 0.7060546875 0.972222221875 0.7177734375 0.9774305562500001 0.720703125 0.996527778125 0.7197265625 1 0.6962890625 0.984375 0.693359375 0.9670138890625 0.6953125 0.9583333328125001 0.7060546875
0 0.7204861109375 0.16015625 0.715277778125 0.1650390625 0.715277778125 0.1787109375 0.7326388890625 0.1787109375 0.7430555562500001 0.1748046875 0.746527778125 0.1669921875 0.737847221875 0.16015625 0.7204861109375 0.16015625
0 0.22048611093749998 0.505859375 0.1979166671875 0.5224609375 0.1979166671875 0.5263671875 0.21354166718749998 0.533203125 0.23263888906250002 0.5322265625 0.24305555625 0.5263671875 0.24305555625 0.5185546875 0.23611111093749998 0.5107421875 0.22048611093749998 0.505859375
0 0.5642361109375 0.2421875 0.5486111109375 0.2548828125 0.5486111109375 0.2646484375 0.5607638890625 0.26953125 0.565972221875 0.2685546875 0.5763888890625 0.2607421875 0.5798611109375 0.2451171875 0.574652778125 0.2421875 0.5642361109375 0.2421875
0 0.07638888906249999 0.6318359375 0.07638888906249999 0.6357421875 0.097222221875 0.6435546875 0.1041666671875 0.6337890625 0.10069444375 0.6259765625 0.09201388906249999 0.623046875 0.07638888906249999 0.6318359375
0 0.13715277812499999 0.357421875 0.14930555625 0.3564453125 0.14930555625 0.3388671875 0.1302083328125 0.3359375 0.121527778125 0.3447265625 0.13715277812499999 0.357421875
0 0.753472221875 0.1474609375 0.75 0.1572265625 0.7586805562500001 0.1640625 0.7743055562500001 0.1630859375 0.78125 0.1611328125 0.7881944437499999 0.1513671875 0.765625 0.142578125 0.753472221875 0.1474609375
0 0.2795138890625 0.408203125 0.27430555624999997 0.4169921875 0.2864583328125 0.423828125 0.2986111109375 0.4228515625 0.30902777812500004 0.4130859375 0.30555555624999997 0.4091796875 0.30034722187499996 0.40625 0.2795138890625 0.408203125
0 0.3333333328125 0.4365234375 0.3333333328125 0.4443359375 0.3385416671875 0.447265625 0.3576388890625 0.4462890625 0.3611111109375 0.4365234375 0.35590277812500004 0.431640625 0.3454861109375 0.4296875 0.3333333328125 0.4365234375
0 0.09375 0.4794921875 0.097222221875 0.4853515625 0.109375 0.490234375 0.125 0.4892578125 0.12847222187500001 0.4833984375 0.1197916671875 0.474609375 0.10243055625 0.474609375 0.09375 0.4794921875
0 0.503472221875 0.5966796875 0.5086805562500001 0.6015625 0.527777778125 0.6005859375 0.527777778125 0.5830078125 0.512152778125 0.580078125 0.503472221875 0.5869140625 0.503472221875 0.5966796875
0 0.1111111109375 0.2041015625 0.11805555625 0.2138671875 0.12847222187500001 0.2138671875 0.13194444375 0.2001953125 0.12673611093749998 0.1953125 0.1197916671875 0.1953125 0.1111111109375 0.2041015625
0 0.1041666671875 0.3466796875 0.1041666671875 0.3564453125 0.11631944375 0.361328125 0.13194444375 0.3603515625 0.13194444375 0.3466796875 0.1232638890625 0.341796875 0.109375 0.34375 0.1041666671875 0.3466796875
0 0.7256944437499999 0.6083984375 0.7256944437499999 0.6162109375 0.730902778125 0.619140625 0.75 0.6181640625 0.7569444437499999 0.6123046875 0.7517361109375 0.607421875 0.730902778125 0.60546875 0.7256944437499999 0.6083984375
0 0.71875 0.1376953125 0.715277778125 0.1474609375 0.7239583328125 0.150390625 0.7361111109375 0.1494140625 0.75 0.1396484375 0.7482638890625 0.12890625 0.7239583328125 0.1328125 0.71875 0.1376953125
0 0.5329861109375 0.677734375 0.5555555562500001 0.6767578125 0.5572916671875 0.666015625 0.5295138890625 0.662109375 0.5208333328125 0.6669921875 0.5329861109375 0.677734375
0 0.12847222187500001 0.2080078125 0.12847222187500001 0.2158203125 0.14756944375 0.22265625 0.16319444375 0.2236328125 0.17013888906250002 0.2177734375 0.16319444375 0.2060546875 0.13715277812499999 0.201171875 0.12847222187500001 0.2080078125
0 0.23263888906250002 0.4443359375 0.24479166718749998 0.451171875 0.25694444375000003 0.4501953125 0.25694444375000003 0.4365234375 0.24131944375 0.43359375 0.23263888906250002 0.4384765625 0.23263888906250002 0.4443359375
0 0.215277778125 0.2041015625 0.22048611093749998 0.2109375 0.23611111093749998 0.2099609375 0.25 0.2021484375 0.24479166718749998 0.193359375 0.22395833281250002 0.1953125 0.215277778125 0.2041015625
0 0.15277777812499999 0.5068359375 0.15798611093749998 0.513671875 0.1666666671875 0.5126953125 0.1770833328125 0.5048828125 0.17534722187500001 0.501953125 0.1614583328125 0.501953125 0.15277777812499999 0.5068359375
0 0.871527778125 0.4326171875 0.8680555562500001 0.4404296875 0.8802083328125001 0.4453125 0.8888888890625 0.4443359375 0.8958333328125001 0.4365234375 0.8923611109375 0.4306640625 0.8802083328125001 0.427734375 0.871527778125 0.4326171875
0 0.2864583328125 0.283203125 0.27777777812500004 0.2880859375 0.27777777812500004 0.3037109375 0.2864583328125 0.30859375 0.30555555624999997 0.3095703125 0.31597222187499996 0.3017578125 0.3125 0.2900390625 0.30381944375000003 0.28515625 0.2864583328125 0.283203125
0 0.09375 0.4287109375 0.09375 0.4345703125 0.09895833281250001 0.439453125 0.1111111109375 0.4384765625 0.121527778125 0.4267578125 0.11631944375 0.423828125 0.10243055625 0.423828125 0.09375 0.4287109375
0 0.5642361109375 0.2421875 0.5486111109375 0.2548828125 0.5486111109375 0.2646484375 0.5538194437499999 0.267578125 0.565972221875 0.2666015625 0.5763888890625 0.2587890625 0.5798611109375 0.2451171875 0.574652778125 0.2421875 0.5642361109375 0.2421875
0 0.13715277812499999 0.466796875 0.13194444375 0.4736328125 0.1354166671875 0.4833984375 0.14756944375 0.490234375 0.15277777812499999 0.4892578125 0.17361111093749998 0.4833984375 0.1770833328125 0.4736328125 0.15798611093749998 0.466796875 0.13715277812499999 0.466796875
0 0.24479166718749998 0.494140625 0.23611111093749998 0.5009765625 0.23611111093749998 0.5087890625 0.24479166718749998 0.513671875 0.25347222187499996 0.5126953125 0.2638888890625 0.5068359375 0.2638888890625 0.5009765625 0.25868055624999997 0.49609375 0.24479166718749998 0.494140625
0 0.1875 0.2099609375 0.203125 0.216796875 0.215277778125 0.2158203125 0.21875 0.2001953125 0.19618055625 0.19921875 0.1875 0.2041015625 0.1875 0.2099609375
0 0.8958333328125001 0.2724609375 0.8958333328125001 0.2783203125 0.9045138890625 0.283203125 0.9236111109375 0.2822265625 0.9305555562500001 0.2763671875 0.925347221875 0.271484375 0.9010416671874999 0.26953125 0.8958333328125001 0.2724609375
0 0.28472222187499996 0.3994140625 0.29340277812500004 0.404296875 0.30902777812500004 0.4033203125 0.3125 0.3896484375 0.3072916671875 0.38671875 0.28993055624999997 0.388671875 0.28472222187499996 0.3994140625