0 0.465625 0.053125 0.0375 0.028125
0 0.4921875 0.065625 0.0484375 0.03046875
0 0.4703125 0.0828125 0.04296875 0.01875
0 0.43046875 0.08984375 0.04453125 0.025
0 0.3828125 0.1078125 0.0265625 0.0296875
0 0.4046875 0.134375 0.0515625 0.03359375
0 0.45078125 0.134375 0.040625 0.02890625
0 0.478125 0.1375 0.03046875 0.028125
0 0.42734375 0.1640625 0.0375 0.02265625
0 0.496875 0.1765625 0.040625 0.02578125
0 0.375 0.18125 0.05 0.028125
0 0.46796875 0.1953125 0.04140625 0.0265625
0 0.4328125 0.2140625 0.0515625 0.02890625
0 0.5171875 0.2234375 0.040625 0.01953125
0 0.38046875 0.2390625 0.03046875 0.02578125
0 0.490625 0.253125 0.04296875 0.02421875
0 0.33203125 0.278125 0.04140625 0.021875
0 0.59140625 0.2921875 0.0390625 0.02578125
0 0.3140625 0.29140625 0.04453125 0.0140625
0 0.509375 0.315625 0.05 0.015625
0 0.66171875 0.31875 0.040625 0.0203125
0 0.475 0.328125 0.0359375 0.015625
0 0.678125 0.33359375 0.0359375 0.0203125
0 0.50625 0.3359375 0.04296875 0.01953125
0 0.4828125 0.35625 0.02109375 0.0171875
0 0.453125 0.375 0.0484375 0.02578125
0 0.18515625 0.371875 0.04296875 0.0171875
0 0.625 0.4234375 0.0359375 0.02578125
0 0.68046875 0.4390625 0.0359375 0.02265625
0 0.365625 0.4421875 0.040625 0.02578125
0 0.603125 0.4421875 0.046875 0.0265625
0 0.6359375 0.4453125 0.03046875 0.03046875
0 0.2765625 0.46875 0.05546875 0.02109375
0 0.496875 0.484375 0.0515625 0.0203125
0 0.2484375 0.5 0.0609375 0.02734375
0 0.5171875 0.5015625 0.0484375 0.02578125
0 0.3 0.509375 0.05546875 0.03203125
0 0.334375 0.528125 0.03359375 0.0203125
0 0.5703125 0.52890625 0.02890625 0.015625
0 0.51875 0.54609375 0.034375 0.0265625
0 0.36640625 0.55703125 0.028125 0.0234375
0 0.32109375 0.575 0.053125 0.03203125
0 0.38359375 0.571875 0.028125 0.0203125
0 0.48828125 0.5703125 0.04296875 0.01640625
0 0.20390625 0.575 0.03359375 0.021875
0 0.34140625 0.59453125 0.04140625 0.01875
0 0.27265625 0.609375 0.034375 0.0203125
0 0.50078125 0.63125 0.034375 0.0234375
0 0.53046875 0.6375 0.028125 0.01796875
0 0.48203125 0.65 0.046875 0.02578125
0 0.44921875 0.65390625 0.02109375 0.0140625
0 0.56484375 0.7171875 0.05390625 0.03203125
0 0.46171875 0.72890625 0.05390625 0.0296875
0 0.38828125 0.7703125 0.034375 0.025
0 0.490625 0.7765625 0.04296875 0.03359375
0 0.93984375 0.80703125 0.05703125 0.021875
0 0.60390625 0.853125 0.05 0.03046875
0 0.54765625 0.8578125 0.04609375 0.03359375