0 0.0765625 0.3578125 0.0390625 0.02734375
0 0.028125 0.4046875 0.04140625 0.01953125
0 0.22890625 0.490625 0.021875 0.02109375
0 0.278125 0.5 0.0375 0.025
0 0.54375 0.5921875 0.04609375 0.02578125
0 0.08515625 0.61015625 0.034375 0.0203125
0 0.51796875 0.60625 0.028125 0.01171875
0 0.3640625 0.6140625 0.03046875 0.0125
0 0.3875 0.6171875 0.0140625 0.0125
0 0.09296875 0.6296875 0.028125 0.03046875
0 0.57109375 0.6296875 0.05 0.02578125
0 0.234375 0.6390625 0.03046875 0.02578125
0 0.07890625 0.6390625 0.0359375 0.02265625
0 0.26875 0.646875 0.040625 0.01640625
0 0.1921875 0.65625 0.015625 0.02421875
0 0.70546875 0.6765625 0.04140625 0.0234375
0 0.634375 0.6734375 0.0265625 0.01484375