0 0.252777778125 0.33125 0.2541666671875 0.3296875 0.25833333281250004 0.3296875 0.2638888890625 0.3265625 0.2638888890625 0.32421875 0.2666666671875 0.3234375 0.2666666671875 0.30703125 0.252777778125 0.29921875 0.2125 0.29921875 0.20972222187499998 0.30078125 0.20972222187499998 0.328125 0.215277778125 0.33125 0.252777778125 0.33125
0 0.6 0.278125 0.6 0.26484375 0.5944444437499999 0.26171875 0.5458333328125 0.26171875 0.54305555625 0.26328125 0.54305555625 0.2859375 0.5458333328125 0.2875 0.5861111109375 0.2875 0.6 0.278125
0 0.45277777812500003 0.19375 0.46666666718750005 0.18125 0.46666666718750005 0.16953125 0.4611111109375 0.1671875 0.4611111109375 0.16484375 0.45277777812500003 0.16171875 0.4125 0.16171875 0.40972222187499996 0.16328125 0.40972222187499996 0.1921875 0.4125 0.19375 0.45277777812500003 0.19375
0 0.5541666671875001 0.3546875 0.55694444375 0.35546875 0.55694444375 0.3578125 0.5638888890625 0.359375 0.56805555625 0.3625 0.575 0.3625 0.5763888890625 0.3640625 0.6 0.3640625 0.6111111109375 0.359375 0.6138888890625 0.34609375 0.6166666671875001 0.3453125 0.6166666671875001 0.33828125 0.60555555625 0.33046875 0.5763888890625 0.33046875 0.55694444375 0.33828125 0.55694444375 0.340625 0.5541666671875001 0.34140625 0.5541666671875001 0.3546875
0 0.5 0.0859375 0.5013888890625 0.0875 0.5388888890625 0.0875 0.5388888890625 0.08671875 0.5555555562500001 0.078125 0.5555555562500001 0.06484375 0.5527777781250001 0.0640625 0.5527777781250001 0.06171875 0.5513888890625 0.06171875 0.5416666671875 0.05546875 0.5013888890625 0.05546875 0.5013888890625 0.05625 0.4986111109375 0.05703125 0.4986111109375 0.0859375 0.5 0.0859375
0 0.58194444375 0.2109375 0.5875 0.21328125 0.5875 0.215625 0.590277778125 0.2171875 0.597222221875 0.2171875 0.5986111109375 0.21875 0.6083333328125 0.21875 0.609722221875 0.2171875 0.6138888890625 0.2171875 0.6180555562500001 0.2140625 0.622222221875 0.2140625 0.63055555625 0.209375 0.63055555625 0.20546875 0.6333333328124999 0.2046875 0.6333333328124999 0.19140625 0.63055555625 0.190625 0.63055555625 0.18828125 0.6166666671875001 0.18046875 0.58194444375 0.18046875 0.5763888890625 0.18359375 0.5763888890625 0.2046875 0.5791666671875 0.20546875 0.58194444375 0.2109375
0 0.197222221875 0.3453125 0.2 0.3421875 0.197222221875 0.32421875 0.1458333328125 0.32421875 0.14305555625 0.32578125 0.14305555625 0.34375 0.14861111093749999 0.3484375 0.1861111109375 0.35 0.197222221875 0.3453125
0 0.40972222187499996 0.25 0.43055555625 0.25 0.44444444375 0.2421875 0.44444444375 0.22265625 0.44166666718750003 0.21953125 0.4361111109375 0.21796875 0.40138888906250003 0.21796875 0.3986111109375 0.21953125 0.3986111109375 0.24375 0.40138888906250003 0.246875 0.40972222187499996 0.25
0 0.534722221875 0.15625 0.5555555562500001 0.15625 0.55694444375 0.1546875 0.5638888890625 0.1546875 0.5638888890625 0.15234375 0.577777778125 0.146875 0.577777778125 0.12578125 0.5708333328124999 0.12421875 0.5638888890625 0.11796875 0.5319444437499999 0.11796875 0.5236111109375 0.12109375 0.5236111109375 0.1265625 0.5208333328125 0.12734375 0.5208333328125 0.1484375 0.534722221875 0.15625
0 0.627777778125 0.45 0.6333333328124999 0.446875 0.63055555625 0.42890625 0.622222221875 0.42421875 0.590277778125 0.42421875 0.5875 0.42578125 0.5875 0.446875 0.5930555562500001 0.45 0.627777778125 0.45
0 0.7333333328125 0.4484375 0.734722221875 0.446875 0.75 0.44375 0.75555555625 0.440625 0.75555555625 0.42734375 0.75 0.42421875 0.7013888890625 0.42421875 0.6986111109375 0.42578125 0.6986111109375 0.4421875 0.7111111109375 0.4453125 0.715277778125 0.4484375 0.7333333328125 0.4484375
0 0.690277778125 0.34375 0.7083333328125 0.34375 0.7180555562500001 0.3390625 0.722222221875 0.3390625 0.7333333328125 0.33125 0.7333333328125 0.32109375 0.727777778125 0.31796875 0.6791666671875001 0.31796875 0.6763888890625 0.31953125 0.6763888890625 0.3375 0.68194444375 0.3421875 0.6888888890625 0.3421875 0.690277778125 0.34375
0 0.70555555625 0.3125 0.7111111109375 0.309375 0.7083333328125 0.28828125 0.702777778125 0.28671875 0.6569444437499999 0.28671875 0.6541666671875 0.28828125 0.6541666671875 0.3109375 0.6569444437499999 0.3125 0.6916666671875 0.3140625 0.70555555625 0.3125
0 0.609722221875 0.35078125 0.609722221875 0.3734375 0.6152777781250001 0.3765625 0.61944444375 0.3765625 0.6236111109375 0.3796875 0.63055555625 0.3796875 0.6347222218749999 0.3765625 0.64444444375 0.375 0.6555555562500001 0.36875 0.6583333328125 0.36328125 0.6638888890625 0.3609375 0.6638888890625 0.35234375 0.6583333328125 0.35 0.6583333328125 0.34765625 0.652777778125 0.34296875 0.6208333328125 0.34296875 0.6125 0.34609375 0.6125 0.35 0.609722221875 0.35078125
0 0.4458333328125 0.5125 0.47222222187499996 0.5125 0.48194444374999995 0.5078125 0.4861111109375 0.5078125 0.490277778125 0.5046875 0.49444444374999996 0.5046875 0.49444444374999996 0.50234375 0.497222221875 0.5015625 0.497222221875 0.48984375 0.4861111109375 0.48359375 0.48194444374999995 0.48359375 0.475 0.48046875 0.434722221875 0.48046875 0.43194444374999996 0.48203125 0.43194444374999996 0.5046875 0.440277778125 0.5109375 0.44444444375 0.5109375 0.4458333328125 0.5125
0 0.5458333328125 0.340625 0.5527777781250001 0.340625 0.559722221875 0.3375 0.5666666671875 0.3375 0.5861111109375 0.325 0.5861111109375 0.31953125 0.58055555625 0.3171875 0.58055555625 0.31484375 0.575 0.31171875 0.534722221875 0.31171875 0.5319444437499999 0.31328125 0.5319444437499999 0.3359375 0.540277778125 0.3390625 0.54444444375 0.3390625 0.5458333328125 0.340625
0 0.527777778125 0.11875 0.5375 0.1140625 0.5416666671875 0.1140625 0.5527777781250001 0.1078125 0.5555555562500001 0.1046875 0.5555555562500001 0.09140625 0.5527777781250001 0.08828125 0.547222221875 0.08671875 0.5041666671875 0.08671875 0.4986111109375 0.08984375 0.4986111109375 0.1140625 0.5013888890625 0.1171875 0.527777778125 0.11875
0 0.46527777812500004 0.85 0.47083333281249995 0.8546875 0.4861111109375 0.8546875 0.490277778125 0.8515625 0.5 0.85 0.5083333328124999 0.8453125 0.5111111109375 0.83671875 0.5138888890625 0.8359375 0.5138888890625 0.82734375 0.5111111109375 0.8265625 0.5111111109375 0.81953125 0.5083333328124999 0.81796875 0.4791666671875 0.81796875 0.46805555625000006 0.82265625 0.46527777812500004 0.82578125 0.46527777812500004 0.85
0 0.5722222218749999 0.48125 0.577777778125 0.478125 0.58055555625 0.471875 0.577777778125 0.45703125 0.534722221875 0.45546875 0.5319444437499999 0.45703125 0.5319444437499999 0.4796875 0.5458333328125 0.4828125 0.5722222218749999 0.48125
0 0.5375 0.8453125 0.5583333328125 0.8453125 0.559722221875 0.84375 0.5722222218749999 0.8421875 0.5833333328125 0.828125 0.5833333328125 0.81953125 0.577777778125 0.8171875 0.577777778125 0.81484375 0.5722222218749999 0.81171875 0.540277778125 0.81171875 0.5388888890625 0.81328125 0.5263888890625 0.81484375 0.5208333328125 0.81953125 0.5208333328125 0.8375 0.5236111109375 0.840625 0.5375 0.8453125
0 0.5361111109375 0.25 0.5416666671875 0.2484375 0.54444444375 0.23359375 0.5333333328125 0.228125 0.5333333328125 0.22578125 0.5013888890625 0.22421875 0.4986111109375 0.22578125 0.4986111109375 0.246875 0.5041666671875 0.25 0.5361111109375 0.25
0 0.665277778125 0.5171875 0.66805555625 0.51875 0.672222221875 0.51875 0.6736111109375 0.5203125 0.6805555562500001 0.5203125 0.68194444375 0.521875 0.7083333328125 0.51875 0.7111111109375 0.5171875 0.7111111109375 0.51484375 0.7194444437499999 0.5109375 0.7194444437499999 0.50859375 0.722222221875 0.5078125 0.722222221875 0.49609375 0.7166666671875 0.49296875 0.6763888890625 0.49453125 0.665277778125 0.50078125 0.665277778125 0.5171875
0 0.8986111109375001 0.6953125 0.91944444375 0.69375 0.9305555562500001 0.6859375 0.9305555562500001 0.67734375 0.922222221875 0.67421875 0.8791666671874999 0.67421875 0.8763888890624999 0.67578125 0.8763888890624999 0.6890625 0.8847222218749999 0.69375 0.897222221875 0.69375 0.8986111109375001 0.6953125
0 0.55694444375 0.2171875 0.5638888890625 0.2171875 0.565277778125 0.21875 0.58055555625 0.2171875 0.5833333328125 0.20703125 0.577777778125 0.2015625 0.577777778125 0.18984375 0.5722222218749999 0.18671875 0.5486111109375 0.18671875 0.54305555625 0.18984375 0.54305555625 0.2109375 0.55 0.2125 0.55694444375 0.2171875
0 0.44305555625000004 0.22890625 0.44305555625000004 0.2546875 0.45694444375 0.2609375 0.47222222187499996 0.2609375 0.4763888890625 0.2578125 0.4888888890625 0.2546875 0.4888888890625 0.25234375 0.49444444374999996 0.2484375 0.49444444374999996 0.23984375 0.4861111109375 0.234375 0.48055555625 0.22578125 0.4763888890625 0.22578125 0.475 0.22421875 0.4513888890625 0.22421875 0.45 0.22578125 0.4458333328125 0.22578125 0.4458333328125 0.228125 0.44305555625000004 0.22890625
0 0.06527777812499999 0.84765625 0.06527777812499999 0.86875 0.07638888906249999 0.8765625 0.09444444375 0.8765625 0.1111111109375 0.8671875 0.1111111109375 0.86328125 0.11388888906250001 0.8625 0.11388888906250001 0.84765625 0.1111111109375 0.846875 0.1111111109375 0.84453125 0.10694444375 0.84453125 0.10555555624999999 0.84296875 0.0736111109375 0.84296875 0.072222221875 0.84453125 0.06805555625000001 0.84453125 0.06805555625000001 0.846875 0.06527777812499999 0.84765625
0 0.20972222187499998 0.6 0.2166666671875 0.6 0.23333333281250002 0.5921875 0.23333333281250002 0.58046875 0.22777777812500002 0.57578125 0.2208333328125 0.57578125 0.21944444375 0.57421875 0.17916666718750002 0.57421875 0.1763888890625 0.57578125 0.1763888890625 0.596875 0.1875 0.6015625 0.20833333281250002 0.6015625 0.20972222187499998 0.6
0 0.5305555562500001 0.275 0.5361111109375 0.271875 0.5361111109375 0.26953125 0.5416666671875 0.2671875 0.5388888890625 0.26015625 0.527777778125 0.25546875 0.5013888890625 0.25546875 0.4986111109375 0.25703125 0.4986111109375 0.2734375 0.5013888890625 0.275 0.5305555562500001 0.275
0 0.46805555625000006 0.68125 0.4861111109375 0.6796875 0.4916666671875 0.671875 0.4916666671875 0.66484375 0.4861111109375 0.66171875 0.4791666671875 0.66171875 0.47222222187499996 0.66640625 0.46527777812500004 0.66640625 0.45277777812500003 0.66171875 0.44305555625000004 0.66328125 0.44305555625000004 0.6796875 0.4458333328125 0.68125 0.46666666718750005 0.6828125 0.46805555625000006 0.68125
0 0.6861111109375 0.446875 0.6888888890625 0.44375 0.6861111109375 0.43046875 0.665277778125 0.43203125 0.665277778125 0.4484375 0.66805555625 0.45 0.6861111109375 0.446875
0 0.034722221875 0.8953125 0.058333332812500006 0.8953125 0.059722221875 0.89375 0.072222221875 0.8921875 0.077777778125 0.8890625 0.08333333281250001 0.87734375 0.072222221875 0.86953125 0.0666666671875 0.86796875 0.0236111109375 0.86796875 0.0208333328125 0.86953125 0.0208333328125 0.8890625 0.026388889062499997 0.89375 0.0333333328125 0.89375 0.034722221875 0.8953125
0 0.675 0.3328125 0.675 0.32578125 0.672222221875 0.32421875 0.6458333328125 0.32421875 0.64305555625 0.32578125 0.64305555625 0.3375 0.6486111109375 0.340625 0.6666666671875 0.3375 0.675 0.3328125
0 0.46666666718750005 0.12109375 0.4611111109375 0.11796875 0.4458333328125 0.11796875 0.44305555625000004 0.1421875 0.4611111109375 0.14375 0.46666666718750005 0.140625 0.46666666718750005 0.12109375
0 0.5097222218749999 0.4578125 0.527777778125 0.4578125 0.5291666671875 0.45625 0.5388888890625 0.4546875 0.5416666671875 0.44609375 0.5361111109375 0.44296875 0.5291666671875 0.44296875 0.5166666671875 0.43671875 0.5013888890625 0.43671875 0.4986111109375 0.43828125 0.4986111109375 0.453125 0.5041666671875 0.45625 0.5083333328124999 0.45625 0.5097222218749999 0.4578125
0 0.99444444375 0.6984375 0.9986111109375001 0.69375 0.997222221875 0.67421875 0.9791666671874999 0.67421875 0.9763888890624999 0.67578125 0.9763888890624999 0.6921875 0.984722221875 0.696875 0.99444444375 0.6984375
0 0.6416666671875 0.5828125 0.6388888890625 0.56953125 0.6333333328124999 0.56796875 0.6013888890625 0.56796875 0.5986111109375 0.56953125 0.5986111109375 0.584375 0.6041666671875 0.5875 0.63055555625 0.5875 0.6416666671875 0.5828125
0 0.2208333328125 0.6578125 0.225 0.6578125 0.22638888906250001 0.65625 0.23055555625 0.65625 0.23333333281250002 0.6546875 0.23333333281250002 0.64453125 0.23055555625 0.64296875 0.2208333328125 0.64140625 0.21111111093749999 0.63671875 0.190277778125 0.63671875 0.1875 0.63828125 0.1875 0.6484375 0.20416666718749998 0.659375 0.21944444375 0.659375 0.2208333328125 0.6578125
0 0.5083333328124999 0.15 0.522222221875 0.14375 0.525 0.12578125 0.51944444375 0.12421875 0.490277778125 0.12421875 0.4875 0.12578125 0.4875 0.1484375 0.490277778125 0.15 0.5083333328124999 0.15
0 0.652777778125 0.5546875 0.6555555562500001 0.53984375 0.65 0.53671875 0.6236111109375 0.53671875 0.6208333328125 0.53828125 0.6236111109375 0.5546875 0.6319444437499999 0.55625 0.652777778125 0.5546875
0 0.83055555625 0.4984375 0.83055555625 0.48984375 0.8222222218749999 0.48671875 0.7875 0.48828125 0.7875 0.4984375 0.79305555625 0.5015625 0.8194444437499999 0.5015625 0.83055555625 0.4984375
0 0.6611111109375 0.65625 0.6625 0.6546875 0.66944444375 0.6546875 0.672222221875 0.653125 0.672222221875 0.64453125 0.6666666671875 0.6421875 0.6638888890625 0.63671875 0.6583333328125 0.634375 0.6555555562500001 0.62734375 0.647222221875 0.62421875 0.6347222218749999 0.62421875 0.6319444437499999 0.62578125 0.6319444437499999 0.6484375 0.6486111109375 0.65625 0.6611111109375 0.65625
0 0.43055555625 0.496875 0.43055555625 0.48828125 0.425 0.48671875 0.3986111109375 0.48828125 0.3986111109375 0.4984375 0.40694444374999994 0.5015625 0.41944444374999995 0.5015625 0.43055555625 0.496875
0 0.36805555624999997 0.6 0.3736111109375 0.60078125 0.3736111109375 0.603125 0.3791666671875 0.60546875 0.3791666671875 0.6078125 0.39444444375 0.6109375 0.40277777812500004 0.60625 0.4 0.58046875 0.3861111109375 0.57421875 0.36805555624999997 0.57421875 0.365277778125 0.57578125 0.365277778125 0.596875 0.36805555624999997 0.59765625 0.36805555624999997 0.6
0 0.24583333281250003 0.74375 0.2513888890625 0.746875 0.2611111109375 0.7484375 0.26805555625 0.74375 0.272222221875 0.74375 0.28611111093749997 0.7359375 0.28611111093749997 0.73203125 0.28055555625 0.72890625 0.27638888906250003 0.72890625 0.275 0.72578125 0.2638888890625 0.71953125 0.25694444375000003 0.71953125 0.25555555625 0.71796875 0.24583333281250003 0.71796875 0.24305555625 0.71953125 0.24305555625 0.740625 0.24583333281250003 0.74140625 0.24583333281250003 0.74375
0 0.475 0.4765625 0.4861111109375 0.46875 0.4861111109375 0.46328125 0.46805555625000006 0.46171875 0.46527777812500004 0.46328125 0.46527777812500004 0.4734375 0.46805555625000006 0.4765625 0.475 0.4765625
0 0.19583333281249998 0.7796875 0.1986111109375 0.78125 0.20833333281250002 0.7796875 0.20833333281250002 0.76953125 0.20138888906250002 0.76953125 0.2 0.76796875 0.17361111093749998 0.76796875 0.165277778125 0.77265625 0.165277778125 0.7859375 0.1708333328125 0.7890625 0.1861111109375 0.7859375 0.19583333281249998 0.7796875
0 0.19305555624999998 0.7828125 0.2 0.7828125 0.2125 0.7875 0.225 0.7875 0.23333333281250002 0.7828125 0.23333333281250002 0.76953125 0.23055555625 0.76796875 0.17916666718750002 0.76796875 0.1763888890625 0.76953125 0.1763888890625 0.7828125 0.18194444375000002 0.7875 0.1861111109375 0.7875 0.19305555624999998 0.7828125
0 0.9833333328125 0.796875 0.98055555625 0.78359375 0.975 0.78046875 0.95694444375 0.78046875 0.9541666671875 0.7984375 0.95694444375 0.8 0.98055555625 0.7984375 0.9833333328125 0.796875
0 0.434722221875 0.221875 0.4375 0.2234375 0.44444444375 0.2234375 0.4458333328125 0.225 0.45555555625000005 0.2234375 0.46666666718750005 0.215625 0.46666666718750005 0.20859375 0.4611111109375 0.20546875 0.434722221875 0.20546875 0.43194444374999996 0.20703125 0.43194444374999996 0.21875 0.434722221875 0.21953125 0.434722221875 0.221875
0 0.46388888906250003 0.14375 0.47222222187499996 0.1390625 0.47222222187499996 0.13671875 0.475 0.1359375 0.475 0.12578125 0.47222222187499996 0.125 0.47222222187499996 0.12265625 0.46388888906250003 0.11796875 0.434722221875 0.11796875 0.43194444374999996 0.11953125 0.43194444374999996 0.1359375 0.4458333328125 0.14375 0.46388888906250003 0.14375
0 0.5861111109375 0.371875 0.5861111109375 0.36484375 0.58055555625 0.36171875 0.5763888890625 0.36171875 0.5694444437499999 0.35703125 0.5638888890625 0.35546875 0.5458333328125 0.35546875 0.54305555625 0.35703125 0.54305555625 0.371875 0.5513888890625 0.375 0.575 0.375 0.5861111109375 0.371875
0 0.5486111109375 0.3546875 0.5513888890625 0.35625 0.5583333328125 0.35625 0.56805555625 0.3609375 0.58194444375 0.3640625 0.597222221875 0.3640625 0.6083333328125 0.3609375 0.6111111109375 0.3578125 0.6111111109375 0.33359375 0.60555555625 0.33046875 0.5875 0.33046875 0.5861111109375 0.33203125 0.5763888890625 0.33203125 0.5694444437499999 0.33515625 0.559722221875 0.33515625 0.5583333328125 0.33203125 0.5527777781250001 0.33046875 0.54305555625 0.33203125 0.54305555625 0.3359375 0.5541666671875001 0.34453125 0.5486111109375 0.34921875 0.5486111109375 0.3546875
0 0.50555555625 0.6078125 0.5111111109375 0.6046875 0.5083333328124999 0.58828125 0.4888888890625 0.58671875 0.46527777812500004 0.58828125 0.46527777812500004 0.6015625 0.47083333281249995 0.6078125 0.4763888890625 0.60625 0.50555555625 0.6078125