0 0.53984375 0.08515625 0.04296875 0.0265625
0 0.484375 0.1109375 0.040625 0.02265625
0 0.496875 0.1625 0.04609375 0.01953125
0 0.51953125 0.178125 0.028125 0.01796875
0 0.40625 0.1875 0.0484375 0.02421875
0 0.58828125 0.1875 0.04609375 0.0203125
0 0.4453125 0.1953125 0.03203125 0.02265625
0 0.384375 0.2203125 0.04140625 0.0265625
0 0.42265625 0.21953125 0.034375 0.021875
0 0.46640625 0.2265625 0.0359375 0.03203125
0 0.415625 0.2421875 0.04609375 0.02109375
0 0.440625 0.24140625 0.03359375 0.0171875
0 0.51953125 0.24375 0.03359375 0.02109375
0 0.5546875 0.275 0.02890625 0.01640625
0 0.36015625 0.28203125 0.04296875 0.025
0 0.440625 0.278125 0.021875 0.01171875
0 0.5359375 0.2859375 0.04140625 0.02265625
0 0.45703125 0.296875 0.01640625 0.0125
0 0.5234375 0.3046875 0.0390625 0.0203125
0 0.3859375 0.30625 0.05546875 0.02109375
0 0.64375 0.31015625 0.04609375 0.0296875
0 0.5859375 0.3125 0.0390625 0.02265625
0 0.475 0.3234375 0.03046875 0.0171875
0 0.6796875 0.3421875 0.04609375 0.02578125
0 0.484375 0.3453125 0.02109375 0.02109375
0 0.43671875 0.365625 0.0234375 0.015625
0 0.5265625 0.3765625 0.05 0.02578125
0 0.459375 0.3828125 0.02890625 0.0203125
0 0.59140625 0.384375 0.0359375 0.02109375
0 0.36328125 0.390625 0.04296875 0.02578125
0 0.50703125 0.3953125 0.053125 0.028125
0 0.54140625 0.3953125 0.025 0.015625
0 0.68046875 0.39375 0.021875 0.01328125
0 0.3046875 0.43984375 0.04296875 0.015625
0 0.690625 0.465625 0.046875 0.02578125
0 0.290625 0.46953125 0.034375 0.021875
0 0.3671875 0.47109375 0.034375 0.0203125
0 0.33828125 0.4875 0.04296875 0.02578125
0 0.38984375 0.484375 0.0375 0.01640625
0 0.2734375 0.5046875 0.04453125 0.01953125
0 0.565625 0.509375 0.02109375 0.01796875
0 0.31015625 0.5296875 0.02890625 0.01640625
0 0.70859375 0.5296875 0.0359375 0.0140625
0 0.46640625 0.5359375 0.04140625 0.02109375
0 0.11875 0.53671875 0.040625 0.021875
0 0.746875 0.5375 0.03046875 0.01875
0 0.51171875 0.54765625 0.02890625 0.0171875
0 0.6203125 0.55 0.034375 0.01796875
0 0.9640625 0.559375 0.04140625 0.01796875
0 0.23046875 0.5671875 0.046875 0.0171875
0 0.37734375 0.5796875 0.040625 0.0203125
0 0.84375 0.60546875 0.0234375 0.0125
0 0.4265625 0.6203125 0.04453125 0.01953125
0 0.56796875 0.65390625 0.0359375 0.01875
0 0.853125 0.6515625 0.025 0.0109375
0 0.22734375 0.6578125 0.040625 0.02109375
0 0.17265625 0.66015625 0.0265625 0.0203125
0 0.278125 0.6953125 0.04140625 0.025
0 0.29765625 0.703125 0.03203125 0.01640625
0 0.609375 0.7171875 0.05 0.02890625
0 0.61953125 0.765625 0.0390625 0.01796875
0 0.046875 0.765625 0.0359375 0.01640625
0 0.715625 0.7796875 0.0484375 0.02890625
0 0.128125 0.7921875 0.04609375 0.0265625
0 0.875 0.80546875 0.021875 0.0140625
0 0.6703125 0.86171875 0.0484375 0.0328125
0 0.1046875 0.92578125 0.02890625 0.015625
0 0.678125 0.959375 0.059375 0.04140625