0 0.91015625 0.0875 0.04296875 0.02734375
0 0.92265625 0.10625 0.05703125 0.03203125
0 0.35859375 0.1390625 0.03359375 0.0265625
0 0.31796875 0.1375 0.03359375 0.01484375
0 0.2921875 0.175 0.0265625 0.01796875
0 0.32265625 0.1765625 0.0375 0.0203125
0 0.3953125 0.19375 0.04296875 0.02265625
0 0.821875 0.2125 0.04140625 0.02890625
0 0.86875 0.21171875 0.0375 0.0171875
0 0.340625 0.228125 0.034375 0.02109375
0 0.940625 0.22734375 0.015625 0.0171875
0 0.86640625 0.234375 0.0390625 0.02734375
0 0.82109375 0.24765625 0.0390625 0.0265625
0 0.21328125 0.2515625 0.0484375 0.028125
0 0.278125 0.2640625 0.0390625 0.01796875
0 0.98671875 0.2625 0.02109375 0.01171875
0 0.93125 0.2890625 0.034375 0.02265625
0 0.325 0.2984375 0.028125 0.01796875
0 0.98671875 0.3046875 0.0234375 0.02421875
0 0.51875 0.31953125 0.04296875 0.0203125
0 0.7921875 0.325 0.0375 0.01875
0 0.4421875 0.3296875 0.02890625 0.02421875
0 0.54453125 0.3265625 0.03046875 0.01796875
0 0.91640625 0.371875 0.053125 0.03046875
0 0.88671875 0.3765625 0.0375 0.02734375
0 0.45859375 0.3765625 0.0390625 0.015625
0 0.3359375 0.37734375 0.046875 0.015625
0 0.78203125 0.384375 0.03046875 0.02109375
0 0.0625 0.3921875 0.0359375 0.02109375
0 0.98125 0.38984375 0.03203125 0.0125
0 0.93359375 0.39921875 0.03046875 0.015625
0 0.12890625 0.4171875 0.0359375 0.01796875
0 0.584375 0.4265625 0.04453125 0.02421875
0 0.70390625 0.43515625 0.04453125 0.0203125
0 0.5265625 0.4375 0.053125 0.0234375
0 0.37421875 0.4828125 0.04609375 0.0296875
0 0.221875 0.4859375 0.028125 0.02109375
0 0.8140625 0.490625 0.05 0.0203125
0 0.7796875 0.5375 0.04609375 0.0203125
0 0.0125 0.5359375 0.025 0.01171875
0 0.3125 0.55703125 0.025 0.0171875
0 0.103125 0.6296875 0.053125 0.02578125
0 0.80546875 0.6359375 0.04140625 0.02578125