0 0.05729166718749999 0.3203125 0.0486111109375 0.3291015625 0.053819443749999994 0.333984375 0.065972221875 0.3349609375 0.07291666718749999 0.3330078125 0.07638888906249999 0.3232421875 0.07118055625 0.3203125 0.05729166718749999 0.3203125
0 0.14930555625 0.4326171875 0.15798611093749998 0.4375 0.17013888906250002 0.4365234375 0.17013888906250002 0.4248046875 0.16493055625 0.421875 0.1510416671875 0.421875 0.14930555625 0.4326171875
0 0.0034722218749999997 0.2900390625 0.006944443749999999 0.2958984375 0.012152778125 0.298828125 0.027777778125000003 0.2978515625 0.034722221875 0.2900390625 0.0260416671875 0.28515625 0.012152778125 0.283203125 0.0034722218749999997 0.2900390625
0 0.07638888906249999 0.3076171875 0.07638888906249999 0.3154296875 0.097222221875 0.3212890625 0.1041666671875 0.3173828125 0.1041666671875 0.3076171875 0.08854166718749999 0.302734375 0.07638888906249999 0.3076171875
0 0.0173611109375 0.3056640625 0.0208333328125 0.3154296875 0.03819444375 0.3154296875 0.0416666671875 0.3076171875 0.0329861109375 0.302734375 0.02256944375 0.302734375 0.0173611109375 0.3056640625
0 0.07291666718749999 0.3369140625 0.078125 0.341796875 0.09375 0.3408203125 0.10069444375 0.3330078125 0.09201388906249999 0.326171875 0.081597221875 0.32421875 0.07291666718749999 0.3369140625
0 0.22048611093749998 0.3828125 0.21180555625 0.3876953125 0.21180555625 0.3935546875 0.23263888906250002 0.3955078125 0.23958333281250002 0.3935546875 0.23958333281250002 0.3876953125 0.230902778125 0.3828125 0.22048611093749998 0.3828125
0 0.0607638890625 0.271484375 0.059027778125 0.2783203125 0.07118055625 0.28515625 0.07638888906249999 0.2841796875 0.08333333281250001 0.2783203125 0.07986111093750001 0.2744140625 0.074652778125 0.271484375 0.0607638890625 0.271484375
0 0.18923611093749998 0.400390625 0.18402777812499999 0.4072265625 0.1927083328125 0.4140625 0.20138888906250002 0.4150390625 0.21180555625 0.4130859375 0.21180555625 0.4052734375 0.19965277812499999 0.400390625 0.18923611093749998 0.400390625
0 0.1041666671875 0.4013671875 0.112847221875 0.41015625 0.125 0.4111328125 0.13194444375 0.4091796875 0.12673611093749998 0.400390625 0.112847221875 0.3984375 0.1041666671875 0.4013671875
0 0.1111111109375 0.3896484375 0.1145833328125 0.3935546875 0.12673611093749998 0.3984375 0.13194444375 0.3974609375 0.13888888906250002 0.3935546875 0.13888888906250002 0.3876953125 0.1197916671875 0.384765625 0.1111111109375 0.3896484375
0 0.19618055625 0.40234375 0.19097222187500001 0.4091796875 0.1979166671875 0.4169921875 0.203125 0.419921875 0.21180555625 0.4189453125 0.222222221875 0.4130859375 0.21875 0.4091796875 0.21006944375 0.404296875 0.19618055625 0.40234375
0 0.09895833281250001 0.375 0.097222221875 0.3857421875 0.10243055625 0.388671875 0.1111111109375 0.3876953125 0.11805555625 0.3837890625 0.11805555625 0.3779296875 0.112847221875 0.375 0.09895833281250001 0.375
0 0.1041666671875 0.3076171875 0.1041666671875 0.3154296875 0.1145833328125 0.3173828125 0.125 0.3134765625 0.125 0.3076171875 0.109375 0.3046875 0.1041666671875 0.3076171875
0 0.737847221875 0.419921875 0.7256944437499999 0.4267578125 0.7256944437499999 0.4365234375 0.730902778125 0.439453125 0.7395833328125 0.4384765625 0.7569444437499999 0.4287109375 0.753472221875 0.4228515625 0.7447916671875 0.419921875 0.737847221875 0.419921875
0 0.33159722187499996 0.3671875 0.34375 0.3662109375 0.34722222187499996 0.3603515625 0.3420138890625 0.357421875 0.3263888890625 0.3603515625 0.33159722187499996 0.3671875
0 0.21875 0.3154296875 0.215277778125 0.3232421875 0.22048611093749998 0.326171875 0.23263888906250002 0.3251953125 0.24305555625 0.3193359375 0.234375 0.3125 0.22743055625 0.3125 0.21875 0.3154296875
0 0.296875 0.396484375 0.30555555624999997 0.3955078125 0.30902777812500004 0.3896484375 0.29340277812500004 0.38671875 0.2916666671875 0.3935546875 0.296875 0.396484375
0 0.15625 0.3310546875 0.1614583328125 0.337890625 0.18055555625 0.3388671875 0.18402777812499999 0.3291015625 0.17881944375 0.326171875 0.16493055625 0.326171875 0.15625 0.3310546875