0 0.81484375 0.084375 0.059375 0.03515625
0 0.803125 0.11171875 0.0390625 0.028125
0 0.7359375 0.1375 0.05546875 0.02734375
0 0.8328125 0.1484375 0.05390625 0.0328125
0 0.73515625 0.18125 0.0625 0.03671875
0 0.89453125 0.2078125 0.053125 0.03203125
0 0.8546875 0.2078125 0.03203125 0.02421875
0 0.734375 0.21875 0.034375 0.01953125
0 0.7203125 0.2375 0.0515625 0.02890625
0 0.7703125 0.25 0.05390625 0.034375
0 0.73203125 0.2546875 0.05 0.02734375
0 0.8171875 0.25078125 0.03203125 0.0140625
0 0.78515625 0.271875 0.0265625 0.01953125
0 0.8734375 0.278125 0.05859375 0.0265625
0 0.015625 0.28828125 0.03125 0.0171875
0 0.96953125 0.30625 0.05859375 0.0359375
0 0.540625 0.3171875 0.0609375 0.03046875
0 0.796875 0.3125 0.0390625 0.01640625
0 0.86953125 0.3296875 0.05546875 0.02578125
0 0.978125 0.3328125 0.04140625 0.025
0 0.46953125 0.3375 0.053125 0.02578125
0 0.9078125 0.353125 0.065625 0.03515625
0 0.946875 0.3640625 0.03359375 0.0375
0 0.9421875 0.4390625 0.040625 0.025
0 0.84140625 0.44921875 0.0640625 0.0296875
0 0.89609375 0.46796875 0.0640625 0.028125
0 0.109375 0.484375 0.07109375 0.03828125
0 0.59375 0.4859375 0.0375 0.02421875
0 0.77890625 0.496875 0.0640625 0.03203125
0 0.9328125 0.5078125 0.04296875 0.0203125
0 0.0765625 0.5359375 0.0390625 0.028125
0 0.86484375 0.5421875 0.04609375 0.01796875
0 0.909375 0.5828125 0.03203125 0.021875
0 0.71875 0.58359375 0.06796875 0.021875
0 0.55 0.5890625 0.04140625 0.02265625
0 0.7890625 0.6015625 0.0640625 0.02890625
0 0.01796875 0.603125 0.025 0.02109375
0 0.56953125 0.6484375 0.05 0.021875
0 0.03125 0.659375 0.02890625 0.02109375
0 0.19765625 0.66171875 0.04296875 0.0234375
0 0.82734375 0.6671875 0.040625 0.02265625
0 0.084375 0.6828125 0.0515625 0.01875
0 0.14609375 0.7109375 0.05859375 0.02890625
0 0.653125 0.728125 0.04609375 0.02734375
0 0.16796875 0.728125 0.04453125 0.02265625
0 0.440625 0.73984375 0.01640625 0.0203125
0 0.40390625 0.74453125 0.046875 0.0265625
0 0.071875 0.7484375 0.05703125 0.03046875
0 0.3 0.74765625 0.05 0.0234375
0 0.11484375 0.7703125 0.04296875 0.02734375
0 0.0140625 0.7734375 0.028125 0.03046875
0 0.50390625 0.77578125 0.0390625 0.0265625
0 0.184375 0.778125 0.0265625 0.01953125
0 0.571875 0.784375 0.034375 0.0234375
0 0.87109375 0.821875 0.04140625 0.03359375
0 0.815625 0.83125 0.065625 0.03046875
0 0.38046875 0.865625 0.04140625 0.02421875
0 0.340625 0.89375 0.05390625 0.02890625