0 0.4640625 0.13125 0.03359375 0.01796875
0 0.5515625 0.1328125 0.03046875 0.0140625
0 0.440625 0.14609375 0.0375 0.025
0 0.60546875 0.275 0.0390625 0.0203125
0 0.62265625 0.2875 0.04296875 0.02265625
0 0.60078125 0.34453125 0.04296875 0.0234375
0 0.55703125 0.41796875 0.025 0.0109375
0 0.18828125 0.4390625 0.0375 0.01796875
0 0.596875 0.440625 0.0265625 0.00859375
0 0.634375 0.45 0.0390625 0.01953125
0 0.73359375 0.4609375 0.04453125 0.03046875
0 0.2109375 0.4546875 0.03359375 0.01328125
0 0.01484375 0.4859375 0.02890625 0.0265625
0 0.6625 0.49609375 0.0390625 0.0296875
0 0.484375 0.509375 0.05703125 0.0296875
0 0.596875 0.5125 0.04609375 0.02578125
0 0.565625 0.528125 0.028125 0.02265625
0 0.32421875 0.5359375 0.0484375 0.03125
0 0.6703125 0.5453125 0.04609375 0.02890625
0 0.31953125 0.57734375 0.021875 0.015625
0 0.303125 0.603125 0.05546875 0.02890625
0 0.44375 0.6203125 0.04609375 0.0234375
0 0.578125 0.6328125 0.046875 0.025