0 0.7828125 0.1125 0.0484375 0.03671875
0 0.62578125 0.1921875 0.034375 0.02734375
0 0.65390625 0.19375 0.025 0.025
0 0.81875 0.2203125 0.05703125 0.03125
0 0.78515625 0.22421875 0.0265625 0.0203125
0 0.85546875 0.2546875 0.046875 0.02421875
0 0.9015625 0.2515625 0.03359375 0.01640625
0 0.97734375 0.25625 0.0375 0.0234375
0 0.946875 0.25703125 0.02890625 0.021875
0 0.68828125 0.2625 0.01796875 0.01015625
0 0.721875 0.26875 0.0375 0.021875
0 0.67578125 0.2734375 0.03203125 0.01328125
0 0.865625 0.2875 0.04453125 0.0203125
0 0.6609375 0.2921875 0.046875 0.0203125
0 0.696875 0.2921875 0.03359375 0.01640625
0 0.12734375 0.29765625 0.0234375 0.0140625
0 0.64296875 0.309375 0.021875 0.01171875
0 0.66875 0.31484375 0.04296875 0.0203125
0 0.4328125 0.3234375 0.0375 0.02109375
0 0.64609375 0.325 0.028125 0.01796875
0 0.428125 0.34140625 0.04453125 0.015625
0 0.6078125 0.4078125 0.034375 0.02109375
0 0.8703125 0.40859375 0.04296875 0.0109375
0 0.87421875 0.4265625 0.034375 0.01796875
0 0.77421875 0.521875 0.040625 0.025
0 0.70078125 0.5828125 0.0625 0.03125
0 0.64296875 0.59609375 0.04140625 0.034375
0 0.73828125 0.603125 0.059375 0.03828125
0 0.934375 0.634375 0.05390625 0.02890625