0 0.45078125 0.16328125 0.040625 0.015625
0 0.58984375 0.2015625 0.04296875 0.02265625
0 0.734375 0.22109375 0.03203125 0.021875
0 0.603125 0.2671875 0.034375 0.0234375
0 0.50078125 0.275 0.040625 0.02578125
0 0.521875 0.29375 0.04140625 0.02421875
0 0.4890625 0.29375 0.028125 0.01640625
0 0.8265625 0.3046875 0.0390625 0.01796875
0 0.76640625 0.31953125 0.0390625 0.01875
0 0.68984375 0.328125 0.034375 0.02421875
0 0.1921875 0.33125 0.034375 0.01796875
0 0.38125 0.334375 0.0375 0.021875
0 0.609375 0.3453125 0.0234375 0.01875
0 0.85546875 0.35 0.0359375 0.02578125
0 0.10703125 0.3453125 0.03046875 0.01484375
0 0.7203125 0.34609375 0.0375 0.015625
0 0.81328125 0.3484375 0.040625 0.02109375
0 0.75078125 0.346875 0.034375 0.01328125
0 0.65703125 0.3515625 0.028125 0.0171875
0 0.296875 0.3515625 0.02890625 0.01484375
0 0.05625 0.35390625 0.02109375 0.0140625
0 0.27421875 0.35234375 0.0234375 0.0109375
0 0.81015625 0.36328125 0.03203125 0.0125
0 0.746875 0.3671875 0.03046875 0.015625
0 0.053125 0.36875 0.02109375 0.015625
0 0.01328125 0.36953125 0.0234375 0.0109375
0 0.83515625 0.378125 0.04609375 0.021875
0 0.96953125 0.38125 0.03359375 0.01875
0 0.36328125 0.3828125 0.0265625 0.01875
0 0.228125 0.396875 0.02890625 0.01484375
0 0.91015625 0.4015625 0.0265625 0.01328125
0 0.9375 0.40703125 0.021875 0.0125
0 0.59765625 0.41875 0.0265625 0.01640625
0 0.5046875 0.4296875 0.040625 0.01484375
0 0.93984375 0.44921875 0.03203125 0.015625
0 0.38046875 0.4546875 0.025 0.0125
0 0.52265625 0.45625 0.0234375 0.01484375
0 0.33828125 0.46015625 0.02109375 0.0109375
0 0.6265625 0.5 0.04140625 0.0203125
0 0.90390625 0.50703125 0.03046875 0.021875
0 0.559375 0.51171875 0.025 0.0125
0 0.58125 0.51875 0.0265625 0.02109375
0 0.54453125 0.51875 0.03046875 0.0125
0 0.33515625 0.5265625 0.02109375 0.021875
0 0.559375 0.5609375 0.03046875 0.01796875
0 0.58203125 0.57578125 0.0390625 0.0203125
0 0.58125 0.5859375 0.04296875 0.01328125
0 0.303125 0.140625 0.0140625 0.01015625
0 0.29453125 0.153125 0.0125 0.01015625
0 0.253125 0.15078125 0.0140625 0.00859375
0 0.23203125 0.14453125 0.0125 0.009375
0 0.2609375 0.13515625 0.0125 0.01015625
0 0.284375 0.11796875 0.0125 0.0109375
0 0.25 0.11796875 0.01640625 0.0078125
0 0.28515625 0.09296875 0.01484375 0.00859375
0 0.31875 0.071875 0.015625 0.00859375
0 0.27890625 0.0609375 0.015625 0.00859375
0 0.28125 0.0671875 0.01328125 0.00859375
0 0.23984375 0.071875 0.01328125 0.00703125
0 0.22890625 0.06875 0.0125 0.00703125
0 0.2078125 0.06171875 0.01484375 0.00859375
0 0.19375 0.0578125 0.0125 0.00859375
0 0.18125 0.06171875 0.0140625 0.00859375