0 0.31944444375000003 0.64921875 0.27638888906250003 0.65078125 0.27638888906250003 0.665625 0.28194444375 0.66875 0.322222221875 0.6671875 0.31944444375000003 0.64921875
0 0.3583333328125 0.4375 0.35555555625 0.41953125 0.3236111109375 0.41796875 0.32083333281250004 0.41953125 0.32083333281250004 0.4421875 0.352777778125 0.44375 0.3583333328125 0.4375
0 0.547222221875 0.20625 0.54444444375 0.18828125 0.5125 0.18671875 0.5097222218749999 0.18828125 0.5097222218749999 0.2109375 0.5416666671875 0.2125 0.547222221875 0.20625
0 0.74444444375 0.4375 0.74444444375 0.41953125 0.7125 0.41796875 0.709722221875 0.4421875 0.7125 0.44375 0.7388888890625 0.4421875 0.74444444375 0.4375
0 0.322222221875 0.3671875 0.322222221875 0.35078125 0.3013888890625 0.34921875 0.2986111109375 0.35078125 0.2986111109375 0.3671875 0.31944444375000003 0.36875 0.322222221875 0.3671875
0 0.35694444375 0.46875 0.36666666718749996 0.4671875 0.3638888890625 0.45078125 0.334722221875 0.44921875 0.33194444375 0.45078125 0.334722221875 0.471875 0.352777778125 0.471875 0.35694444375 0.46875
0 0.2791666671875 0.63125 0.2888888890625 0.63125 0.290277778125 0.6328125 0.3 0.63125 0.30555555624999997 0.61328125 0.3 0.61171875 0.28194444375 0.61171875 0.272222221875 0.61640625 0.25694444375000003 0.61640625 0.2541666671875 0.6234375 0.259722221875 0.6265625 0.272222221875 0.6265625 0.2791666671875 0.63125
0 0.6833333328125 0.40625 0.6888888890625 0.403125 0.6888888890625 0.38828125 0.6861111109375 0.38671875 0.6569444437499999 0.38671875 0.6541666671875 0.38828125 0.6541666671875 0.3984375 0.6708333328125 0.40625 0.6833333328125 0.40625
0 0.28611111093749997 0.55625 0.29722222187499997 0.5515625 0.29444444375 0.53515625 0.2916666671875 0.534375 0.2916666671875 0.53203125 0.2875 0.53203125 0.28611111093749997 0.53046875 0.2708333328125 0.53046875 0.26527777812500003 0.53359375 0.26527777812500003 0.5484375 0.2736111109375 0.5546875 0.28611111093749997 0.55625
0 0.25555555625 0.45234375 0.2666666671875 0.446875 0.2666666671875 0.43828125 0.2638888890625 0.43671875 0.23472222187499997 0.43828125 0.23194444375 0.4546875 0.23472222187499997 0.45625 0.252777778125 0.45625 0.25555555625 0.45234375
0 0.522222221875 0.4671875 0.5263888890625 0.4640625 0.5305555562500001 0.4640625 0.5416666671875 0.45625 0.5416666671875 0.44921875 0.5388888890625 0.4484375 0.5388888890625 0.44609375 0.5305555562500001 0.44296875 0.5013888890625 0.44296875 0.4986111109375 0.44453125 0.4986111109375 0.4609375 0.5125 0.4671875 0.522222221875 0.4671875
0 0.890277778125 0.66015625 0.890277778125 0.6625 0.8875 0.66328125 0.8875 0.6796875 0.890277778125 0.68125 0.897222221875 0.68125 0.9 0.67734375 0.9111111109375001 0.6734375 0.9111111109375001 0.66953125 0.925 0.6609375 0.925 0.65703125 0.9208333328125 0.65703125 0.91944444375 0.65546875 0.9013888890624999 0.65546875 0.890277778125 0.66015625
0 0.8222222218749999 0.66328125 0.8013888890624999 0.66171875 0.7986111109375 0.66328125 0.8013888890624999 0.6765625 0.8194444437499999 0.6765625 0.8222222218749999 0.66328125
0 0.3125 0.6109375 0.32777777812500003 0.6109375 0.334722221875 0.60625 0.3416666671875 0.6046875 0.3416666671875 0.60078125 0.334722221875 0.59921875 0.322222221875 0.59296875 0.3013888890625 0.59296875 0.2986111109375 0.59453125 0.2986111109375 0.6046875 0.30416666718749996 0.6078125 0.3083333328125 0.6078125 0.3125 0.6109375
0 0.575 0.44375 0.577777778125 0.4421875 0.577777778125 0.43203125 0.575 0.43046875 0.55694444375 0.43046875 0.5541666671875001 0.43203125 0.5541666671875001 0.4421875 0.55694444375 0.44375 0.575 0.44375
0 0.3638888890625 0.35703125 0.334722221875 0.35546875 0.33194444375 0.35703125 0.33194444375 0.3671875 0.334722221875 0.36875 0.352777778125 0.36875 0.3638888890625 0.3609375 0.3638888890625 0.35703125
0 0.54444444375 0.740625 0.54444444375 0.73203125 0.5416666671875 0.73046875 0.5236111109375 0.73046875 0.5097222218749999 0.73828125 0.5097222218749999 0.7421875 0.5125 0.74375 0.5388888890625 0.74375 0.54444444375 0.740625
0 0.102777778125 0.54375 0.102777778125 0.53359375 0.097222221875 0.53046875 0.06805555625000001 0.53046875 0.06527777812499999 0.546875 0.07083333281250001 0.55 0.097222221875 0.55 0.102777778125 0.54375
0 0.6555555562500001 0.684375 0.6555555562500001 0.67578125 0.6458333328125 0.67421875 0.64305555625 0.67578125 0.64305555625 0.684375 0.652777778125 0.6859375 0.6555555562500001 0.684375
0 0.3333333328125 0.5578125 0.34444444375 0.553125 0.34444444375 0.54453125 0.3416666671875 0.54296875 0.3013888890625 0.54296875 0.2986111109375 0.54453125 0.3013888890625 0.5578125 0.322222221875 0.559375 0.3236111109375 0.5578125 0.3333333328125 0.5578125
0 0.63055555625 0.4125 0.6333333328124999 0.40859375 0.6416666671875 0.4046875 0.6416666671875 0.39609375 0.6333333328124999 0.39296875 0.6125 0.39296875 0.609722221875 0.3984375 0.6152777781250001 0.40390625 0.6152777781250001 0.4109375 0.63055555625 0.4125
0 0.9666666671874999 0.65703125 0.9458333328125 0.65546875 0.94305555625 0.6671875 0.9458333328125 0.66875 0.9638888890624999 0.6671875 0.9666666671874999 0.65703125
0 0.9638888890624999 0.6859375 0.9638888890624999 0.67578125 0.9458333328125 0.67421875 0.94305555625 0.6875 0.9458333328125 0.690625 0.952777778125 0.690625 0.9638888890624999 0.6859375
0 0.1125 0.55 0.125 0.5484375 0.12222222187500001 0.53984375 0.13333333281249998 0.53125 0.13055555624999998 0.52421875 0.1125 0.52421875 0.109722221875 0.52578125 0.109722221875 0.5484375 0.1125 0.55
0 0.8819444437499999 0.64375 0.9 0.6421875 0.897222221875 0.63046875 0.8652777781250001 0.63203125 0.8652777781250001 0.6359375 0.875 0.6390625 0.8763888890624999 0.6421875 0.8819444437499999 0.64375
0 0.2 0.44453125 0.17916666718750002 0.44296875 0.1763888890625 0.44453125 0.17916666718750002 0.453125 0.197222221875 0.4546875 0.2 0.44453125
0 0.66944444375 0.40703125 0.6458333328125 0.40546875 0.64305555625 0.4171875 0.6638888890625 0.41875 0.66944444375 0.4125 0.66944444375 0.40703125
0 0.9333333328125001 0.5625 0.9333333328125001 0.55703125 0.9125 0.55546875 0.909722221875 0.5671875 0.9125 0.56875 0.9277777781250001 0.5671875 0.9333333328125001 0.5625