0 0.8524305562500001 0.62109375 0.84375 0.6337890625 0.859375 0.640625 0.878472221875 0.6396484375 0.8888888890625 0.6337890625 0.8888888890625 0.6279296875 0.8767361109375 0.62109375 0.8524305562500001 0.62109375
0 0.3072916671875 0.4765625 0.2916666671875 0.4853515625 0.2916666671875 0.4951171875 0.30034722187499996 0.501953125 0.31597222187499996 0.5029296875 0.3298611109375 0.4990234375 0.3333333328125 0.4853515625 0.32465277812500004 0.478515625 0.3072916671875 0.4765625
0 0.737847221875 0.60546875 0.7083333328125 0.6162109375 0.7118055562500001 0.6240234375 0.7204861109375 0.62890625 0.746527778125 0.6298828125 0.7604166671875 0.6181640625 0.7569444437499999 0.6103515625 0.7482638890625 0.60546875 0.737847221875 0.60546875
0 0.9392361109375 0.537109375 0.9270833328125001 0.5439453125 0.9270833328125001 0.5517578125 0.9357638890625 0.55859375 0.965277778125 0.5595703125 0.9756944437499999 0.5537109375 0.9756944437499999 0.5400390625 0.9670138890625 0.53515625 0.9392361109375 0.537109375
0 0.7274305562500001 0.154296875 0.715277778125 0.1611328125 0.7118055562500001 0.1689453125 0.7239583328125 0.177734375 0.7430555562500001 0.1787109375 0.75 0.1767578125 0.7569444437499999 0.1630859375 0.7482638890625 0.15625 0.7274305562500001 0.154296875
0 0.762152778125 0.498046875 0.746527778125 0.5068359375 0.7430555562500001 0.5146484375 0.7552083328125 0.525390625 0.78125 0.5263671875 0.7951388890625 0.5185546875 0.7951388890625 0.5068359375 0.7795138890625 0.498046875 0.762152778125 0.498046875
0 0.862847221875 0.5078125 0.8576388890625 0.5126953125 0.8680555562500001 0.5263671875 0.8854166671874999 0.5283203125 0.902777778125 0.5224609375 0.902777778125 0.5087890625 0.887152778125 0.501953125 0.862847221875 0.5078125
0 0.871527778125 0.2763671875 0.8680555562500001 0.2841796875 0.878472221875 0.2919921875 0.8802083328125001 0.298828125 0.8993055562500001 0.2978515625 0.90625 0.2939453125 0.90625 0.2822265625 0.8836805562500001 0.271484375 0.871527778125 0.2763671875
0 0.5850694437499999 0.587890625 0.5763888890625 0.5927734375 0.5763888890625 0.6064453125 0.5920138890625 0.615234375 0.6076388890625 0.6142578125 0.625 0.6044921875 0.625 0.5927734375 0.6163194437499999 0.587890625 0.5850694437499999 0.587890625
0 0.878472221875 0.2998046875 0.878472221875 0.3115234375 0.887152778125 0.31640625 0.8958333328125001 0.3154296875 0.9045138890625 0.314453125 0.9201388890625 0.3056640625 0.9149305562500001 0.29296875 0.878472221875 0.2998046875
0 0.8350694437499999 0.51953125 0.8298611109375 0.5302734375 0.8420138890625 0.537109375 0.8576388890625 0.5380859375 0.8680555562500001 0.5341796875 0.8645833328125001 0.5205078125 0.859375 0.517578125 0.8350694437499999 0.51953125
0 0.8993055562500001 0.4501953125 0.8993055562500001 0.4541015625 0.9114583328125001 0.4609375 0.9305555562500001 0.4619140625 0.934027778125 0.4541015625 0.921875 0.4453125 0.9079861109375 0.4453125 0.8993055562500001 0.4501953125
0 0.47743055625 0.4375 0.46875 0.4423828125 0.46875 0.4521484375 0.47743055625 0.45703125 0.4895833328125 0.4560546875 0.5 0.4482421875 0.5 0.4423828125 0.49131944375 0.4375 0.47743055625 0.4375
0 0.7569444437499999 0.1455078125 0.746527778125 0.1552734375 0.7586805562500001 0.16015625 0.7673611109375 0.1591796875 0.78125 0.1494140625 0.777777778125 0.1435546875 0.769097221875 0.140625 0.7569444437499999 0.1455078125
0 0.972222221875 0.4775390625 0.980902778125 0.486328125 0.996527778125 0.4873046875 1 0.4658203125 0.9947916671874999 0.462890625 0.9791666671874999 0.4677734375 0.972222221875 0.4775390625
0 0.6336805562500001 0.521484375 0.6180555562500001 0.5244140625 0.6180555562500001 0.5341796875 0.6006944437499999 0.5458984375 0.605902778125 0.55078125 0.6180555562500001 0.5498046875 0.6302083328125 0.548828125 0.6458333328125 0.5419921875 0.6458333328125 0.5302734375 0.6336805562500001 0.521484375
0 0.746527778125 0.5087890625 0.7413194437499999 0.5078125 0.722222221875 0.5185546875 0.722222221875 0.5244140625 0.730902778125 0.529296875 0.75 0.5283203125 0.7569444437499999 0.5263671875 0.7569444437499999 0.5224609375 0.746527778125 0.5166015625 0.746527778125 0.5087890625
0 0.18576388906250002 0.416015625 0.1770833328125 0.4208984375 0.1770833328125 0.4384765625 0.18576388906250002 0.443359375 0.20138888906250002 0.4423828125 0.215277778125 0.4345703125 0.215277778125 0.4248046875 0.203125 0.41796875 0.18576388906250002 0.416015625
0 0.550347221875 0.4921875 0.5381944437499999 0.5048828125 0.5416666671875 0.5126953125 0.546875 0.515625 0.5555555562500001 0.5146484375 0.5694444437499999 0.5087890625 0.5694444437499999 0.5009765625 0.5607638890625 0.4921875 0.550347221875 0.4921875
0 0.49305555625 0.4541015625 0.49652777812500004 0.4658203125 0.5017361109375 0.46875 0.5208333328125 0.4677734375 0.5243055562500001 0.4580078125 0.5173611109375 0.4521484375 0.4982638890625 0.451171875 0.49305555625 0.4541015625
0 0.59375 0.5693359375 0.59375 0.5751953125 0.605902778125 0.58203125 0.625 0.5810546875 0.625 0.5693359375 0.6163194437499999 0.564453125 0.6024305562500001 0.5625 0.59375 0.5693359375
0 0.8333333328125001 0.1572265625 0.847222221875 0.1572265625 0.8506944437499999 0.1455078125 0.8385416671874999 0.14453125 0.8333333328125001 0.1474609375 0.8333333328125001 0.1572265625
0 0.5694444437499999 0.5263671875 0.574652778125 0.529296875 0.590277778125 0.5283203125 0.5833333328125 0.5146484375 0.5711805562500001 0.509765625 0.565972221875 0.5146484375 0.5694444437499999 0.5263671875
0 0.784722221875 0.4443359375 0.796875 0.451171875 0.809027778125 0.4501953125 0.8125 0.4423828125 0.8038194437499999 0.4375 0.784722221875 0.4404296875 0.784722221875 0.4443359375