0 0.19444444375 0.478125 0.20138888906250002 0.475 0.20833333281250002 0.475 0.2166666671875 0.4671875 0.2166666671875 0.45859375 0.21111111093749999 0.4546875 0.21111111093749999 0.45078125 0.20833333281250002 0.44921875 0.16805555625 0.44921875 0.165277778125 0.45078125 0.165277778125 0.4734375 0.18194444375000002 0.4796875 0.19444444375 0.478125
0 0.175 0.28125 0.1763888890625 0.2796875 0.18055555625 0.2796875 0.1888888890625 0.2734375 0.1888888890625 0.26796875 0.1916666671875 0.2671875 0.1888888890625 0.25703125 0.1861111109375 0.25546875 0.15694444375 0.25546875 0.14305555625 0.26328125 0.14305555625 0.278125 0.14861111093749999 0.28125 0.175 0.28125
0 0.20833333281250002 0.5625 0.2138888890625 0.55546875 0.21944444375 0.553125 0.21944444375 0.54453125 0.2138888890625 0.5421875 0.2138888890625 0.53984375 0.20833333281250002 0.53671875 0.1708333328125 0.53671875 0.165277778125 0.53984375 0.165277778125 0.5609375 0.17916666718750002 0.5640625 0.20833333281250002 0.5625
0 0.8638888890624999 0.51875 0.872222221875 0.5109375 0.872222221875 0.50703125 0.86944444375 0.50625 0.8666666671875 0.50078125 0.8638888890624999 0.49921875 0.834722221875 0.49921875 0.83194444375 0.50078125 0.83194444375 0.5171875 0.840277778125 0.5203125 0.8638888890624999 0.51875
0 0.0958333328125 0.53125 0.11944444375 0.53125 0.13333333281249998 0.5234375 0.13333333281249998 0.51015625 0.13055555624999998 0.50703125 0.125 0.50546875 0.090277778125 0.50546875 0.0875 0.50703125 0.0875 0.5265625 0.090277778125 0.5296875 0.0958333328125 0.53125
0 0.0388888890625 0.1046875 0.04444444375 0.1 0.04444444375 0.08828125 0.0416666671875 0.08671875 0.0125 0.08671875 0.009722221875000001 0.0984375 0.0166666671875 0.1 0.0236111109375 0.10625 0.0388888890625 0.1046875
0 0.015277778124999999 0.4453125 0.030555556249999997 0.44375 0.0361111109375 0.440625 0.0361111109375 0.43828125 0.04444444375 0.434375 0.04444444375 0.41328125 0.0416666671875 0.41171875 0.0125 0.41171875 0.009722221875000001 0.41328125 0.009722221875000001 0.4421875 0.015277778124999999 0.4453125
0 0.090277778125 0.6609375 0.09444444375 0.6609375 0.0958333328125 0.6625 0.10833333281249999 0.6625 0.125 0.6546875 0.125 0.65234375 0.13055555624999998 0.6484375 0.13055555624999998 0.64453125 0.11944444375 0.63671875 0.090277778125 0.63671875 0.0875 0.63828125 0.0875 0.6578125 0.090277778125 0.65859375 0.090277778125 0.6609375
0 0.1458333328125 0.3390625 0.16388888906250001 0.3375 0.1666666671875 0.3359375 0.1666666671875 0.33046875 0.16944444375 0.3296875 0.16388888906250001 0.31484375 0.15555555625 0.31171875 0.12361111093749999 0.31171875 0.1208333328125 0.31328125 0.1208333328125 0.3296875 0.13888888906250002 0.3328125 0.1458333328125 0.3390625
0 0.13194444375 0.2625 0.15277777812499999 0.2609375 0.16388888906250001 0.253125 0.16388888906250001 0.23828125 0.1583333328125 0.23671875 0.12361111093749999 0.23671875 0.1208333328125 0.23828125 0.1208333328125 0.25625 0.12361111093749999 0.259375 0.13194444375 0.2625
0 0.18194444375000002 0.5109375 0.1861111109375 0.5109375 0.1875 0.509375 0.2 0.509375 0.20138888906250002 0.5078125 0.21111111093749999 0.5078125 0.2125 0.50625 0.21944444375 0.50625 0.222222221875 0.50078125 0.21111111093749999 0.49453125 0.20694444375 0.49453125 0.197222221875 0.48671875 0.17916666718750002 0.48671875 0.1763888890625 0.48828125 0.1763888890625 0.50625 0.17916666718750002 0.50703125 0.17916666718750002 0.509375 0.18194444375000002 0.5109375
0 0.0861111109375 0.54375 0.0888888890625 0.5421875 0.0888888890625 0.53984375 0.0916666671875 0.5390625 0.0916666671875 0.52734375 0.0861111109375 0.52421875 0.06805555625000001 0.52421875 0.06527777812499999 0.52578125 0.06527777812499999 0.5359375 0.0791666671875 0.54375 0.0861111109375 0.54375
0 0.147222221875 0.4296875 0.147222221875 0.42578125 0.1416666671875 0.42421875 0.12361111093749999 0.42421875 0.1208333328125 0.42578125 0.1208333328125 0.434375 0.1263888890625 0.4375 0.1416666671875 0.434375 0.147222221875 0.4296875
0 0.877777778125 0.5390625 0.8861111109375001 0.534375 0.8861111109375001 0.53203125 0.88055555625 0.52578125 0.8680555562500001 0.52421875 0.8652777781250001 0.52578125 0.8652777781250001 0.5359375 0.8680555562500001 0.5390625 0.877777778125 0.5390625
0 0.12222222187500001 0.43828125 0.10138888906250001 0.43671875 0.10138888906250001 0.4484375 0.1166666671875 0.4484375 0.12222222187500001 0.44375 0.12222222187500001 0.43828125
0 0.8083333328125001 0.53125 0.8111111109375001 0.5296875 0.8111111109375001 0.52578125 0.8083333328125001 0.52421875 0.8013888890624999 0.52421875 0.7986111109375 0.52578125 0.7986111109375 0.5296875 0.8013888890624999 0.53125 0.8083333328125001 0.53125
0 0.11944444375 0.43671875 0.10833333281249999 0.43828125 0.090277778125 0.43671875 0.0875 0.43828125 0.090277778125 0.4484375 0.11944444375 0.446875 0.12222222187500001 0.44375 0.11944444375 0.43671875