0 0.60555555625 0.08125 0.6111111109375 0.078125 0.6111111109375 0.07578125 0.6166666671875001 0.0734375 0.6166666671875001 0.07109375 0.61944444375 0.0703125 0.61944444375 0.06328125 0.6166666671875001 0.0625 0.6166666671875001 0.06015625 0.6083333328125 0.05546875 0.56805555625 0.05546875 0.565277778125 0.05703125 0.565277778125 0.0734375 0.5791666671875 0.0796875 0.60555555625 0.08125
0 0.197222221875 0.36875 0.1986111109375 0.3703125 0.20277777812500003 0.3703125 0.20972222187499998 0.3734375 0.21944444375 0.3734375 0.21944444375 0.37109375 0.22777777812500002 0.3671875 0.225 0.35703125 0.20833333281250002 0.34921875 0.190277778125 0.34921875 0.1875 0.35078125 0.1875 0.3671875 0.190277778125 0.36875 0.197222221875 0.36875
0 0.690277778125 0.753125 0.70555555625 0.7546875 0.715277778125 0.75 0.722222221875 0.75 0.73055555625 0.7453125 0.7333333328125 0.73515625 0.722222221875 0.728125 0.722222221875 0.72578125 0.7166666671875 0.72421875 0.6791666671875001 0.72421875 0.6763888890625 0.72578125 0.6763888890625 0.7484375 0.6791666671875001 0.75 0.6861111109375 0.75 0.690277778125 0.753125
0 0.14444444375 0.16328125 0.15 0.1609375 0.147222221875 0.15078125 0.1416666671875 0.14921875 0.1125 0.14921875 0.109722221875 0.15078125 0.1125 0.1671875 0.1416666671875 0.16875 0.14444444375 0.16328125
0 0.18055555625 0.2484375 0.1888888890625 0.2421875 0.1888888890625 0.23203125 0.1861111109375 0.23046875 0.15694444375 0.23046875 0.1541666671875 0.23203125 0.1541666671875 0.2484375 0.15694444375 0.25 0.18055555625 0.2484375
0 0.8222222218749999 0.4484375 0.8333333328125001 0.4421875 0.8333333328125001 0.42578125 0.83055555625 0.42421875 0.790277778125 0.42421875 0.7875 0.42578125 0.790277778125 0.4453125 0.7986111109375 0.4484375 0.8222222218749999 0.4484375
0 0.030555556249999997 0.2578125 0.0361111109375 0.2546875 0.0388888890625 0.24609375 0.030555556249999997 0.24296875 0.0236111109375 0.24296875 0.0208333328125 0.24453125 0.0208333328125 0.2546875 0.0236111109375 0.2578125 0.030555556249999997 0.2578125
0 0.25 0.45625 0.25555555625 0.453125 0.25555555625 0.43828125 0.252777778125 0.43671875 0.2236111109375 0.43671875 0.2208333328125 0.43828125 0.2208333328125 0.4546875 0.22638888906250001 0.4578125 0.25 0.45625
0 0.3 0.4375 0.3 0.42578125 0.29722222187499997 0.42421875 0.26805555625 0.42578125 0.26527777812500003 0.4421875 0.26805555625 0.44375 0.29444444375 0.4421875 0.3 0.4375
0 0.6708333328125 0.2484375 0.675 0.2484375 0.6791666671875001 0.2453125 0.6888888890625 0.24375 0.6944444437499999 0.240625 0.6944444437499999 0.23828125 0.6972222218749999 0.2375 0.6972222218749999 0.23203125 0.6888888890625 0.228125 0.6861111109375 0.22421875 0.6569444437499999 0.22421875 0.6541666671875 0.22578125 0.6541666671875 0.2421875 0.6569444437499999 0.24375 0.6611111109375 0.24375 0.6708333328125 0.2484375
0 0.6916666671875 0.2234375 0.6944444437499999 0.2125 0.6916666671875 0.20078125 0.66805555625 0.19921875 0.665277778125 0.221875 0.6708333328125 0.225 0.6861111109375 0.225 0.6916666671875 0.2234375
0 0.097222221875 0.24375 0.102777778125 0.23828125 0.1111111109375 0.2359375 0.1111111109375 0.23203125 0.097222221875 0.22421875 0.0791666671875 0.22421875 0.07638888906249999 0.22578125 0.07638888906249999 0.2421875 0.0791666671875 0.24375 0.097222221875 0.24375
0 0.722222221875 0.5671875 0.7236111109375 0.56875 0.75 0.56875 0.75 0.56796875 0.7638888890625 0.5609375 0.7638888890625 0.55703125 0.7666666671875 0.55625 0.7666666671875 0.55078125 0.765277778125 0.55078125 0.752777778125 0.54296875 0.7236111109375 0.54296875 0.7236111109375 0.54375 0.7208333328125 0.54453125 0.7208333328125 0.5671875 0.722222221875 0.5671875
0 0.6083333328125 0.096875 0.6111111109375 0.09375 0.6111111109375 0.08203125 0.6083333328125 0.08046875 0.56805555625 0.08046875 0.565277778125 0.08203125 0.565277778125 0.0984375 0.56805555625 0.1 0.5861111109375 0.103125 0.6083333328125 0.096875
0 0.5722222218749999 0.5234375 0.5722222218749999 0.51796875 0.5638888890625 0.51328125 0.5513888890625 0.51328125 0.55 0.51171875 0.5319444437499999 0.51328125 0.5319444437499999 0.5296875 0.534722221875 0.53125 0.5555555562500001 0.53125 0.5722222218749999 0.5234375
0 0.8138888890624999 0.38125 0.8111111109375001 0.36328125 0.790277778125 0.36171875 0.7875 0.36328125 0.7875 0.3859375 0.8083333328125001 0.3875 0.8138888890624999 0.38125
0 0.27777777812500004 0.46953125 0.275 0.46796875 0.24583333281250003 0.46796875 0.24305555625 0.46953125 0.24583333281250003 0.4859375 0.2611111109375 0.4859375 0.27777777812500004 0.4796875 0.27777777812500004 0.46953125
0 0.30555555624999997 0.40625 0.31944444375000003 0.3984375 0.31944444375000003 0.39609375 0.322222221875 0.3953125 0.322222221875 0.38828125 0.31944444375000003 0.3875 0.3166666671875 0.38203125 0.3125 0.38203125 0.3111111109375 0.38046875 0.290277778125 0.38046875 0.2875 0.38203125 0.2875 0.403125 0.29305555625 0.40625 0.30555555624999997 0.40625
0 0.8458333328125001 0.45 0.852777778125 0.45 0.875 0.4390625 0.875 0.43671875 0.877777778125 0.4359375 0.877777778125 0.42578125 0.875 0.42421875 0.8458333328125001 0.42421875 0.8430555562500001 0.42578125 0.8430555562500001 0.4484375 0.8458333328125001 0.45
0 0.3736111109375 0.496875 0.377777778125 0.496875 0.397222221875 0.490625 0.397222221875 0.48203125 0.39444444375 0.48046875 0.35694444375 0.48046875 0.3541666671875 0.48203125 0.3541666671875 0.4921875 0.35972222187499997 0.496875 0.372222221875 0.4984375 0.3736111109375 0.496875
0 0.515277778125 0.071875 0.527777778125 0.0703125 0.5333333328125 0.065625 0.5333333328125 0.05234375 0.527777778125 0.04921875 0.5013888890625 0.04921875 0.4986111109375 0.05078125 0.4986111109375 0.0640625 0.5013888890625 0.0671875 0.515277778125 0.071875
0 0.25555555625 0.3421875 0.2666666671875 0.3359375 0.2666666671875 0.33203125 0.25833333281250004 0.328125 0.25833333281250004 0.32578125 0.24583333281250003 0.32421875 0.24305555625 0.32578125 0.24305555625 0.3390625 0.24583333281250003 0.3421875 0.25555555625 0.3421875
0 0.0638888890625 0.59453125 0.061111110937500004 0.59296875 0.034722221875 0.59296875 0.03194444375 0.59453125 0.03194444375 0.60625 0.034722221875 0.609375 0.052777778124999994 0.60625 0.0638888890625 0.6 0.0638888890625 0.59453125
0 0.7236111109375 0.73125 0.7416666671875001 0.73125 0.747222221875 0.7234375 0.74444444375 0.71328125 0.7125 0.71171875 0.709722221875 0.71328125 0.7125 0.725 0.7166666671875 0.725 0.7236111109375 0.73125
0 0.026388889062499997 0.071875 0.0416666671875 0.06875 0.04444444375 0.06484375 0.052777778124999994 0.0609375 0.052777778124999994 0.04921875 0.047222221875 0.046875 0.047222221875 0.04453125 0.0416666671875 0.04296875 0.0236111109375 0.04296875 0.0208333328125 0.04453125 0.0208333328125 0.06875 0.026388889062499997 0.071875
0 0.9305555562500001 0.615625 0.9444444437499999 0.6109375 0.9444444437499999 0.59609375 0.9388888890624999 0.59296875 0.9125 0.59296875 0.909722221875 0.59453125 0.909722221875 0.6109375 0.9208333328125 0.615625 0.9305555562500001 0.615625
0 0.15 0.6234375 0.1583333328125 0.6171875 0.15277777812499999 0.61171875 0.12361111093749999 0.61171875 0.1208333328125 0.61328125 0.12361111093749999 0.6234375 0.13055555624999998 0.6234375 0.13194444375 0.625 0.15 0.6234375
0 0.05694444375 0.265625 0.0638888890625 0.265625 0.0861111109375 0.2578125 0.0888888890625 0.2546875 0.0888888890625 0.24453125 0.0861111109375 0.24296875 0.059722221875 0.24296875 0.054166667187499996 0.24609375 0.054166667187499996 0.2625 0.05694444375 0.265625
0 0.5833333328125 0.54375 0.597222221875 0.5359375 0.597222221875 0.53359375 0.6 0.5328125 0.6 0.52734375 0.5944444437499999 0.52421875 0.56805555625 0.52421875 0.5666666671875 0.52578125 0.5625 0.52578125 0.5541666671875001 0.53203125 0.5541666671875001 0.540625 0.559722221875 0.54375 0.5833333328125 0.54375
0 0.322222221875 0.56328125 0.31944444375000003 0.56171875 0.290277778125 0.56171875 0.2875 0.56328125 0.2875 0.571875 0.29305555625 0.575 0.3083333328125 0.575 0.322222221875 0.5671875 0.322222221875 0.56328125
0 0.172222221875 0.165625 0.1833333328125 0.159375 0.1861111109375 0.15078125 0.18194444375000002 0.15078125 0.18055555625 0.14921875 0.15694444375 0.14921875 0.1541666671875 0.15078125 0.1541666671875 0.1609375 0.15972222187500001 0.1640625 0.172222221875 0.165625
0 0.097222221875 0.0546875 0.1 0.03359375 0.09444444375 0.03046875 0.0791666671875 0.03046875 0.07638888906249999 0.03203125 0.07638888906249999 0.053125 0.08194444375 0.05625 0.097222221875 0.0546875
0 0.14444444375 0.31328125 0.134722221875 0.31171875 0.13194444375 0.3203125 0.134722221875 0.3234375 0.1416666671875 0.3234375 0.14444444375 0.31328125
0 0.05694444375 0.01953125 0.05694444375 0.0234375 0.054166667187499996 0.02421875 0.054166667187499996 0.034375 0.05694444375 0.0359375 0.06944444375 0.0359375 0.0736111109375 0.0328125 0.077777778125 0.0328125 0.0861111109375 0.028125 0.0888888890625 0.02109375 0.08333333281250001 0.01796875 0.06527777812499999 0.01796875 0.0638888890625 0.01953125 0.05694444375 0.01953125
0 0.897222221875 0.75 0.902777778125 0.746875 0.897222221875 0.73515625 0.89305555625 0.73515625 0.8916666671875 0.73203125 0.8861111109375001 0.73046875 0.8680555562500001 0.73046875 0.8652777781250001 0.73203125 0.8652777781250001 0.7484375 0.8763888890624999 0.7515625 0.897222221875 0.75
0 0.33055555625 0.353125 0.33055555625 0.35078125 0.31944444375000003 0.34296875 0.3013888890625 0.34296875 0.2986111109375 0.34453125 0.2986111109375 0.3546875 0.3013888890625 0.35625 0.325 0.35625 0.33055555625 0.353125
0 0.1666666671875 0.62578125 0.16388888906250001 0.62421875 0.134722221875 0.62421875 0.13194444375 0.6359375 0.134722221875 0.6375 0.1583333328125 0.6359375 0.1666666671875 0.6296875 0.1666666671875 0.62578125
0 0.4861111109375 0.5875 0.497222221875 0.5796875 0.497222221875 0.56953125 0.46805555625000006 0.56796875 0.46527777812500004 0.56953125 0.46527777812500004 0.5859375 0.46805555625000006 0.5875 0.4861111109375 0.5875
0 0.975 0.509375 0.9763888890624999 0.5109375 0.9861111109375 0.5109375 0.9986111109375001 0.5046875 0.9986111109375001 0.48828125 0.997222221875 0.48671875 0.9680555562500001 0.48671875 0.965277778125 0.48828125 0.965277778125 0.5046875 0.9708333328125001 0.509375 0.975 0.509375
0 0.44166666718750003 0.4875 0.44166666718750003 0.48203125 0.4236111109375 0.48046875 0.42083333281249996 0.4890625 0.4236111109375 0.4921875 0.43055555625 0.4921875 0.44166666718750003 0.4875
0 0.675 0.10703125 0.6666666671875 0.10546875 0.6319444437499999 0.10703125 0.6347222218749999 0.11875 0.6513888890625 0.1203125 0.675 0.11875 0.675 0.10703125
0 0.24722222187499998 0.41640625 0.2416666671875 0.41171875 0.2208333328125 0.41328125 0.2208333328125 0.421875 0.22638888906250001 0.425 0.24722222187499998 0.4234375 0.24722222187499998 0.41640625
0 0.24444444375000002 0.2609375 0.2416666671875 0.25546875 0.2236111109375 0.25546875 0.2208333328125 0.25703125 0.2208333328125 0.2625 0.22638888906250001 0.265625 0.2388888890625 0.2640625 0.24444444375000002 0.2609375
0 0.10833333281249999 0.225 0.1111111109375 0.2234375 0.1111111109375 0.21328125 0.10833333281249999 0.21171875 0.090277778125 0.21171875 0.0875 0.21328125 0.0875 0.2234375 0.090277778125 0.225 0.10833333281249999 0.225
0 0.0638888890625 0.58125 0.0666666671875 0.5796875 0.0666666671875 0.56953125 0.0638888890625 0.56796875 0.0458333328125 0.56796875 0.04305555625 0.56953125 0.04305555625 0.5796875 0.0458333328125 0.58125 0.0638888890625 0.58125
0 0.1 0.1046875 0.102777778125 0.103125 0.102777778125 0.10078125 0.10833333281249999 0.0984375 0.10833333281249999 0.09453125 0.1 0.090625 0.1 0.08828125 0.097222221875 0.08671875 0.0791666671875 0.08671875 0.07638888906249999 0.08828125 0.07638888906249999 0.0984375 0.0875 0.1046875 0.1 0.1046875
0 0.652777778125 0.5359375 0.6555555562500001 0.51953125 0.6347222218749999 0.51796875 0.6319444437499999 0.51953125 0.6319444437499999 0.534375 0.6375 0.5375 0.652777778125 0.5359375
0 0.4583333328125 0.3734375 0.4583333328125 0.36328125 0.434722221875 0.36171875 0.43194444374999996 0.36328125 0.43194444374999996 0.378125 0.45 0.3796875 0.4583333328125 0.3734375
0 0.6319444437499999 0.1359375 0.6347222218749999 0.1375 0.6583333328125 0.1359375 0.665277778125 0.13125 0.675 0.1296875 0.6777777781250001 0.125 0.675 0.10703125 0.6347222218749999 0.10546875 0.6319444437499999 0.10703125 0.6319444437499999 0.1171875 0.6347222218749999 0.11796875 0.6319444437499999 0.1359375
0 0.722222221875 0.45703125 0.7013888890625 0.45546875 0.6986111109375 0.4671875 0.7166666671875 0.46875 0.722222221875 0.465625 0.722222221875 0.45703125
0 0.99444444375 0.63125 0.9986111109375001 0.628125 0.9986111109375001 0.61953125 0.99444444375 0.615625 0.99444444375 0.60859375 0.9916666671875 0.60703125 0.984722221875 0.60703125 0.9833333328125 0.60546875 0.9708333328125001 0.60546875 0.965277778125 0.60859375 0.965277778125 0.628125 0.9708333328125001 0.63125 0.99444444375 0.63125
0 0.27777777812500004 0.49375 0.275 0.48671875 0.24583333281250003 0.48671875 0.24305555625 0.48828125 0.24305555625 0.4984375 0.24583333281250003 0.5 0.2638888890625 0.5 0.27777777812500004 0.49375
0 0.5111111109375 0.0796875 0.5166666671875 0.0734375 0.5166666671875 0.06796875 0.5097222218749999 0.06796875 0.5 0.05859375 0.490277778125 0.05703125 0.4875 0.05859375 0.4875 0.0796875 0.490277778125 0.08125 0.5111111109375 0.0796875
0 0.7 0.44453125 0.6972222218749999 0.44296875 0.6791666671875001 0.44296875 0.6763888890625 0.44453125 0.6791666671875001 0.4546875 0.6861111109375 0.4546875 0.7 0.4484375 0.7 0.44453125
0 0.73055555625 0.7421875 0.727777778125 0.73515625 0.7194444437499999 0.73671875 0.7041666671875 0.73515625 0.702777778125 0.72890625 0.70694444375 0.7265625 0.7166666671875 0.7265625 0.7236111109375 0.7328125 0.7388888890625 0.73125 0.74444444375 0.728125 0.74444444375 0.71953125 0.7416666671875001 0.71796875 0.7180555562500001 0.71796875 0.7166666671875 0.71953125 0.690277778125 0.71796875 0.6875 0.71953125 0.6875 0.7421875 0.690277778125 0.74375 0.73055555625 0.7421875
0 0.022222221875 0.0234375 0.022222221875 0.01328125 0.0125 0.01171875 0.009722221875000001 0.01328125 0.009722221875000001 0.0234375 0.019444443750000002 0.025 0.022222221875 0.0234375
0 0.9791666671874999 0.5125 0.9888888890624999 0.5109375 0.997222221875 0.50625 0.997222221875 0.49765625 0.99444444375 0.496875 0.997222221875 0.48828125 0.99444444375 0.48671875 0.9625 0.48671875 0.95694444375 0.48828125 0.9541666671875 0.5046875 0.9680555562500001 0.5109375 0.977777778125 0.5109375 0.9791666671874999 0.5125
0 0.777777778125 0.74609375 0.772222221875 0.74296875 0.7569444437499999 0.74296875 0.7541666671875 0.7609375 0.772222221875 0.7625 0.777777778125 0.759375 0.777777778125 0.74609375
0 0.0791666671875 0.2375 0.10555555624999999 0.2375 0.10833333281249999 0.23046875 0.097222221875 0.22734375 0.10833333281249999 0.225 0.1111111109375 0.21953125 0.10833333281249999 0.21796875 0.08194444375 0.21796875 0.07638888906249999 0.22109375 0.0791666671875 0.22421875 0.07638888906249999 0.2359375 0.0791666671875 0.2375
0 0.5833333328125 0.5421875 0.5833333328125 0.53828125 0.5458333328125 0.53671875 0.54305555625 0.53828125 0.54305555625 0.5484375 0.5486111109375 0.5515625 0.5666666671875 0.5515625 0.577777778125 0.546875 0.5833333328125 0.5421875
0 0.952777778125 0.7671875 0.9611111109375001 0.759375 0.9583333328125001 0.75078125 0.934722221875 0.74921875 0.93194444375 0.75078125 0.93194444375 0.7640625 0.934722221875 0.7671875 0.952777778125 0.7671875
0 0.1833333328125 0.45625 0.1888888890625 0.453125 0.1916666671875 0.44609375 0.1861111109375 0.44296875 0.16805555625 0.44296875 0.165277778125 0.44453125 0.165277778125 0.4546875 0.16805555625 0.4578125 0.1833333328125 0.45625
0 0.6944444437499999 0.4515625 0.702777778125 0.446875 0.70555555625 0.43359375 0.6972222218749999 0.43046875 0.6791666671875001 0.43046875 0.6763888890625 0.43203125 0.6763888890625 0.4484375 0.6791666671875001 0.4515625 0.6944444437499999 0.4515625