0 0.2515625 0.1375 0.03359375 0.01796875
0 0.22421875 0.15 0.04609375 0.02734375
0 0.17578125 0.15 0.0515625 0.025
0 0.31796875 0.146875 0.03046875 0.01875
0 0.33828125 0.1515625 0.04296875 0.021875
0 0.1859375 0.1640625 0.0359375 0.01484375
0 0.4046875 0.1828125 0.059375 0.034375
0 0.34921875 0.184375 0.0515625 0.02890625
0 0.35 0.225 0.01640625 0.02265625
0 0.40390625 0.2265625 0.01640625 0.01640625
0 0.2671875 0.2484375 0.02890625 0.02890625
0 0.890625 0.2546875 0.046875 0.02890625
0 0.3671875 0.2640625 0.04296875 0.034375
0 0.321875 0.2640625 0.0484375 0.03046875
0 0.515625 0.2875 0.05 0.03203125
0 0.896875 0.309375 0.02890625 0.0234375
0 0.39453125 0.3109375 0.03046875 0.01953125
0 0.26015625 0.3125 0.0375 0.0203125
0 0.43359375 0.3203125 0.021875 0.02421875
0 0.32890625 0.31796875 0.03359375 0.01875
0 0.20625 0.32734375 0.040625 0.021875
0 0.375 0.33984375 0.05546875 0.034375
0 0.209375 0.35078125 0.04609375 0.0265625
0 0.1609375 0.35625 0.05859375 0.02421875
0 0.14453125 0.371875 0.053125 0.025
0 0.4453125 0.371875 0.0234375 0.02421875
0 0.47421875 0.3796875 0.0484375 0.02890625
0 0.41875 0.38359375 0.0484375 0.03125
0 0.2046875 0.38359375 0.0234375 0.01875
0 0.11171875 0.39453125 0.06796875 0.0328125
0 0.478125 0.3921875 0.04296875 0.01484375
0 0.221875 0.4 0.040625 0.02109375
0 0.171875 0.40625 0.03203125 0.02734375
0 0.2 0.4140625 0.046875 0.028125
0 0.1234375 0.41875 0.04453125 0.02421875
0 0.36640625 0.4234375 0.0390625 0.02109375
0 0.16015625 0.434375 0.04609375 0.02421875
0 0.4421875 0.428125 0.01796875 0.01015625
0 0.4671875 0.4328125 0.01796875 0.01015625
0 0.1296875 0.4390625 0.034375 0.01796875
0 0.85078125 0.4625 0.05703125 0.02421875
0 0.421875 0.46484375 0.0375 0.0234375
0 0.496875 0.46875 0.015625 0.01796875
0 0.32734375 0.475 0.040625 0.02109375
0 0.33203125 0.490625 0.03046875 0.01640625
0 0.415625 0.496875 0.03046875 0.02265625
0 0.4375 0.496875 0.025 0.01875
0 0.49765625 0.5109375 0.05390625 0.03515625
0 0.28359375 0.515625 0.046875 0.02265625
0 0.36953125 0.5203125 0.03046875 0.01953125
0 0.384375 0.5390625 0.053125 0.03046875
0 0.509375 0.54375 0.0390625 0.0203125
0 0.53828125 0.58828125 0.05390625 0.0296875
0 0.746875 0.59375 0.04453125 0.01484375
0 0.47421875 0.73203125 0.02890625 0.0171875
0 0.4921875 0.759375 0.034375 0.01953125
0 0.47890625 0.7765625 0.03359375 0.02421875