0 0.0390625 0.575 0.05859375 0.03203125
0 0.0671875 0.5875 0.04609375 0.02578125
0 0.09765625 0.6078125 0.040625 0.01484375
0 0.1390625 0.609375 0.0390625 0.01875
0 0.53828125 0.61796875 0.04296875 0.0328125
0 0.58984375 0.61328125 0.03203125 0.021875
0 0.628125 0.6265625 0.05390625 0.028125
0 0.67109375 0.63828125 0.046875 0.0234375
0 0.62265625 0.671875 0.040625 0.02109375
0 0.478125 0.68125 0.02890625 0.01953125
0 0.515625 0.7578125 0.04140625 0.02578125
0 0.146875 0.76015625 0.03046875 0.0234375
0 0.475 0.76171875 0.04140625 0.021875
0 0.6390625 0.76875 0.028125 0.02578125
0 0.0984375 0.7640625 0.021875 0.015625
0 0.55625 0.771875 0.04296875 0.01953125
0 0.728125 0.77734375 0.03359375 0.0203125
0 0.634375 0.7875 0.01953125 0.02734375
0 0.05 0.8 0.03359375 0.02265625
0 0.58828125 0.8171875 0.0265625 0.02109375
0 0.403125 0.8296875 0.04453125 0.02578125
0 0.803125 0.83359375 0.0390625 0.0265625
0 0.06796875 0.83828125 0.0640625 0.03125
0 0.70234375 0.8890625 0.0484375 0.02421875
0 0.8796875 0.93046875 0.0375 0.021875
0 0.8125 0.9421875 0.04140625 0.02421875