0 0.41328125 0.14375 0.0265625 0.01328125
0 0.4484375 0.15078125 0.03046875 0.025
0 0.390625 0.18359375 0.04453125 0.021875
0 0.36796875 0.2015625 0.03046875 0.025
0 0.4734375 0.2109375 0.03359375 0.02109375
0 0.971875 0.2421875 0.04453125 0.02109375
0 0.44296875 0.24453125 0.01640625 0.015625
0 0.28125 0.26171875 0.0484375 0.025
0 0.290625 0.2703125 0.0265625 0.01328125
0 0.35859375 0.2765625 0.0390625 0.02265625
0 0.9671875 0.2765625 0.0375 0.021875
0 0.446875 0.31640625 0.02890625 0.0125
0 0.5984375 0.34140625 0.0359375 0.0203125
0 0.6125 0.35 0.03359375 0.01953125
0 0.5328125 0.35078125 0.01796875 0.01875
0 0.909375 0.3546875 0.03203125 0.0171875
0 0.4609375 0.365625 0.01953125 0.01171875
0 0.96953125 0.3671875 0.021875 0.0125
0 0.4171875 0.3953125 0.015625 0.01640625
0 0.39375 0.396875 0.0375 0.01953125
0 0.52265625 0.4 0.01796875 0.01171875
0 0.88671875 0.4109375 0.0375 0.021875
0 0.078125 0.409375 0.03203125 0.01484375
0 0.18359375 0.4125 0.021875 0.01796875
0 0.11015625 0.4265625 0.03203125 0.01484375
0 0.17109375 0.4375 0.04453125 0.02265625
0 0.26171875 0.4390625 0.01796875 0.01953125
0 0.121875 0.44140625 0.0234375 0.0078125
0 0.66015625 0.4515625 0.04609375 0.021875
0 0.6 0.4640625 0.04140625 0.01796875
0 0.46171875 0.5125 0.04609375 0.025
0 0.2859375 0.5140625 0.03046875 0.01953125
0 0.96953125 0.5234375 0.046875 0.02734375
0 0.478125 0.52421875 0.0484375 0.015625
0 0.79375 0.5328125 0.040625 0.01796875
0 0.934375 0.5765625 0.03203125 0.015625
0 0.42109375 0.5953125 0.0359375 0.02421875
0 0.140625 0.6625 0.0515625 0.02578125
0 0.9578125 0.678125 0.0375 0.02109375
0 0.24375 0.696875 0.0375 0.01953125