0 0.4953125 0.15 0.05390625 0.03984375
0 0.55703125 0.1859375 0.053125 0.0359375
0 0.47421875 0.19921875 0.059375 0.03125
0 0.584375 0.2 0.05703125 0.03359375
0 0.61484375 0.19453125 0.0265625 0.0140625
0 0.72421875 0.27734375 0.0484375 0.028125
0 0.48359375 0.27890625 0.053125 0.0234375
0 0.48359375 0.30703125 0.05 0.0265625
0 0.5578125 0.30625 0.0375 0.01875
0 0.62421875 0.32265625 0.05390625 0.028125
0 0.57890625 0.3234375 0.046875 0.0171875
0 0.5859375 0.3390625 0.05546875 0.02890625
0 0.321875 0.37890625 0.02890625 0.0265625
0 0.2953125 0.39375 0.04609375 0.03046875
0 0.4703125 0.40078125 0.05390625 0.0328125
0 0.509375 0.3953125 0.040625 0.01875
0 0.3203125 0.4265625 0.04609375 0.02578125
0 0.590625 0.453125 0.059375 0.03203125
0 0.41484375 0.453125 0.05703125 0.03125
0 0.984375 0.45625 0.028125 0.0171875
0 0.446875 0.4640625 0.03359375 0.02265625
0 0.48359375 0.4734375 0.053125 0.0328125
0 0.9421875 0.46875 0.04609375 0.021875
0 0.4109375 0.47265625 0.04453125 0.0265625
0 0.8546875 0.490625 0.034375 0.0234375
0 0.96015625 0.5015625 0.0484375 0.0234375
0 0.48359375 0.50546875 0.05546875 0.028125
0 0.81484375 0.50703125 0.034375 0.015625
0 0.228125 0.52109375 0.05859375 0.03125
0 0.3078125 0.5296875 0.0515625 0.03203125
0 0.065625 0.5296875 0.0484375 0.02734375
0 0.703125 0.534375 0.046875 0.02421875
0 0.653125 0.56953125 0.05703125 0.0328125
0 0.33359375 0.5859375 0.05546875 0.03203125
0 0.3984375 0.590625 0.053125 0.03203125
0 0.4375 0.5921875 0.03046875 0.02578125
0 0.709375 0.596875 0.05546875 0.03046875
0 0.54140625 0.609375 0.053125 0.02734375
0 0.60859375 0.6359375 0.053125 0.0234375
0 0.57890625 0.6828125 0.0640625 0.03359375
0 0.73828125 0.69375 0.06796875 0.03671875
0 0.7609375 0.74375 0.046875 0.03828125
0 0.19375 0.75078125 0.04296875 0.015625
0 0.2359375 0.7515625 0.025 0.01171875
0 0.6984375 0.78828125 0.04453125 0.0265625
0 0.30703125 0.8 0.05 0.03671875
0 0.85859375 0.80234375 0.0640625 0.0296875
0 0.63671875 0.8109375 0.065625 0.03515625