0 0.85546875 0.1328125 0.04140625 0.01953125
0 0.81171875 0.13828125 0.04296875 0.025
0 0.803125 0.15546875 0.02890625 0.0203125
0 0.1234375 0.1578125 0.04453125 0.021875
0 0.83046875 0.16796875 0.0390625 0.028125
0 0.78203125 0.1640625 0.01953125 0.01328125
0 0.240625 0.1703125 0.0375 0.02109375
0 0.16875 0.171875 0.04609375 0.021875
0 0.20703125 0.175 0.03359375 0.02109375
0 0.79921875 0.175 0.04296875 0.021875
0 0.16875 0.1875 0.02890625 0.01171875
0 0.8609375 0.2 0.04140625 0.03125
0 0.746875 0.1984375 0.0484375 0.02578125
0 0.21875 0.2125 0.0375 0.01953125
0 0.1390625 0.25 0.05 0.02109375
0 0.28359375 0.2546875 0.028125 0.01640625
0 0.640625 0.26171875 0.05 0.025
0 0.74375 0.26953125 0.02890625 0.01875
0 0.14453125 0.271875 0.04453125 0.01953125
0 0.259375 0.275 0.03046875 0.0171875
0 0.64609375 0.275 0.03359375 0.01328125
0 0.84453125 0.278125 0.05 0.01875
0 0.1171875 0.28203125 0.03203125 0.015625
0 0.74140625 0.309375 0.0359375 0.0265625
0 0.2484375 0.3109375 0.0359375 0.021875
0 0.21796875 0.3140625 0.028125 0.01796875
0 0.928125 0.325 0.06640625 0.02890625
0 0.18671875 0.325 0.02890625 0.01953125
0 0.23046875 0.33046875 0.0390625 0.0171875
0 0.23046875 0.353125 0.01953125 0.01484375
0 0.94921875 0.35625 0.02109375 0.01796875
0 0.99296875 0.3578125 0.0109375 0.021875
0 0.978125 0.38984375 0.025 0.0171875
0 0.34609375 0.39375 0.021875 0.0125
0 0.38671875 0.396875 0.0375 0.01640625
0 0.45546875 0.3984375 0.03046875 0.0203125
0 0.7453125 0.40625 0.0375 0.01640625
0 0.88046875 0.4109375 0.03359375 0.01875
0 0.921875 0.4171875 0.028125 0.01796875
0 0.403125 0.4234375 0.0359375 0.01796875
0 0.63359375 0.421875 0.021875 0.0109375
0 0.5296875 0.4265625 0.0234375 0.01796875
0 0.46875 0.43359375 0.0234375 0.015625
0 0.5046875 0.44921875 0.0265625 0.0203125
0 0.6703125 0.4609375 0.05390625 0.0328125
0 0.171875 0.45625 0.046875 0.02109375
0 0.03125 0.471875 0.04609375 0.03203125
0 0.21015625 0.4796875 0.0375 0.0296875
0 0.88046875 0.48125 0.025 0.02109375
0 0.140625 0.52734375 0.05703125 0.03125
0 0.81015625 0.528125 0.02109375 0.0171875
0 0.9015625 0.53828125 0.05546875 0.028125
0 0.828125 0.578125 0.05546875 0.03203125
0 0.37421875 0.5953125 0.0265625 0.0125
0 0.346875 0.6171875 0.040625 0.02421875
0 0.89765625 0.6359375 0.07109375 0.0375
0 0.121875 0.62890625 0.0265625 0.01875
0 0.6578125 0.6515625 0.02109375 0.01796875
0 0.04921875 0.6546875 0.040625 0.01953125
0 0.52734375 0.70625 0.040625 0.02421875