0 0.26796875 0.0078125 0.028125 0.01328125
0 0.9796875 0.01640625 0.0375 0.03125
0 0.96640625 0.028125 0.053125 0.03359375
0 0.32890625 0.0578125 0.028125 0.01484375
0 0.2765625 0.08984375 0.0359375 0.025
0 0.3625 0.084375 0.01953125 0.01171875
0 0.378125 0.10625 0.05 0.03359375
0 0.4953125 0.109375 0.0234375 0.0234375
0 0.471875 0.1140625 0.03359375 0.0203125
0 0.33046875 0.121875 0.025 0.02578125
0 0.23125 0.1375 0.0375 0.02578125
0 0.40625 0.19765625 0.040625 0.025
0 0.5 0.2046875 0.04140625 0.025
0 0.33203125 0.2125 0.0359375 0.02265625
0 0.2046875 0.2109375 0.0265625 0.01484375
0 0.209375 0.228125 0.03359375 0.0171875
0 0.5953125 0.2328125 0.040625 0.02421875
0 0.25703125 0.23671875 0.04453125 0.0234375
0 0.27890625 0.2484375 0.028125 0.01484375
0 0.23515625 0.284375 0.0265625 0.0171875
0 0.478125 0.29375 0.0375 0.02109375
0 0.2515625 0.3015625 0.05 0.021875
0 0.765625 0.303125 0.034375 0.01328125
0 0.5203125 0.3078125 0.03203125 0.01484375
0 0.63828125 0.315625 0.034375 0.0234375
0 0.29296875 0.325 0.028125 0.01953125
0 0.1828125 0.3328125 0.03203125 0.02578125
0 0.6625 0.3328125 0.04453125 0.01796875
0 0.58046875 0.346875 0.046875 0.02890625
0 0.690625 0.340625 0.028125 0.01171875
0 0.1890625 0.3640625 0.05859375 0.03515625
0 0.8390625 0.3640625 0.05 0.025
0 0.6671875 0.3859375 0.040625 0.028125
0 0.465625 0.3859375 0.03203125 0.01484375
0 0.12734375 0.3890625 0.02890625 0.0171875
0 0.16796875 0.39609375 0.05 0.0265625
0 0.559375 0.40859375 0.01953125 0.009375
0 0.1296875 0.4203125 0.034375 0.0078125
0 0.6484375 0.4359375 0.04140625 0.0203125
0 0.6046875 0.4453125 0.0484375 0.021875
0 0.909375 0.440625 0.01953125 0.01015625
0 0.984375 0.45 0.028125 0.01640625
0 0.21171875 0.4703125 0.03203125 0.01328125
0 0.634375 0.48125 0.0390625 0.02109375
0 0.75390625 0.490625 0.05 0.0265625
0 0.6203125 0.49921875 0.040625 0.0171875
0 0.9609375 0.5375 0.053125 0.02578125
0 0.97578125 0.5515625 0.04609375 0.01953125
0 0.8890625 0.5578125 0.0359375 0.01875
0 0.846875 0.5578125 0.034375 0.015625
0 0.65546875 0.5796875 0.0359375 0.0171875
0 0.290625 0.5859375 0.0359375 0.01796875
0 0.45390625 0.5921875 0.04140625 0.01328125
0 0.8015625 0.59765625 0.04453125 0.0234375
0 0.05390625 0.603125 0.06640625 0.0328125
0 0.36796875 0.59765625 0.021875 0.015625
0 0.51171875 0.6390625 0.0375 0.01796875
0 0.509375 0.65390625 0.0390625 0.0171875
0 0.6546875 0.71875 0.03203125 0.01953125
0 0.66484375 0.7828125 0.02890625 0.02578125