0 0.5078125 0.20546875 0.040625 0.025
0 0.290625 0.359375 0.0375 0.02734375
0 0.325 0.3671875 0.03359375 0.01328125
0 0.65234375 0.4 0.03203125 0.01640625
0 0.6078125 0.4046875 0.02890625 0.02421875
0 0.6390625 0.41484375 0.03359375 0.0140625
0 0.3171875 0.434375 0.040625 0.025
0 0.7046875 0.434375 0.0375 0.02265625
0 0.54375 0.440625 0.0265625 0.01484375
0 0.23046875 0.4546875 0.03046875 0.02421875
0 0.17265625 0.45234375 0.015625 0.0109375
0 0.4984375 0.459375 0.03359375 0.01953125
0 0.328125 0.465625 0.040625 0.01875
0 0.11171875 0.503125 0.0234375 0.01484375
0 0.1046875 0.540625 0.03203125 0.03515625
0 0.06875 0.5453125 0.04609375 0.02109375
0 0.265625 0.55 0.03203125 0.01953125
0 0.30546875 0.5546875 0.05 0.01875
0 0.89765625 0.565625 0.02109375 0.00859375
0 0.303125 0.6078125 0.0359375 0.0203125
0 0.26328125 0.625 0.05390625 0.025
0 0.671875 0.62109375 0.02109375 0.0140625
0 0.8625 0.6375 0.0359375 0.0140625
0 0.2828125 0.6625 0.04296875 0.02578125
0 0.92734375 0.6625 0.04296875 0.01171875
0 0.79609375 0.6703125 0.03046875 0.01953125
0 0.8875 0.6703125 0.04453125 0.01953125
0 0.93671875 0.6828125 0.0234375 0.0234375
0 0.628125 0.6828125 0.0125 0.0203125
0 0.503125 0.7421875 0.04453125 0.015625