0 0.51171875 0.09375 0.04609375 0.03046875
0 0.490625 0.10625 0.05 0.028125
0 0.48671875 0.12890625 0.040625 0.01875
0 0.359375 0.17109375 0.0359375 0.021875
0 0.5359375 0.21015625 0.053125 0.0328125
0 0.45625 0.23828125 0.05390625 0.0296875
0 0.54921875 0.234375 0.034375 0.0109375
0 0.5859375 0.25 0.053125 0.02578125
0 0.5328125 0.2796875 0.04296875 0.03125
0 0.58515625 0.2734375 0.02890625 0.01328125
0 0.496875 0.29375 0.0234375 0.03046875
0 0.44921875 0.296875 0.02890625 0.0171875
0 0.4421875 0.3125 0.0265625 0.021875
0 0.3140625 0.3390625 0.0609375 0.02578125
0 0.6578125 0.3578125 0.05390625 0.0328125
0 0.31640625 0.365625 0.05859375 0.03203125
0 0.41640625 0.35625 0.028125 0.01328125
0 0.2296875 0.365625 0.04296875 0.01328125
0 0.365625 0.378125 0.05390625 0.03359375
0 0.58125 0.37734375 0.05703125 0.028125
0 0.525 0.378125 0.03046875 0.0125
0 0.321875 0.40703125 0.0375 0.021875
0 0.284375 0.41875 0.05546875 0.0296875
0 0.3375 0.415625 0.0359375 0.01796875
0 0.42265625 0.4328125 0.059375 0.028125
0 0.421875 0.4546875 0.0265625 0.0171875
0 0.53828125 0.528125 0.059375 0.0234375
0 0.40703125 0.5390625 0.053125 0.03203125
0 0.459375 0.5390625 0.059375 0.028125
0 0.63125 0.559375 0.0484375 0.0296875
0 0.21484375 0.5640625 0.0484375 0.021875
0 0.39296875 0.56875 0.021875 0.0171875
0 0.58984375 0.5875 0.03203125 0.02421875
0 0.37890625 0.5921875 0.0640625 0.03203125
0 0.63203125 0.615625 0.053125 0.021875
0 0.66171875 0.64140625 0.04609375 0.025
0 0.5390625 0.715625 0.03046875 0.03671875
0 0.128125 0.78828125 0.096875 0.0546875
0 0.284375 0.8140625 0.04140625 0.02734375
0 0.34375 0.815625 0.0265625 0.028125
0 0.5046875 0.8265625 0.02890625 0.03203125
0 0.771875 0.83359375 0.059375 0.028125
0 0.2265625 0.8421875 0.05859375 0.01796875
0 0.275 0.8546875 0.0640625 0.025
0 0.84921875 0.8671875 0.065625 0.03046875