0 0.397222221875 0.31875 0.4 0.3171875 0.4 0.29609375 0.39444444375 0.29296875 0.35694444375 0.29296875 0.3541666671875 0.29453125 0.3541666671875 0.3171875 0.36805555624999997 0.3203125 0.397222221875 0.31875
0 0.51944444375 0.4859375 0.5208333328125 0.4875 0.5388888890625 0.4875 0.5486111109375 0.48125 0.5555555562500001 0.4796875 0.5555555562500001 0.47265625 0.54444444375 0.4609375 0.54444444375 0.45703125 0.5388888890625 0.45546875 0.5013888890625 0.45546875 0.4986111109375 0.45703125 0.4986111109375 0.4796875 0.50555555625 0.48125 0.5125 0.4859375 0.51944444375 0.4859375
0 0.1208333328125 0.81640625 0.1208333328125 0.840625 0.1263888890625 0.84375 0.1361111109375 0.84375 0.1375 0.8453125 0.15277777812499999 0.8453125 0.1541666671875 0.84375 0.1583333328125 0.84375 0.17361111093749998 0.834375 0.197222221875 0.8296875 0.197222221875 0.82578125 0.2 0.825 0.2 0.81640625 0.197222221875 0.815625 0.197222221875 0.81328125 0.1888888890625 0.809375 0.1861111109375 0.80546875 0.140277778125 0.80546875 0.12361111093749999 0.81328125 0.12361111093749999 0.815625 0.1208333328125 0.81640625
0 0.3125 0.2765625 0.3236111109375 0.28125 0.33888888906250003 0.28125 0.34027777812500004 0.2796875 0.34444444375 0.2796875 0.35555555625 0.2734375 0.35555555625 0.25703125 0.34861111093749997 0.25546875 0.3416666671875 0.24921875 0.3125 0.24921875 0.309722221875 0.25078125 0.309722221875 0.2734375 0.3125 0.27421875 0.3125 0.2765625
0 0.5361111109375 0.4171875 0.54444444375 0.4109375 0.5416666671875 0.39765625 0.5375 0.39765625 0.5361111109375 0.39453125 0.5305555562500001 0.39296875 0.5041666671875 0.39296875 0.4986111109375 0.39609375 0.4986111109375 0.4171875 0.5013888890625 0.41875 0.5361111109375 0.4171875
0 0.3736111109375 0.671875 0.3861111109375 0.671875 0.3875 0.6703125 0.397222221875 0.66875 0.4 0.66484375 0.41111111093749997 0.659375 0.40833333281249995 0.65078125 0.40277777812500004 0.6484375 0.40277777812500004 0.64609375 0.397222221875 0.64296875 0.35694444375 0.64296875 0.3541666671875 0.64453125 0.3541666671875 0.665625 0.365277778125 0.6703125 0.372222221875 0.6703125 0.3736111109375 0.671875
0 0.27638888906250003 0.6171875 0.2888888890625 0.6171875 0.29722222187499997 0.6140625 0.3 0.6109375 0.29722222187499997 0.60234375 0.2916666671875 0.59921875 0.28194444375 0.59765625 0.275 0.59296875 0.24583333281250003 0.59296875 0.24305555625 0.59453125 0.24305555625 0.6109375 0.24583333281250003 0.6125 0.26944444375 0.6140625 0.27638888906250003 0.6171875
0 0.1263888890625 0.70625 0.15 0.709375 0.1513888890625 0.7078125 0.1666666671875 0.70625 0.175 0.703125 0.177777778125 0.7 0.177777778125 0.68359375 0.172222221875 0.68046875 0.12361111093749999 0.68203125 0.12361111093749999 0.6859375 0.1208333328125 0.68671875 0.1208333328125 0.703125 0.1263888890625 0.70625
0 0.4986111109375 0.56328125 0.4986111109375 0.571875 0.4875 0.57578125 0.4875 0.5875 0.49305555625 0.590625 0.50555555625 0.5890625 0.522222221875 0.5796875 0.522222221875 0.57734375 0.527777778125 0.5734375 0.527777778125 0.56640625 0.525 0.565625 0.525 0.56328125 0.5208333328125 0.56328125 0.51944444375 0.56171875 0.5013888890625 0.56171875 0.4986111109375 0.56328125
0 0.6875 0.5421875 0.7083333328125 0.5421875 0.722222221875 0.5359375 0.725 0.53125 0.722222221875 0.51328125 0.7166666671875 0.51171875 0.6791666671875001 0.51171875 0.6763888890625 0.51328125 0.6763888890625 0.5359375 0.6791666671875001 0.5390625 0.6875 0.5421875
0 0.5527777781250001 0.85625 0.559722221875 0.8515625 0.5638888890625 0.8515625 0.5638888890625 0.84921875 0.5666666671875 0.8484375 0.5666666671875 0.83203125 0.5638888890625 0.83125 0.5638888890625 0.82890625 0.5527777781250001 0.82421875 0.5236111109375 0.82421875 0.5208333328125 0.82578125 0.5208333328125 0.8484375 0.534722221875 0.85625 0.5527777781250001 0.85625
0 0.2125 0.6484375 0.2236111109375 0.6515625 0.2416666671875 0.6515625 0.24305555625 0.65 0.25 0.65 0.25555555625 0.646875 0.25555555625 0.64296875 0.25833333281250004 0.6421875 0.25555555625 0.63046875 0.2416666671875 0.62421875 0.2125 0.62421875 0.20972222187499998 0.62578125 0.20972222187499998 0.64375 0.2125 0.64453125 0.2125 0.6484375
0 0.527777778125 0.8203125 0.5319444437499999 0.8234375 0.5416666671875 0.8234375 0.54305555625 0.825 0.5638888890625 0.8234375 0.575 0.8109375 0.575 0.80703125 0.5722222218749999 0.80625 0.5722222218749999 0.80234375 0.5666666671875 0.79609375 0.5583333328125 0.79296875 0.5236111109375 0.79296875 0.5208333328125 0.79453125 0.5208333328125 0.8171875 0.5236111109375 0.8203125 0.527777778125 0.8203125
0 0.7138888890625 0.7609375 0.715277778125 0.7625 0.727777778125 0.7625 0.7333333328125 0.7609375 0.74444444375 0.7546875 0.74444444375 0.74453125 0.7416666671875001 0.74140625 0.73055555625 0.73671875 0.7013888890625 0.73671875 0.6986111109375 0.73828125 0.6986111109375 0.75625 0.70694444375 0.7609375 0.7138888890625 0.7609375
0 0.2208333328125 0.546875 0.22777777812500002 0.546875 0.24444444375000002 0.5421875 0.24444444375000002 0.53828125 0.24722222187499998 0.5375 0.24722222187499998 0.52734375 0.2416666671875 0.52421875 0.23472222187499997 0.52421875 0.23333333281250002 0.52265625 0.215277778125 0.52265625 0.20833333281250002 0.51796875 0.20138888906250002 0.51796875 0.1986111109375 0.51953125 0.1986111109375 0.540625 0.20138888906250002 0.54375 0.21944444375 0.5484375 0.2208333328125 0.546875
0 0.652777778125 0.51875 0.6666666671875 0.5109375 0.6666666671875 0.50078125 0.6638888890625 0.5 0.6638888890625 0.49765625 0.652777778125 0.49296875 0.6236111109375 0.49296875 0.6208333328125 0.49453125 0.6208333328125 0.5171875 0.6236111109375 0.51875 0.652777778125 0.51875
0 0.42083333281249996 0.4703125 0.44166666718750003 0.46875 0.45555555625000005 0.459375 0.45277777812500003 0.45234375 0.45 0.45078125 0.4458333328125 0.45078125 0.44444444375 0.44921875 0.4125 0.44921875 0.40972222187499996 0.45078125 0.40972222187499996 0.4671875 0.4125 0.46875 0.41944444374999995 0.46875 0.42083333281249996 0.4703125
0 0.4 0.1984375 0.4 0.18984375 0.39444444375 0.18671875 0.35694444375 0.18671875 0.3541666671875 0.18828125 0.3541666671875 0.2046875 0.35694444375 0.20625 0.3861111109375 0.20625 0.4 0.1984375
0 0.5944444437499999 0.5609375 0.5944444437499999 0.55234375 0.5861111109375 0.54921875 0.55694444375 0.54921875 0.5541666671875001 0.55078125 0.5541666671875001 0.5671875 0.55694444375 0.56875 0.577777778125 0.56875 0.5944444437499999 0.5609375
0 0.44166666718750003 0.3234375 0.44444444375 0.31484375 0.4388888890625 0.31171875 0.4125 0.31171875 0.40972222187499996 0.31328125 0.40972222187499996 0.3234375 0.4125 0.325 0.43055555625 0.3265625 0.44166666718750003 0.3234375
0 0.2375 0.7609375 0.2416666671875 0.7609375 0.24305555625 0.7625 0.272222221875 0.7625 0.27777777812500004 0.759375 0.2833333328125 0.74609375 0.28055555625 0.7453125 0.28055555625 0.74140625 0.275 0.73671875 0.2513888890625 0.73671875 0.25 0.73828125 0.24305555625 0.73828125 0.2388888890625 0.74140625 0.23472222187499997 0.74140625 0.23472222187499997 0.74375 0.23194444375 0.74453125 0.23194444375 0.75625 0.2375 0.7609375
0 0.31944444375000003 0.5171875 0.322222221875 0.5140625 0.322222221875 0.50546875 0.325 0.5046875 0.325 0.50234375 0.31944444375000003 0.49921875 0.2791666671875 0.49921875 0.27638888906250003 0.50078125 0.27638888906250003 0.515625 0.28194444375 0.51875 0.3083333328125 0.521875 0.31944444375000003 0.5171875
0 0.5319444437499999 0.7265625 0.547222221875 0.7265625 0.5486111109375 0.725 0.5555555562500001 0.725 0.5638888890625 0.7203125 0.5638888890625 0.71171875 0.5611111109375 0.71015625 0.540277778125 0.71015625 0.525 0.70078125 0.51944444375 0.69921875 0.5097222218749999 0.70078125 0.5097222218749999 0.71875 0.515277778125 0.7234375 0.5305555562500001 0.725 0.5319444437499999 0.7265625
0 0.30555555624999997 0.29921875 0.26805555625 0.29921875 0.26527777812500003 0.30078125 0.26805555625 0.31875 0.3083333328125 0.3171875 0.3111111109375 0.30234375 0.30555555624999997 0.29921875
0 0.35972222187499997 0.7453125 0.3638888890625 0.7453125 0.372222221875 0.740625 0.3875 0.75 0.4 0.75 0.40833333281249995 0.746875 0.41111111093749997 0.73828125 0.40833333281249995 0.7375 0.40833333281249995 0.73515625 0.4 0.73125 0.397222221875 0.72578125 0.39027777812500003 0.72578125 0.3888888890625 0.72421875 0.3625 0.72421875 0.3611111109375 0.72578125 0.35694444375 0.72578125 0.35694444375 0.728125 0.3541666671875 0.72890625 0.3541666671875 0.7421875 0.35972222187499997 0.7453125
0 0.19583333281249998 0.6859375 0.20833333281250002 0.6859375 0.21944444375 0.678125 0.21944444375 0.66796875 0.2138888890625 0.665625 0.2138888890625 0.66328125 0.20833333281250002 0.66171875 0.18194444375000002 0.66171875 0.1763888890625 0.66484375 0.1763888890625 0.678125 0.17916666718750002 0.68125 0.19583333281249998 0.6859375
0 0.675 0.75625 0.6888888890625 0.75 0.6888888890625 0.74453125 0.6916666671875 0.74375 0.6916666671875 0.73359375 0.6861111109375 0.73046875 0.6569444437499999 0.73046875 0.6541666671875 0.73203125 0.6541666671875 0.753125 0.659722221875 0.75625 0.675 0.75625
0 0.70694444375 0.78125 0.73055555625 0.78125 0.7416666671875001 0.771875 0.7388888890625 0.76484375 0.73055555625 0.76171875 0.7013888890625 0.76171875 0.6986111109375 0.76328125 0.6986111109375 0.7765625 0.7013888890625 0.7796875 0.70694444375 0.78125
0 0.9111111109375001 0.66328125 0.890277778125 0.66171875 0.890277778125 0.6765625 0.9055555562500001 0.6765625 0.9111111109375001 0.6734375 0.9111111109375001 0.66328125
0 0.25694444375000003 0.6359375 0.272222221875 0.6359375 0.28194444375 0.6296875 0.28611111093749997 0.6296875 0.2888888890625 0.625 0.28611111093749997 0.61796875 0.24583333281250003 0.61796875 0.24305555625 0.61953125 0.24305555625 0.6265625 0.2513888890625 0.6328125 0.25694444375000003 0.63359375 0.25694444375000003 0.6359375
0 0.3583333328125 0.4359375 0.3583333328125 0.43046875 0.3611111109375 0.4296875 0.3611111109375 0.42734375 0.352777778125 0.42421875 0.3125 0.42421875 0.309722221875 0.42578125 0.309722221875 0.440625 0.315277778125 0.44375 0.3416666671875 0.44375 0.3583333328125 0.4359375
0 0.952777778125 0.90625 0.9583333328125001 0.9046875 0.959722221875 0.9015625 0.9680555562500001 0.9046875 0.9833333328125 0.903125 0.9888888890624999 0.896875 0.9888888890624999 0.88984375 0.9861111109375 0.88671875 0.98055555625 0.8859375 0.975 0.87890625 0.9708333328125001 0.87890625 0.9638888890624999 0.87421875 0.934722221875 0.87421875 0.93194444375 0.87578125 0.93194444375 0.9015625 0.934722221875 0.9046875 0.952777778125 0.90625
0 0.20972222187499998 0.5609375 0.2138888890625 0.5609375 0.2138888890625 0.55859375 0.21944444375 0.55625 0.21944444375 0.54921875 0.2138888890625 0.54453125 0.190277778125 0.54296875 0.17916666718750002 0.54765625 0.1763888890625 0.5609375 0.18194444375000002 0.5640625 0.20833333281250002 0.5625 0.20972222187499998 0.5609375
0 0.3013888890625 0.2796875 0.3083333328125 0.2796875 0.3111111109375 0.278125 0.3083333328125 0.25703125 0.302777778125 0.25546875 0.2791666671875 0.25546875 0.27638888906250003 0.25703125 0.2791666671875 0.271875 0.29722222187499997 0.2765625 0.3013888890625 0.2796875
0 0.41111111093749997 0.2390625 0.4125 0.2375 0.41944444374999995 0.2375 0.425 0.23125 0.425 0.22265625 0.41944444374999995 0.21796875 0.3986111109375 0.21796875 0.3875 0.22578125 0.3875 0.2359375 0.39305555625 0.2390625 0.41111111093749997 0.2390625
0 0.427777778125 0.41875 0.4388888890625 0.4109375 0.4361111109375 0.40078125 0.43055555625 0.39921875 0.4125 0.39921875 0.40972222187499996 0.40078125 0.40972222187499996 0.415625 0.415277778125 0.41875 0.427777778125 0.41875
0 0.9263888890624999 0.584375 0.934722221875 0.58125 0.9416666671874999 0.58125 0.9444444437499999 0.57578125 0.95 0.5734375 0.95 0.56953125 0.9416666671874999 0.56171875 0.9236111109375 0.56171875 0.9208333328125 0.56328125 0.9208333328125 0.5796875 0.9263888890624999 0.584375
0 0.79444444375 0.75 0.8027777781250001 0.7421875 0.8027777781250001 0.73359375 0.797222221875 0.73046875 0.76805555625 0.73046875 0.765277778125 0.73203125 0.765277778125 0.7484375 0.76805555625 0.7515625 0.79444444375 0.75
0 0.827777778125 0.9765625 0.8333333328125001 0.9734375 0.8333333328125001 0.96796875 0.825 0.9609375 0.827777778125 0.95078125 0.8125 0.94921875 0.809722221875 0.95078125 0.809722221875 0.9734375 0.8208333328125 0.9765625 0.827777778125 0.9765625
0 0.6569444437499999 0.7140625 0.6625 0.7171875 0.6805555562500001 0.7171875 0.6972222218749999 0.7078125 0.6972222218749999 0.69921875 0.6916666671875 0.696875 0.6916666671875 0.69453125 0.6875 0.69453125 0.6861111109375 0.69296875 0.6569444437499999 0.69296875 0.6541666671875 0.69453125 0.6541666671875 0.7109375 0.6569444437499999 0.71171875 0.6569444437499999 0.7140625
0 0.622222221875 0.49375 0.625 0.48359375 0.61944444375 0.48046875 0.590277778125 0.48046875 0.5875 0.48203125 0.5875 0.49375 0.5930555562500001 0.4984375 0.6111111109375 0.4984375 0.622222221875 0.49375
0 0.9083333328125001 0.6421875 0.9083333328125001 0.63984375 0.91805555625 0.6328125 0.9305555562500001 0.63125 0.9305555562500001 0.62578125 0.9277777781250001 0.62421875 0.9013888890624999 0.62421875 0.8986111109375001 0.62578125 0.9013888890624999 0.6421875 0.9083333328125001 0.6421875
0 0.6583333328125 0.5359375 0.6583333328125 0.52578125 0.652777778125 0.52421875 0.6236111109375 0.52421875 0.6208333328125 0.52578125 0.6208333328125 0.5375 0.6319444437499999 0.5421875 0.6416666671875 0.5421875 0.6583333328125 0.5359375
0 0.5416666671875 0.86875 0.5416666671875 0.85703125 0.5305555562500001 0.85078125 0.5236111109375 0.85078125 0.522222221875 0.84921875 0.5013888890625 0.84921875 0.4986111109375 0.85078125 0.4986111109375 0.8734375 0.5013888890625 0.875 0.525 0.875 0.5416666671875 0.86875
0 0.9013888890624999 0.93125 0.922222221875 0.93125 0.9305555562500001 0.9265625 0.9305555562500001 0.91953125 0.91944444375 0.91328125 0.9013888890624999 0.91171875 0.8986111109375001 0.91328125 0.8986111109375001 0.928125 0.9013888890624999 0.92890625 0.9013888890624999 0.93125
0 0.35555555625 0.5734375 0.35555555625 0.55078125 0.334722221875 0.54921875 0.33194444375 0.5734375 0.3375 0.5765625 0.35 0.5765625 0.35555555625 0.5734375
0 0.4861111109375 0.396875 0.5 0.3921875 0.5 0.38203125 0.497222221875 0.38046875 0.4791666671875 0.38046875 0.4763888890625 0.38203125 0.4791666671875 0.396875 0.4861111109375 0.396875
0 0.15972222187500001 0.3875 0.16388888906250001 0.3875 0.177777778125 0.3796875 0.177777778125 0.37578125 0.175 0.37421875 0.15694444375 0.37421875 0.1541666671875 0.37578125 0.1541666671875 0.384375 0.15972222187500001 0.3875
0 0.9263888890624999 0.6578125 0.9388888890624999 0.6578125 0.940277778125 0.65625 0.9444444437499999 0.65625 0.95555555625 0.65 0.95555555625 0.64296875 0.9583333328125001 0.6421875 0.9583333328125001 0.63984375 0.952777778125 0.63671875 0.9263888890624999 0.63671875 0.9208333328125 0.63984375 0.9208333328125 0.6546875 0.9263888890624999 0.6578125
0 0.7486111109375 0.975 0.7611111109375 0.9703125 0.7638888890625 0.96171875 0.76944444375 0.9578125 0.76944444375 0.95078125 0.7638888890625 0.94921875 0.7458333328125 0.94921875 0.7430555562500001 0.95078125 0.7430555562500001 0.971875 0.7486111109375 0.975
0 0.6416666671875 0.575 0.647222221875 0.56875 0.64444444375 0.55703125 0.6416666671875 0.55546875 0.6236111109375 0.55546875 0.6208333328125 0.55703125 0.6208333328125 0.5734375 0.6263888890625 0.5765625 0.6416666671875 0.575
0 0.9486111109375001 0.6 0.952777778125 0.6 0.9541666671875 0.5984375 0.9638888890624999 0.5984375 0.9638888890624999 0.59609375 0.9666666671874999 0.5953125 0.9666666671874999 0.58984375 0.9791666671874999 0.5828125 0.9833333328125 0.5828125 0.9888888890624999 0.5796875 0.9888888890624999 0.57578125 0.9861111109375 0.57421875 0.9486111109375001 0.57421875 0.94305555625 0.57734375 0.94305555625 0.596875 0.9486111109375001 0.6
0 0.40277777812500004 0.4171875 0.40555555625000006 0.4125 0.40277777812500004 0.40234375 0.397222221875 0.39921875 0.3791666671875 0.39921875 0.3763888890625 0.40078125 0.3791666671875 0.4171875 0.384722221875 0.41875 0.40277777812500004 0.4171875
0 0.9736111109375001 0.584375 0.9833333328125 0.5828125 0.9888888890624999 0.5796875 0.9888888890624999 0.57578125 0.9861111109375 0.57421875 0.9486111109375001 0.57421875 0.94305555625 0.57734375 0.94305555625 0.5921875 0.9458333328125 0.59375 0.9583333328125001 0.59375 0.9638888890624999 0.5921875 0.9736111109375001 0.584375
0 0.6083333328125 0.45 0.6138888890625 0.43984375 0.6083333328125 0.43671875 0.590277778125 0.43671875 0.5875 0.43828125 0.5875 0.4484375 0.590277778125 0.45 0.6083333328125 0.45
0 0.997222221875 0.6265625 0.997222221875 0.61796875 0.9791666671874999 0.61796875 0.9763888890624999 0.61953125 0.9791666671874999 0.6296875 0.9916666671875 0.6296875 0.997222221875 0.6265625
0 0.2888888890625 0.3609375 0.2888888890625 0.35078125 0.2791666671875 0.34921875 0.27638888906250003 0.35078125 0.27638888906250003 0.3609375 0.28611111093749997 0.3625 0.2888888890625 0.3609375
0 0.9666666671874999 0.61953125 0.9638888890624999 0.61796875 0.9458333328125 0.61796875 0.94305555625 0.628125 0.9583333328125001 0.6296875 0.9666666671874999 0.6234375 0.9666666671874999 0.61953125
0 0.35555555625 0.13828125 0.334722221875 0.13671875 0.33194444375 0.1484375 0.334722221875 0.15 0.352777778125 0.1484375 0.35555555625 0.13828125
0 0.2208333328125 0.546875 0.23333333281250002 0.5453125 0.24444444375000002 0.540625 0.24444444375000002 0.52578125 0.2416666671875 0.52421875 0.190277778125 0.52421875 0.1875 0.52578125 0.1875 0.5421875 0.19305555624999998 0.5546875 0.2138888890625 0.5546875 0.2208333328125 0.546875
0 0.3638888890625 0.34375 0.36666666718749996 0.33984375 0.375 0.3375 0.372222221875 0.33046875 0.3541666671875 0.33203125 0.3541666671875 0.340625 0.35972222187499997 0.34375 0.3638888890625 0.34375
0 0.8333333328125001 0.9765625 0.834722221875 0.975 0.85 0.9734375 0.852777778125 0.96953125 0.8375 0.96796875 0.827777778125 0.9609375 0.83055555625 0.95234375 0.8222222218749999 0.94921875 0.8125 0.94921875 0.809722221875 0.95078125 0.809722221875 0.9734375 0.81805555625 0.9765625 0.8333333328125001 0.9765625