0 0.59453125 0.06875 0.05859375 0.03984375
0 0.48828125 0.15234375 0.059375 0.028125
0 0.60546875 0.1734375 0.06640625 0.04140625
0 0.51484375 0.17421875 0.059375 0.03125
0 0.553125 0.178125 0.0484375 0.03828125
0 0.56796875 0.20078125 0.0390625 0.0203125
0 0.63359375 0.3046875 0.08359375 0.03125
0 0.690625 0.3265625 0.046875 0.02578125
0 0.6421875 0.32421875 0.065625 0.01875
0 0.703125 0.35 0.0625 0.02734375
0 0.628125 0.3484375 0.0609375 0.02109375
0 0.590625 0.371875 0.075 0.04140625
0 0.49921875 0.3984375 0.0625 0.03125
0 0.48515625 0.4234375 0.07109375 0.03515625
0 0.54921875 0.4296875 0.02890625 0.021875
0 0.73671875 0.44921875 0.07109375 0.025
0 0.53359375 0.4609375 0.05546875 0.02421875
0 0.615625 0.50859375 0.0734375 0.04375
0 0.5546875 0.509375 0.05390625 0.0375
0 0.75703125 0.51796875 0.08046875 0.0359375
0 0.67890625 0.5296875 0.071875 0.0328125
0 0.4046875 0.58125 0.07890625 0.0328125
0 0.609375 0.6015625 0.07109375 0.040625
0 0.8078125 0.596875 0.06796875 0.03203125
0 0.68359375 0.621875 0.071875 0.03828125
0 0.43984375 0.6265625 0.06796875 0.03046875
0 0.4828125 0.621875 0.03203125 0.01484375
0 0.6328125 0.6359375 0.04296875 0.02890625
0 0.5796875 0.6484375 0.0875 0.04140625
0 0.70546875 0.65 0.05546875 0.028125
0 0.75703125 0.65625 0.046875 0.03984375
0 0.5515625 0.6796875 0.0640625 0.03515625
0 0.628125 0.6953125 0.04453125 0.04453125
0 0.67578125 0.70625 0.06796875 0.04609375
0 0.309375 0.7859375 0.084375 0.02890625
0 0.696875 0.8125 0.06796875 0.0484375
0 0.47578125 0.88359375 0.0484375 0.0328125
0 0.1140625 0.88359375 0.0859375 0.03125
0 0.32421875 0.90078125 0.06796875 0.0421875