0 0.46666666718750005 0.48828125 0.46388888906250003 0.48671875 0.434722221875 0.48671875 0.43194444374999996 0.48828125 0.434722221875 0.5046875 0.45277777812500003 0.5046875 0.46666666718750005 0.4984375 0.46666666718750005 0.48828125
0 0.28611111093749997 0.2359375 0.2888888890625 0.22734375 0.2833333328125 0.22421875 0.25694444375000003 0.22421875 0.2541666671875 0.22578125 0.2541666671875 0.2375 0.25694444375000003 0.240625 0.275 0.240625 0.28611111093749997 0.2359375
0 0.5305555562500001 0.48671875 0.5013888890625 0.48671875 0.4986111109375 0.48828125 0.5013888890625 0.5 0.5305555562500001 0.5 0.5333333328125 0.4984375 0.5305555562500001 0.48671875
0 0.9166666671874999 0.3890625 0.922222221875 0.3875 0.9305555562500001 0.3796875 0.9277777781250001 0.37109375 0.91944444375 0.36796875 0.890277778125 0.36796875 0.8875 0.36953125 0.8875 0.3859375 0.8986111109375001 0.3890625 0.9166666671874999 0.3890625
0 0.525 0.46484375 0.51944444375 0.46171875 0.5013888890625 0.46171875 0.4986111109375 0.4734375 0.51944444375 0.475 0.525 0.471875 0.525 0.46484375
0 0.922222221875 0.509375 0.922222221875 0.50078125 0.9013888890624999 0.49921875 0.8986111109375001 0.5109375 0.9013888890624999 0.5140625 0.9111111109375001 0.5140625 0.922222221875 0.509375
0 0.322222221875 0.3453125 0.31944444375000003 0.33671875 0.2875 0.33828125 0.2875 0.3453125 0.2958333328125 0.35 0.3138888890625 0.35 0.322222221875 0.3453125
0 0.815277778125 0.4125 0.83055555625 0.4109375 0.8361111109375001 0.403125 0.8361111109375001 0.39609375 0.83055555625 0.39296875 0.8013888890624999 0.39296875 0.7986111109375 0.39453125 0.7986111109375 0.4046875 0.8013888890624999 0.4078125 0.815277778125 0.4125
0 0.6805555562500001 0.3625 0.6805555562500001 0.35234375 0.675 0.34921875 0.6569444437499999 0.34921875 0.6541666671875 0.35078125 0.6541666671875 0.3671875 0.672222221875 0.36875 0.6805555562500001 0.3625
0 0.7583333328124999 0.4921875 0.75555555625 0.48203125 0.752777778125 0.48046875 0.734722221875 0.48046875 0.73194444375 0.48203125 0.73194444375 0.4984375 0.75 0.5 0.7583333328124999 0.4921875
0 0.66805555625 0.4125 0.672222221875 0.4125 0.675 0.4109375 0.675 0.40390625 0.6666666671875 0.39921875 0.6458333328125 0.39921875 0.64305555625 0.40078125 0.64305555625 0.415625 0.6486111109375 0.41875 0.6611111109375 0.4171875 0.66805555625 0.4125
0 0.29722222187499997 0.31875 0.30555555624999997 0.3125 0.30555555624999997 0.30546875 0.29722222187499997 0.29921875 0.2791666671875 0.29921875 0.27638888906250003 0.30078125 0.27638888906250003 0.3171875 0.2791666671875 0.31875 0.29722222187499997 0.31875
0 0.13333333281249998 0.1890625 0.134722221875 0.190625 0.15 0.190625 0.15555555625 0.1875 0.15555555625 0.17421875 0.14444444375 0.16796875 0.12361111093749999 0.16796875 0.1208333328125 0.16953125 0.1208333328125 0.1859375 0.1291666671875 0.1890625 0.13333333281249998 0.1890625
0 0.9416666671874999 0.525 0.9444444437499999 0.52109375 0.952777778125 0.51875 0.95555555625 0.515625 0.952777778125 0.50703125 0.9236111109375 0.50546875 0.9208333328125 0.50703125 0.9208333328125 0.521875 0.9263888890624999 0.525 0.9416666671874999 0.525
0 0.372222221875 0.3046875 0.377777778125 0.3 0.377777778125 0.28828125 0.34861111093749997 0.28671875 0.34305555625 0.28984375 0.34305555625 0.3046875 0.3458333328125 0.30625 0.372222221875 0.3046875
0 0.73055555625 0.28125 0.74444444375 0.2734375 0.74444444375 0.26953125 0.747222221875 0.26875 0.747222221875 0.26484375 0.7416666671875001 0.26171875 0.7125 0.26171875 0.709722221875 0.26328125 0.709722221875 0.2796875 0.7125 0.28125 0.73055555625 0.28125
0 0.6388888890625 0.42578125 0.6333333328124999 0.42421875 0.609722221875 0.42578125 0.6125 0.434375 0.63055555625 0.434375 0.6388888890625 0.4296875 0.6388888890625 0.42578125
0 0.11944444375 0.16875 0.13333333281249998 0.1609375 0.13055555624999998 0.15078125 0.1263888890625 0.15078125 0.125 0.14921875 0.10138888906250001 0.14921875 0.0986111109375 0.15078125 0.0986111109375 0.165625 0.1041666671875 0.16875 0.11944444375 0.16875
0 0.972222221875 0.3796875 0.972222221875 0.37578125 0.9458333328125 0.37421875 0.94305555625 0.37578125 0.94305555625 0.3859375 0.9458333328125 0.3890625 0.952777778125 0.3890625 0.9638888890624999 0.3859375 0.972222221875 0.3796875
0 0.79305555625 0.49375 0.8083333328125001 0.4921875 0.8194444437499999 0.4859375 0.8194444437499999 0.47734375 0.8166666671874999 0.47578125 0.8125 0.47578125 0.8111111109375001 0.47421875 0.79305555625 0.47421875 0.7875 0.47734375 0.7875 0.490625 0.79305555625 0.49375
0 0.030555556249999997 0.34375 0.0388888890625 0.3359375 0.0361111109375 0.32734375 0.030555556249999997 0.32421875 0.0125 0.32421875 0.009722221875000001 0.32578125 0.009722221875000001 0.340625 0.015277778124999999 0.34375 0.030555556249999997 0.34375
0 0.175 0.471875 0.18194444375000002 0.4671875 0.1861111109375 0.4671875 0.1861111109375 0.45859375 0.177777778125 0.45546875 0.1458333328125 0.45546875 0.14305555625 0.45703125 0.14305555625 0.471875 0.14861111093749999 0.475 0.16388888906250001 0.475 0.175 0.471875
0 0.63055555625 0.4625 0.6416666671875 0.45625 0.6416666671875 0.44453125 0.6125 0.44296875 0.609722221875 0.44453125 0.609722221875 0.459375 0.6125 0.4625 0.63055555625 0.4625
0 0.8083333328125001 0.3890625 0.8111111109375001 0.38359375 0.8055555562500001 0.38046875 0.76805555625 0.38046875 0.765277778125 0.38203125 0.765277778125 0.3921875 0.7736111109375 0.3953125 0.7888888890625 0.3953125 0.8027777781250001 0.3921875 0.8083333328125001 0.3890625
0 0.8236111109375001 0.6125 0.827777778125 0.6125 0.8458333328125001 0.621875 0.852777778125 0.621875 0.8583333328125 0.6171875 0.8583333328125 0.61328125 0.8611111109375 0.6125 0.8611111109375 0.60703125 0.8583333328125 0.60625 0.85555555625 0.60078125 0.852777778125 0.59921875 0.8236111109375001 0.59921875 0.8208333328125 0.60078125 0.8208333328125 0.609375 0.8236111109375001 0.61015625 0.8236111109375001 0.6125
0 0.575 0.45703125 0.55694444375 0.45546875 0.5541666671875001 0.4671875 0.55694444375 0.46875 0.5722222218749999 0.4671875 0.575 0.45703125
0 0.08055555625000001 0.19921875 0.06805555625000001 0.19921875 0.06805555625000001 0.2171875 0.0861111109375 0.2171875 0.0888888890625 0.20234375 0.08055555625000001 0.19921875
0 0.997222221875 0.428125 0.99444444375 0.41796875 0.9680555562500001 0.41796875 0.965277778125 0.41953125 0.965277778125 0.4296875 0.9708333328125001 0.4328125 0.9888888890624999 0.43125 0.997222221875 0.428125
0 0.09444444375 0.1921875 0.102777778125 0.1859375 0.102777778125 0.17734375 0.097222221875 0.17421875 0.0791666671875 0.17421875 0.07638888906249999 0.17578125 0.07638888906249999 0.1859375 0.0791666671875 0.1890625 0.09444444375 0.1921875
0 0.51944444375 0.5546875 0.522222221875 0.53828125 0.5013888890625 0.53671875 0.4986111109375 0.53828125 0.4986111109375 0.553125 0.5041666671875 0.55625 0.51944444375 0.5546875
0 0.6805555562500001 0.4296875 0.6805555562500001 0.41953125 0.6569444437499999 0.41796875 0.6541666671875 0.41953125 0.6569444437499999 0.4328125 0.675 0.434375 0.6805555562500001 0.4296875
0 0.95694444375 0.42421875 0.9541666671875 0.434375 0.9666666671874999 0.4359375 0.9666666671874999 0.42578125 0.95694444375 0.42421875
0 0.7791666671875 0.65703125 0.7763888890625 0.66015625 0.7763888890625 0.678125 0.7791666671875 0.6796875 0.7861111109375 0.6796875 0.7958333328125 0.671875 0.8013888890624999 0.6703125 0.8166666671874999 0.6703125 0.8222222218749999 0.6671875 0.8222222218749999 0.65703125 0.8166666671874999 0.65078125 0.8111111109375001 0.64921875 0.790277778125 0.64921875 0.7875 0.653125 0.7791666671875 0.65703125
0 0.852777778125 0.659375 0.8666666671875 0.6546875 0.8666666671875 0.64453125 0.8638888890624999 0.64296875 0.8236111109375001 0.64296875 0.8208333328125 0.64453125 0.8208333328125 0.6546875 0.8333333328125001 0.6578125 0.8375 0.6609375 0.852777778125 0.659375
0 0.8861111109375001 0.51484375 0.8916666671875 0.5125 0.8916666671875 0.50703125 0.8680555562500001 0.50546875 0.8652777781250001 0.50703125 0.8680555562500001 0.5140625 0.8861111109375001 0.5171875 0.8861111109375001 0.51484375
0 0.36666666718749996 0.25703125 0.3458333328125 0.25546875 0.34305555625 0.2671875 0.3458333328125 0.26875 0.3638888890625 0.2671875 0.36666666718749996 0.25703125
0 0.41111111093749997 0.30703125 0.39027777812500003 0.30546875 0.3875 0.3234375 0.40555555625000006 0.325 0.41111111093749997 0.321875 0.41111111093749997 0.30703125
0 0.14861111093749999 0.20625 0.15555555625 0.2046875 0.15555555625 0.19609375 0.15 0.19296875 0.12361111093749999 0.19296875 0.1208333328125 0.19453125 0.1208333328125 0.20625 0.12361111093749999 0.209375 0.1416666671875 0.2109375 0.14861111093749999 0.20625
0 0.13055555624999998 0.2734375 0.13333333281249998 0.26875 0.13055555624999998 0.25859375 0.12222222187500001 0.25546875 0.10138888906250001 0.25546875 0.0986111109375 0.2734375 0.1041666671875 0.2765625 0.11944444375 0.2765625 0.13055555624999998 0.2734375
0 0.897222221875 0.5296875 0.897222221875 0.52734375 0.902777778125 0.525 0.902777778125 0.51953125 0.8791666671874999 0.51796875 0.8763888890624999 0.51953125 0.8763888890624999 0.528125 0.8819444437499999 0.53125 0.897222221875 0.5296875
0 0.6888888890625 0.4734375 0.6888888890625 0.46328125 0.66805555625 0.46171875 0.665277778125 0.4734375 0.6708333328125 0.4765625 0.6833333328125 0.4765625 0.6888888890625 0.4734375
0 0.4361111109375 0.31328125 0.4125 0.31171875 0.40972222187499996 0.3234375 0.43055555625 0.325 0.4361111109375 0.321875 0.4361111109375 0.31328125
0 0.997222221875 0.403125 0.99444444375 0.39453125 0.9861111109375 0.39296875 0.9680555562500001 0.39296875 0.965277778125 0.39453125 0.965277778125 0.4046875 0.9708333328125001 0.4078125 0.9861111109375 0.4078125 0.997222221875 0.403125
0 0.775 0.4875 0.777777778125 0.48359375 0.7861111109375 0.4796875 0.7861111109375 0.47421875 0.775 0.46796875 0.7569444437499999 0.46796875 0.7541666671875 0.46953125 0.7541666671875 0.4828125 0.7569444437499999 0.4859375 0.775 0.4875
0 0.075 0.2921875 0.08055555625000001 0.2859375 0.08055555625000001 0.27578125 0.075 0.27421875 0.0458333328125 0.27421875 0.04305555625 0.27578125 0.0458333328125 0.2890625 0.0625 0.2921875 0.075 0.2921875
0 0.28611111093749997 0.221875 0.29722222187499997 0.215625 0.3 0.20703125 0.29722222187499997 0.20546875 0.26805555625 0.20546875 0.26527777812500003 0.20703125 0.26805555625 0.2203125 0.2708333328125 0.221875 0.28611111093749997 0.221875
0 0.08055555625000001 0.19375 0.077777778125 0.18828125 0.06944444375 0.18671875 0.05694444375 0.18671875 0.054166667187499996 0.18828125 0.054166667187499996 0.1984375 0.059722221875 0.2015625 0.077777778125 0.1984375 0.08055555625000001 0.19375
0 0.3111111109375 0.46328125 0.290277778125 0.46171875 0.2875 0.46328125 0.290277778125 0.4765625 0.3083333328125 0.475 0.3111111109375 0.46328125
0 0.09444444375 0.171875 0.102777778125 0.1671875 0.1 0.15703125 0.097222221875 0.15546875 0.0791666671875 0.15546875 0.07638888906249999 0.15703125 0.0791666671875 0.1703125 0.08194444375 0.171875 0.09444444375 0.171875
0 0.46666666718750005 0.35859375 0.4611111109375 0.35546875 0.4458333328125 0.35546875 0.44305555625000004 0.3671875 0.4611111109375 0.36875 0.46666666718750005 0.365625 0.46666666718750005 0.35859375
0 0.0638888890625 0.3046875 0.06944444375 0.2984375 0.0666666671875 0.28828125 0.0458333328125 0.28671875 0.04305555625 0.28828125 0.0458333328125 0.303125 0.0486111109375 0.3046875 0.0638888890625 0.3046875
0 0.077777778125 0.14453125 0.075 0.14296875 0.05694444375 0.14296875 0.054166667187499996 0.14453125 0.05694444375 0.1546875 0.0638888890625 0.1546875 0.077777778125 0.1484375 0.077777778125 0.14453125
0 0.3083333328125 0.4234375 0.3083333328125 0.41953125 0.290277778125 0.41796875 0.2875 0.428125 0.3 0.4296875 0.3 0.42734375 0.3083333328125 0.4234375
0 0.18194444375000002 0.25 0.1916666671875 0.2484375 0.197222221875 0.2453125 0.2 0.23984375 0.19444444375 0.23671875 0.17916666718750002 0.23671875 0.1763888890625 0.23828125 0.1763888890625 0.246875 0.18194444375000002 0.25
0 0.019444443750000002 0.190625 0.027777778125000003 0.1859375 0.027777778125000003 0.18203125 0.022222221875 0.17578125 0.015277778124999999 0.17421875 0.009722221875000001 0.17734375 0.009722221875000001 0.1875 0.0125 0.190625 0.019444443750000002 0.190625
0 0.522222221875 0.43125 0.522222221875 0.42578125 0.5013888890625 0.42421875 0.4986111109375 0.4359375 0.5013888890625 0.4375 0.5166666671875 0.4359375 0.522222221875 0.43125
0 0.097222221875 0.3234375 0.1 0.31484375 0.09444444375 0.31171875 0.0791666671875 0.31171875 0.07638888906249999 0.3234375 0.0791666671875 0.3265625 0.0888888890625 0.3265625 0.097222221875 0.3234375
0 0.44166666718750003 0.33828125 0.4236111109375 0.33671875 0.42083333281249996 0.3484375 0.4236111109375 0.35 0.4388888890625 0.3484375 0.44166666718750003 0.33828125
0 0.272222221875 0.2609375 0.275 0.2546875 0.272222221875 0.25078125 0.2638888890625 0.24921875 0.2375 0.24921875 0.23194444375 0.25234375 0.23472222187499997 0.2671875 0.25 0.2671875 0.2541666671875 0.2640625 0.272222221875 0.2609375
0 0.39027777812500003 0.3 0.40833333281249995 0.3 0.41944444374999995 0.290625 0.4166666671875 0.28359375 0.41111111093749997 0.28046875 0.39305555625 0.28046875 0.3875 0.28359375 0.3875 0.296875 0.39027777812500003 0.29765625 0.39027777812500003 0.3
0 0.0638888890625 0.2328125 0.072222221875 0.228125 0.075 0.22109375 0.0666666671875 0.21796875 0.0458333328125 0.21796875 0.04305555625 0.21953125 0.04305555625 0.2296875 0.0486111109375 0.2328125 0.0638888890625 0.2328125
0 0.0791666671875 0.28125 0.0861111109375 0.28125 0.09444444375 0.2734375 0.0916666671875 0.26484375 0.0861111109375 0.26171875 0.06805555625000001 0.26171875 0.06527777812499999 0.26328125 0.06527777812499999 0.275 0.06805555625000001 0.278125 0.0791666671875 0.28125
0 0.5041666671875 0.55625 0.51944444375 0.5546875 0.522222221875 0.53984375 0.5166666671875 0.53671875 0.4791666671875 0.53671875 0.4763888890625 0.53828125 0.4763888890625 0.5484375 0.48194444374999995 0.5515625 0.4916666671875 0.5515625 0.5041666671875 0.55625
0 0.21111111093749999 0.20703125 0.190277778125 0.20546875 0.1875 0.2171875 0.20555555625 0.21875 0.21111111093749999 0.215625 0.21111111093749999 0.20703125
0 0.39444444375 0.30703125 0.36805555624999997 0.30546875 0.365277778125 0.3171875 0.384722221875 0.321875 0.39444444375 0.321875 0.39444444375 0.30703125
0 0.097222221875 0.3703125 0.10555555624999999 0.365625 0.10833333281249999 0.35859375 0.1 0.35546875 0.0791666671875 0.35546875 0.07638888906249999 0.35703125 0.07638888906249999 0.3671875 0.08194444375 0.3703125 0.097222221875 0.3703125
0 0.41944444374999995 0.3546875 0.41944444374999995 0.34765625 0.41111111093749997 0.34296875 0.40138888906250003 0.34296875 0.3986111109375 0.3546875 0.40138888906250003 0.3578125 0.41111111093749997 0.3578125 0.41944444374999995 0.3546875
0 0.3013888890625 0.40625 0.3083333328125 0.40625 0.3138888890625 0.39921875 0.31944444375000003 0.396875 0.31944444375000003 0.38828125 0.3166666671875 0.38671875 0.3013888890625 0.38671875 0.2986111109375 0.38828125 0.2986111109375 0.4046875 0.3013888890625 0.40625
0 0.652777778125 0.48125 0.6555555562500001 0.46953125 0.652777778125 0.46796875 0.6347222218749999 0.46796875 0.6319444437499999 0.46953125 0.6319444437499999 0.4796875 0.6347222218749999 0.48125 0.652777778125 0.48125
0 0.8055555562500001 0.6375 0.8138888890624999 0.6296875 0.8111111109375001 0.61953125 0.8083333328125001 0.61796875 0.790277778125 0.61796875 0.7875 0.61953125 0.7875 0.6328125 0.790277778125 0.6359375 0.8055555562500001 0.6375
0 0.41944444374999995 0.4453125 0.425 0.4421875 0.42222222187499997 0.43203125 0.41944444374999995 0.43046875 0.40138888906250003 0.43046875 0.3986111109375 0.43203125 0.40138888906250003 0.4453125 0.40416666718750005 0.446875 0.41944444374999995 0.4453125
0 0.197222221875 0.3765625 0.20833333281250002 0.371875 0.20833333281250002 0.36328125 0.20555555625 0.36171875 0.190277778125 0.36171875 0.1875 0.36328125 0.190277778125 0.3765625 0.197222221875 0.3765625
0 0.275 0.25078125 0.26944444375 0.24921875 0.24305555625 0.25078125 0.24583333281250003 0.2640625 0.25833333281250004 0.2640625 0.275 0.259375 0.275 0.25078125
0 0.34722222187499996 0.38359375 0.3416666671875 0.38046875 0.3236111109375 0.38046875 0.32083333281250004 0.3921875 0.3416666671875 0.39375 0.34722222187499996 0.390625 0.34722222187499996 0.38359375
0 0.29444444375 0.3859375 0.29444444375 0.38203125 0.2791666671875 0.38046875 0.27638888906250003 0.3890625 0.2791666671875 0.3921875 0.28611111093749997 0.3921875 0.29444444375 0.3859375
0 0.19305555624999998 0.19375 0.197222221875 0.19375 0.2 0.190625 0.197222221875 0.18046875 0.1763888890625 0.18203125 0.17916666718750002 0.1984375 0.1861111109375 0.1984375 0.19305555624999998 0.19375
0 0.897222221875 0.53125 0.9055555562500001 0.5234375 0.9055555562500001 0.51953125 0.8791666671874999 0.51796875 0.8763888890624999 0.51953125 0.8763888890624999 0.5296875 0.8791666671874999 0.53125 0.897222221875 0.53125
0 0.0916666671875 0.275 0.0888888890625 0.26328125 0.08333333281250001 0.26171875 0.05694444375 0.26171875 0.054166667187499996 0.26328125 0.054166667187499996 0.271875 0.059722221875 0.2765625 0.0888888890625 0.2796875 0.0916666671875 0.275
0 0.6416666671875 0.45625 0.6416666671875 0.45078125 0.6388888890625 0.44921875 0.6125 0.44921875 0.609722221875 0.45078125 0.609722221875 0.4609375 0.6125 0.4640625 0.627777778125 0.4640625 0.6416666671875 0.45625
0 0.5111111109375 0.5328125 0.5111111109375 0.52578125 0.490277778125 0.52421875 0.4875 0.52578125 0.490277778125 0.534375 0.50555555625 0.5359375 0.5111111109375 0.5328125
0 0.0638888890625 0.3296875 0.0666666671875 0.31484375 0.061111110937500004 0.31171875 0.0458333328125 0.31171875 0.04305555625 0.31328125 0.04305555625 0.328125 0.0486111109375 0.33125 0.0638888890625 0.3296875
0 0.40833333281249995 0.3 0.4166666671875 0.29375 0.4166666671875 0.28828125 0.39027777812500003 0.28671875 0.3875 0.28828125 0.3875 0.2984375 0.39027777812500003 0.3 0.40833333281249995 0.3
0 0.2638888890625 0.325 0.2666666671875 0.32109375 0.275 0.3171875 0.275 0.31328125 0.25694444375000003 0.31171875 0.2541666671875 0.31328125 0.2541666671875 0.321875 0.259722221875 0.325 0.2638888890625 0.325
0 0.5111111109375 0.51953125 0.5041666671875 0.51796875 0.4986111109375 0.52109375 0.4986111109375 0.5328125 0.5083333328124999 0.5359375 0.5111111109375 0.51953125
0 0.15694444375 0.47421875 0.1541666671875 0.47578125 0.1541666671875 0.4796875 0.15694444375 0.48125 0.16388888906250001 0.48125 0.165277778125 0.4828125 0.1861111109375 0.48125 0.1888888890625 0.4796875 0.1888888890625 0.46953125 0.1861111109375 0.46796875 0.17916666718750002 0.46796875 0.177777778125 0.46953125 0.15694444375 0.47421875