0 0.51171875 0.1984375 0.0265625 0.01484375
0 0.540625 0.22578125 0.0265625 0.0125
0 0.628125 0.2375 0.025 0.015625
0 0.5234375 0.25 0.01953125 0.01328125
0 0.45625 0.2515625 0.015625 0.01015625
0 0.559375 0.2609375 0.02890625 0.01484375
0 0.65546875 0.2671875 0.03046875 0.028125
0 0.53046875 0.26484375 0.01640625 0.0109375
0 0.44921875 0.2703125 0.03203125 0.01875
0 0.47578125 0.271875 0.0265625 0.01640625
0 0.70625 0.27109375 0.009375 0.009375
0 0.6140625 0.27578125 0.025 0.015625
0 0.63828125 0.29375 0.0265625 0.01640625
0 0.665625 0.29296875 0.0234375 0.0109375
0 0.5765625 0.303125 0.0140625 0.015625
0 0.45625 0.3265625 0.009375 0.00859375
0 0.37734375 0.3640625 0.03203125 0.0140625
0 0.2296875 0.365625 0.02109375 0.00625
0 0.24453125 0.375 0.021875 0.01484375
0 0.203125 0.384375 0.01953125 0.009375
0 0.2296875 0.390625 0.02890625 0.01328125
0 0.68203125 0.403125 0.0390625 0.01171875
0 0.3328125 0.4078125 0.0265625 0.01640625
0 0.5484375 0.4046875 0.01640625 0.01171875
0 0.453125 0.4078125 0.02109375 0.01484375
0 0.515625 0.41484375 0.04140625 0.025
0 0.41171875 0.4296875 0.009375 0.00859375
0 0.46171875 0.43828125 0.02890625 0.0140625
0 0.7546875 0.44375 0.0125 0.00703125
0 0.7296875 0.4515625 0.015625 0.01328125
0 0.39453125 0.45546875 0.01953125 0.009375
0 0.41953125 0.471875 0.046875 0.0171875
0 0.44609375 0.50859375 0.0109375 0.0046875
0 0.30078125 0.525 0.01796875 0.01171875
0 0.31640625 0.5390625 0.0109375 0.0109375
0 0.5703125 0.5578125 0.034375 0.0171875
0 0.3 0.5640625 0.025 0.01484375
0 0.64140625 0.5625 0.0140625 0.01015625
0 0.39453125 0.575 0.01640625 0.00625
0 0.615625 0.5921875 0.04140625 0.02109375
0 0.2703125 0.6015625 0.009375 0.01015625
0 0.503125 0.60625 0.02109375 0.01640625
0 0.30546875 0.609375 0.0109375 0.00703125
0 0.72734375 0.6125 0.02109375 0.0125
0 0.578125 0.621875 0.0390625 0.01484375
0 0.8421875 0.628125 0.009375 0.01015625
0 0.009375 0.62890625 0.0125 0.0109375
0 0.3671875 0.646875 0.04609375 0.0203125
0 0.3078125 0.6546875 0.04609375 0.01640625
0 0.08984375 0.66484375 0.015625 0.01875
0 0.3296875 0.6671875 0.040625 0.01953125
0 0.634375 0.68046875 0.04609375 0.025
0 0.86328125 0.67890625 0.0265625 0.0140625
0 0.65625 0.684375 0.0265625 0.01640625
0 0.13984375 0.69375 0.03203125 0.01640625
0 0.66796875 0.70546875 0.01640625 0.0109375
0 0.60859375 0.71015625 0.01953125 0.0125
0 0.63046875 0.71796875 0.03359375 0.0140625
0 0.11640625 0.725 0.03359375 0.02109375
0 0.7546875 0.72421875 0.0234375 0.0125
0 0.85390625 0.7453125 0.03046875 0.01328125
0 0.7421875 0.7484375 0.02109375 0.0125
0 0.76015625 0.753125 0.02109375 0.01953125
0 0.80234375 0.7515625 0.015625 0.01640625
0 0.734375 0.759375 0.04296875 0.01484375
0 0.753125 0.78125 0.03046875 0.01875
0 0.73828125 0.7921875 0.03203125 0.01640625
0 0.87109375 0.35625 0.01015625 0.00546875
0 0.8609375 0.35546875 0.01015625 0.0046875
0 0.9234375 0.37421875 0.0109375 0.00390625
0 0.915625 0.3203125 0.009375 0.00625
0 0.90625 0.32265625 0.0078125 0.00625
0 0.92109375 0.328125 0.009375 0.0046875
0 0.91171875 0.3296875 0.00859375 0.00390625
0 0.940625 0.33671875 0.0109375 0.0046875
0 0.0078125 0.33984375 0.0140625 0.0109375
0 0.034375 0.375 0.0125 0.00703125
0 0.04453125 0.3828125 0.01171875 0.00703125
0 0.05625 0.3953125 0.01640625 0.009375
0 0.1546875 0.4296875 0.01171875 0.00703125