0 0.26527777812500003 0.6109375 0.26805555625 0.6140625 0.2791666671875 0.61875 0.3166666671875 0.61875 0.322222221875 0.615625 0.322222221875 0.61328125 0.33055555625 0.609375 0.33055555625 0.60546875 0.3333333328125 0.6046875 0.3333333328125 0.59296875 0.33055555625 0.5921875 0.33055555625 0.58828125 0.3166666671875 0.58046875 0.2791666671875 0.58046875 0.272222221875 0.58515625 0.26805555625 0.58515625 0.26527777812500003 0.58828125 0.26527777812500003 0.6109375
0 0.6125 0.5484375 0.6166666671875001 0.5484375 0.6263888890625 0.5546875 0.63055555625 0.5546875 0.6319444437499999 0.55625 0.672222221875 0.55625 0.68194444375 0.55 0.6888888890625 0.5484375 0.6888888890625 0.54453125 0.6972222218749999 0.5375 0.6972222218749999 0.52890625 0.6888888890625 0.5234375 0.6888888890625 0.52109375 0.6777777781250001 0.515625 0.675 0.51171875 0.6208333328125 0.51171875 0.61944444375 0.51328125 0.6152777781250001 0.51328125 0.609722221875 0.51796875 0.609722221875 0.54375 0.6125 0.54453125 0.6125 0.5484375
0 0.3125 0.565625 0.32083333281250004 0.56875 0.35 0.56875 0.35972222187499997 0.5625 0.3638888890625 0.5625 0.36666666718749996 0.55859375 0.375 0.5546875 0.375 0.54921875 0.377777778125 0.5484375 0.377777778125 0.54609375 0.36666666718749996 0.5359375 0.36666666718749996 0.53203125 0.3638888890625 0.53046875 0.315277778125 0.53046875 0.309722221875 0.53359375 0.309722221875 0.5625 0.3125 0.56328125 0.3125 0.565625
0 0.055555556250000006 0.2875 0.055555556250000006 0.27578125 0.052777778124999994 0.27421875 0.0236111109375 0.27421875 0.0208333328125 0.27578125 0.0236111109375 0.2921875 0.0416666671875 0.29375 0.0486111109375 0.2890625 0.055555556250000006 0.2875
0 0.709722221875 0.50390625 0.709722221875 0.53125 0.7125 0.53203125 0.7125 0.534375 0.7208333328125 0.5390625 0.725 0.5390625 0.734722221875 0.54375 0.7666666671875 0.54375 0.76805555625 0.5421875 0.775 0.5421875 0.775 0.53984375 0.7888888890625 0.534375 0.7888888890625 0.52890625 0.797222221875 0.5234375 0.797222221875 0.51171875 0.7916666671875 0.509375 0.7888888890625 0.50234375 0.7638888890625 0.49296875 0.7263888890625 0.49296875 0.725 0.49453125 0.7208333328125 0.49453125 0.7208333328125 0.496875 0.7125 0.50078125 0.7125 0.503125 0.709722221875 0.50390625
0 0.43055555625 0.2421875 0.43055555625 0.23984375 0.43333333281249997 0.2390625 0.43333333281249997 0.23359375 0.44444444375 0.228125 0.44444444375 0.21953125 0.44166666718750003 0.21796875 0.4125 0.21796875 0.40972222187499996 0.21953125 0.40972222187499996 0.2328125 0.4236111109375 0.2421875 0.43055555625 0.2421875
0 0.55 0.25625 0.5638888890625 0.246875 0.5638888890625 0.23203125 0.5583333328125 0.23046875 0.534722221875 0.23046875 0.5319444437499999 0.23203125 0.5319444437499999 0.2546875 0.534722221875 0.25625 0.55 0.25625
0 0.11388888906250001 0.3015625 0.11388888906250001 0.29453125 0.090277778125 0.29296875 0.0875 0.29453125 0.090277778125 0.3078125 0.10555555624999999 0.3078125 0.11388888906250001 0.3015625
0 0.46388888906250003 0.25 0.46666666718750005 0.24609375 0.475 0.24375 0.477777778125 0.240625 0.477777778125 0.23359375 0.47222222187499996 0.23046875 0.434722221875 0.23046875 0.43194444374999996 0.23203125 0.43194444374999996 0.2484375 0.434722221875 0.25 0.4583333328125 0.2515625 0.46388888906250003 0.25
0 0.0486111109375 0.3078125 0.06944444375 0.3078125 0.077777778125 0.3046875 0.077777778125 0.28984375 0.072222221875 0.28671875 0.0458333328125 0.28828125 0.0458333328125 0.2921875 0.04305555625 0.29296875 0.04305555625 0.3046875 0.0486111109375 0.3078125
0 0.11944444375 0.175 0.12222222187500001 0.1734375 0.12222222187500001 0.15703125 0.11944444375 0.15546875 0.090277778125 0.15546875 0.0875 0.15703125 0.0875 0.1734375 0.0986111109375 0.1765625 0.11944444375 0.175
0 0.10833333281249999 0.60625 0.109722221875 0.6078125 0.13055555624999998 0.6078125 0.13194444375 0.60625 0.13888888906250002 0.60625 0.15277777812499999 0.5984375 0.15555555625 0.58359375 0.15 0.58046875 0.1125 0.58046875 0.10694444375 0.58203125 0.0986111109375 0.58828125 0.0986111109375 0.603125 0.10138888906250001 0.60625 0.10833333281249999 0.60625
0 0.0861111109375 0.2921875 0.0875 0.2890625 0.1 0.2859375 0.1 0.26953125 0.097222221875 0.26796875 0.06805555625000001 0.26796875 0.06527777812499999 0.26953125 0.06527777812499999 0.2859375 0.0791666671875 0.2921875 0.0861111109375 0.2921875
0 0.9625 0.40234375 0.965277778125 0.415625 0.9708333328125001 0.41875 0.997222221875 0.41875 0.9986111109375001 0.36953125 0.959722221875 0.36796875 0.9541666671875 0.37109375 0.9541666671875 0.39375 0.95694444375 0.4 0.9625 0.40234375
0 0.1583333328125 0.46484375 0.15277777812499999 0.45859375 0.14444444375 0.45546875 0.134722221875 0.45546875 0.13194444375 0.4734375 0.134722221875 0.475 0.1583333328125 0.4734375 0.1583333328125 0.46484375
0 0.6125 0.4203125 0.6166666671875001 0.4203125 0.6236111109375 0.4234375 0.63055555625 0.4234375 0.6375 0.41875 0.64444444375 0.4171875 0.64444444375 0.41484375 0.65 0.4109375 0.65 0.40546875 0.6416666671875 0.39921875 0.6152777781250001 0.39921875 0.609722221875 0.40234375 0.609722221875 0.4171875 0.6125 0.41796875 0.6125 0.4203125
0 0.6319444437499999 0.6484375 0.6347222218749999 0.64921875 0.6347222218749999 0.6515625 0.647222221875 0.6515625 0.6486111109375 0.65 0.6555555562500001 0.65 0.6638888890625 0.646875 0.6666666671875 0.63984375 0.66944444375 0.6390625 0.66944444375 0.62890625 0.6638888890625 0.62421875 0.6458333328125 0.62578125 0.64305555625 0.634375 0.6319444437499999 0.64140625 0.6319444437499999 0.6484375
0 0.51944444375 0.2625 0.5305555562500001 0.25625 0.5305555562500001 0.25390625 0.5333333328125 0.253125 0.5333333328125 0.24921875 0.5305555562500001 0.2484375 0.5305555562500001 0.24140625 0.525 0.23828125 0.5208333328125 0.23828125 0.51944444375 0.23671875 0.5013888890625 0.23671875 0.4986111109375 0.23828125 0.4986111109375 0.2546875 0.5125 0.2625 0.51944444375 0.2625
0 0.41111111093749997 0.628125 0.4125 0.6265625 0.427777778125 0.625 0.43333333281249997 0.621875 0.43333333281249997 0.61796875 0.4361111109375 0.6171875 0.43333333281249997 0.60234375 0.425 0.59921875 0.39305555625 0.59921875 0.3875 0.60234375 0.3875 0.6234375 0.40138888906250003 0.628125 0.41111111093749997 0.628125
0 0.4861111109375 0.2015625 0.4888888890625 0.1984375 0.4861111109375 0.18828125 0.48055555625 0.18671875 0.45416666718750004 0.18828125 0.45416666718750004 0.2046875 0.45694444375 0.20625 0.475 0.20625 0.4861111109375 0.2015625
0 0.6916666671875 0.6484375 0.69305555625 0.65 0.6972222218749999 0.65 0.6986111109375 0.6484375 0.70555555625 0.6484375 0.7125 0.64375 0.7166666671875 0.64375 0.722222221875 0.640625 0.722222221875 0.63203125 0.7138888890625 0.6296875 0.7111111109375 0.62421875 0.702777778125 0.61953125 0.6986111109375 0.61953125 0.6972222218749999 0.61796875 0.68194444375 0.61796875 0.6763888890625 0.62109375 0.6763888890625 0.6421875 0.6875 0.6484375 0.6916666671875 0.6484375
0 0.497222221875 0.20546875 0.46527777812500004 0.20703125 0.46805555625000006 0.21875 0.4916666671875 0.21875 0.5 0.2140625 0.497222221875 0.20546875
0 0.01805555625 0.33125 0.0388888890625 0.3296875 0.047222221875 0.3234375 0.05 0.31484375 0.0416666671875 0.31171875 0.0125 0.31171875 0.009722221875000001 0.31328125 0.009722221875000001 0.3265625 0.0125 0.3296875 0.01805555625 0.33125
0 0.20555555625 0.32421875 0.190277778125 0.32421875 0.1875 0.3359375 0.20833333281250002 0.3375 0.21111111093749999 0.32734375 0.20555555625 0.32421875
0 0.397222221875 0.2375 0.40277777812500004 0.2328125 0.4 0.21953125 0.397222221875 0.21796875 0.36805555624999997 0.21796875 0.365277778125 0.21953125 0.365277778125 0.2359375 0.36805555624999997 0.2375 0.397222221875 0.2375
0 0.4125 0.55703125 0.40972222187499996 0.55859375 0.40972222187499996 0.578125 0.415277778125 0.58125 0.447222221875 0.58125 0.4486111109375 0.5796875 0.45277777812500003 0.5796875 0.46666666718750005 0.571875 0.46666666718750005 0.55859375 0.4611111109375 0.55546875 0.4375 0.55546875 0.4361111109375 0.55703125 0.4125 0.55703125
0 0.33194444375 0.24375 0.3375 0.2484375 0.352777778125 0.246875 0.35694444375 0.24375 0.3638888890625 0.24375 0.36666666718749996 0.2421875 0.36666666718749996 0.22578125 0.3638888890625 0.22421875 0.3458333328125 0.22421875 0.34305555625 0.228125 0.334722221875 0.23203125 0.33194444375 0.24375
0 0.022222221875 0.4421875 0.0236111109375 0.44375 0.0333333328125 0.4421875 0.04444444375 0.4359375 0.0416666671875 0.42734375 0.0333333328125 0.42421875 0.0125 0.42421875 0.009722221875000001 0.42578125 0.009722221875000001 0.4390625 0.0125 0.4421875 0.022222221875 0.4421875
0 0.875 0.48125 0.8888888890625 0.4734375 0.8888888890625 0.46171875 0.8833333328125 0.45703125 0.8791666671874999 0.45703125 0.877777778125 0.45546875 0.8680555562500001 0.45546875 0.8652777781250001 0.45703125 0.8652777781250001 0.4796875 0.8680555562500001 0.48125 0.875 0.48125
0 0.23472222187499997 0.53125 0.2416666671875 0.53125 0.24722222187499998 0.52578125 0.2638888890625 0.51875 0.2666666671875 0.515625 0.2666666671875 0.50703125 0.2638888890625 0.50546875 0.23472222187499997 0.50546875 0.23194444375 0.50703125 0.23194444375 0.5296875 0.23472222187499997 0.53125
0 0.06805555625000001 0.6734375 0.075 0.6734375 0.08055555625000001 0.6671875 0.077777778125 0.65703125 0.075 0.65546875 0.0458333328125 0.65546875 0.04305555625 0.665625 0.0486111109375 0.66875 0.058333332812500006 0.66875 0.06805555625000001 0.6734375
0 0.36944444375 0.2109375 0.36944444375 0.20078125 0.3458333328125 0.19921875 0.34305555625 0.2109375 0.34861111093749997 0.2140625 0.3638888890625 0.2140625 0.36944444375 0.2109375
0 0.5944444437499999 0.425 0.6 0.4234375 0.60555555625 0.4171875 0.602777778125 0.40234375 0.597222221875 0.39921875 0.5791666671875 0.39921875 0.5763888890625 0.40078125 0.5763888890625 0.421875 0.58194444375 0.425 0.5944444437499999 0.425
0 0.722222221875 0.4625 0.7194444437499999 0.44921875 0.6958333328124999 0.44921875 0.6944444437499999 0.45078125 0.68194444375 0.44921875 0.6763888890625 0.45234375 0.6763888890625 0.465625 0.68194444375 0.46875 0.7111111109375 0.46875 0.722222221875 0.4625
0 0.252777778125 0.2640625 0.2638888890625 0.25625 0.2638888890625 0.25078125 0.25833333281250004 0.24921875 0.22638888906250001 0.24921875 0.2208333328125 0.25234375 0.2208333328125 0.2609375 0.22638888906250001 0.265625 0.24444444375000002 0.265625 0.24583333281250003 0.2640625 0.252777778125 0.2640625
0 0.252777778125 0.31171875 0.23472222187499997 0.31171875 0.23194444375 0.31328125 0.23472222187499997 0.31875 0.252777778125 0.321875 0.25555555625 0.31875 0.252777778125 0.31171875
0 0.397222221875 0.2625 0.41111111093749997 0.2546875 0.41111111093749997 0.24296875 0.40555555625000006 0.23828125 0.3986111109375 0.23828125 0.397222221875 0.23671875 0.38194444375000003 0.23671875 0.3763888890625 0.23984375 0.3763888890625 0.2609375 0.3791666671875 0.2625 0.397222221875 0.2625
0 0.009722221875000001 0.309375 0.0111111109375 0.309375 0.015277778124999999 0.3125 0.019444443750000002 0.3125 0.019444443750000002 0.31171875 0.0333333328125 0.3046875 0.0333333328125 0.30234375 0.03194444375 0.30234375 0.027777778125000003 0.29921875 0.0125 0.29921875 0.0125 0.3 0.009722221875000001 0.30078125 0.009722221875000001 0.309375
0 0.4888888890625 0.26875 0.490277778125 0.2703125 0.49444444374999996 0.2703125 0.5083333328124999 0.2640625 0.5111111109375 0.25859375 0.5 0.253125 0.497222221875 0.24921875 0.4791666671875 0.24921875 0.4763888890625 0.25078125 0.4763888890625 0.2671875 0.4791666671875 0.26875 0.4888888890625 0.26875
0 0.2833333328125 0.33046875 0.26805555625 0.33046875 0.26527777812500003 0.33203125 0.26527777812500003 0.3375 0.2708333328125 0.340625 0.28611111093749997 0.3375 0.2833333328125 0.33046875
0 0.2958333328125 0.5265625 0.30555555624999997 0.5265625 0.3111111109375 0.5234375 0.3138888890625 0.51328125 0.3083333328125 0.51171875 0.26805555625 0.51171875 0.26527777812500003 0.51328125 0.26527777812500003 0.528125 0.27638888906250003 0.5359375 0.2888888890625 0.5359375 0.2916666671875 0.52890625 0.2958333328125 0.5265625
0 0.6013888890625 0.29921875 0.5986111109375 0.30078125 0.6013888890625 0.3125 0.6333333328124999 0.3109375 0.63055555625 0.29921875 0.6013888890625 0.29921875
0 0.1861111109375 0.4359375 0.1861111109375 0.43046875 0.18055555625 0.42578125 0.175 0.42421875 0.1541666671875 0.42578125 0.1541666671875 0.4296875 0.1625 0.4359375 0.16805555625 0.4375 0.1861111109375 0.4359375
0 0.7 0.67578125 0.6972222218749999 0.67421875 0.66805555625 0.67421875 0.665277778125 0.67578125 0.665277778125 0.6859375 0.66805555625 0.6875 0.6861111109375 0.6875 0.7 0.6796875 0.7 0.67578125
0 0.32777777812500003 0.34921875 0.3013888890625 0.34921875 0.2986111109375 0.35078125 0.3013888890625 0.3625 0.33055555625 0.3609375 0.3333333328125 0.35234375 0.32777777812500003 0.34921875
0 0.20416666718749998 0.4984375 0.2166666671875 0.4984375 0.2236111109375 0.49375 0.22777777812500002 0.49375 0.23055555625 0.4921875 0.23055555625 0.48828125 0.222222221875 0.484375 0.222222221875 0.48203125 0.21944444375 0.48046875 0.190277778125 0.48046875 0.1875 0.48203125 0.1875 0.4921875 0.19305555624999998 0.4953125 0.197222221875 0.4953125 0.20416666718749998 0.4984375
0 0.1916666671875 0.2921875 0.2 0.2875 0.2 0.27578125 0.197222221875 0.27421875 0.1763888890625 0.27578125 0.1763888890625 0.2921875 0.17916666718750002 0.29375 0.1916666671875 0.2921875
0 0.025 0.28671875 0.019444443750000002 0.28046875 0.0125 0.28046875 0.009722221875000001 0.29375 0.019444443750000002 0.296875 0.025 0.29375 0.025 0.28671875
0 0.1361111109375 0.240625 0.13888888906250002 0.23359375 0.13333333281249998 0.23046875 0.12361111093749999 0.23046875 0.1208333328125 0.23203125 0.1208333328125 0.2421875 0.13055555624999998 0.24375 0.1361111109375 0.240625
0 0.2638888890625 0.30625 0.2666666671875 0.3046875 0.2666666671875 0.29453125 0.2638888890625 0.29296875 0.24583333281250003 0.29296875 0.24305555625 0.29453125 0.24305555625 0.3046875 0.24583333281250003 0.30625 0.2638888890625 0.30625
0 0.23055555625 0.40546875 0.2125 0.40546875 0.20972222187499998 0.40703125 0.2125 0.4125 0.23055555625 0.4125 0.23333333281250002 0.4109375 0.23055555625 0.40546875
0 0.3111111109375 0.33828125 0.3013888890625 0.33671875 0.2986111109375 0.3453125 0.3013888890625 0.3484375 0.3083333328125 0.3484375 0.3111111109375 0.33828125
0 0.2416666671875 0.3625 0.24444444375000002 0.3609375 0.24444444375000002 0.35078125 0.2416666671875 0.34921875 0.2236111109375 0.34921875 0.2208333328125 0.35078125 0.2208333328125 0.3609375 0.2236111109375 0.3625 0.2416666671875 0.3625
0 0.5361111109375 0.2109375 0.5361111109375 0.20234375 0.5305555562500001 0.19921875 0.5125 0.19921875 0.5097222218749999 0.20078125 0.5125 0.2140625 0.5305555562500001 0.215625 0.5361111109375 0.2109375
0 0.16944444375 0.23203125 0.15694444375 0.23046875 0.1541666671875 0.2359375 0.15694444375 0.2390625 0.16388888906250001 0.2390625 0.16944444375 0.23203125
0 0.559722221875 0.2734375 0.5666666671875 0.271875 0.5666666671875 0.26953125 0.577777778125 0.2625 0.577777778125 0.25546875 0.58055555625 0.25234375 0.575 0.24921875 0.55694444375 0.24921875 0.5541666671875001 0.25078125 0.5541666671875001 0.26875 0.559722221875 0.2734375
0 0.24444444375000002 0.3296875 0.24444444375000002 0.32578125 0.2416666671875 0.32421875 0.2236111109375 0.32421875 0.2208333328125 0.32578125 0.2208333328125 0.3328125 0.2236111109375 0.3359375 0.23055555625 0.3359375 0.24444444375000002 0.3296875
0 0.013888889062500001 0.659375 0.013888889062500001 0.64609375 0.0013888890625 0.64296875 0 0.6625 0.0013888890625 0.665625 0.0083333328125 0.665625 0.013888889062500001 0.659375
0 0.6541666671875 0.196875 0.6569444437499999 0.19765625 0.6569444437499999 0.203125 0.659722221875 0.2046875 0.6888888890625 0.2046875 0.7013888890625 0.1984375 0.70555555625 0.1984375 0.70555555625 0.19609375 0.7083333328125 0.1953125 0.7083333328125 0.18359375 0.7 0.1796875 0.7 0.17578125 0.6861111109375 0.16796875 0.66805555625 0.16796875 0.6666666671875 0.16953125 0.6625 0.16953125 0.6541666671875 0.17578125 0.6541666671875 0.196875
0 0.9416666671874999 0.3109375 0.9458333328125 0.315625 0.95555555625 0.315625 0.952777778125 0.30859375 0.9666666671874999 0.3046875 0.9694444437499999 0.29609375 0.9611111109375001 0.29296875 0.934722221875 0.29296875 0.93194444375 0.29453125 0.93194444375 0.30625 0.934722221875 0.309375 0.9416666671874999 0.3109375
0 0.18055555625 0.31875 0.18055555625 0.31328125 0.16805555625 0.31171875 0.165277778125 0.31328125 0.165277778125 0.321875 0.175 0.325 0.18055555625 0.31875
0 0.29722222187499997 0.33125 0.3 0.3296875 0.3 0.31953125 0.29722222187499997 0.31796875 0.2791666671875 0.31796875 0.27638888906250003 0.31953125 0.27638888906250003 0.3296875 0.2791666671875 0.33125 0.29722222187499997 0.33125
0 0.252777778125 0.1921875 0.2638888890625 0.1859375 0.2638888890625 0.17578125 0.25694444375000003 0.17578125 0.25555555625 0.17421875 0.2236111109375 0.17421875 0.2208333328125 0.17578125 0.2208333328125 0.1921875 0.22638888906250001 0.1953125 0.2416666671875 0.1953125 0.252777778125 0.1921875
0 0.522222221875 0.58515625 0.515277778125 0.58515625 0.5097222218749999 0.58984375 0.5097222218749999 0.6046875 0.5125 0.60625 0.5388888890625 0.60625 0.5513888890625 0.6 0.5611111109375 0.5984375 0.5666666671875 0.59375 0.5638888890625 0.58203125 0.5375 0.58046875 0.5361111109375 0.58203125 0.5291666671875 0.58203125 0.522222221875 0.58515625