0 0.475 0.2109375 0.48194444374999995 0.20625 0.4861111109375 0.20625 0.4916666671875 0.203125 0.4916666671875 0.20078125 0.497222221875 0.1984375 0.497222221875 0.19296875 0.49444444374999996 0.1921875 0.49444444374999996 0.18984375 0.4861111109375 0.18515625 0.48194444374999995 0.18515625 0.475 0.18046875 0.45694444375 0.18046875 0.45416666718750004 0.18203125 0.45416666718750004 0.2046875 0.459722221875 0.209375 0.475 0.2109375
0 0.6833333328125 0.321875 0.6833333328125 0.31484375 0.6777777781250001 0.31171875 0.6458333328125 0.31171875 0.64305555625 0.31328125 0.64305555625 0.3265625 0.6458333328125 0.3296875 0.6638888890625 0.3296875 0.6833333328125 0.321875
0 0.5083333328124999 0.1875 0.51944444375 0.1796875 0.51944444375 0.16953125 0.5138888890625 0.16796875 0.490277778125 0.16796875 0.4875 0.16953125 0.4875 0.1859375 0.49305555625 0.1890625 0.5083333328124999 0.1875
0 0.4166666671875 0.2265625 0.42083333281249996 0.2296875 0.44166666718750003 0.2296875 0.4458333328125 0.2265625 0.45 0.2265625 0.46388888906250003 0.2171875 0.46388888906250003 0.21015625 0.4583333328125 0.2078125 0.45555555625000005 0.20234375 0.45 0.19921875 0.415277778125 0.19921875 0.40972222187499996 0.20234375 0.40972222187499996 0.2234375 0.4125 0.2265625 0.4166666671875 0.2265625
0 0.597222221875 0.3046875 0.5986111109375 0.3015625 0.6111111109375 0.2984375 0.6111111109375 0.28203125 0.6083333328125 0.28046875 0.5791666671875 0.28046875 0.5763888890625 0.28203125 0.5763888890625 0.2984375 0.5791666671875 0.3015625 0.597222221875 0.3046875
0 0.40833333281249995 0.10703125 0.40555555625000006 0.10625 0.40555555625000006 0.10234375 0.40277777812500004 0.10078125 0.3986111109375 0.10078125 0.397222221875 0.09921875 0.36805555624999997 0.09921875 0.365277778125 0.10078125 0.365277778125 0.1171875 0.3861111109375 0.1234375 0.40833333281249995 0.115625 0.40833333281249995 0.10703125
0 0.5125 0.553125 0.5208333328125 0.5578125 0.5361111109375 0.55625 0.5416666671875 0.5515625 0.5416666671875 0.54453125 0.5361111109375 0.5421875 0.5361111109375 0.53984375 0.5305555562500001 0.53671875 0.5125 0.53671875 0.5097222218749999 0.53828125 0.5097222218749999 0.55 0.5125 0.55078125 0.5125 0.553125
0 0.4791666671875 0.79375 0.4888888890625 0.7921875 0.4888888890625 0.78515625 0.49305555625 0.78125 0.5111111109375 0.7765625 0.5138888890625 0.76796875 0.5083333328124999 0.76171875 0.4791666671875 0.76171875 0.4763888890625 0.76328125 0.4763888890625 0.7921875 0.4791666671875 0.79375
0 0.2791666671875 0.521875 0.2875 0.525 0.3083333328125 0.525 0.315277778125 0.5203125 0.322222221875 0.51875 0.325 0.51328125 0.33055555625 0.5109375 0.33055555625 0.50546875 0.32777777812500003 0.5046875 0.322222221875 0.49609375 0.3166666671875 0.49296875 0.28194444375 0.49296875 0.27638888906250003 0.49609375 0.27638888906250003 0.51875 0.2791666671875 0.51953125 0.2791666671875 0.521875
0 0.35694444375 0.1953125 0.3611111109375 0.1953125 0.36805555624999997 0.1984375 0.375 0.1984375 0.3791666671875 0.1953125 0.3888888890625 0.19375 0.397222221875 0.1890625 0.397222221875 0.18671875 0.4 0.1859375 0.4 0.17578125 0.3861111109375 0.16796875 0.35694444375 0.16796875 0.3541666671875 0.16953125 0.3541666671875 0.1921875 0.35694444375 0.19296875 0.35694444375 0.1953125
0 0.32777777812500003 0.5875 0.33888888906250003 0.584375 0.34444444375 0.5796875 0.3416666671875 0.56328125 0.30416666718749996 0.56171875 0.2986111109375 0.56484375 0.2986111109375 0.5859375 0.3013888890625 0.5875 0.32777777812500003 0.5875
0 0.22777777812500002 0.5125 0.23472222187499997 0.5171875 0.24722222187499998 0.5171875 0.259722221875 0.5125 0.26944444375 0.5125 0.275 0.509375 0.275 0.50703125 0.27777777812500004 0.50625 0.27777777812500004 0.48984375 0.272222221875 0.48671875 0.23194444375 0.48671875 0.2236111109375 0.48984375 0.2236111109375 0.4921875 0.2208333328125 0.49296875 0.2208333328125 0.5109375 0.22777777812500002 0.5125
0 0.534722221875 0.8734375 0.5555555562500001 0.8734375 0.5625 0.86875 0.5694444437499999 0.8671875 0.5694444437499999 0.86484375 0.575 0.8609375 0.575 0.85078125 0.5638888890625 0.84296875 0.534722221875 0.84296875 0.5319444437499999 0.84453125 0.5319444437499999 0.8703125 0.534722221875 0.87109375 0.534722221875 0.8734375
0 0.45694444375 0.74375 0.48055555625 0.74375 0.4861111109375 0.7421875 0.4916666671875 0.73046875 0.49444444374999996 0.7296875 0.4888888890625 0.71953125 0.4861111109375 0.71796875 0.4458333328125 0.71796875 0.44305555625000004 0.71953125 0.44305555625000004 0.7359375 0.45277777812500003 0.7390625 0.45694444375 0.74375
0 0.51944444375 0.4875 0.51944444375 0.48203125 0.5166666671875 0.48046875 0.4791666671875 0.48046875 0.4763888890625 0.48203125 0.4763888890625 0.4953125 0.4791666671875 0.4984375 0.4875 0.5 0.50555555625 0.4984375 0.51944444375 0.4875
0 0.477777778125 0.378125 0.48055555625 0.37109375 0.475 0.36796875 0.434722221875 0.36796875 0.43194444374999996 0.36953125 0.43194444374999996 0.3859375 0.434722221875 0.3875 0.46388888906250003 0.3875 0.46666666718750005 0.38359375 0.477777778125 0.378125
0 0.4236111109375 0.10625 0.4388888890625 0.10625 0.4486111109375 0.1 0.45555555625000005 0.0984375 0.45555555625000005 0.08828125 0.447222221875 0.08203125 0.44305555625000004 0.08203125 0.44166666718750003 0.08046875 0.4125 0.08046875 0.40972222187499996 0.08203125 0.40972222187499996 0.0984375 0.41805555625 0.1046875 0.42222222187499997 0.1046875 0.4236111109375 0.10625
0 0.46805555625000006 0.6625 0.475 0.6625 0.4763888890625 0.6640625 0.497222221875 0.6625 0.5 0.65859375 0.5083333328124999 0.6546875 0.5083333328124999 0.64609375 0.4888888890625 0.63671875 0.46805555625000006 0.63671875 0.46527777812500004 0.63828125 0.46527777812500004 0.659375 0.46805555625000006 0.66015625 0.46805555625000006 0.6625
0 0.4611111109375 0.15 0.46666666718750005 0.146875 0.46666666718750005 0.12578125 0.434722221875 0.12421875 0.43194444374999996 0.12578125 0.434722221875 0.146875 0.44305555625000004 0.15 0.4611111109375 0.15
0 0.6833333328125 0.4546875 0.7 0.4484375 0.7 0.43515625 0.6972222218749999 0.43203125 0.6916666671875 0.43046875 0.66805555625 0.43046875 0.665277778125 0.43203125 0.665277778125 0.4484375 0.6708333328125 0.453125 0.6833333328125 0.4546875
0 0.28611111093749997 0.61875 0.3 0.609375 0.29722222187499997 0.60234375 0.2888888890625 0.59921875 0.26805555625 0.59921875 0.26527777812500003 0.60078125 0.26527777812500003 0.6171875 0.26805555625 0.61875 0.28611111093749997 0.61875
0 0.32777777812500003 0.2921875 0.3291666671875 0.29375 0.3416666671875 0.29375 0.35555555625 0.2859375 0.35555555625 0.27265625 0.352777778125 0.271875 0.352777778125 0.26953125 0.34861111093749997 0.26953125 0.34722222187499996 0.26796875 0.315277778125 0.26796875 0.309722221875 0.27109375 0.309722221875 0.284375 0.3236111109375 0.2921875 0.32777777812500003 0.2921875
0 0.64444444375 0.43125 0.647222221875 0.41953125 0.6416666671875 0.41796875 0.6125 0.41796875 0.609722221875 0.41953125 0.609722221875 0.43125 0.6152777781250001 0.4359375 0.6333333328124999 0.4359375 0.64444444375 0.43125
0 0.39027777812500003 0.1453125 0.40833333281249995 0.1453125 0.40972222187499996 0.14375 0.41944444374999995 0.1421875 0.43055555625 0.1359375 0.43055555625 0.12265625 0.42222222187499997 0.11796875 0.39305555625 0.11796875 0.3875 0.12109375 0.3875 0.1421875 0.39027777812500003 0.14296875 0.39027777812500003 0.1453125
0 0.522222221875 0.2359375 0.5305555562500001 0.2328125 0.5361111109375 0.2265625 0.5361111109375 0.21484375 0.5305555562500001 0.21171875 0.5013888890625 0.21171875 0.4986111109375 0.21328125 0.4986111109375 0.2296875 0.5097222218749999 0.2359375 0.522222221875 0.2359375
0 0.5041666671875 0.49609375 0.5041666671875 0.4984375 0.4986111109375 0.50234375 0.4986111109375 0.5171875 0.5013888890625 0.51875 0.51944444375 0.51875 0.5416666671875 0.5078125 0.54444444375 0.50078125 0.5416666671875 0.5 0.5416666671875 0.49609375 0.5388888890625 0.49453125 0.534722221875 0.49453125 0.5333333328125 0.49296875 0.5125 0.49296875 0.5041666671875 0.49609375
0 0.6708333328125 0.3453125 0.6861111109375 0.34375 0.6916666671875 0.3390625 0.6916666671875 0.33671875 0.6944444437499999 0.3359375 0.6916666671875 0.32734375 0.6861111109375 0.32421875 0.6708333328125 0.32421875 0.665277778125 0.32734375 0.665277778125 0.3421875 0.6708333328125 0.3453125
0 0.50555555625 0.5796875 0.5138888890625 0.5734375 0.5138888890625 0.56328125 0.5083333328124999 0.56171875 0.4791666671875 0.56171875 0.4763888890625 0.56328125 0.4763888890625 0.578125 0.48194444374999995 0.58125 0.50555555625 0.5796875
0 0.4875 0.246875 0.4791666671875 0.25078125 0.4791666671875 0.2546875 0.4763888890625 0.25546875 0.4763888890625 0.2640625 0.4791666671875 0.2671875 0.4888888890625 0.2671875 0.4986111109375 0.2625 0.5083333328124999 0.2609375 0.5111111109375 0.25390625 0.5138888890625 0.253125 0.5138888890625 0.24453125 0.5083333328124999 0.24296875 0.490277778125 0.24296875 0.4875 0.24453125 0.4875 0.246875
0 0.58194444375 0.5359375 0.5861111109375 0.5359375 0.5888888890625 0.53125 0.5861111109375 0.52421875 0.565277778125 0.52578125 0.56805555625 0.540625 0.575 0.540625 0.58194444375 0.5359375
0 0.31944444375000003 0.3 0.325 0.296875 0.322222221875 0.28828125 0.31944444375000003 0.28671875 0.3013888890625 0.28671875 0.2986111109375 0.28828125 0.2986111109375 0.2984375 0.3013888890625 0.3 0.31944444375000003 0.3
0 0.222222221875 0.5796875 0.222222221875 0.56953125 0.21944444375 0.56796875 0.19305555624999998 0.56796875 0.1875 0.57109375 0.1875 0.584375 0.190277778125 0.5859375 0.20833333281250002 0.5859375 0.222222221875 0.5796875
0 0.4861111109375 0.3375 0.4888888890625 0.3359375 0.4888888890625 0.32578125 0.4861111109375 0.32421875 0.46805555625000006 0.32421875 0.46527777812500004 0.32578125 0.46527777812500004 0.3359375 0.46805555625000006 0.3375 0.4861111109375 0.3375
0 0.20277777812500003 0.36953125 0.197222221875 0.36796875 0.1763888890625 0.36953125 0.17916666718750002 0.378125 0.1888888890625 0.378125 0.20277777812500003 0.3734375 0.20277777812500003 0.36953125
0 0.95 0.81875 0.95555555625 0.8171875 0.9611111109375001 0.80703125 0.9583333328125001 0.80625 0.9583333328125001 0.80234375 0.952777778125 0.79921875 0.9125 0.79921875 0.909722221875 0.80078125 0.909722221875 0.8109375 0.9166666671874999 0.8125 0.9236111109375 0.81875 0.95 0.81875
0 0.4513888890625 0.0671875 0.46388888906250003 0.0671875 0.47083333281249995 0.0625 0.477777778125 0.0609375 0.477777778125 0.05703125 0.4861111109375 0.05 0.4861111109375 0.04453125 0.48055555625 0.04296875 0.4486111109375 0.04296875 0.44305555625000004 0.04609375 0.44305555625000004 0.0609375 0.4513888890625 0.0671875
0 0.4888888890625 0.08125 0.490277778125 0.0828125 0.50555555625 0.0828125 0.5166666671875 0.0796875 0.51944444375 0.0765625 0.51944444375 0.06484375 0.5138888890625 0.05859375 0.5083333328124999 0.05546875 0.48194444374999995 0.05546875 0.4763888890625 0.05859375 0.4763888890625 0.078125 0.48194444374999995 0.08125 0.4888888890625 0.08125
0 0.34722222187499996 0.6046875 0.3611111109375 0.596875 0.3638888890625 0.58828125 0.3611111109375 0.58671875 0.3236111109375 0.58671875 0.32083333281250004 0.58828125 0.32083333281250004 0.603125 0.3263888890625 0.60625 0.3416666671875 0.60625 0.34305555625 0.6046875 0.34722222187499996 0.6046875
0 0.5861111109375 0.4515625 0.5875 0.4546875 0.6013888890625 0.4625 0.6138888890625 0.4609375 0.6138888890625 0.45859375 0.61944444375 0.4546875 0.61944444375 0.43828125 0.6138888890625 0.4359375 0.6138888890625 0.43359375 0.6083333328125 0.43046875 0.5791666671875 0.43046875 0.5763888890625 0.43203125 0.5763888890625 0.4484375 0.58194444375 0.4515625 0.5861111109375 0.4515625
0 0.54444444375 0.63203125 0.5236111109375 0.63046875 0.5208333328125 0.63203125 0.5236111109375 0.646875 0.5416666671875 0.6453125 0.54444444375 0.63203125
0 0.3458333328125 0.4546875 0.35555555625 0.4546875 0.35694444375 0.45625 0.375 0.45625 0.377777778125 0.45234375 0.3888888890625 0.4484375 0.3888888890625 0.43828125 0.375 0.43046875 0.3458333328125 0.43046875 0.34305555625 0.43203125 0.34305555625 0.45 0.3458333328125 0.45078125 0.3458333328125 0.4546875
0 0.6 0.83828125 0.5958333328125 0.83828125 0.5875 0.84296875 0.5875 0.8453125 0.5763888890625 0.85078125 0.5763888890625 0.865625 0.58194444375 0.86875 0.6111111109375 0.86875 0.6125 0.8671875 0.6166666671875001 0.8671875 0.61944444375 0.86328125 0.63055555625 0.8578125 0.63055555625 0.85546875 0.6333333328124999 0.8546875 0.6333333328124999 0.84453125 0.625 0.83828125 0.6208333328125 0.83828125 0.61944444375 0.83671875 0.6013888890625 0.83671875 0.6 0.83828125
0 0.6416666671875 0.4625 0.647222221875 0.4609375 0.652777778125 0.45625 0.65 0.43984375 0.64444444375 0.43671875 0.6236111109375 0.43671875 0.6208333328125 0.43828125 0.6208333328125 0.45625 0.6263888890625 0.4609375 0.6416666671875 0.4625
0 0.427777778125 0.1796875 0.434722221875 0.175 0.4388888890625 0.175 0.44444444375 0.171875 0.44444444375 0.15703125 0.44166666718750003 0.15546875 0.4125 0.15546875 0.40972222187499996 0.15703125 0.40972222187499996 0.175 0.415277778125 0.178125 0.427777778125 0.1796875
0 0.47083333281249995 0.1515625 0.4888888890625 0.1484375 0.4888888890625 0.12578125 0.4861111109375 0.12421875 0.47083333281249995 0.12421875 0.46527777812500004 0.12734375 0.46527777812500004 0.1484375 0.47083333281249995 0.1515625
0 0.5111111109375 0.6421875 0.5138888890625 0.640625 0.5138888890625 0.63671875 0.5166666671875 0.6359375 0.5111111109375 0.62578125 0.5083333328124999 0.62421875 0.490277778125 0.62421875 0.4875 0.62578125 0.4875 0.6359375 0.5013888890625 0.6421875 0.5111111109375 0.6421875
0 0.302777778125 0.4734375 0.302777778125 0.46640625 0.3 0.465625 0.3 0.46328125 0.29722222187499997 0.46171875 0.290277778125 0.46171875 0.2888888890625 0.46328125 0.27638888906250003 0.46328125 0.275 0.46171875 0.25694444375000003 0.46171875 0.2541666671875 0.46328125 0.2541666671875 0.4734375 0.2736111109375 0.48125 0.28611111093749997 0.48125 0.302777778125 0.4734375
0 0.39444444375 0.2484375 0.4 0.2421875 0.397222221875 0.23203125 0.3916666671875 0.23046875 0.36805555624999997 0.23046875 0.365277778125 0.23203125 0.36805555624999997 0.246875 0.3791666671875 0.25 0.39444444375 0.2484375
0 0.36805555624999997 0.56875 0.38055555625 0.5671875 0.3888888890625 0.5609375 0.3888888890625 0.55234375 0.38333333281250004 0.54921875 0.36805555624999997 0.54921875 0.365277778125 0.55078125 0.365277778125 0.5671875 0.36805555624999997 0.56875
0 0.5166666671875 0.31171875 0.4875 0.31328125 0.490277778125 0.325 0.5083333328124999 0.325 0.51944444375 0.321875 0.5166666671875 0.31171875
0 0.4861111109375 0.09375 0.4916666671875 0.090625 0.49444444374999996 0.08203125 0.490277778125 0.08203125 0.4861111109375 0.07890625 0.48194444374999995 0.07890625 0.475 0.07421875 0.45694444375 0.07421875 0.45416666718750004 0.07578125 0.45416666718750004 0.090625 0.459722221875 0.09375 0.4861111109375 0.09375
0 0.522222221875 0.3421875 0.51944444375 0.33359375 0.5111111109375 0.33046875 0.5013888890625 0.33046875 0.4986111109375 0.3421875 0.5069444437499999 0.3453125 0.51944444375 0.3453125 0.522222221875 0.3421875
0 0.5333333328125 0.3171875 0.5305555562500001 0.31171875 0.5125 0.31171875 0.5097222218749999 0.31328125 0.5125 0.3234375 0.51944444375 0.3234375 0.5263888890625 0.31875 0.5333333328125 0.3171875
0 0.3888888890625 0.7828125 0.4 0.778125 0.4 0.77109375 0.40833333281249995 0.7671875 0.40555555625000006 0.76171875 0.3791666671875 0.76171875 0.3763888890625 0.76328125 0.3791666671875 0.7828125 0.3888888890625 0.7828125
0 0.5208333328125 0.3203125 0.5305555562500001 0.31875 0.527777778125 0.31171875 0.490277778125 0.31171875 0.4875 0.31328125 0.4875 0.3234375 0.490277778125 0.325 0.5111111109375 0.325 0.5208333328125 0.3203125
0 0.5916666671875 0.70703125 0.5791666671875 0.70546875 0.5763888890625 0.7171875 0.5791666671875 0.7203125 0.5861111109375 0.7203125 0.5916666671875 0.70703125
0 0.497222221875 0.35234375 0.4888888890625 0.34921875 0.4791666671875 0.34921875 0.4763888890625 0.3609375 0.4791666671875 0.3625 0.49444444374999996 0.3609375 0.497222221875 0.35234375
0 0.21944444375 0.628125 0.225 0.6234375 0.225 0.61484375 0.21944444375 0.61171875 0.20138888906250002 0.61171875 0.1986111109375 0.61328125 0.20138888906250002 0.628125 0.20416666718749998 0.6296875 0.21944444375 0.628125
0 0.377777778125 0.45234375 0.3888888890625 0.4484375 0.3888888890625 0.43984375 0.38333333281250004 0.43671875 0.334722221875 0.43671875 0.33194444375 0.43828125 0.33194444375 0.45 0.3375 0.4546875 0.375 0.45625 0.377777778125 0.45234375
0 0.5486111109375 0.71796875 0.54305555625 0.72109375 0.54305555625 0.7296875 0.5458333328125 0.7328125 0.5583333328125 0.7328125 0.575 0.725 0.577777778125 0.721875 0.577777778125 0.71015625 0.575 0.70703125 0.565277778125 0.70859375 0.565277778125 0.7140625 0.5583333328125 0.71796875 0.5486111109375 0.71796875
0 0.9986111109375001 0.8109375 0.997222221875 0.79921875 0.9791666671874999 0.79921875 0.9763888890624999 0.80078125 0.9763888890624999 0.8109375 0.99444444375 0.8140625 0.9986111109375001 0.8109375
0 0.35555555625 0.5359375 0.352777778125 0.52421875 0.32083333281250004 0.52578125 0.32083333281250004 0.5359375 0.3263888890625 0.5390625 0.34444444375 0.5390625 0.35555555625 0.5359375
0 0.5625 0.715625 0.5555555562500001 0.71796875 0.5486111109375 0.71796875 0.54305555625 0.72109375 0.54305555625 0.7296875 0.5458333328125 0.7328125 0.5583333328125 0.7328125 0.5736111109375 0.725 0.5861111109375 0.721875 0.5888888890625 0.71484375 0.5916666671875 0.7140625 0.5916666671875 0.70703125 0.5861111109375 0.70546875 0.5708333328124999 0.70546875 0.565277778125 0.70859375 0.5625 0.715625
0 0.5486111109375 0.71796875 0.54305555625 0.72109375 0.54305555625 0.7296875 0.5458333328125 0.73046875 0.5458333328125 0.7328125 0.5583333328125 0.7328125 0.559722221875 0.73125 0.5638888890625 0.73125 0.5763888890625 0.7234375 0.58055555625 0.7234375 0.5861111109375 0.7203125 0.5888888890625 0.71328125 0.5861111109375 0.71171875 0.56805555625 0.71171875 0.5583333328125 0.71796875 0.5486111109375 0.71796875
0 0.3916666671875 0.56953125 0.3791666671875 0.56796875 0.3763888890625 0.5796875 0.3861111109375 0.58125 0.3916666671875 0.578125 0.3916666671875 0.56953125