0 0.475 0.25 0.48055555625 0.23984375 0.475 0.23671875 0.45694444375 0.23671875 0.45416666718750004 0.23828125 0.45416666718750004 0.2484375 0.45694444375 0.25 0.475 0.25
0 0.352777778125 0.25 0.3583333328125 0.246875 0.3583333328125 0.24453125 0.3638888890625 0.2421875 0.3638888890625 0.23828125 0.3583333328125 0.2359375 0.3583333328125 0.23359375 0.352777778125 0.23046875 0.334722221875 0.23046875 0.33194444375 0.23203125 0.33194444375 0.2484375 0.334722221875 0.25 0.352777778125 0.25
0 0.397222221875 0.225 0.40833333281249995 0.21875 0.40833333281249995 0.21328125 0.40277777812500004 0.21171875 0.39027777812500003 0.21171875 0.3875 0.21328125 0.3875 0.221875 0.39305555625 0.225 0.397222221875 0.225
0 0.31944444375000003 0.25 0.33055555625 0.2421875 0.33055555625 0.23203125 0.325 0.23046875 0.3125 0.23046875 0.309722221875 0.23203125 0.309722221875 0.2484375 0.3125 0.25 0.31944444375000003 0.25
0 0.497222221875 0.26875 0.5 0.2671875 0.5 0.25703125 0.497222221875 0.25546875 0.4791666671875 0.25546875 0.4763888890625 0.25703125 0.4763888890625 0.2671875 0.4791666671875 0.26875 0.497222221875 0.26875
0 0.5888888890625 0.32578125 0.56805555625 0.32421875 0.565277778125 0.3421875 0.58055555625 0.34375 0.5888888890625 0.3390625 0.5888888890625 0.32578125
0 0.4 0.2421875 0.4 0.22578125 0.3791666671875 0.22421875 0.3763888890625 0.22578125 0.3763888890625 0.2421875 0.397222221875 0.24375 0.4 0.2421875
0 0.425 0.23203125 0.43055555625 0.23125 0.43333333281249997 0.22578125 0.427777778125 0.21953125 0.4125 0.21796875 0.40972222187499996 0.21953125 0.40972222187499996 0.2359375 0.41944444374999995 0.2375 0.425 0.23203125
0 0.377777778125 0.171875 0.377777778125 0.16328125 0.35694444375 0.16171875 0.3541666671875 0.171875 0.35972222187499997 0.175 0.372222221875 0.175 0.377777778125 0.171875
0 0.48333333281249996 0.66875 0.4888888890625 0.665625 0.4888888890625 0.65234375 0.48333333281249996 0.64921875 0.45694444375 0.64921875 0.45416666718750004 0.65078125 0.45416666718750004 0.6671875 0.46527777812500004 0.6703125 0.48333333281249996 0.66875
0 0.477777778125 0.19453125 0.45694444375 0.19296875 0.45416666718750004 0.19453125 0.45694444375 0.209375 0.475 0.2078125 0.477777778125 0.19453125
0 0.5416666671875 0.4421875 0.54444444375 0.42578125 0.5416666671875 0.42421875 0.5125 0.42421875 0.5097222218749999 0.42578125 0.5125 0.440625 0.5236111109375 0.44375 0.5416666671875 0.4421875
0 0.5083333328124999 0.440625 0.50555555625 0.43203125 0.5 0.43046875 0.4791666671875 0.43046875 0.4763888890625 0.43203125 0.4763888890625 0.4421875 0.48194444374999995 0.446875 0.497222221875 0.4453125 0.5083333328124999 0.440625
0 0.46666666718750005 0.1421875 0.46666666718750005 0.13359375 0.4611111109375 0.13046875 0.4458333328125 0.13046875 0.44305555625000004 0.13203125 0.44305555625000004 0.146875 0.45555555625000005 0.1484375 0.46666666718750005 0.1421875
0 0.0888888890625 0.36328125 0.0861111109375 0.36171875 0.05694444375 0.36171875 0.054166667187499996 0.36328125 0.054166667187499996 0.3734375 0.0638888890625 0.375 0.07083333281250001 0.3703125 0.0861111109375 0.36875 0.0888888890625 0.36328125
0 0.5305555562500001 0.2671875 0.5333333328125 0.25234375 0.527777778125 0.24921875 0.5125 0.24921875 0.5097222218749999 0.25078125 0.5097222218749999 0.265625 0.515277778125 0.26875 0.5305555562500001 0.2671875
0 0.7666666671875 0.65078125 0.7638888890625 0.64921875 0.7458333328125 0.64921875 0.7430555562500001 0.65078125 0.7430555562500001 0.6609375 0.7458333328125 0.6625 0.7666666671875 0.6609375 0.7666666671875 0.65078125
0 0.13194444375 0.5921875 0.13888888906250002 0.5921875 0.15 0.5859375 0.15 0.58046875 0.1416666671875 0.57421875 0.1125 0.57421875 0.109722221875 0.57578125 0.109722221875 0.5921875 0.1125 0.59375 0.13055555624999998 0.59375 0.13194444375 0.5921875
0 0.2638888890625 0.34375 0.2666666671875 0.3421875 0.2666666671875 0.33203125 0.2638888890625 0.33046875 0.24583333281250003 0.33046875 0.24305555625 0.33203125 0.24305555625 0.3421875 0.24583333281250003 0.34375 0.2638888890625 0.34375
0 0.33194444375 0.6 0.35 0.5984375 0.352777778125 0.58828125 0.34722222187499996 0.58203125 0.3416666671875 0.58046875 0.3236111109375 0.58046875 0.32083333281250004 0.58203125 0.32083333281250004 0.590625 0.33194444375 0.59765625 0.33194444375 0.6
0 0.652777778125 0.740625 0.6611111109375 0.7359375 0.6638888890625 0.72734375 0.6555555562500001 0.72421875 0.6458333328125 0.72421875 0.64305555625 0.72578125 0.64305555625 0.7375 0.6458333328125 0.740625 0.652777778125 0.740625
0 0.54444444375 0.240625 0.54444444375 0.22578125 0.534722221875 0.22421875 0.5319444437499999 0.22578125 0.5319444437499999 0.240625 0.5416666671875 0.2421875 0.54444444375 0.240625
0 0.46527777812500004 0.41171875 0.46527777812500004 0.425 0.47083333281249995 0.428125 0.48333333281249996 0.4265625 0.4916666671875 0.421875 0.4916666671875 0.41953125 0.497222221875 0.4171875 0.497222221875 0.40703125 0.4916666671875 0.40546875 0.46805555625000006 0.40703125 0.46805555625000006 0.4109375 0.46527777812500004 0.41171875
0 0.1888888890625 0.3875 0.1888888890625 0.37578125 0.16805555625 0.37421875 0.165277778125 0.384375 0.1763888890625 0.3890625 0.1861111109375 0.3890625 0.1888888890625 0.3875
0 0.3 0.37578125 0.290277778125 0.37421875 0.2875 0.3796875 0.290277778125 0.3828125 0.29722222187499997 0.3828125 0.3 0.37578125
0 0.4583333328125 0.15859375 0.45277777812500003 0.15546875 0.4458333328125 0.15546875 0.44305555625000004 0.15703125 0.44305555625000004 0.1671875 0.45277777812500003 0.16875 0.4583333328125 0.15859375
0 0.490277778125 0.5484375 0.497222221875 0.5484375 0.5013888890625 0.5453125 0.50555555625 0.5453125 0.5111111109375 0.5421875 0.5111111109375 0.53203125 0.5083333328124999 0.53046875 0.4791666671875 0.53046875 0.4763888890625 0.53203125 0.4763888890625 0.5421875 0.48194444374999995 0.5453125 0.4861111109375 0.5453125 0.490277778125 0.5484375
0 0.375 0.6078125 0.38333333281250004 0.603125 0.38333333281250004 0.59453125 0.38055555625 0.59375 0.38055555625 0.58984375 0.375 0.58671875 0.35694444375 0.58671875 0.3541666671875 0.58828125 0.3541666671875 0.6 0.3625 0.60625 0.375 0.6078125
0 0.5722222218749999 0.30703125 0.54305555625 0.30703125 0.5458333328125 0.31875 0.5638888890625 0.31875 0.5722222218749999 0.315625 0.5722222218749999 0.30703125
0 0.3416666671875 0.4859375 0.3416666671875 0.48203125 0.3333333328125 0.48046875 0.3125 0.48046875 0.309722221875 0.48203125 0.3125 0.4921875 0.32777777812500003 0.49375 0.3361111109375 0.48671875 0.3416666671875 0.4859375
0 0.215277778125 0.52421875 0.2138888890625 0.52578125 0.21111111093749999 0.52421875 0.20416666718749998 0.52421875 0.1986111109375 0.52890625 0.20138888906250002 0.5421875 0.225 0.5421875 0.23194444375 0.5390625 0.25555555625 0.5359375 0.2611111109375 0.5296875 0.25833333281250004 0.51953125 0.252777778125 0.51796875 0.23472222187499997 0.51796875 0.222222221875 0.52421875 0.215277778125 0.52421875
0 0.097222221875 0.3546875 0.1 0.34609375 0.09444444375 0.34296875 0.0791666671875 0.34296875 0.07638888906249999 0.34453125 0.07638888906249999 0.3546875 0.0791666671875 0.3578125 0.097222221875 0.3546875
0 0.4888888890625 0.28828125 0.4791666671875 0.28671875 0.4763888890625 0.29375 0.4791666671875 0.2984375 0.4861111109375 0.2984375 0.4888888890625 0.28828125
0 0.477777778125 0.26953125 0.46805555625000006 0.26796875 0.46527777812500004 0.2734375 0.46805555625000006 0.2765625 0.475 0.2765625 0.477777778125 0.26953125
0 0.7861111109375 0.4171875 0.797222221875 0.4125 0.79444444375 0.40546875 0.7791666671875 0.40546875 0.7763888890625 0.40703125 0.7791666671875 0.4171875 0.7861111109375 0.4171875
0 0.5486111109375 0.5984375 0.5527777781250001 0.5984375 0.559722221875 0.59375 0.5666666671875 0.5921875 0.5694444437499999 0.58359375 0.5638888890625 0.58046875 0.5458333328125 0.58046875 0.54305555625 0.58203125 0.54305555625 0.59375 0.5486111109375 0.5984375
0 0.60555555625 0.69296875 0.590277778125 0.69296875 0.5875 0.7046875 0.6083333328125 0.70625 0.6111111109375 0.69609375 0.60555555625 0.69296875
0 0.6138888890625 0.72578125 0.6013888890625 0.72421875 0.5986111109375 0.72578125 0.5986111109375 0.734375 0.6111111109375 0.7359375 0.6138888890625 0.72578125
0 0.44166666718750003 0.18046875 0.4236111109375 0.18046875 0.42083333281249996 0.18203125 0.4236111109375 0.190625 0.43055555625 0.190625 0.44444444375 0.1859375 0.44166666718750003 0.18046875
0 0.4166666671875 0.378125 0.41944444374999995 0.36484375 0.41111111093749997 0.36171875 0.40138888906250003 0.36171875 0.3986111109375 0.36328125 0.3986111109375 0.3796875 0.41111111093749997 0.38125 0.4166666671875 0.378125
0 0.25 0.5921875 0.25555555625 0.5859375 0.252777778125 0.56953125 0.23472222187499997 0.56796875 0.23194444375 0.56953125 0.23194444375 0.5875 0.240277778125 0.5921875 0.25 0.5921875
0 0.4888888890625 0.15703125 0.46805555625000006 0.15546875 0.46527777812500004 0.1671875 0.46805555625000006 0.16875 0.4861111109375 0.1671875 0.4888888890625 0.15703125
0 0.36666666718749996 0.49609375 0.3611111109375 0.49296875 0.3458333328125 0.49296875 0.34305555625 0.49453125 0.34305555625 0.503125 0.3458333328125 0.5046875 0.3638888890625 0.503125 0.36666666718749996 0.49609375
0 0.5305555562500001 0.59375 0.5333333328125 0.5921875 0.5333333328125 0.58203125 0.5305555562500001 0.58046875 0.5125 0.58046875 0.5097222218749999 0.58203125 0.5097222218749999 0.5921875 0.515277778125 0.5953125 0.5305555562500001 0.59375
0 0.13333333281249998 0.53828125 0.12361111093749999 0.53671875 0.1208333328125 0.5421875 0.1263888890625 0.5453125 0.13055555624999998 0.5453125 0.13333333281249998 0.53828125
0 0.4 0.56328125 0.39027777812500003 0.56171875 0.3875 0.5671875 0.39027777812500003 0.5703125 0.397222221875 0.5703125 0.4 0.56328125
0 0.34722222187499996 0.29609375 0.3416666671875 0.29296875 0.334722221875 0.29296875 0.33194444375 0.29453125 0.33194444375 0.303125 0.3416666671875 0.3046875 0.34722222187499996 0.29609375
0 0.7666666671875 0.75234375 0.7611111109375 0.74921875 0.734722221875 0.74921875 0.73194444375 0.7671875 0.7611111109375 0.76875 0.7666666671875 0.765625 0.7666666671875 0.75234375
0 0.4888888890625 0.140625 0.4888888890625 0.13203125 0.4791666671875 0.13046875 0.4763888890625 0.13203125 0.4763888890625 0.140625 0.4861111109375 0.1421875 0.4888888890625 0.140625
0 0.0861111109375 0.39375 0.0861111109375 0.38828125 0.06805555625000001 0.38671875 0.06527777812499999 0.38828125 0.06527777812499999 0.3984375 0.077777778125 0.4 0.0861111109375 0.39375
0 0.5416666671875 0.3296875 0.5416666671875 0.32421875 0.5361111109375 0.31953125 0.5305555562500001 0.31796875 0.5125 0.31796875 0.5097222218749999 0.31953125 0.5097222218749999 0.3296875 0.5125 0.33125 0.5333333328125 0.3328125 0.5416666671875 0.3296875
0 0.3013888890625 0.4109375 0.3083333328125 0.4109375 0.31944444375000003 0.4046875 0.31944444375000003 0.40078125 0.3166666671875 0.39921875 0.3013888890625 0.39921875 0.2986111109375 0.40078125 0.2986111109375 0.4078125 0.3013888890625 0.4109375
0 0.15277777812499999 0.56875 0.1583333328125 0.565625 0.15555555625 0.55703125 0.15277777812499999 0.55546875 0.134722221875 0.55546875 0.13194444375 0.55703125 0.13194444375 0.5671875 0.134722221875 0.56875 0.15277777812499999 0.56875
0 0.8222222218749999 0.41328125 0.8013888890624999 0.41171875 0.7986111109375 0.41328125 0.8013888890624999 0.421875 0.8166666671874999 0.421875 0.8222222218749999 0.41328125
0 0.4888888890625 0.53203125 0.4791666671875 0.53046875 0.4763888890625 0.540625 0.4791666671875 0.54375 0.4861111109375 0.54375 0.4888888890625 0.53203125
0 0.6083333328125 0.58125 0.6111111109375 0.5796875 0.6111111109375 0.57578125 0.6083333328125 0.57421875 0.6013888890625 0.57421875 0.5986111109375 0.57578125 0.5986111109375 0.5796875 0.6013888890625 0.58125 0.6083333328125 0.58125
0 0.522222221875 0.69453125 0.5125 0.69296875 0.5097222218749999 0.6984375 0.5125 0.7015625 0.51944444375 0.7015625 0.522222221875 0.69453125
0 0.6347222218749999 0.6921875 0.647222221875 0.6921875 0.6555555562500001 0.6875 0.6555555562500001 0.67578125 0.652777778125 0.67421875 0.64305555625 0.67421875 0.6347222218749999 0.67734375 0.6319444437499999 0.68046875 0.6347222218749999 0.6921875
0 0.45555555625000005 0.47578125 0.4458333328125 0.47421875 0.44305555625000004 0.48125 0.4458333328125 0.484375 0.45277777812500003 0.484375 0.45555555625000005 0.47578125
0 0.13055555624999998 0.3375 0.13333333281249998 0.3359375 0.13333333281249998 0.33203125 0.13055555624999998 0.33046875 0.12361111093749999 0.33046875 0.1208333328125 0.33203125 0.1208333328125 0.3359375 0.12361111093749999 0.3375 0.13055555624999998 0.3375
0 0.527777778125 0.65078125 0.5125 0.64921875 0.5097222218749999 0.65625 0.522222221875 0.6578125 0.527777778125 0.6546875 0.527777778125 0.65078125
0 0.722222221875 0.771875 0.722222221875 0.76640625 0.7138888890625 0.76171875 0.7013888890625 0.76171875 0.6986111109375 0.778125 0.7111111109375 0.7796875 0.7111111109375 0.77734375 0.722222221875 0.771875
0 0.0888888890625 0.64375 0.0861111109375 0.62734375 0.077777778125 0.62421875 0.06805555625000001 0.62421875 0.06527777812499999 0.62578125 0.06805555625000001 0.6484375 0.0861111109375 0.6484375 0.0888888890625 0.64375