0 0.184375 0.4578125 0.0390625 0.03046875
0 0.2375 0.4578125 0.046875 0.02890625
0 0.20625 0.4609375 0.01796875 0.02265625
0 0.9921875 0.4625 0.0125 0.021875
0 0.26796875 0.471875 0.05 0.02890625
0 0.31328125 0.484375 0.04296875 0.02734375
0 0.99375 0.5 0.009375 0.02421875
0 0.284375 0.5125 0.03046875 0.01953125
0 0.3046875 0.51796875 0.0234375 0.0140625
0 0.16328125 0.525 0.034375 0.02421875
0 0.96484375 0.528125 0.04609375 0.021875
0 0.98515625 0.534375 0.0265625 0.0203125
0 0.91796875 0.5859375 0.05 0.02109375
0 0.0546875 0.5875 0.0234375 0.01640625
0 0.18515625 0.590625 0.03203125 0.01875
0 0.15078125 0.60078125 0.03203125 0.015625
0 0.28671875 0.609375 0.04296875 0.0265625
0 0.215625 0.6078125 0.05 0.01796875
0 0.8890625 0.6109375 0.028125 0.01328125
0 0.8125 0.621875 0.046875 0.03203125
0 0.38515625 0.6234375 0.034375 0.01640625
0 0.29375 0.62890625 0.02890625 0.01875
0 0.98515625 0.63125 0.0265625 0.01875
0 0.9421875 0.6359375 0.0265625 0.01015625
0 0.89453125 0.64375 0.0390625 0.0234375
0 0.24453125 0.653125 0.046875 0.0171875
0 0.10625 0.6609375 0.04296875 0.02734375
0 0.2140625 0.66796875 0.021875 0.015625
0 0.3359375 0.71875 0.0390625 0.02734375
0 0.44765625 0.771875 0.040625 0.02109375
0 0.396875 0.784375 0.0390625 0.02109375