0 0.83055555625 0.2625 0.852777778125 0.253125 0.85555555625 0.25 0.85555555625 0.23828125 0.852777778125 0.23671875 0.8125 0.23671875 0.809722221875 0.23828125 0.809722221875 0.2578125 0.8125 0.2609375 0.81805555625 0.2625 0.83055555625 0.2625
0 0.69305555625 0.5484375 0.7111111109375 0.5484375 0.715277778125 0.5453125 0.722222221875 0.54375 0.725 0.53828125 0.73055555625 0.5359375 0.73055555625 0.53203125 0.725 0.5296875 0.725 0.52734375 0.7194444437499999 0.52421875 0.6791666671875001 0.52421875 0.6763888890625 0.52578125 0.6763888890625 0.5421875 0.684722221875 0.5453125 0.6888888890625 0.5453125 0.69305555625 0.5484375
0 0.9138888890624999 0.2578125 0.9138888890624999 0.25546875 0.9166666671874999 0.2546875 0.9166666671874999 0.25078125 0.9138888890624999 0.25 0.9138888890624999 0.24765625 0.9083333328125001 0.24296875 0.8680555562500001 0.24296875 0.8652777781250001 0.24453125 0.8652777781250001 0.2609375 0.8708333328125001 0.2640625 0.9083333328125001 0.2625 0.9138888890624999 0.2578125
0 0.5083333328124999 0.50625 0.5111111109375 0.49140625 0.50555555625 0.48515625 0.497222221875 0.48046875 0.4791666671875 0.48046875 0.4763888890625 0.48203125 0.4763888890625 0.5046875 0.4791666671875 0.50625 0.5083333328124999 0.50625
0 0.6083333328125 0.4859375 0.6138888890625 0.4765625 0.6111111109375 0.46328125 0.6083333328125 0.46171875 0.56805555625 0.46171875 0.565277778125 0.46328125 0.56805555625 0.4859375 0.5708333328124999 0.4875 0.6083333328125 0.4859375
0 0.0236111109375 0.3890625 0.03194444375 0.39375 0.04444444375 0.39375 0.0458333328125 0.3953125 0.055555556250000006 0.3953125 0.05694444375 0.39375 0.06944444375 0.3921875 0.08055555625000001 0.384375 0.08055555625000001 0.37421875 0.077777778125 0.3734375 0.075 0.36640625 0.0638888890625 0.36171875 0.026388889062499997 0.36171875 0.0208333328125 0.36484375 0.0208333328125 0.3859375 0.0236111109375 0.38671875 0.0236111109375 0.3890625
0 0.8333333328125001 0.5734375 0.8375 0.5703125 0.852777778125 0.565625 0.85555555625 0.5625 0.85555555625 0.54921875 0.85 0.54453125 0.8444444437499999 0.54296875 0.8013888890624999 0.54296875 0.7986111109375 0.54453125 0.7986111109375 0.5671875 0.8055555562500001 0.56875 0.8125 0.5734375 0.8333333328125001 0.5734375
0 0.7861111109375 0.475 0.7875 0.4734375 0.7916666671875 0.4734375 0.797222221875 0.4703125 0.797222221875 0.46796875 0.8027777781250001 0.4640625 0.8027777781250001 0.46015625 0.8055555562500001 0.459375 0.8055555562500001 0.45390625 0.8027777781250001 0.453125 0.8 0.44609375 0.79444444375 0.44296875 0.7569444437499999 0.44296875 0.7541666671875 0.44453125 0.7541666671875 0.4671875 0.7736111109375 0.475 0.7861111109375 0.475
0 0.35555555625 0.4625 0.35694444375 0.4640625 0.375 0.4625 0.377777778125 0.45859375 0.3861111109375 0.4546875 0.3861111109375 0.44765625 0.375 0.44296875 0.3458333328125 0.44296875 0.34305555625 0.44453125 0.34305555625 0.4609375 0.3458333328125 0.4625 0.35555555625 0.4625
0 0.7236111109375 0.425 0.7388888890625 0.425 0.7458333328125 0.4296875 0.75 0.4296875 0.75555555625 0.425 0.75555555625 0.41484375 0.75 0.41171875 0.7013888890625 0.41171875 0.6986111109375 0.41328125 0.7013888890625 0.434375 0.7083333328125 0.434375 0.7111111109375 0.43046875 0.7236111109375 0.425
0 0.1416666671875 0.54375 0.14444444375 0.5421875 0.14444444375 0.53203125 0.1416666671875 0.53046875 0.12361111093749999 0.53046875 0.1208333328125 0.53203125 0.1208333328125 0.5421875 0.1263888890625 0.5453125 0.1416666671875 0.54375
0 0.35555555625 0.5515625 0.352777778125 0.53671875 0.309722221875 0.53828125 0.309722221875 0.553125 0.315277778125 0.55625 0.352777778125 0.5546875 0.35555555625 0.5515625
0 0.7166666671875 0.2578125 0.7236111109375 0.2609375 0.73055555625 0.2609375 0.734722221875 0.2578125 0.7388888890625 0.2578125 0.74444444375 0.2546875 0.74444444375 0.23671875 0.73055555625 0.23046875 0.7013888890625 0.23046875 0.6986111109375 0.23203125 0.6986111109375 0.253125 0.709722221875 0.2578125 0.7166666671875 0.2578125
0 0.7111111109375 0.3109375 0.7111111109375 0.30078125 0.7083333328125 0.29921875 0.6791666671875001 0.29921875 0.6763888890625 0.30078125 0.6791666671875001 0.3171875 0.6944444437499999 0.31875 0.7041666671875 0.3125 0.7111111109375 0.3109375
0 0.43194444374999996 0.375 0.45277777812500003 0.375 0.4611111109375 0.3671875 0.4583333328125 0.35859375 0.45277777812500003 0.35546875 0.4236111109375 0.35546875 0.42083333281249996 0.35703125 0.42083333281249996 0.36875 0.4236111109375 0.371875 0.43194444374999996 0.375
0 0.91944444375 0.5625 0.9305555562500001 0.5578125 0.9333333328125001 0.5546875 0.9333333328125001 0.54453125 0.9305555562500001 0.54140625 0.9263888890624999 0.54140625 0.91944444375 0.53671875 0.8791666671874999 0.53671875 0.8763888890624999 0.53828125 0.8763888890624999 0.5546875 0.8847222218749999 0.5609375 0.890277778125 0.5625 0.91944444375 0.5625
0 0.5666666671875 0.1546875 0.5666666671875 0.15234375 0.575 0.15 0.577777778125 0.146875 0.575 0.13828125 0.5458333328125 0.13671875 0.54305555625 0.13828125 0.5458333328125 0.153125 0.55694444375 0.15625 0.5666666671875 0.1546875
0 0.26805555625 0.5359375 0.272222221875 0.5359375 0.2736111109375 0.5375 0.2833333328125 0.5375 0.28472222187499996 0.5390625 0.3 0.5390625 0.3013888890625 0.5375 0.3083333328125 0.5375 0.3111111109375 0.53359375 0.322222221875 0.5265625 0.322222221875 0.52109375 0.31944444375000003 0.5203125 0.31944444375000003 0.51796875 0.3083333328125 0.51171875 0.26805555625 0.51171875 0.26527777812500003 0.51328125 0.26527777812500003 0.5328125 0.26805555625 0.53359375 0.26805555625 0.5359375
0 0.95 0.5984375 0.9513888890625 0.6 0.98055555625 0.6 0.997222221875 0.5921875 0.997222221875 0.58359375 0.99444444375 0.58203125 0.9875 0.58203125 0.975 0.57421875 0.9458333328125 0.57421875 0.94305555625 0.57578125 0.94305555625 0.5953125 0.9458333328125 0.59609375 0.9458333328125 0.5984375 0.95 0.5984375
0 0.809722221875 0.1796875 0.81805555625 0.184375 0.8222222218749999 0.184375 0.8236111109375001 0.1859375 0.83055555625 0.1859375 0.83194444375 0.1875 0.85 0.1875 0.8666666671875 0.178125 0.8666666671875 0.16171875 0.8638888890624999 0.1609375 0.8638888890624999 0.15859375 0.8611111109375 0.15703125 0.85694444375 0.15703125 0.85555555625 0.15546875 0.8208333328125 0.15546875 0.8125 0.16015625 0.8125 0.1625 0.809722221875 0.16328125 0.809722221875 0.1796875
0 0.45 0.4734375 0.4583333328125 0.45703125 0.45277777812500003 0.45546875 0.4236111109375 0.45546875 0.42083333281249996 0.45703125 0.42083333281249996 0.4734375 0.4236111109375 0.475 0.45 0.4734375
0 0.2791666671875 0.4375 0.28611111093749997 0.4375 0.3 0.4296875 0.3 0.41953125 0.29722222187499997 0.41796875 0.2791666671875 0.41796875 0.27638888906250003 0.41953125 0.27638888906250003 0.4359375 0.2791666671875 0.4375
0 0.7541666671875 0.2625 0.7833333328125 0.2625 0.797222221875 0.2546875 0.8 0.24453125 0.797222221875 0.24375 0.797222221875 0.23984375 0.79444444375 0.23828125 0.790277778125 0.23828125 0.7888888890625 0.23671875 0.7513888890625 0.23671875 0.75 0.23828125 0.7458333328125 0.23828125 0.7458333328125 0.2421875 0.7430555562500001 0.24296875 0.7430555562500001 0.2546875 0.7541666671875 0.2625
0 0.5861111109375 0.5734375 0.6 0.5671875 0.6 0.56171875 0.602777778125 0.5609375 0.6 0.55078125 0.597222221875 0.54921875 0.56805555625 0.54921875 0.565277778125 0.55078125 0.565277778125 0.5671875 0.5708333328124999 0.571875 0.5861111109375 0.5734375
0 0.8194444437499999 0.2875 0.8208333328125 0.2859375 0.825 0.2859375 0.8361111109375001 0.2796875 0.8333333328125001 0.26328125 0.83055555625 0.26171875 0.79305555625 0.26171875 0.7875 0.26484375 0.7875 0.284375 0.79305555625 0.2875 0.8194444437499999 0.2875
0 0.602777778125 0.3046875 0.6111111109375 0.2984375 0.6111111109375 0.28828125 0.6083333328125 0.28671875 0.5791666671875 0.28671875 0.5763888890625 0.28828125 0.5763888890625 0.3046875 0.5791666671875 0.30625 0.602777778125 0.3046875
0 0.8583333328125 0.04609375 0.852777778125 0.04296875 0.834722221875 0.04296875 0.83194444375 0.04453125 0.83194444375 0.0546875 0.8375 0.0578125 0.8583333328125 0.0546875 0.8583333328125 0.04609375
0 0.76805555625 0.1734375 0.7819444437499999 0.17734375 0.7736111109375 0.18203125 0.7736111109375 0.184375 0.765277778125 0.18984375 0.765277778125 0.1921875 0.76805555625 0.19296875 0.76805555625 0.1984375 0.775 0.1984375 0.7763888890625 0.2 0.7916666671875 0.2 0.8111111109375001 0.190625 0.8111111109375001 0.16953125 0.8083333328125001 0.16796875 0.7791666671875 0.16796875 0.777777778125 0.16953125 0.76805555625 0.16953125 0.76805555625 0.1734375
0 0.23333333281250002 0.58828125 0.23055555625 0.58671875 0.2125 0.58671875 0.20972222187499998 0.596875 0.2125 0.5984375 0.23055555625 0.5984375 0.23333333281250002 0.58828125
0 0.43055555625 0.5625 0.4388888890625 0.553125 0.4361111109375 0.54453125 0.4125 0.54296875 0.40972222187499996 0.54453125 0.40972222187499996 0.5609375 0.4125 0.5625 0.43055555625 0.5625
0 0.8361111109375001 0.2171875 0.840277778125 0.2140625 0.8444444437499999 0.2140625 0.85 0.2109375 0.847222221875 0.19609375 0.8444444437499999 0.1953125 0.8444444437499999 0.18828125 0.8416666671874999 0.18671875 0.8125 0.18671875 0.809722221875 0.18828125 0.809722221875 0.2125 0.81805555625 0.2171875 0.8361111109375001 0.2171875
0 0.797222221875 0.04296875 0.765277778125 0.04453125 0.76805555625 0.05625 0.79444444375 0.05625 0.8 0.053125 0.797222221875 0.04296875
0 0.5555555562500001 0.38984375 0.55 0.38671875 0.5236111109375 0.38671875 0.5208333328125 0.38828125 0.5236111109375 0.4 0.54444444375 0.4015625 0.5555555562500001 0.3984375 0.5555555562500001 0.38984375
0 0.5097222218749999 0.48515625 0.5097222218749999 0.4953125 0.5125 0.4984375 0.51805555625 0.5 0.5416666671875 0.5 0.54444444375 0.49609375 0.5555555562500001 0.4921875 0.5555555562500001 0.47890625 0.5527777781250001 0.47578125 0.534722221875 0.47421875 0.525 0.48046875 0.515277778125 0.48046875 0.5097222218749999 0.48515625
0 0.91944444375 0.3375 0.9333333328125001 0.3296875 0.9333333328125001 0.31328125 0.9305555562500001 0.31171875 0.9013888890624999 0.31171875 0.8986111109375001 0.31328125 0.8986111109375001 0.3359375 0.9013888890624999 0.3375 0.91944444375 0.3375
0 0.8680555562500001 0.315625 0.8833333328125 0.315625 0.9 0.30625 0.9 0.29921875 0.902777778125 0.2984375 0.9 0.28984375 0.8916666671875 0.28671875 0.85694444375 0.28671875 0.8541666671874999 0.28828125 0.8541666671874999 0.3109375 0.8638888890624999 0.3125 0.8680555562500001 0.315625
0 0.3013888890625 0.4484375 0.3083333328125 0.4484375 0.322222221875 0.440625 0.322222221875 0.43203125 0.3166666671875 0.43046875 0.3013888890625 0.43046875 0.2986111109375 0.43203125 0.2986111109375 0.4453125 0.3013888890625 0.4484375
0 0.91944444375 0.4671875 0.922222221875 0.45078125 0.890277778125 0.44921875 0.8875 0.45078125 0.890277778125 0.4703125 0.9083333328125001 0.4703125 0.91944444375 0.4671875
0 0.7888888890625 0.27578125 0.7569444437499999 0.27421875 0.7541666671875 0.27578125 0.7569444437499999 0.2953125 0.7861111109375 0.29375 0.7888888890625 0.27578125
0 0.46666666718750005 0.4125 0.475 0.409375 0.477777778125 0.40078125 0.47222222187499996 0.39453125 0.45694444375 0.39296875 0.45416666718750004 0.39453125 0.45416666718750004 0.4109375 0.45694444375 0.4125 0.46666666718750005 0.4125
0 0.6333333328124999 0.18203125 0.6125 0.18046875 0.609722221875 0.18203125 0.6125 0.1953125 0.63055555625 0.19375 0.6333333328124999 0.18203125
0 0.797222221875 0.0375 0.8 0.0359375 0.8 0.02578125 0.797222221875 0.02421875 0.7791666671875 0.02421875 0.7763888890625 0.02578125 0.7763888890625 0.0359375 0.7791666671875 0.0375 0.797222221875 0.0375
0 0.6638888890625 0.175 0.675 0.1671875 0.6777777781250001 0.15859375 0.672222221875 0.15546875 0.6458333328125 0.15546875 0.64305555625 0.15703125 0.64305555625 0.1734375 0.6458333328125 0.175 0.6638888890625 0.175
0 0.597222221875 0.1296875 0.6 0.11953125 0.5944444437499999 0.11328125 0.56805555625 0.11171875 0.565277778125 0.11328125 0.565277778125 0.1296875 0.56805555625 0.13125 0.597222221875 0.1296875
0 0.2 0.52578125 0.17916666718750002 0.52421875 0.1763888890625 0.5359375 0.19444444375 0.5375 0.2 0.534375 0.2 0.52578125
0 0.61944444375 0.125 0.625 0.1234375 0.63055555625 0.1171875 0.625 0.10703125 0.61944444375 0.10546875 0.6013888890625 0.10546875 0.5986111109375 0.10703125 0.5986111109375 0.1234375 0.6013888890625 0.125 0.61944444375 0.125
0 0.70555555625 0.15 0.7111111109375 0.146875 0.7111111109375 0.13671875 0.6972222218749999 0.13046875 0.6791666671875001 0.13046875 0.6763888890625 0.13203125 0.6763888890625 0.146875 0.68194444375 0.15 0.70555555625 0.15
0 0.2138888890625 0.55078125 0.190277778125 0.54921875 0.1875 0.5609375 0.20833333281250002 0.5625 0.2138888890625 0.559375 0.2138888890625 0.55078125
0 0.83194444375 0.3078125 0.8416666671874999 0.30625 0.852777778125 0.296875 0.852777778125 0.28828125 0.85 0.28671875 0.8013888890624999 0.28671875 0.7986111109375 0.28828125 0.7986111109375 0.3046875 0.8125 0.309375 0.83055555625 0.309375 0.83194444375 0.3078125
0 0.9111111109375001 0.68984375 0.922222221875 0.6859375 0.922222221875 0.67578125 0.91944444375 0.67421875 0.8958333328125001 0.67421875 0.8875 0.67890625 0.8875 0.6921875 0.9083333328125001 0.69375 0.9111111109375001 0.68984375
0 0.522222221875 0.1484375 0.5333333328125 0.1421875 0.5361111109375 0.12734375 0.522222221875 0.12421875 0.5125 0.12421875 0.5097222218749999 0.12578125 0.5097222218749999 0.146875 0.5125 0.1484375 0.522222221875 0.1484375
0 0.51944444375 0.4296875 0.5166666671875 0.42109375 0.5083333328124999 0.41796875 0.4791666671875 0.41796875 0.4763888890625 0.41953125 0.4791666671875 0.4359375 0.4861111109375 0.4359375 0.49305555625 0.43125 0.51944444375 0.4296875
0 0.875 0.1265625 0.8888888890625 0.1234375 0.8916666671875 0.11171875 0.8861111109375001 0.10546875 0.8625 0.10546875 0.85694444375 0.10703125 0.8541666671874999 0.11015625 0.8541666671874999 0.1234375 0.859722221875 0.1265625 0.875 0.1265625
0 0.534722221875 0.2984375 0.5388888890625 0.2984375 0.5416666671875 0.296875 0.54444444375 0.28984375 0.527777778125 0.28046875 0.5013888890625 0.28046875 0.4986111109375 0.28203125 0.4986111109375 0.2984375 0.5013888890625 0.3 0.5333333328125 0.3 0.534722221875 0.2984375
0 0.652777778125 0.08671875 0.6347222218749999 0.08671875 0.6319444437499999 0.08828125 0.6347222218749999 0.0984375 0.64444444375 0.0984375 0.6555555562500001 0.09375 0.652777778125 0.08671875
0 0.652777778125 0.2875 0.6638888890625 0.28125 0.6666666671875 0.27265625 0.6611111109375 0.26796875 0.6375 0.26796875 0.6319444437499999 0.27109375 0.6319444437499999 0.284375 0.6347222218749999 0.2875 0.652777778125 0.2875
0 0.1166666671875 0.53828125 0.10138888906250001 0.53671875 0.0986111109375 0.5484375 0.10138888906250001 0.55 0.1166666671875 0.5484375 0.1166666671875 0.53828125
0 0.6944444437499999 0.4578125 0.6972222218749999 0.44609375 0.70555555625 0.4421875 0.70555555625 0.43828125 0.6972222218749999 0.43046875 0.6791666671875001 0.43046875 0.6763888890625 0.43203125 0.6763888890625 0.4546875 0.68194444375 0.4578125 0.6944444437499999 0.4578125
0 0.8222222218749999 0.63828125 0.8041666671875 0.63671875 0.7986111109375 0.63984375 0.7986111109375 0.6484375 0.8194444437499999 0.65 0.8222222218749999 0.63828125
0 0.5 0.140625 0.502777778125 0.12578125 0.4791666671875 0.12421875 0.4763888890625 0.12578125 0.4763888890625 0.1421875 0.49444444374999996 0.14375 0.5 0.140625
0 0.475 0.58125 0.48055555625 0.57109375 0.475 0.56796875 0.45694444375 0.56796875 0.45416666718750004 0.56953125 0.45416666718750004 0.5796875 0.45694444375 0.5828125 0.475 0.58125
0 0.5555555562500001 0.28125 0.5555555562500001 0.27578125 0.534722221875 0.27421875 0.5319444437499999 0.2859375 0.534722221875 0.2875 0.55 0.2859375 0.5555555562500001 0.28125
0 0.9305555562500001 0.19375 0.9444444437499999 0.1859375 0.9444444437499999 0.17734375 0.9388888890624999 0.17421875 0.9125 0.17421875 0.909722221875 0.17578125 0.909722221875 0.1921875 0.9125 0.19375 0.9305555562500001 0.19375
0 0.2888888890625 0.35 0.28611111093749997 0.34296875 0.259722221875 0.34453125 0.259722221875 0.3484375 0.26805555625 0.353125 0.28611111093749997 0.353125 0.2888888890625 0.35
0 0.40833333281249995 0.53828125 0.3791666671875 0.53671875 0.3763888890625 0.53828125 0.3763888890625 0.5484375 0.3791666671875 0.55 0.397222221875 0.55 0.40833333281249995 0.5421875 0.40833333281249995 0.53828125
0 0.8111111109375001 0.665625 0.8111111109375001 0.65703125 0.8013888890624999 0.65546875 0.7986111109375 0.65703125 0.7986111109375 0.665625 0.8083333328125001 0.6671875 0.8111111109375001 0.665625
0 0.8888888890625 0.284375 0.8916666671875 0.28125 0.8888888890625 0.26953125 0.8833333328125 0.26796875 0.8430555562500001 0.26953125 0.8430555562500001 0.28125 0.8486111109375001 0.2859375 0.872222221875 0.2875 0.8888888890625 0.284375
0 0.61944444375 0.1453125 0.625 0.140625 0.627777778125 0.13359375 0.61944444375 0.13046875 0.6013888890625 0.13046875 0.5986111109375 0.13203125 0.5986111109375 0.1421875 0.60694444375 0.1453125 0.61944444375 0.1453125
0 0.27638888906250003 0.33125 0.2833333328125 0.33125 0.29722222187499997 0.3234375 0.29722222187499997 0.31328125 0.29305555625 0.31328125 0.2916666671875 0.31171875 0.259722221875 0.31171875 0.2541666671875 0.31484375 0.2541666671875 0.3296875 0.259722221875 0.3328125 0.275 0.3328125 0.27638888906250003 0.33125
0 0.934722221875 0.6484375 0.9416666671874999 0.6484375 0.95555555625 0.6421875 0.95555555625 0.63203125 0.952777778125 0.63046875 0.934722221875 0.63046875 0.93194444375 0.63203125 0.93194444375 0.646875 0.934722221875 0.6484375
0 0.94305555625 0.0859375 0.952777778125 0.0859375 0.9611111109375001 0.0796875 0.9583333328125001 0.06953125 0.952777778125 0.06796875 0.934722221875 0.06796875 0.93194444375 0.06953125 0.93194444375 0.0796875 0.934722221875 0.0828125 0.94305555625 0.0859375
0 0.575 0.3 0.577777778125 0.2984375 0.577777778125 0.28828125 0.575 0.28671875 0.55694444375 0.28671875 0.5541666671875001 0.28828125 0.5541666671875001 0.2984375 0.55694444375 0.3 0.575 0.3
0 0.16944444375 0.271875 0.16944444375 0.26328125 0.1458333328125 0.26171875 0.14305555625 0.271875 0.14861111093749999 0.275 0.16388888906250001 0.275 0.16944444375 0.271875
0 0.1666666671875 0.534375 0.1666666671875 0.52578125 0.15694444375 0.52421875 0.1541666671875 0.52578125 0.1541666671875 0.534375 0.16388888906250001 0.5359375 0.1666666671875 0.534375
0 0.6777777781250001 0.3109375 0.6777777781250001 0.30078125 0.6569444437499999 0.29921875 0.6541666671875 0.3109375 0.6625 0.3140625 0.672222221875 0.3140625 0.6777777781250001 0.3109375
0 0.6416666671875 0.3 0.65 0.2921875 0.65 0.28828125 0.6236111109375 0.28671875 0.6208333328125 0.28828125 0.6208333328125 0.2984375 0.6236111109375 0.3 0.6416666671875 0.3
0 0.652777778125 0.15 0.6583333328125 0.13359375 0.652777778125 0.13046875 0.6375 0.13046875 0.6319444437499999 0.13359375 0.6319444437499999 0.1484375 0.6347222218749999 0.15 0.652777778125 0.15
0 0.5638888890625 0.5390625 0.5694444437499999 0.5359375 0.5694444437499999 0.52734375 0.5638888890625 0.52421875 0.5458333328125 0.52421875 0.54305555625 0.52578125 0.54305555625 0.5375 0.5486111109375 0.540625 0.5638888890625 0.5390625
0 0.3638888890625 0.3484375 0.372222221875 0.33984375 0.36666666718749996 0.33671875 0.35694444375 0.33671875 0.3541666671875 0.33828125 0.3541666671875 0.3453125 0.35694444375 0.3484375 0.3638888890625 0.3484375
0 0.28611111093749997 0.36953125 0.2833333328125 0.36796875 0.25694444375000003 0.36796875 0.2541666671875 0.36953125 0.2541666671875 0.3734375 0.26805555625 0.378125 0.28611111093749997 0.375 0.28611111093749997 0.36953125
0 0.965277778125 0.6296875 0.9680555562500001 0.63125 0.9861111109375 0.63125 0.997222221875 0.6265625 0.997222221875 0.61015625 0.9916666671875 0.60703125 0.9680555562500001 0.60546875 0.965277778125 0.60703125 0.965277778125 0.6125 0.9680555562500001 0.61328125 0.965277778125 0.6296875
0 0.8611111109375 0.06171875 0.8458333328125001 0.06171875 0.8430555562500001 0.06328125 0.8458333328125001 0.071875 0.852777778125 0.071875 0.8638888890624999 0.0671875 0.8611111109375 0.06171875
0 0.9638888890624999 0.0546875 0.9638888890624999 0.05078125 0.9583333328125001 0.05 0.952777778125 0.04296875 0.934722221875 0.04296875 0.93194444375 0.04453125 0.93194444375 0.0546875 0.9375 0.0578125 0.952777778125 0.059375 0.9638888890624999 0.0546875
0 0.95694444375 0.6265625 0.9666666671874999 0.625 0.975 0.615625 0.975 0.61171875 0.977777778125 0.6109375 0.975 0.60546875 0.95694444375 0.60546875 0.9541666671875 0.60703125 0.9541666671875 0.6234375 0.95694444375 0.6265625
0 0.13055555624999998 0.49375 0.13333333281249998 0.4921875 0.13333333281249998 0.48828125 0.13055555624999998 0.48671875 0.12361111093749999 0.48671875 0.1208333328125 0.48828125 0.1208333328125 0.4921875 0.12361111093749999 0.49375 0.13055555624999998 0.49375
0 0.28611111093749997 0.4734375 0.3 0.465625 0.3 0.45703125 0.29444444375 0.45546875 0.2791666671875 0.45546875 0.27638888906250003 0.45703125 0.2791666671875 0.4734375 0.28611111093749997 0.4734375
0 0.4166666671875 0.43203125 0.40138888906250003 0.43046875 0.3986111109375 0.43203125 0.3986111109375 0.440625 0.41111111093749997 0.4421875 0.4166666671875 0.43203125
0 0.98194444375 0.0921875 0.9861111109375 0.0921875 0.9902777781250001 0.096875 0.99444444375 0.096875 0.997222221875 0.08828125 0.984722221875 0.08828125 0.98055555625 0.0859375 0.98055555625 0.08203125 0.9680555562500001 0.08046875 0.965277778125 0.08203125 0.965277778125 0.096875 0.975 0.1 0.98194444375 0.0921875
0 0.7111111109375 0.2734375 0.7111111109375 0.27109375 0.722222221875 0.2671875 0.725 0.25859375 0.7166666671875 0.25546875 0.690277778125 0.25546875 0.6875 0.25703125 0.690277778125 0.2703125 0.6958333328124999 0.2734375 0.7111111109375 0.2734375
0 0.6416666671875 0.41796875 0.6125 0.41796875 0.609722221875 0.41953125 0.6152777781250001 0.428125 0.6236111109375 0.4296875 0.64444444375 0.428125 0.6416666671875 0.41796875
0 0.7458333328125 0.20546875 0.7458333328125 0.209375 0.7430555562500001 0.21015625 0.7430555562500001 0.2234375 0.7458333328125 0.225 0.75555555625 0.225 0.7666666671875 0.21875 0.7666666671875 0.21640625 0.76944444375 0.215625 0.76944444375 0.21171875 0.775 0.2078125 0.775 0.20078125 0.76805555625 0.20078125 0.7666666671875 0.19921875 0.7569444437499999 0.19921875 0.7458333328125 0.20546875
0 0.475 0.3078125 0.475 0.29453125 0.45694444375 0.29296875 0.45416666718750004 0.29453125 0.45416666718750004 0.3109375 0.46666666718750005 0.3125 0.475 0.3078125
0 0.775 0.5421875 0.7805555562500001 0.52734375 0.775 0.52421875 0.7569444437499999 0.52421875 0.7541666671875 0.52578125 0.7541666671875 0.540625 0.7569444437499999 0.54375 0.775 0.5421875
0 0.197222221875 0.353125 0.197222221875 0.35078125 0.1916666671875 0.3484375 0.1916666671875 0.34609375 0.1861111109375 0.34296875 0.16805555625 0.34296875 0.165277778125 0.34453125 0.165277778125 0.3546875 0.17361111093749998 0.3578125 0.1861111109375 0.3578125 0.197222221875 0.353125
0 0.7805555562500001 0.3421875 0.7888888890625 0.3359375 0.7861111109375 0.32578125 0.7805555562500001 0.32421875 0.7569444437499999 0.32421875 0.7541666671875 0.32578125 0.7541666671875 0.3421875 0.7569444437499999 0.34375 0.7805555562500001 0.3421875
0 0.177777778125 0.42109375 0.172222221875 0.41796875 0.1458333328125 0.41796875 0.14305555625 0.41953125 0.1458333328125 0.43125 0.172222221875 0.4296875 0.177777778125 0.425 0.177777778125 0.42109375
0 0.6388888890625 0.4359375 0.64444444375 0.4296875 0.64444444375 0.41953125 0.6125 0.41796875 0.609722221875 0.4234375 0.6208333328125 0.42890625 0.6208333328125 0.4359375 0.6388888890625 0.4359375
0 0.9902777781250001 0.06796875 0.9875 0.0859375 0.997222221875 0.0875 0.9986111109375001 0.06953125 0.9902777781250001 0.06796875
0 0.5375 0.27265625 0.5319444437499999 0.27578125 0.5319444437499999 0.2859375 0.534722221875 0.2875 0.547222221875 0.2875 0.5527777781250001 0.2859375 0.5555555562500001 0.28203125 0.5694444437499999 0.275 0.5694444437499999 0.26953125 0.5638888890625 0.26796875 0.5513888890625 0.26796875 0.5416666671875 0.27265625 0.5375 0.27265625
0 0.222222221875 0.51953125 0.20138888906250002 0.51796875 0.20138888906250002 0.5328125 0.2166666671875 0.5328125 0.222222221875 0.5296875 0.222222221875 0.51953125
0 0.21944444375 0.53125 0.222222221875 0.5296875 0.222222221875 0.51953125 0.21944444375 0.51796875 0.20138888906250002 0.51796875 0.1986111109375 0.51953125 0.1986111109375 0.5296875 0.20416666718749998 0.5328125 0.21944444375 0.53125
0 0.83055555625 0.50625 0.8416666671874999 0.4984375 0.8416666671874999 0.49453125 0.8361111109375001 0.49296875 0.8236111109375001 0.49296875 0.8208333328125 0.49453125 0.8208333328125 0.5046875 0.8236111109375001 0.50625 0.83055555625 0.50625
0 0.69305555625 0.334375 0.6972222218749999 0.334375 0.7111111109375 0.3296875 0.7138888890625 0.32109375 0.7083333328125 0.31796875 0.690277778125 0.31796875 0.6875 0.31953125 0.6875 0.33125 0.69305555625 0.334375
0 0.7430555562500001 0.15 0.752777778125 0.15 0.752777778125 0.14609375 0.75555555625 0.1453125 0.75555555625 0.13828125 0.752777778125 0.13515625 0.7416666671875001 0.13046875 0.7236111109375 0.13046875 0.7208333328125 0.13203125 0.7208333328125 0.1421875 0.7333333328125 0.1453125 0.7430555562500001 0.15