0 0.546875 0.1390625 0.0375 0.02109375
0 0.628125 0.1375 0.01953125 0.01171875
0 0.525 0.1546875 0.0359375 0.02265625
0 0.690625 0.2796875 0.040625 0.02421875
0 0.70234375 0.29375 0.04296875 0.01875
0 0.6328125 0.4296875 0.0375 0.0234375
0 0.2828125 0.4453125 0.0375 0.01796875
0 0.71640625 0.446875 0.03359375 0.015625
0 0.3078125 0.459375 0.02890625 0.0171875
0 0.78984375 0.46796875 0.04296875 0.0265625
0 0.09921875 0.49375 0.0484375 0.02890625
0 0.75234375 0.4984375 0.0234375 0.01875
0 0.57109375 0.51015625 0.053125 0.0265625
0 0.68203125 0.5140625 0.04453125 0.028125
0 0.3640625 0.5140625 0.0359375 0.02109375
0 0.546875 0.51640625 0.0390625 0.0234375
0 0.653125 0.52578125 0.0375 0.0234375
0 0.41328125 0.5375 0.04609375 0.03046875
0 0.75234375 0.54375 0.0484375 0.02578125
0 0.403125 0.571875 0.025 0.02265625
0 0.390625 0.6046875 0.046875 0.02578125
0 0.5359375 0.61875 0.046875 0.02421875
0 0.6625 0.63125 0.04453125 0.0234375
0 0.39296875 0.221875 0.0234375 0.01484375
0 0.415625 0.2734375 0.02109375 0.01328125
0 0.4265625 0.29296875 0.0171875 0.0109375
0 0.42734375 0.30390625 0.02109375 0.00703125
0 0.96875 0.4734375 0.01875 0.009375
0 0.9828125 0.403125 0.0203125 0.01328125
0 0.96875 0.41796875 0.01640625 0.00859375
0 0.8890625 0.43203125 0.01796875 0.01171875
0 0.90390625 0.4265625 0.01640625 0.01328125
0 0.91015625 0.38828125 0.0171875 0.009375
0 0.946875 0.36484375 0.015625 0.0109375
0 0.80078125 0.37109375 0.021875 0.01171875
0 0.68203125 0.34140625 0.0296875 0.0125
0 0.75 0.325 0.01796875 0.009375
0 0.70859375 0.2171875 0.01796875 0.01015625
0 0.73125 0.2515625 0.01328125 0.00859375
0 0.73125 0.25859375 0.009375 0.00546875
0 0.7140625 0.23359375 0.0109375 0.00546875
0 0.9203125 0.3390625 0.0171875 0.01171875
0 0.875 0.3171875 0.01328125 0.0078125
0 0.85390625 0.3203125 0.01484375 0.00859375
0 0.92109375 0.3125 0.01484375 0.00859375
0 0.909375 0.28828125 0.01640625 0.009375
0 0.94375 0.303125 0.0171875 0.00859375
0 0.95390625 0.27265625 0.01875 0.01171875
0 0.97421875 0.27421875 0.01875 0.01015625
0 0.98671875 0.32421875 0.0171875 0.00859375
0 0.95 0.2578125 0.0203125 0.0109375
0 0.91875 0.2421875 0.0140625 0.0078125
0 0.9265625 0.2515625 0.0171875 0.009375
0 0.93984375 0.375 0.01640625 0.0078125
0 0.13515625 0.36328125 0.025 0.0109375
0 0.18515625 0.315625 0.01328125 0.0078125
0 0.16328125 0.31484375 0.0109375 0.00546875
0 0.0625 0.26640625 0.01484375 0.00859375
0 0.14921875 0.3828125 0.015625 0.01171875
0 0.1796875 0.39375 0.0140625 0.00859375