0 0.5515625 0.446875 0.03359375 0.02421875
0 0.61171875 0.475 0.04609375 0.02109375
0 0.55703125 0.47890625 0.0359375 0.0171875
0 0.515625 0.509375 0.040625 0.021875
0 0.6109375 0.55 0.021875 0.01640625
0 0.49140625 0.5671875 0.04453125 0.01484375
0 0.578125 0.58828125 0.05859375 0.01875
0 0.39296875 0.6015625 0.03046875 0.02421875
0 0.4703125 0.59375 0.0234375 0.00859375
0 0.925 0.6203125 0.0390625 0.01875
0 0.46328125 0.62109375 0.03203125 0.0171875
0 0.5125 0.621875 0.025 0.01875
0 0.59296875 0.628125 0.0390625 0.0234375
0 0.99140625 0.634375 0.0140625 0.01796875
0 0.8765625 0.64921875 0.04140625 0.021875
0 0.990625 0.66875 0.015625 0.01796875
0 0.846875 0.678125 0.028125 0.01796875
0 0.66484375 0.6890625 0.034375 0.0140625