0 0.6421875 0.14375 0.02890625 0.01875
0 0.7234375 0.14375 0.01953125 0.0171875
0 0.615625 0.1578125 0.04296875 0.0265625
0 0.7765625 0.284375 0.04140625 0.02265625
0 0.784375 0.3 0.0484375 0.02265625
0 0.765625 0.34609375 0.03359375 0.0140625
0 0.44296875 0.4296875 0.028125 0.01953125
0 0.05390625 0.434375 0.0390625 0.01328125
0 0.68671875 0.440625 0.034375 0.01796875
0 0.3625 0.44453125 0.03359375 0.01875
0 0.79609375 0.4515625 0.03359375 0.01796875
0 0.38515625 0.459375 0.0265625 0.01640625
0 0.88203125 0.46875 0.04453125 0.02734375
0 0.18203125 0.490625 0.04453125 0.0265625
0 0.83046875 0.503125 0.028125 0.0203125
0 0.65 0.5125 0.05 0.03125
0 0.62421875 0.515625 0.0375 0.025
0 0.7609375 0.515625 0.046875 0.02421875
0 0.73125 0.5265625 0.034375 0.02265625
0 0.50078125 0.53671875 0.0234375 0.0234375
0 0.83359375 0.54609375 0.046875 0.0265625
0 0.475 0.54609375 0.0140625 0.0109375
0 0.471875 0.5734375 0.0359375 0.01953125
0 0.46328125 0.603125 0.0484375 0.02578125
0 0.609375 0.61875 0.04453125 0.025
0 0.74296875 0.6328125 0.04140625 0.02109375