0 0.58046875 0.284375 0.03046875 0.01796875
0 0.2984375 0.3 0.01953125 0.01640625
0 0.5546875 0.30390625 0.0234375 0.015625
0 0.57421875 0.31171875 0.0265625 0.0125
0 0.43046875 0.3703125 0.021875 0.01875
0 0.4515625 0.3703125 0.03046875 0.01953125
0 0.3421875 0.43671875 0.0265625 0.0171875
0 0.35859375 0.446875 0.0390625 0.02109375
0 0.384375 0.44296875 0.02109375 0.0125
0 0.6921875 0.22578125 0.0125 0.009375
0 0.68203125 0.23203125 0.01171875 0.0078125
0 0.6625 0.23828125 0.00859375 0.0078125
0 0.66875 0.24609375 0.0109375 0.00859375
0 0.67109375 0.26796875 0.01484375 0.00703125
0 0.64765625 0.2640625 0.01015625 0.01015625
0 0.759375 0.2875 0.01171875 0.00703125
0 0.75234375 0.29140625 0.01171875 0.00625
0 0.78203125 0.19375 0.01640625 0.01015625
0 0.64140625 0.2125 0.0171875 0.00859375
0 0.61875 0.20078125 0.01328125 0.00703125
0 0.63046875 0.17421875 0.01640625 0.01015625
0 0.6484375 0.17890625 0.0140625 0.01015625
0 0.6109375 0.1796875 0.01640625 0.0078125
0 0.72890625 0.16328125 0.0171875 0.00859375
0 0.61015625 0.14453125 0.01640625 0.01015625
0 0.6453125 0.140625 0.01015625 0.0078125
0 0.60859375 0.11171875 0.01484375 0.00703125
0 0.63671875 0.1125 0.0171875 0.00859375
0 0.61015625 0.09453125 0.0140625 0.00703125
0 0.61796875 0.1015625 0.0125 0.00703125
0 0.6578125 0.10546875 0.0125 0.00859375
0 0.66875 0.103125 0.01484375 0.00859375
0 0.68203125 0.09765625 0.015625 0.009375
0 0.68671875 0.1078125 0.0171875 0.009375
0 0.68984375 0.07421875 0.015625 0.01015625
0 0.7265625 0.0671875 0.0140625 0.00859375
0 0.77265625 0.1015625 0.015625 0.0078125
0 0.78359375 0.10625 0.0140625 0.00546875
0 0.77890625 0.11015625 0.0109375 0.00546875
0 0.8234375 0.18046875 0.0125 0.00703125
0 0.85546875 0.19453125 0.009375 0.00625
0 0.87578125 0.19140625 0.01015625 0.00546875
0 0.621875 0.30703125 0.01171875 0.00703125
0 0.7171875 0.29921875 0.0125 0.0078125
0 0.73515625 0.2515625 0.015625 0.00859375
0 0.75390625 0.240625 0.0140625 0.00859375
0 0.76953125 0.2421875 0.0109375 0.00625
0 0.7796875 0.27109375 0.0125 0.0078125
0 0.765625 0.27109375 0.0125 0.00703125
0 0.80390625 0.2609375 0.015625 0.0109375
0 0.46953125 0.2796875 0.01640625 0.009375
0 0.43984375 0.27109375 0.01640625 0.009375
0 0.43203125 0.225 0.0171875 0.00859375
0 0.48671875 0.221875 0.0140625 0.00859375
0 0.55703125 0.22890625 0.01875 0.0109375
0 0.44296875 0.23125 0.015625 0.009375
0 0.42265625 0.17890625 0.015625 0.009375
0 0.35625 0.17578125 0.0140625 0.009375
0 0.38984375 0.159375 0.01328125 0.00859375
0 0.34375 0.17265625 0.0109375 0.00859375
0 0.2984375 0.16953125 0.01328125 0.00859375
0 0.3125 0.1703125 0.01640625 0.0109375
0 0.3171875 0.1546875 0.015625 0.009375
0 0.34609375 0.1390625 0.015625 0.0078125
0 0.340625 0.1484375 0.01484375 0.0078125
0 0.49296875 0.13203125 0.0140625 0.009375
0 0.4921875 0.15078125 0.01328125 0.0078125
0 0.534375 0.13671875 0.0140625 0.009375
0 0.52421875 0.121875 0.01640625 0.009375
0 0.53984375 0.1515625 0.0125 0.0078125
0 0.47421875 0.0953125 0.015625 0.009375
0 0.45859375 0.09609375 0.01171875 0.00859375
0 0.29375 0.13203125 0.01640625 0.009375
0 0.31015625 0.12734375 0.015625 0.009375
0 0.13046875 0.178125 0.01328125 0.0078125
0 0.1171875 0.16640625 0.01484375 0.009375
0 0.1390625 0.1703125 0.01640625 0.0078125
0 0.1546875 0.1828125 0.0140625 0.00703125
0 0.1796875 0.17109375 0.015625 0.00859375
0 0.1765625 0.18046875 0.0140625 0.00703125
0 0.18984375 0.21015625 0.0140625 0.00859375
0 0.20234375 0.18359375 0.0109375 0.00625
0 0.2546875 0.153125 0.0140625 0.0078125
0 0.25703125 0.159375 0.0109375 0.00625
0 0.23203125 0.15078125 0.0140625 0.00859375
0 0.228125 0.1328125 0.0125 0.0078125
0 0.2390625 0.1296875 0.0125 0.00859375
0 0.2828125 0.16484375 0.0125 0.00703125
0 0.25625 0.1859375 0.01171875 0.00703125
0 0.090625 0.146875 0.01015625 0.00546875
0 0.07890625 0.14375 0.01171875 0.00625
0 0.02578125 0.23828125 0.01328125 0.01015625
0 0.22109375 0.1390625 0.0140625 0.00859375
0 0.275 0.08984375 0.01328125 0.0078125
0 0.28515625 0.08984375 0.01015625 0.00703125
0 0.296875 0.0859375 0.01171875 0.00703125
0 0.32734375 0.0703125 0.01171875 0.00625
0 0.34765625 0.05078125 0.01328125 0.0078125
0 0.3640625 0.05859375 0.0140625 0.00703125
0 0.41015625 0.06796875 0.015625 0.00859375
0 0.38828125 0.06953125 0.01171875 0.00703125
0 0.39921875 0.0734375 0.01328125 0.009375
0 0.37578125 0.23671875 0.015625 0.00859375
0 0.409375 0.23828125 0.01015625 0.0046875
0 0.4046875 0.23359375 0.00859375 0.0046875
0 0.34765625 0.09296875 0.01640625 0.00859375
0 0.33359375 0.09375 0.01015625 0.0078125
0 0.97734375 0.253125 0.01640625 0.0109375