0 0.675347221875 0.35546875 0.6631944437499999 0.3623046875 0.6631944437499999 0.3701171875 0.675347221875 0.376953125 0.6875 0.3759765625 0.6979166671875 0.3720703125 0.7013888890625 0.3662109375 0.6892361109375 0.35546875 0.675347221875 0.35546875
0 0.48090277812500004 0.50390625 0.46875 0.5087890625 0.46527777812500004 0.5166015625 0.47743055625 0.5234375 0.4895833328125 0.5224609375 0.49652777812500004 0.5205078125 0.5 0.5126953125 0.49131944375 0.505859375 0.48090277812500004 0.50390625
0 0.7673611109375 0.1865234375 0.7673611109375 0.1923828125 0.7795138890625 0.19921875 0.7881944437499999 0.1982421875 0.7951388890625 0.1943359375 0.7951388890625 0.1865234375 0.7829861109375 0.1796875 0.7673611109375 0.1865234375
0 0.5104166671875 0.3212890625 0.515625 0.328125 0.53125 0.3271484375 0.5381944437499999 0.3232421875 0.5381944437499999 0.3154296875 0.5295138890625 0.310546875 0.5104166671875 0.3212890625
0 0.39930555624999997 0.3291015625 0.40277777812500004 0.3388671875 0.4166666671875 0.3427734375 0.4270833328125 0.3349609375 0.4270833328125 0.3251953125 0.41840277812500004 0.322265625 0.39930555624999997 0.3291015625
0 0.6545138890625 0.14453125 0.6423611109375 0.1552734375 0.6545138890625 0.162109375 0.659722221875 0.1611328125 0.668402778125 0.16015625 0.6736111109375 0.1533203125 0.6614583328125 0.14453125 0.6545138890625 0.14453125
0 0.690972221875 0.2080078125 0.690972221875 0.2177734375 0.699652778125 0.22265625 0.71875 0.2216796875 0.722222221875 0.2099609375 0.7135416671875 0.205078125 0.6961805562500001 0.205078125 0.690972221875 0.2080078125
0 0.6076388890625 0.2197265625 0.6041666671875 0.2333984375 0.609375 0.236328125 0.628472221875 0.2353515625 0.6354166671875 0.2333984375 0.6354166671875 0.2216796875 0.6232638890625 0.21484375 0.6076388890625 0.2197265625
0 0.7395833328125 0.3583984375 0.7482638890625 0.36328125 0.7638888890625 0.3623046875 0.7673611109375 0.3583984375 0.7482638890625 0.34375 0.7395833328125 0.3486328125 0.7395833328125 0.3583984375
0 0.38194444375000003 0.3466796875 0.38194444375000003 0.3525390625 0.390625 0.357421875 0.40277777812500004 0.3564453125 0.4166666671875 0.3466796875 0.4079861109375 0.33984375 0.390625 0.33984375 0.38194444375000003 0.3466796875
0 0.7795138890625 0.23828125 0.7743055562500001 0.2412109375 0.777777778125 0.2509765625 0.7864583328125 0.25390625 0.7986111109375 0.2529296875 0.8055555562500001 0.2490234375 0.8055555562500001 0.2412109375 0.796875 0.236328125 0.7795138890625 0.23828125
0 0.652777778125 0.3818359375 0.652777778125 0.3896484375 0.6579861109375 0.392578125 0.6666666671875 0.3916015625 0.6805555562500001 0.3818359375 0.6805555562500001 0.3779296875 0.668402778125 0.373046875 0.652777778125 0.3818359375
0 0.3454861109375 0.6484375 0.34027777812500004 0.6513671875 0.33680555624999997 0.6669921875 0.3489583328125 0.671875 0.3541666671875 0.6708984375 0.3645833328125 0.6650390625 0.3645833328125 0.6533203125 0.35590277812500004 0.6484375 0.3454861109375 0.6484375
0 0.8107638890625 0.236328125 0.8055555562500001 0.2392578125 0.8055555562500001 0.2470703125 0.8177083328125001 0.251953125 0.8229166671874999 0.2509765625 0.8298611109375 0.2490234375 0.8298611109375 0.2392578125 0.824652778125 0.236328125 0.8107638890625 0.236328125
0 0.8611111109375 0.3505859375 0.878472221875 0.3525390625 0.8819444437499999 0.3427734375 0.8663194437499999 0.33984375 0.8611111109375 0.3427734375 0.8611111109375 0.3505859375
0 0.4826388890625 0.3583984375 0.4826388890625 0.3642578125 0.49131944375 0.37109375 0.5069444437499999 0.3720703125 0.5138888890625 0.3642578125 0.5017361109375 0.353515625 0.49131944375 0.353515625 0.4826388890625 0.3583984375
0 0.5850694437499999 0.21484375 0.5763888890625 0.2255859375 0.5850694437499999 0.232421875 0.6006944437499999 0.2333984375 0.6076388890625 0.2275390625 0.6076388890625 0.2197265625 0.6024305562500001 0.21484375 0.5850694437499999 0.21484375
0 0.75 0.2216796875 0.75 0.2314453125 0.762152778125 0.236328125 0.7708333328125 0.2353515625 0.78125 0.2294921875 0.777777778125 0.2216796875 0.7552083328125 0.21875 0.75 0.2216796875
0 0.659722221875 0.1982421875 0.659722221875 0.2080078125 0.6649305562500001 0.2109375 0.6770833328125 0.2099609375 0.6805555562500001 0.2001953125 0.675347221875 0.1953125 0.668402778125 0.1953125 0.659722221875 0.1982421875
0 0.6770833328125 0.1826171875 0.6857638890625 0.1875 0.7013888890625 0.1865234375 0.7013888890625 0.1708984375 0.6857638890625 0.16796875 0.6770833328125 0.1728515625 0.6770833328125 0.1826171875
0 0.609375 0.369140625 0.6180555562500001 0.3681640625 0.628472221875 0.3564453125 0.612847221875 0.3515625 0.6041666671875 0.3662109375 0.609375 0.369140625
0 0.5364583328125 0.3984375 0.5243055562500001 0.4091796875 0.5243055562500001 0.4150390625 0.5295138890625 0.41796875 0.5416666671875 0.4169921875 0.5486111109375 0.4150390625 0.5520833328125 0.4072265625 0.5486111109375 0.4013671875 0.5364583328125 0.3984375
0 0.78125 0.5322265625 0.78125 0.5380859375 0.7864583328125 0.541015625 0.8055555562500001 0.5400390625 0.8229166671874999 0.5302734375 0.8142361109375 0.525390625 0.800347221875 0.5234375 0.78125 0.5322265625
0 0.7795138890625 0.638671875 0.7708333328125 0.6435546875 0.7708333328125 0.6494140625 0.7829861109375 0.654296875 0.7916666671875 0.6533203125 0.7986111109375 0.6494140625 0.7986111109375 0.6416015625 0.793402778125 0.638671875 0.7795138890625 0.638671875
0 0.0208333328125 0.6318359375 0.0295138890625 0.638671875 0.0486111109375 0.6376953125 0.055555556250000006 0.6337890625 0.050347221875 0.625 0.02430555625 0.6279296875 0.0208333328125 0.6318359375
0 0.824652778125 0.61328125 0.815972221875 0.6240234375 0.824652778125 0.630859375 0.8333333328125001 0.6318359375 0.847222221875 0.6259765625 0.847222221875 0.6181640625 0.8385416671874999 0.61328125 0.824652778125 0.61328125
0 0.5833333328125 0.3154296875 0.5798611109375 0.3232421875 0.5850694437499999 0.326171875 0.6006944437499999 0.3251953125 0.6076388890625 0.3212890625 0.6076388890625 0.3115234375 0.5920138890625 0.310546875 0.5833333328125 0.3154296875
0 0.043402778125 0.646484375 0.03125 0.6513671875 0.03819444375 0.6572265625 0.03125 0.6669921875 0.03993055625 0.671875 0.0486111109375 0.6708984375 0.0625 0.6669921875 0.07291666718749999 0.6552734375 0.06770833281250001 0.646484375 0.043402778125 0.646484375
0 0.3611111109375 0.3408203125 0.3611111109375 0.3486328125 0.375 0.3505859375 0.3854166671875 0.3447265625 0.3854166671875 0.3408203125 0.3697916671875 0.3359375 0.3611111109375 0.3408203125
0 0.2986111109375 0.6103515625 0.3020833328125 0.6162109375 0.3125 0.6181640625 0.31944444375000003 0.6103515625 0.3107638890625 0.603515625 0.30381944375000003 0.603515625 0.2986111109375 0.6103515625
0 0.7951388890625 0.2119140625 0.7951388890625 0.2236328125 0.8072916671874999 0.228515625 0.8229166671874999 0.2275390625 0.8263888890625 0.2236328125 0.8125 0.2060546875 0.8072916671874999 0.205078125 0.7951388890625 0.2119140625
0 0.17361111093749998 0.5751953125 0.1822916671875 0.583984375 0.1979166671875 0.5849609375 0.20833333281250002 0.5791015625 0.203125 0.572265625 0.18576388906250002 0.5703125 0.17361111093749998 0.5751953125
0 0.375 0.6376953125 0.375 0.6259765625 0.35590277812500004 0.62109375 0.3576388890625 0.6376953125 0.375 0.6376953125
0 0.53125 0.5966796875 0.527777778125 0.6083984375 0.5399305562500001 0.615234375 0.5520833328125 0.6142578125 0.559027778125 0.6103515625 0.5625 0.5966796875 0.546875 0.591796875 0.53125 0.5966796875
0 0.668402778125 0.2109375 0.6666666671875 0.2255859375 0.6770833328125 0.2275390625 0.684027778125 0.2255859375 0.684027778125 0.2177734375 0.675347221875 0.2109375 0.668402778125 0.2109375
0 0.890625 0.560546875 0.902777778125 0.5595703125 0.90625 0.5517578125 0.890625 0.54296875 0.8854166671874999 0.5576171875 0.890625 0.560546875
0 0.9618055562500001 0.6826171875 0.96875 0.6904296875 0.9756944437499999 0.6904296875 0.9791666671874999 0.6826171875 0.9739583328125001 0.677734375 0.9670138890625 0.677734375 0.9618055562500001 0.6826171875
0 0.46006944375 0.564453125 0.47222222187499996 0.5634765625 0.47569444375 0.5537109375 0.4635416671875 0.552734375 0.4548611109375 0.5595703125 0.46006944375 0.564453125
0 0.59375 0.2080078125 0.597222221875 0.2138671875 0.6041666671875 0.2138671875 0.6111111109375 0.2099609375 0.609375 0.201171875 0.6024305562500001 0.201171875 0.59375 0.2080078125
0 0.3645833328125 0.3271484375 0.3697916671875 0.33203125 0.37847222187499996 0.3310546875 0.3854166671875 0.3251953125 0.37847222187499996 0.3173828125 0.3697916671875 0.31640625 0.3645833328125 0.3271484375
0 0.44444444375 0.5751953125 0.453125 0.583984375 0.46527777812500004 0.5849609375 0.47222222187499996 0.5830078125 0.46527777812500004 0.5673828125 0.453125 0.56640625 0.44444444375 0.5751953125
0 0.503472221875 0.5908203125 0.5069444437499999 0.5947265625 0.515625 0.599609375 0.527777778125 0.6005859375 0.534722221875 0.5927734375 0.519097221875 0.5859375 0.5086805562500001 0.5859375 0.503472221875 0.5908203125
0 0.762152778125 0.560546875 0.7881944437499999 0.5634765625 0.7881944437499999 0.5576171875 0.7795138890625 0.552734375 0.7569444437499999 0.5517578125 0.762152778125 0.560546875
0 0.6944444437499999 0.5458984375 0.6979166671875 0.5537109375 0.706597221875 0.556640625 0.7256944437499999 0.5556640625 0.7256944437499999 0.5400390625 0.7204861109375 0.537109375 0.703125 0.5390625 0.6944444437499999 0.5458984375
0 0.46527777812500004 0.6259765625 0.46180555625 0.6337890625 0.4704861109375 0.640625 0.4791666671875 0.6396484375 0.49305555625 0.6298828125 0.49305555625 0.6259765625 0.48090277812500004 0.62109375 0.46527777812500004 0.6259765625
0 0.8368055562500001 0.6455078125 0.847222221875 0.6474609375 0.8541666671874999 0.6416015625 0.8524305562500001 0.6328125 0.8368055562500001 0.6376953125 0.8368055562500001 0.6455078125
0 0.6145833328125 0.4248046875 0.6232638890625 0.4296875 0.6319444437499999 0.4287109375 0.6423611109375 0.4189453125 0.637152778125 0.416015625 0.6232638890625 0.416015625 0.6145833328125 0.4248046875
0 0.27777777812500004 0.6611328125 0.29340277812500004 0.673828125 0.30555555624999997 0.6728515625 0.30902777812500004 0.6689453125 0.30381944375000003 0.6640625 0.2864583328125 0.658203125 0.27777777812500004 0.6611328125
0 0.49131944375 0.544921875 0.503472221875 0.5439453125 0.503472221875 0.5322265625 0.484375 0.529296875 0.4791666671875 0.5380859375 0.49131944375 0.544921875
0 0.5868055562500001 0.4228515625 0.5868055562500001 0.4306640625 0.597222221875 0.4326171875 0.6076388890625 0.4228515625 0.605902778125 0.416015625 0.5954861109375 0.416015625 0.5868055562500001 0.4228515625
0 0.8923611109375 0.6865234375 0.8923611109375 0.6904296875 0.9045138890625 0.6953125 0.9131944437499999 0.6943359375 0.9201388890625 0.6923828125 0.9201388890625 0.6865234375 0.9079861109375 0.6796875 0.8923611109375 0.6865234375
0 0.47569444375 0.4931640625 0.5 0.4931640625 0.503472221875 0.4833984375 0.47743055625 0.4765625 0.47222222187499996 0.4794921875 0.47569444375 0.4931640625
0 0.4513888890625 0.4755859375 0.4548611109375 0.4814453125 0.4704861109375 0.484375 0.48090277812500004 0.4921875 0.5 0.4912109375 0.503472221875 0.4833984375 0.484375 0.470703125 0.45659722187499996 0.47265625 0.4513888890625 0.4755859375
0 0.6979166671875 0.3642578125 0.703125 0.3671875 0.7118055562500001 0.3662109375 0.722222221875 0.3603515625 0.7170138890625 0.353515625 0.6979166671875 0.3583984375 0.6979166671875 0.3642578125
0 0.815972221875 0.6904296875 0.815972221875 0.6943359375 0.8298611109375 0.7001953125 0.84375 0.6962890625 0.8385416671874999 0.6875 0.8211805562500001 0.6875 0.815972221875 0.6904296875
0 0.13368055625 0.64453125 0.125 0.6494140625 0.125 0.6591796875 0.12847222187500001 0.6650390625 0.13888888906250002 0.6669921875 0.1458333328125 0.6650390625 0.1458333328125 0.6611328125 0.14236111093749998 0.6494140625 0.13368055625 0.64453125
0 0.909722221875 0.6630859375 0.9149305562500001 0.666015625 0.9270833328125001 0.6650390625 0.9305555562500001 0.6533203125 0.921875 0.65234375 0.9131944437499999 0.6552734375 0.909722221875 0.6630859375
0 0.5208333328125 0.5126953125 0.5208333328125 0.5068359375 0.512152778125 0.50390625 0.5069444437499999 0.5126953125 0.5208333328125 0.5126953125
0 0.4791666671875 0.4833984375 0.4791666671875 0.4931640625 0.5 0.4931640625 0.503472221875 0.4833984375 0.4982638890625 0.48046875 0.484375 0.48046875 0.4791666671875 0.4833984375
0 0.590277778125 0.5966796875 0.59375 0.5869140625 0.578125 0.583984375 0.5798611109375 0.5966796875 0.590277778125 0.5966796875
0 0.19618055625 0.6171875 0.19097222187500001 0.6220703125 0.19444444375 0.6279296875 0.203125 0.630859375 0.215277778125 0.6298828125 0.22569444375 0.6240234375 0.222222221875 0.6181640625 0.21354166718749998 0.615234375 0.19618055625 0.6171875
0 0.859375 0.224609375 0.8680555562500001 0.2236328125 0.871527778125 0.2158203125 0.859375 0.212890625 0.8541666671874999 0.2216796875 0.859375 0.224609375
0 0.9583333328125001 0.6455078125 0.9600694437499999 0.65234375 0.9791666671874999 0.6533203125 0.9861111109375 0.6494140625 0.980902778125 0.642578125 0.9704861109375 0.640625 0.9583333328125001 0.6455078125
0 0.15972222187500001 0.6982421875 0.1666666671875 0.6923828125 0.16493055625 0.6875 0.15277777812499999 0.6923828125 0.15972222187500001 0.6982421875
0 0.2552083328125 0.521484375 0.2708333328125 0.5205078125 0.27430555624999997 0.5166015625 0.26909722187499996 0.51171875 0.25347222187499996 0.5166015625 0.2552083328125 0.521484375
0 0.5555555562500001 0.3876953125 0.565972221875 0.3896484375 0.5763888890625 0.3857421875 0.5711805562500001 0.37890625 0.5555555562500001 0.3818359375 0.5555555562500001 0.3876953125
0 0.777777778125 0.6201171875 0.7916666671875 0.6201171875 0.7951388890625 0.6123046875 0.7829861109375 0.609375 0.777777778125 0.6123046875 0.777777778125 0.6201171875
0 0.9131944437499999 0.6806640625 0.9201388890625 0.6884765625 0.9166666671874999 0.6923828125 0.9375 0.6923828125 0.934027778125 0.6806640625 0.925347221875 0.67578125 0.918402778125 0.677734375 0.9131944437499999 0.6806640625
0 0.4548611109375 0.4814453125 0.4670138890625 0.482421875 0.47743055625 0.494140625 0.5 0.4931640625 0.503472221875 0.4833984375 0.484375 0.470703125 0.4548611109375 0.4736328125 0.4548611109375 0.4814453125
0 0.8576388890625 0.7021484375 0.871527778125 0.7021484375 0.878472221875 0.6982421875 0.8767361109375 0.689453125 0.8576388890625 0.6943359375 0.8576388890625 0.7021484375
0 0.7951388890625 0.2138671875 0.7986111109375 0.2255859375 0.8072916671874999 0.228515625 0.8229166671874999 0.2275390625 0.8263888890625 0.2216796875 0.815972221875 0.2099609375 0.8038194437499999 0.20703125 0.7951388890625 0.2138671875