0 0.33194444375 0.85 0.3638888890625 0.85 0.377777778125 0.840625 0.375 0.81953125 0.36944444375 0.81796875 0.3236111109375 0.81796875 0.32083333281250004 0.81953125 0.32083333281250004 0.84375 0.3236111109375 0.846875 0.33194444375 0.85
0 0.95 0.49375 0.9638888890624999 0.4859375 0.9638888890624999 0.47578125 0.9583333328125001 0.47421875 0.934722221875 0.47421875 0.93194444375 0.47578125 0.93194444375 0.4921875 0.934722221875 0.49375 0.95 0.49375
0 0.34305555625 0.7546875 0.35 0.7546875 0.3513888890625 0.75625 0.36944444375 0.75625 0.3888888890625 0.746875 0.3888888890625 0.73359375 0.3861111109375 0.7328125 0.3861111109375 0.73046875 0.38055555625 0.7296875 0.38055555625 0.72734375 0.375 0.72421875 0.3458333328125 0.72421875 0.34444444375 0.72578125 0.34027777812500004 0.72578125 0.33888888906250003 0.72890625 0.33194444375 0.72890625 0.32083333281250004 0.73359375 0.32083333281250004 0.7421875 0.3291666671875 0.74609375 0.3291666671875 0.7484375 0.34305555625 0.7546875
0 0.197222221875 0.45 0.2 0.44609375 0.20833333281250002 0.4421875 0.20833333281250002 0.43359375 0.2 0.43046875 0.16805555625 0.43046875 0.165277778125 0.43203125 0.165277778125 0.4484375 0.1763888890625 0.4515625 0.197222221875 0.45
0 0.2666666671875 0.55 0.27777777812500004 0.5421875 0.27777777812500004 0.53359375 0.272222221875 0.53046875 0.23472222187499997 0.53046875 0.23194444375 0.53203125 0.23194444375 0.5484375 0.23472222187499997 0.55 0.25833333281250004 0.5515625 0.2666666671875 0.55
0 0.175 0.490625 0.1763888890625 0.4921875 0.1861111109375 0.4921875 0.1888888890625 0.48828125 0.2 0.4828125 0.2 0.47109375 0.19444444375 0.46796875 0.16805555625 0.46796875 0.165277778125 0.46953125 0.165277778125 0.4859375 0.1708333328125 0.490625 0.175 0.490625
0 0.25 0.51875 0.25555555625 0.5171875 0.25694444375000003 0.5140625 0.275 0.5125 0.28055555625 0.509375 0.27777777812500004 0.50078125 0.2638888890625 0.49296875 0.240277778125 0.49296875 0.23472222187499997 0.49453125 0.23194444375 0.49765625 0.23194444375 0.5171875 0.23472222187499997 0.51875 0.25 0.51875
0 0.23472222187499997 0.478125 0.2416666671875 0.478125 0.24722222187499998 0.47265625 0.25555555625 0.4703125 0.2611111109375 0.465625 0.25833333281250004 0.45859375 0.252777778125 0.45546875 0.23472222187499997 0.45546875 0.23194444375 0.45703125 0.23194444375 0.475 0.23472222187499997 0.478125
0 0.190277778125 0.4859375 0.1875 0.48671875 0.1875 0.496875 0.19305555624999998 0.5 0.20833333281250002 0.496875 0.2166666671875 0.4921875 0.2138888890625 0.48359375 0.20833333281250002 0.48046875 0.1986111109375 0.48046875 0.197222221875 0.48203125 0.190277778125 0.48203125 0.190277778125 0.4859375
0 0.22777777812500002 0.50625 0.23333333281250002 0.503125 0.23611111093749998 0.49453125 0.215277778125 0.49296875 0.20972222187499998 0.49609375 0.20972222187499998 0.5046875 0.2125 0.50625 0.22777777812500002 0.50625
0 0.222222221875 0.5046875 0.23333333281250002 0.496875 0.23055555625 0.48828125 0.2125 0.48828125 0.21111111093749999 0.48671875 0.190277778125 0.48671875 0.1875 0.48828125 0.1875 0.4984375 0.20277777812500003 0.5 0.2125 0.5046875 0.222222221875 0.5046875
0 0.0013888890625 0.37421875 0 0.3859375 0.0083333328125 0.3875 0.0111111109375 0.37578125 0.0013888890625 0.37421875
0 0.36666666718749996 0.7671875 0.36944444375 0.75859375 0.3638888890625 0.75546875 0.334722221875 0.75703125 0.33194444375 0.76171875 0.334722221875 0.76875 0.3638888890625 0.76875 0.36666666718749996 0.7671875
0 0.3375 0.76875 0.352777778125 0.76875 0.35555555625 0.7671875 0.35555555625 0.76484375 0.35 0.76171875 0.3125 0.76171875 0.309722221875 0.76328125 0.309722221875 0.7671875 0.32083333281250004 0.7734375 0.33055555625 0.7734375 0.3375 0.76875
0 0.125 0.421875 0.12222222187500001 0.41328125 0.11944444375 0.41171875 0.10138888906250001 0.41171875 0.0986111109375 0.421875 0.1041666671875 0.425 0.11944444375 0.425 0.125 0.421875