0 0.6972222218749999 0.63125 0.7083333328125 0.6234375 0.7083333328125 0.61328125 0.70555555625 0.61171875 0.66805555625 0.61171875 0.665277778125 0.61328125 0.665277778125 0.6296875 0.66805555625 0.63125 0.6972222218749999 0.63125
0 0.70694444375 0.521875 0.7125 0.525 0.7194444437499999 0.525 0.7208333328125 0.5265625 0.7416666671875001 0.525 0.75 0.5171875 0.75 0.51171875 0.74444444375 0.50625 0.74444444375 0.50078125 0.7416666671875001 0.49921875 0.7041666671875 0.49921875 0.6986111109375 0.50234375 0.6986111109375 0.5140625 0.70694444375 0.51953125 0.70694444375 0.521875
0 0.834722221875 0.53125 0.85 0.5296875 0.85555555625 0.5265625 0.85555555625 0.52265625 0.8583333328125 0.521875 0.85555555625 0.50703125 0.852777778125 0.50546875 0.8236111109375001 0.50546875 0.8208333328125 0.50703125 0.8208333328125 0.5234375 0.8236111109375001 0.5265625 0.834722221875 0.53125
0 0.83055555625 0.64375 0.8444444437499999 0.6359375 0.8444444437499999 0.62734375 0.8388888890624999 0.62421875 0.8013888890624999 0.62421875 0.7986111109375 0.62578125 0.7986111109375 0.6390625 0.8013888890624999 0.6421875 0.80694444375 0.64375 0.83055555625 0.64375
0 0.2638888890625 0.5 0.272222221875 0.4921875 0.26944444375 0.48203125 0.23472222187499997 0.48046875 0.23194444375 0.48203125 0.23194444375 0.4984375 0.23472222187499997 0.5 0.2638888890625 0.5
0 0.934722221875 0.4859375 0.940277778125 0.4875 0.9638888890624999 0.4875 0.9694444437499999 0.4859375 0.977777778125 0.4796875 0.977777778125 0.46328125 0.975 0.46171875 0.9458333328125 0.46171875 0.940277778125 0.46328125 0.93194444375 0.46953125 0.93194444375 0.4828125 0.934722221875 0.4859375
0 0.8888888890625 0.5609375 0.890277778125 0.5625 0.91944444375 0.5625 0.91944444375 0.56171875 0.9333333328125001 0.5546875 0.9333333328125001 0.53984375 0.93194444375 0.53984375 0.9277777781250001 0.53671875 0.89305555625 0.53671875 0.89305555625 0.5375 0.8875 0.53984375 0.8875 0.5609375 0.8888888890625 0.5609375
0 0.834722221875 0.2984375 0.847222221875 0.2984375 0.8666666671875 0.290625 0.8666666671875 0.27734375 0.8611111109375 0.27421875 0.834722221875 0.27421875 0.83194444375 0.27578125 0.83194444375 0.2953125 0.834722221875 0.2984375
0 0.6972222218749999 0.175 0.702777778125 0.16796875 0.7083333328125 0.165625 0.7083333328125 0.15703125 0.7013888890625 0.15546875 0.6944444437499999 0.14921875 0.66805555625 0.14921875 0.665277778125 0.15078125 0.665277778125 0.1703125 0.66805555625 0.1734375 0.6972222218749999 0.175
0 0.5541666671875001 0.53828125 0.5541666671875001 0.5484375 0.55694444375 0.55 0.575 0.55 0.5888888890625 0.5421875 0.5888888890625 0.52578125 0.5861111109375 0.52421875 0.565277778125 0.52421875 0.559722221875 0.52734375 0.55694444375 0.5375 0.5541666671875001 0.53828125
0 0.8194444437499999 0.5375 0.8222222218749999 0.5359375 0.8194444437499999 0.51953125 0.790277778125 0.51796875 0.7875 0.51953125 0.7875 0.5359375 0.7986111109375 0.5390625 0.8194444437499999 0.5375
0 0.5638888890625 0.6109375 0.5666666671875 0.6078125 0.5666666671875 0.59453125 0.5638888890625 0.59296875 0.5236111109375 0.59296875 0.5208333328125 0.59453125 0.5236111109375 0.6140625 0.5319444437499999 0.6171875 0.54444444375 0.6171875 0.5638888890625 0.6109375
0 0.6986111109375 0.1546875 0.7 0.1546875 0.7013888890625 0.15625 0.7194444437499999 0.15625 0.7194444437499999 0.15546875 0.7333333328125 0.1484375 0.7333333328125 0.13828125 0.73194444375 0.13828125 0.73055555625 0.13671875 0.7125 0.13671875 0.7125 0.1375 0.6986111109375 0.14453125 0.6986111109375 0.1546875
0 0.4236111109375 0.45625 0.4388888890625 0.4546875 0.447222221875 0.4453125 0.447222221875 0.43984375 0.44166666718750003 0.43671875 0.4125 0.43671875 0.40972222187499996 0.43828125 0.40972222187499996 0.45 0.4125 0.453125 0.4236111109375 0.45625
0 0.8888888890625 0.4609375 0.8888888890625 0.45078125 0.8861111109375001 0.44921875 0.85694444375 0.44921875 0.8541666671874999 0.45078125 0.8541666671874999 0.4546875 0.8680555562500001 0.4609375 0.8763888890624999 0.4625 0.8888888890625 0.4609375
0 0.6916666671875 0.5296875 0.69305555625 0.53125 0.7083333328125 0.5296875 0.7111111109375 0.528125 0.7083333328125 0.51484375 0.7 0.51171875 0.68194444375 0.51171875 0.6763888890625 0.51484375 0.6763888890625 0.525 0.684722221875 0.5296875 0.6916666671875 0.5296875
0 0.5666666671875 0.56953125 0.5458333328125 0.56796875 0.54305555625 0.56953125 0.5458333328125 0.5828125 0.5638888890625 0.5828125 0.5666666671875 0.56953125
0 0.1416666671875 0.4375 0.147222221875 0.434375 0.14444444375 0.41953125 0.13888888906250002 0.41796875 0.1125 0.41796875 0.109722221875 0.41953125 0.109722221875 0.4359375 0.1208333328125 0.4390625 0.1416666671875 0.4375
0 0.775 0.4484375 0.775 0.43828125 0.7638888890625 0.43046875 0.7458333328125 0.43046875 0.7430555562500001 0.43203125 0.7430555562500001 0.4484375 0.7458333328125 0.45 0.775 0.4484375
0 0.8458333328125001 0.3125 0.8611111109375 0.3125 0.8625 0.3109375 0.8666666671875 0.3109375 0.877777778125 0.3046875 0.877777778125 0.29453125 0.875 0.29296875 0.85694444375 0.29296875 0.8430555562500001 0.29921875 0.8430555562500001 0.3109375 0.8458333328125001 0.3125
0 0.46944444374999994 0.45234375 0.46388888906250003 0.44921875 0.4458333328125 0.44921875 0.4458333328125 0.4671875 0.46388888906250003 0.4671875 0.46944444374999994 0.4609375 0.46944444374999994 0.45234375
0 0.9111111109375001 0.50859375 0.91944444375 0.5046875 0.91944444375 0.49609375 0.9111111109375001 0.49296875 0.9013888890624999 0.49296875 0.8986111109375001 0.49453125 0.8986111109375001 0.5109375 0.9083333328125001 0.5125 0.9111111109375001 0.50859375
0 0.83194444375 0.3109375 0.834722221875 0.3125 0.8666666671875 0.3109375 0.8666666671875 0.30859375 0.872222221875 0.3078125 0.877777778125 0.303125 0.877777778125 0.29453125 0.85694444375 0.29296875 0.85 0.29609375 0.834722221875 0.29765625 0.83194444375 0.3109375
0 0.50555555625 0.5109375 0.5111111109375 0.5078125 0.5111111109375 0.49453125 0.5083333328124999 0.49296875 0.4875 0.49453125 0.4875 0.509375 0.49305555625 0.5125 0.50555555625 0.5109375
0 0.8138888890624999 0.14453125 0.8083333328125001 0.14296875 0.7875 0.14453125 0.790277778125 0.1546875 0.8027777781250001 0.1546875 0.8138888890624999 0.1484375 0.8138888890624999 0.14453125
0 0.51944444375 0.4375 0.522222221875 0.4359375 0.522222221875 0.42578125 0.51944444375 0.42421875 0.5013888890625 0.42421875 0.4986111109375 0.42578125 0.4986111109375 0.4359375 0.5041666671875 0.4390625 0.51944444375 0.4375
0 0.85555555625 0.3546875 0.852777778125 0.34453125 0.834722221875 0.34296875 0.83194444375 0.3546875 0.8375 0.3578125 0.852777778125 0.3578125 0.85555555625 0.3546875
0 0.8986111109375001 0.5015625 0.8916666671875 0.50546875 0.8791666671874999 0.50546875 0.8763888890624999 0.50703125 0.8763888890624999 0.5125 0.8819444437499999 0.5171875 0.89444444375 0.51875 0.9111111109375001 0.5109375 0.9111111109375001 0.50859375 0.91944444375 0.5046875 0.91944444375 0.49609375 0.9166666671874999 0.49453125 0.9125 0.49453125 0.9111111109375001 0.49296875 0.8986111109375001 0.49453125 0.8986111109375001 0.5015625
0 0.46388888906250003 0.4375 0.46666666718750005 0.4359375 0.46666666718750005 0.43203125 0.46388888906250003 0.43046875 0.45694444375 0.43046875 0.45416666718750004 0.43203125 0.45416666718750004 0.4359375 0.45694444375 0.4375 0.46388888906250003 0.4375