0 0.54296875 0.1828125 0.04453125 0.02421875
0 0.46171875 0.20390625 0.0375 0.028125
0 0.38359375 0.2046875 0.01953125 0.01015625
0 0.4328125 0.2203125 0.01796875 0.009375
0 0.415625 0.22578125 0.01953125 0.0140625
0 0.53125 0.259375 0.04296875 0.021875
0 0.46015625 0.265625 0.040625 0.0265625
0 0.42734375 0.2703125 0.04296875 0.028125
0 0.4390625 0.309375 0.05546875 0.03125
0 0.54921875 0.3109375 0.04296875 0.028125
0 0.37265625 0.3125 0.040625 0.02734375
0 0.51953125 0.33828125 0.03359375 0.01875
0 0.396875 0.34609375 0.04140625 0.025
0 0.4328125 0.3484375 0.0234375 0.0125
0 0.371875 0.3765625 0.0515625 0.0265625
0 0.3265625 0.3890625 0.046875 0.02265625
0 0.48125 0.3890625 0.0375 0.01875
0 0.503125 0.3953125 0.05859375 0.0296875
0 0.34609375 0.4078125 0.025 0.01875
0 0.503125 0.421875 0.0375 0.02421875
0 0.6078125 0.434375 0.04296875 0.028125
0 0.4359375 0.45 0.04453125 0.02578125
0 0.32265625 0.4484375 0.0484375 0.01953125
0 0.54453125 0.46796875 0.04453125 0.025
0 0.309375 0.4765625 0.04296875 0.02890625
0 0.50703125 0.475 0.03046875 0.02109375
0 0.39765625 0.48125 0.04609375 0.02109375
0 0.3703125 0.4859375 0.02109375 0.01953125
0 0.228125 0.4953125 0.02890625 0.01640625
0 0.58828125 0.49765625 0.0265625 0.0171875
0 0.690625 0.5078125 0.0375 0.01796875
0 0.43359375 0.515625 0.04140625 0.0234375
0 0.71796875 0.521875 0.04140625 0.02265625
0 0.6296875 0.53125 0.034375 0.015625
0 0.4421875 0.5359375 0.03203125 0.0203125
0 0.65546875 0.5484375 0.025 0.02109375
0 0.4515625 0.55625 0.03359375 0.02109375
0 0.703125 0.5625 0.0359375 0.01953125
0 0.63515625 0.5890625 0.040625 0.0171875
0 0.478125 0.5953125 0.03359375 0.0125
0 0.53828125 0.609375 0.04296875 0.021875
0 0.8125 0.61484375 0.0390625 0.025
0 0.68984375 0.61640625 0.034375 0.0140625
0 0.65234375 0.64140625 0.02109375 0.0171875
0 0.4 0.7078125 0.04453125 0.03046875
0 0.509375 0.703125 0.01953125 0.01015625
0 0.415625 0.7375 0.021875 0.02265625
0 0.6 0.746875 0.04140625 0.01796875
0 0.5984375 0.815625 0.05 0.03671875