0 0.12222222187500001 0.42734375 0.13333333281249998 0.4234375 0.13333333281249998 0.40703125 0.1291666671875 0.40703125 0.127777778125 0.40546875 0.10694444375 0.40546875 0.09444444375 0.41015625 0.0861111109375 0.40546875 0.08194444375 0.40546875 0.07638888906249999 0.40859375 0.07638888906249999 0.428125 0.08194444375 0.43125 0.11944444375 0.43125 0.12222222187500001 0.42734375
0 0.7916666671875 0.6421875 0.8 0.6359375 0.8 0.62109375 0.79444444375 0.61796875 0.7569444437499999 0.61796875 0.7541666671875 0.61953125 0.7541666671875 0.6421875 0.7569444437499999 0.64375 0.7916666671875 0.6421875
0 0.79444444375 0.76875 0.8013888890624999 0.771875 0.8166666671874999 0.771875 0.81805555625 0.7703125 0.83055555625 0.76875 0.8444444437499999 0.7609375 0.8444444437499999 0.73984375 0.8388888890624999 0.73671875 0.7819444437499999 0.73671875 0.7763888890625 0.73984375 0.7763888890625 0.7625 0.7791666671875 0.76328125 0.7791666671875 0.7671875 0.79444444375 0.76875
0 0.7763888890625 0.05390625 0.7763888890625 0.0796875 0.790277778125 0.0859375 0.8055555562500001 0.0859375 0.809722221875 0.0828125 0.8194444437499999 0.08125 0.8333333328125001 0.0734375 0.8361111109375001 0.06484375 0.8333333328125001 0.0640625 0.8333333328125001 0.06015625 0.83055555625 0.059375 0.825 0.05078125 0.8208333328125 0.05078125 0.8194444437499999 0.04921875 0.784722221875 0.04921875 0.7833333328125 0.05078125 0.7791666671875 0.05078125 0.7791666671875 0.053125 0.7763888890625 0.05390625
0 0.9333333328125001 0.8625 0.934722221875 0.8609375 0.9388888890624999 0.8609375 0.95 0.8515625 0.95 0.84453125 0.9472222218749999 0.84375 0.9444444437499999 0.83828125 0.9416666671874999 0.83671875 0.9013888890624999 0.83671875 0.8986111109375001 0.83828125 0.8986111109375001 0.8546875 0.9125 0.8625 0.9333333328125001 0.8625
0 0.7111111109375 0.2546875 0.7111111109375 0.25234375 0.722222221875 0.2484375 0.722222221875 0.23203125 0.70555555625 0.22421875 0.6791666671875001 0.22421875 0.6763888890625 0.22578125 0.6763888890625 0.2546875 0.6791666671875001 0.25625 0.7111111109375 0.2546875
0 0.8763888890624999 0.4359375 0.8875 0.44375 0.897222221875 0.44375 0.8986111109375001 0.4453125 0.9305555562500001 0.44375 0.9444444437499999 0.4296875 0.9444444437499999 0.41484375 0.9416666671874999 0.41171875 0.9375 0.41171875 0.9305555562500001 0.40546875 0.890277778125 0.40546875 0.8847222218749999 0.40703125 0.8847222218749999 0.409375 0.8791666671874999 0.41015625 0.8763888890624999 0.41328125 0.8763888890624999 0.4359375
0 0.590277778125 0.12421875 0.590277778125 0.1265625 0.5944444437499999 0.1265625 0.6013888890625 0.13125 0.61944444375 0.1296875 0.6263888890625 0.125 0.63055555625 0.125 0.6333333328124999 0.1234375 0.6361111109375 0.11796875 0.6416666671875 0.115625 0.6388888890625 0.10859375 0.6361111109375 0.1078125 0.6333333328124999 0.10078125 0.63055555625 0.09921875 0.5986111109375 0.09921875 0.5875 0.10546875 0.5875 0.1234375 0.590277778125 0.12421875
0 0.6333333328124999 0.2015625 0.6347222218749999 0.2 0.64444444375 0.2 0.6458333328125 0.1984375 0.65 0.1984375 0.652777778125 0.196875 0.652777778125 0.19453125 0.6555555562500001 0.19375 0.6555555562500001 0.19140625 0.6666666671875 0.1859375 0.6666666671875 0.17578125 0.6638888890625 0.17421875 0.6236111109375 0.17421875 0.6208333328125 0.17578125 0.6208333328125 0.1984375 0.6263888890625 0.2015625 0.6333333328124999 0.2015625
0 0.66944444375 0.1609375 0.66944444375 0.15703125 0.672222221875 0.15625 0.672222221875 0.14921875 0.66944444375 0.1484375 0.66944444375 0.14609375 0.6638888890625 0.14296875 0.6236111109375 0.14296875 0.6208333328125 0.14453125 0.6208333328125 0.159375 0.6347222218749999 0.1671875 0.6583333328125 0.1671875 0.66944444375 0.1609375
0 0.03194444375 0.2875 0.0638888890625 0.2875 0.077777778125 0.2796875 0.077777778125 0.27734375 0.0861111109375 0.2734375 0.0861111109375 0.26796875 0.08333333281250001 0.2671875 0.077777778125 0.25859375 0.06944444375 0.25546875 0.0236111109375 0.25546875 0.0208333328125 0.25703125 0.0208333328125 0.28125 0.0236111109375 0.28203125 0.0236111109375 0.284375 0.03194444375 0.2875
0 0.65 0.0953125 0.659722221875 0.1 0.675 0.0984375 0.68194444375 0.09375 0.6861111109375 0.09375 0.6888888890625 0.08984375 0.6972222218749999 0.0859375 0.7 0.0828125 0.6972222218749999 0.07421875 0.69305555625 0.07421875 0.6861111109375 0.06796875 0.6458333328125 0.06796875 0.64305555625 0.06953125 0.64305555625 0.0921875 0.6458333328125 0.0953125 0.65 0.0953125
0 0.9458333328125 0.15390625 0.94305555625 0.15703125 0.94305555625 0.184375 0.9458333328125 0.1875 0.9680555562500001 0.19375 0.9833333328125 0.1921875 0.9875 0.1890625 0.997222221875 0.1875 0.997222221875 0.14921875 0.965277778125 0.14921875 0.9638888890624999 0.15078125 0.95694444375 0.15078125 0.9458333328125 0.15390625
0 0.5388888890625 0.625 0.54444444375 0.6234375 0.54444444375 0.62109375 0.5527777781250001 0.61875 0.5555555562500001 0.615625 0.5555555562500001 0.60234375 0.5527777781250001 0.59921875 0.5416666671875 0.59296875 0.5125 0.59296875 0.5097222218749999 0.59453125 0.5097222218749999 0.61875 0.5236111109375 0.625 0.5388888890625 0.625
0 0.5166666671875 0.4421875 0.51944444375 0.440625 0.51944444375 0.42578125 0.5138888890625 0.41953125 0.4791666671875 0.41796875 0.4763888890625 0.41953125 0.4763888890625 0.440625 0.48194444374999995 0.44375 0.5166666671875 0.4421875
0 0.05694444375 0.3140625 0.06805555625000001 0.31875 0.0861111109375 0.31875 0.0875 0.3171875 0.0916666671875 0.3171875 0.10555555624999999 0.3078125 0.10555555624999999 0.30078125 0.1 0.2953125 0.1 0.28984375 0.09444444375 0.28671875 0.059722221875 0.28671875 0.054166667187499996 0.28984375 0.054166667187499996 0.3109375 0.05694444375 0.31171875 0.05694444375 0.3140625
0 0.0861111109375 0.48828125 0.0791666671875 0.48828125 0.0791666671875 0.490625 0.07638888906249999 0.49140625 0.0791666671875 0.5046875 0.0916666671875 0.50625 0.09305555625 0.5078125 0.1111111109375 0.5078125 0.1125 0.50625 0.11944444375 0.50625 0.13333333281249998 0.496875 0.13333333281249998 0.48828125 0.13055555624999998 0.48671875 0.10694444375 0.48671875 0.09444444375 0.49296875 0.0861111109375 0.48828125
0 0.490277778125 0.696875 0.4875 0.69765625 0.4875 0.7171875 0.49444444374999996 0.71875 0.5013888890625 0.7234375 0.5138888890625 0.7234375 0.515277778125 0.721875 0.5305555562500001 0.71875 0.5333333328125 0.71484375 0.54444444375 0.709375 0.54444444375 0.69609375 0.5388888890625 0.69296875 0.4986111109375 0.69296875 0.497222221875 0.69453125 0.490277778125 0.69453125 0.490277778125 0.696875
0 0.7263888890625 0.2375 0.747222221875 0.2375 0.7486111109375 0.2359375 0.752777778125 0.2359375 0.75555555625 0.234375 0.75555555625 0.22421875 0.747222221875 0.21875 0.747222221875 0.21328125 0.75 0.2125 0.75 0.20078125 0.747222221875 0.2 0.747222221875 0.19609375 0.7416666671875001 0.19296875 0.709722221875 0.19296875 0.7083333328125 0.19453125 0.7041666671875 0.19453125 0.6986111109375 0.19921875 0.6986111109375 0.2234375 0.70555555625 0.225 0.7263888890625 0.2375
0 0.05694444375 0.4328125 0.061111110937500004 0.4328125 0.0666666671875 0.4296875 0.0666666671875 0.42734375 0.072222221875 0.4234375 0.072222221875 0.41484375 0.0638888890625 0.41171875 0.0236111109375 0.41171875 0.0208333328125 0.41328125 0.0208333328125 0.4296875 0.03194444375 0.4359375 0.052777778124999994 0.4359375 0.05694444375 0.4328125
0 0.5458333328125 0.51875 0.5638888890625 0.51875 0.5666666671875 0.50703125 0.55694444375 0.50390625 0.5555555562500001 0.50078125 0.55 0.49921875 0.5125 0.49921875 0.5097222218749999 0.50078125 0.5097222218749999 0.5234375 0.5125 0.525 0.5305555562500001 0.5265625 0.5458333328125 0.51875
0 0.55 0.80625 0.5555555562500001 0.803125 0.5555555562500001 0.80078125 0.5638888890625 0.796875 0.5638888890625 0.79296875 0.5666666671875 0.7921875 0.5638888890625 0.78359375 0.5583333328125 0.78125 0.5527777781250001 0.77421875 0.5263888890625 0.77421875 0.5208333328125 0.77734375 0.5208333328125 0.8046875 0.5236111109375 0.80625 0.55 0.80625
0 0.690277778125 0.1734375 0.6958333328124999 0.1796875 0.7013888890625 0.1828125 0.7166666671875 0.1828125 0.722222221875 0.1796875 0.722222221875 0.16328125 0.7083333328125 0.15546875 0.690277778125 0.15546875 0.6875 0.15703125 0.6875 0.16875 0.690277778125 0.16953125 0.690277778125 0.1734375
0 0.597222221875 0.25 0.6013888890625 0.253125 0.6166666671875001 0.253125 0.63055555625 0.2453125 0.63055555625 0.23359375 0.627777778125 0.23203125 0.6236111109375 0.23203125 0.622222221875 0.23046875 0.590277778125 0.23046875 0.5875 0.23203125 0.5875 0.246875 0.5930555562500001 0.25 0.597222221875 0.25
0 0.7791666671875 0.2703125 0.7875 0.275 0.797222221875 0.275 0.7986111109375 0.2765625 0.8194444437499999 0.275 0.8222222218749999 0.2734375 0.8222222218749999 0.26484375 0.8333333328125001 0.259375 0.8333333328125001 0.24921875 0.8166666671874999 0.24296875 0.7791666671875 0.24296875 0.7763888890625 0.24453125 0.7763888890625 0.2671875 0.7791666671875 0.26796875 0.7791666671875 0.2703125
0 0.46805555625000006 0.49375 0.477777778125 0.49375 0.4791666671875 0.4921875 0.48333333281249996 0.4921875 0.4861111109375 0.490625 0.4888888890625 0.48203125 0.475 0.47421875 0.4458333328125 0.47421875 0.44305555625000004 0.47578125 0.44305555625000004 0.4859375 0.4458333328125 0.4875 0.4583333328125 0.4875 0.46805555625000006 0.49375
0 0.4875 0.6765625 0.4916666671875 0.6765625 0.5 0.671875 0.5 0.66484375 0.49444444374999996 0.66171875 0.4875 0.66171875 0.4861111109375 0.66015625 0.48194444374999995 0.66015625 0.475 0.65546875 0.45694444375 0.65546875 0.45416666718750004 0.65703125 0.45416666718750004 0.6734375 0.46527777812500004 0.6796875 0.48333333281249996 0.6796875 0.4875 0.6765625
0 0.0666666671875 0.65 0.07638888906249999 0.653125 0.097222221875 0.6515625 0.102777778125 0.6484375 0.102777778125 0.64140625 0.097222221875 0.63671875 0.08194444375 0.63828125 0.07083333281250001 0.63515625 0.0666666671875 0.62578125 0.0638888890625 0.62421875 0.05694444375 0.62421875 0.054166667187499996 0.62578125 0.054166667187499996 0.646875 0.059722221875 0.65 0.0666666671875 0.65
0 0.622222221875 0.45 0.6236111109375 0.4515625 0.627777778125 0.4515625 0.6291666671875 0.45 0.6388888890625 0.4484375 0.64444444375 0.4453125 0.64444444375 0.44296875 0.6555555562500001 0.4375 0.6555555562500001 0.43046875 0.6416666671875 0.42421875 0.6125 0.42421875 0.609722221875 0.42578125 0.609722221875 0.4484375 0.6125 0.45 0.622222221875 0.45
0 0.45 0.70625 0.45694444375 0.7015625 0.4611111109375 0.7015625 0.46666666718750005 0.6984375 0.46666666718750005 0.69453125 0.46944444374999994 0.69375 0.46944444374999994 0.68359375 0.46388888906250003 0.68046875 0.415277778125 0.68046875 0.40972222187499996 0.68359375 0.40972222187499996 0.6984375 0.4125 0.7015625 0.4236111109375 0.70625 0.45 0.70625
0 0.834722221875 0.209375 0.847222221875 0.209375 0.852777778125 0.2078125 0.85694444375 0.2046875 0.8611111109375 0.2046875 0.8638888890624999 0.20078125 0.88055555625 0.1921875 0.88055555625 0.18671875 0.875 0.18046875 0.834722221875 0.18046875 0.83194444375 0.18203125 0.83194444375 0.20625 0.834722221875 0.209375
0 0.43194444374999996 0.4421875 0.434722221875 0.44375 0.45277777812500003 0.4421875 0.4583333328125 0.43359375 0.4625 0.43125 0.46944444374999994 0.43125 0.475 0.428125 0.46944444374999994 0.41953125 0.46388888906250003 0.41796875 0.434722221875 0.41796875 0.43194444374999996 0.41953125 0.43194444374999996 0.4421875
0 0.9208333328125 0 0.9208333328125 0.0203125 0.9263888890624999 0.025 0.9305555562500001 0.025 0.940277778125 0.0296875 0.9583333328125001 0.0296875 0.972222221875 0.0234375 0.972222221875 0.01796875 0.975 0.0171875 0.975 0 0.9208333328125 0
0 0.5125 0.63203125 0.5097222218749999 0.640625 0.5013888890625 0.64453125 0.4986111109375 0.6546875 0.5013888890625 0.65625 0.5305555562500001 0.65625 0.5333333328125 0.65234375 0.54444444375 0.6484375 0.54444444375 0.64609375 0.55 0.6421875 0.547222221875 0.63359375 0.5416666671875 0.63046875 0.51805555625 0.63046875 0.5166666671875 0.63203125 0.5125 0.63203125
0 0.9513888890625 0.63984375 0.9513888890625 0.6453125 0.94305555625 0.65078125 0.94305555625 0.684375 0.9486111109375001 0.6875 0.9638888890624999 0.6859375 0.9736111109375001 0.678125 0.977777778125 0.678125 0.9791666671874999 0.6765625 0.9888888890624999 0.6765625 0.997222221875 0.6734375 0.997222221875 0.63828125 0.9902777781250001 0.63828125 0.9888888890624999 0.63671875 0.959722221875 0.63671875 0.9513888890625 0.63984375
0 0.9472222218749999 0.1484375 0.95555555625 0.14375 0.9638888890624999 0.134375 0.9638888890624999 0.12734375 0.95555555625 0.12421875 0.9236111109375 0.12421875 0.9208333328125 0.12578125 0.9208333328125 0.1453125 0.9236111109375 0.1484375 0.9472222218749999 0.1484375
0 0.6416666671875 0.49375 0.64305555625 0.4953125 0.6611111109375 0.496875 0.66944444375 0.4890625 0.6666666671875 0.47578125 0.6638888890625 0.47421875 0.6263888890625 0.47421875 0.6208333328125 0.47734375 0.6208333328125 0.4921875 0.6236111109375 0.49375 0.6416666671875 0.49375
0 0.690277778125 0.4734375 0.7138888890625 0.4734375 0.715277778125 0.471875 0.7194444437499999 0.471875 0.7236111109375 0.46875 0.727777778125 0.46875 0.7333333328125 0.465625 0.7333333328125 0.45859375 0.73055555625 0.4578125 0.73055555625 0.45546875 0.7166666671875 0.44921875 0.6791666671875001 0.44921875 0.6763888890625 0.45078125 0.6763888890625 0.4671875 0.68194444375 0.4703125 0.6861111109375 0.4703125 0.690277778125 0.4734375
0 0.727777778125 0.3234375 0.7333333328125 0.31484375 0.7388888890625 0.3125 0.7388888890625 0.30703125 0.7013888890625 0.30546875 0.6986111109375 0.30703125 0.7013888890625 0.3234375 0.70694444375 0.325 0.727777778125 0.3234375
0 0.55694444375 0.321875 0.5722222218749999 0.321875 0.577777778125 0.31875 0.577777778125 0.30859375 0.58055555625 0.3078125 0.58055555625 0.30390625 0.6 0.2984375 0.6 0.29453125 0.597222221875 0.29296875 0.559722221875 0.29296875 0.5541666671875001 0.29609375 0.5541666671875001 0.31875 0.55694444375 0.321875
0 0.0333333328125 0.315625 0.047222221875 0.309375 0.047222221875 0.30546875 0.05 0.3046875 0.05 0.29453125 0.047222221875 0.29375 0.047222221875 0.29140625 0.0388888890625 0.28671875 0.034722221875 0.28671875 0.027777778125000003 0.28203125 0.0125 0.28046875 0.009722221875000001 0.28203125 0.009722221875000001 0.3109375 0.0208333328125 0.315625 0.0333333328125 0.315625
0 0.859722221875 0.475 0.88055555625 0.475 0.89305555625 0.46875 0.9 0.4671875 0.9 0.45859375 0.89444444375 0.45546875 0.8458333328125001 0.45546875 0.8430555562500001 0.45703125 0.8430555562500001 0.4671875 0.8458333328125001 0.46796875 0.8458333328125001 0.4703125 0.859722221875 0.475
0 0.322222221875 0.4734375 0.322222221875 0.46328125 0.31944444375000003 0.46171875 0.3013888890625 0.46171875 0.2986111109375 0.46328125 0.2986111109375 0.478125 0.3111111109375 0.4796875 0.322222221875 0.4734375
0 0.5888888890625 0.2765625 0.590277778125 0.275 0.5944444437499999 0.275 0.6 0.271875 0.6 0.26953125 0.6083333328125 0.265625 0.6111111109375 0.25703125 0.597222221875 0.24921875 0.565277778125 0.24921875 0.5638888890625 0.25078125 0.559722221875 0.25078125 0.5541666671875001 0.25546875 0.5541666671875001 0.2734375 0.5625 0.2765625 0.5888888890625 0.2765625
0 0.902777778125 0.6125 0.9041666671874999 0.6109375 0.9083333328125001 0.6109375 0.9083333328125001 0.60546875 0.9111111109375001 0.6046875 0.9083333328125001 0.59765625 0.897222221875 0.590625 0.902777778125 0.58359375 0.897222221875 0.58046875 0.8791666671874999 0.58046875 0.8763888890624999 0.58203125 0.8763888890624999 0.60625 0.8819444437499999 0.6109375 0.902777778125 0.6125
0 0.8194444437499999 0.5078125 0.83055555625 0.5 0.83055555625 0.49296875 0.827777778125 0.48984375 0.8194444437499999 0.48671875 0.7791666671875 0.48671875 0.7763888890625 0.48828125 0.7763888890625 0.5078125 0.7791666671875 0.5109375 0.8138888890624999 0.509375 0.8194444437499999 0.5078125
0 0.6944444437499999 0.87890625 0.68194444375 0.87890625 0.6763888890625 0.88203125 0.6763888890625 0.89375 0.68194444375 0.8984375 0.6875 0.9 0.70555555625 0.9 0.715277778125 0.89375 0.722222221875 0.8921875 0.725 0.87265625 0.7194444437499999 0.86796875 0.7041666671875 0.86796875 0.6986111109375 0.87109375 0.6986111109375 0.8765625 0.6944444437499999 0.87890625
0 0.39305555625 0.6984375 0.40555555625000006 0.696875 0.41111111093749997 0.6921875 0.41111111093749997 0.68828125 0.4138888890625 0.6875 0.4166666671875 0.67734375 0.41111111093749997 0.67421875 0.39027777812500003 0.67421875 0.3861111109375 0.671875 0.3861111109375 0.66953125 0.3791666671875 0.66953125 0.3791666671875 0.6734375 0.3763888890625 0.67421875 0.3763888890625 0.6921875 0.39305555625 0.6984375
0 0.540277778125 0.4328125 0.5555555562500001 0.43125 0.5583333328125 0.42578125 0.5555555562500001 0.425 0.5555555562500001 0.42109375 0.55 0.41796875 0.5236111109375 0.41796875 0.5208333328125 0.41953125 0.5208333328125 0.434375 0.5263888890625 0.4390625 0.5305555562500001 0.4390625 0.540277778125 0.4328125
0 0.24583333281250003 0.4875 0.252777778125 0.4875 0.2638888890625 0.48125 0.2611111109375 0.47421875 0.24583333281250003 0.47421875 0.24305555625 0.47578125 0.24305555625 0.4859375 0.24583333281250003 0.4875
0 0.322222221875 0.3546875 0.322222221875 0.33828125 0.3013888890625 0.33671875 0.2986111109375 0.33828125 0.2986111109375 0.3546875 0.31944444375000003 0.35625 0.322222221875 0.3546875
0 0.372222221875 0.66953125 0.3458333328125 0.66796875 0.34305555625 0.6859375 0.36666666718749996 0.6875 0.372222221875 0.684375 0.372222221875 0.66953125
0 0.590277778125 0.35 0.625 0.3515625 0.6333333328124999 0.3484375 0.6361111109375 0.33828125 0.63055555625 0.33203125 0.6236111109375 0.33203125 0.622222221875 0.33046875 0.6013888890625 0.33046875 0.590277778125 0.33515625 0.590277778125 0.3390625 0.5875 0.33984375 0.5875 0.3484375 0.590277778125 0.35
0 0.5833333328125 0.58359375 0.58055555625 0.58203125 0.5708333328124999 0.58203125 0.5694444437499999 0.58046875 0.5458333328125 0.58046875 0.54305555625 0.58203125 0.5458333328125 0.5953125 0.5625 0.6 0.5833333328125 0.5984375 0.5833333328125 0.58359375
0 0.8444444437499999 0.0875 0.8444444437499999 0.08203125 0.8416666671874999 0.08046875 0.8125 0.08046875 0.809722221875 0.08203125 0.809722221875 0.09375 0.815277778125 0.096875 0.8361111109375001 0.09375 0.8444444437499999 0.0875
0 0.73055555625 0.49375 0.73055555625 0.48828125 0.725 0.48671875 0.6986111109375 0.48828125 0.6986111109375 0.496875 0.7041666671875 0.5 0.7194444437499999 0.5 0.73055555625 0.49375
0 0.030555556249999997 0.3546875 0.04444444375 0.3484375 0.04444444375 0.34453125 0.0416666671875 0.34296875 0.0125 0.34296875 0.009722221875000001 0.34453125 0.009722221875000001 0.3484375 0.0166666671875 0.35 0.0236111109375 0.3546875 0.030555556249999997 0.3546875
0 0.9 0.371875 0.9 0.36328125 0.8791666671874999 0.36171875 0.8763888890624999 0.3734375 0.8791666671874999 0.3765625 0.8888888890625 0.3765625 0.9 0.371875
0 0.897222221875 0.26796875 0.8791666671874999 0.26796875 0.8763888890624999 0.26953125 0.8791666671874999 0.2796875 0.8888888890625 0.2796875 0.9 0.275 0.897222221875 0.26796875
0 0.8222222218749999 0.51484375 0.8166666671874999 0.51171875 0.790277778125 0.51171875 0.7875 0.51328125 0.790277778125 0.525 0.8111111109375001 0.525 0.8194444437499999 0.521875 0.8222222218749999 0.51484375
0 0.972222221875 0.24296875 0.934722221875 0.24296875 0.93194444375 0.24453125 0.934722221875 0.259375 0.977777778125 0.2546875 0.977777778125 0.24453125 0.972222221875 0.24296875
0 0.8638888890624999 0.0421875 0.8680555562500001 0.0390625 0.877777778125 0.0375 0.8833333328125 0.034375 0.8861111109375001 0.02421875 0.88055555625 0.01953125 0.8375 0.01796875 0.83194444375 0.02109375 0.83194444375 0.0375 0.834722221875 0.03828125 0.834722221875 0.0421875 0.8638888890624999 0.0421875
0 0.08333333281250001 0.73125 0.0888888890625 0.728125 0.0888888890625 0.72578125 0.097222221875 0.721875 0.09444444375 0.71484375 0.0861111109375 0.71171875 0.0625 0.71171875 0.05694444375 0.71328125 0.054166667187499996 0.71640625 0.054166667187499996 0.7296875 0.05694444375 0.73125 0.08333333281250001 0.73125
0 0.9333333328125001 0.36875 0.9388888890624999 0.365625 0.965277778125 0.378125 0.977777778125 0.378125 0.98055555625 0.3765625 0.98055555625 0.36484375 0.977777778125 0.3640625 0.977777778125 0.35546875 0.975 0.3546875 0.975 0.34921875 0.95555555625 0.34296875 0.909722221875 0.34296875 0.9083333328125001 0.34453125 0.9013888890624999 0.34453125 0.8986111109375001 0.34765625 0.8986111109375001 0.3625 0.9041666671874999 0.36875 0.9333333328125001 0.36875
0 0.9305555562500001 0.36875 0.93194444375 0.3671875 0.9444444437499999 0.36875 0.965277778125 0.3796875 0.98055555625 0.3796875 0.9833333328125 0.378125 0.9833333328125 0.36796875 0.98055555625 0.3671875 0.977777778125 0.34921875 0.975 0.3484375 0.975 0.34609375 0.972222221875 0.34453125 0.959722221875 0.34453125 0.9583333328125001 0.34296875 0.9263888890624999 0.34296875 0.9208333328125 0.34609375 0.9208333328125 0.365625 0.9263888890624999 0.36875 0.9305555562500001 0.36875
0 0.5888888890625 0.6015625 0.590277778125 0.603125 0.60555555625 0.6 0.6083333328125 0.5984375 0.6083333328125 0.59453125 0.6111111109375 0.59375 0.6111111109375 0.58046875 0.597222221875 0.57421875 0.56805555625 0.57421875 0.565277778125 0.57578125 0.56805555625 0.596875 0.5736111109375 0.6 0.5888888890625 0.6015625
0 0.6333333328124999 0.58515625 0.63055555625 0.58203125 0.6125 0.58046875 0.609722221875 0.6046875 0.6125 0.6078125 0.627777778125 0.6078125 0.6333333328124999 0.58515625
0 0.5138888890625 0.459375 0.5138888890625 0.45078125 0.5083333328124999 0.44921875 0.4763888890625 0.45078125 0.4763888890625 0.4609375 0.48194444374999995 0.4640625 0.502777778125 0.4640625 0.5138888890625 0.459375
0 0.1888888890625 0.6828125 0.1861111109375 0.67421875 0.15694444375 0.67421875 0.1541666671875 0.67578125 0.15694444375 0.690625 0.172222221875 0.690625 0.1833333328125 0.6875 0.1888888890625 0.6828125
0 0.9013888890624999 0.640625 0.91805555625 0.6484375 0.9305555562500001 0.6484375 0.9361111109375001 0.6453125 0.9388888890624999 0.63671875 0.9416666671874999 0.6359375 0.9388888890624999 0.62734375 0.9305555562500001 0.62421875 0.9013888890624999 0.62421875 0.8986111109375001 0.62578125 0.8986111109375001 0.6375 0.9013888890624999 0.63828125 0.9013888890624999 0.640625
0 0.5944444437499999 0.5984375 0.597222221875 0.59375 0.597222221875 0.57578125 0.5944444437499999 0.57421875 0.5458333328125 0.57578125 0.54305555625 0.58046875 0.5458333328125 0.5953125 0.559722221875 0.6 0.5944444437499999 0.5984375
0 0.6777777781250001 0.26484375 0.672222221875 0.26171875 0.6569444437499999 0.26171875 0.6541666671875 0.26328125 0.6569444437499999 0.2765625 0.675 0.275 0.6777777781250001 0.26484375
0 0.79305555625 0.525 0.8083333328125001 0.525 0.8194444437499999 0.5203125 0.8194444437499999 0.51015625 0.8166666671874999 0.50703125 0.8208333328125 0.503125 0.825 0.503125 0.83055555625 0.5 0.83055555625 0.49296875 0.8194444437499999 0.48671875 0.7791666671875 0.48671875 0.7763888890625 0.48828125 0.7763888890625 0.515625 0.7875 0.5234375 0.79305555625 0.525
0 0.63055555625 0.6109375 0.6333333328124999 0.6078125 0.6333333328124999 0.58828125 0.63055555625 0.58671875 0.6041666671875 0.58828125 0.5986111109375 0.59765625 0.6013888890625 0.6078125 0.609722221875 0.6109375 0.63055555625 0.6109375
0 0.6361111109375 0.20703125 0.6236111109375 0.20546875 0.6208333328125 0.2109375 0.6236111109375 0.2125 0.6333333328124999 0.2125 0.6361111109375 0.20703125
0 0.6416666671875 0.2609375 0.64444444375 0.259375 0.64444444375 0.24609375 0.6416666671875 0.24453125 0.6152777781250001 0.24453125 0.609722221875 0.24921875 0.6125 0.2578125 0.6263888890625 0.2625 0.6416666671875 0.2609375
0 0.9361111109375001 0.3671875 0.9444444437499999 0.35625 0.9444444437499999 0.34453125 0.9416666671874999 0.34296875 0.9013888890624999 0.34453125 0.8986111109375001 0.34765625 0.9013888890624999 0.3671875 0.9041666671874999 0.36875 0.9361111109375001 0.3671875
0 0.8666666671875 0.53671875 0.8541666671874999 0.53828125 0.85694444375 0.5453125 0.875 0.5421875 0.875 0.53828125 0.8666666671875 0.53671875
0 0.9513888890625 0.3734375 0.95694444375 0.3765625 0.9611111109375001 0.3765625 0.9680555562500001 0.38125 0.9861111109375 0.3796875 0.9861111109375 0.36953125 0.98055555625 0.365625 0.98055555625 0.34609375 0.972222221875 0.34296875 0.9458333328125 0.34296875 0.94305555625 0.34453125 0.94305555625 0.3671875 0.9513888890625 0.37109375 0.9513888890625 0.3734375
0 0.897222221875 0.375 0.902777778125 0.36484375 0.897222221875 0.36171875 0.8791666671874999 0.36171875 0.8763888890624999 0.36328125 0.8763888890624999 0.3734375 0.8791666671874999 0.3765625 0.897222221875 0.375
0 0.997222221875 0.86953125 0.99444444375 0.86796875 0.9680555562500001 0.86796875 0.965277778125 0.86953125 0.9680555562500001 0.8921875 0.997222221875 0.89375 0.997222221875 0.86953125
0 0.6152777781250001 0.6015625 0.6180555562500001 0.603125 0.63055555625 0.6015625 0.6333333328124999 0.58671875 0.627777778125 0.58203125 0.6152777781250001 0.58203125 0.6138888890625 0.58046875 0.5791666671875 0.58203125 0.5791666671875 0.6 0.584722221875 0.603125 0.6111111109375 0.6046875 0.6152777781250001 0.6015625