0 0.6579861109375 0.509765625 0.652777778125 0.5146484375 0.6579861109375 0.51953125 0.6666666671875 0.5205078125 0.6631944437499999 0.5302734375 0.671875 0.533203125 0.684027778125 0.5322265625 0.6944444437499999 0.5263671875 0.6944444437499999 0.5166015625 0.6857638890625 0.509765625 0.6579861109375 0.509765625
0 0.7204861109375 0.20703125 0.706597221875 0.20703125 0.6875 0.2177734375 0.6875 0.2314453125 0.6961805562500001 0.236328125 0.71875 0.2373046875 0.7395833328125 0.2294921875 0.7395833328125 0.2197265625 0.730902778125 0.2109375 0.7204861109375 0.20703125
0 0.7586805562500001 0.244140625 0.737847221875 0.244140625 0.7256944437499999 0.2509765625 0.7256944437499999 0.2626953125 0.7430555562500001 0.2685546875 0.762152778125 0.265625 0.7708333328125 0.2587890625 0.7673611109375 0.2490234375 0.7586805562500001 0.244140625
0 0.559027778125 0.5888671875 0.5625 0.5771484375 0.550347221875 0.57421875 0.5243055562500001 0.5888671875 0.5243055562500001 0.5966796875 0.5329861109375 0.607421875 0.5625 0.6083984375 0.5625 0.6044921875 0.5486111109375 0.5986328125 0.5486111109375 0.5947265625 0.559027778125 0.5888671875
0 0.7760416671875 0.416015625 0.7604166671875 0.4248046875 0.7725694437499999 0.43359375 0.7881944437499999 0.4345703125 0.7951388890625 0.4306640625 0.7951388890625 0.4189453125 0.7899305562500001 0.416015625 0.7760416671875 0.416015625
0 0.6579861109375 0.09765625 0.6458333328125 0.1064453125 0.6458333328125 0.1162109375 0.6614583328125 0.1328125 0.6770833328125 0.1318359375 0.6875 0.1279296875 0.6979166671875 0.1103515625 0.6822916671875 0.099609375 0.6579861109375 0.09765625
0 0.6267361109375 0.583984375 0.6041666671875 0.5966796875 0.6041666671875 0.6044921875 0.6197916671875 0.6171875 0.6458333328125 0.6162109375 0.659722221875 0.6064453125 0.659722221875 0.5927734375 0.640625 0.583984375 0.6267361109375 0.583984375
0 0.5989583328125 0.564453125 0.5729166671875 0.5751953125 0.5729166671875 0.5830078125 0.5850694437499999 0.591796875 0.5954861109375 0.595703125 0.6041666671875 0.5947265625 0.625 0.5830078125 0.625 0.5751953125 0.612847221875 0.56640625 0.5989583328125 0.564453125
0 0.512152778125 0.181640625 0.5 0.1904296875 0.5 0.1982421875 0.512152778125 0.20703125 0.53125 0.2080078125 0.5416666671875 0.2021484375 0.5451388890625 0.1884765625 0.5364583328125 0.181640625 0.512152778125 0.181640625
0 0.824652778125 0.61328125 0.8229166671874999 0.6240234375 0.8177083328125001 0.626953125 0.8107638890625 0.619140625 0.8020833328125001 0.6201171875 0.8020833328125001 0.6298828125 0.8177083328125001 0.640625 0.8333333328125001 0.6416015625 0.8454861109375 0.638671875 0.8576388890625 0.6298828125 0.8350694437499999 0.61328125 0.824652778125 0.61328125
0 0.7586805562500001 0.283203125 0.7482638890625 0.27734375 0.7413194437499999 0.279296875 0.7361111109375 0.2861328125 0.7395833328125 0.2919921875 0.7517361109375 0.298828125 0.7673611109375 0.2978515625 0.78125 0.2919921875 0.78125 0.2822265625 0.769097221875 0.275390625 0.7586805562500001 0.283203125
0 0.5677083328125 0.302734375 0.5486111109375 0.3134765625 0.5486111109375 0.3193359375 0.5572916671875 0.326171875 0.5729166671875 0.3251953125 0.5868055562500001 0.3212890625 0.590277778125 0.3115234375 0.5850694437499999 0.306640625 0.5677083328125 0.302734375
0 0.8767361109375 0.24609375 0.8663194437499999 0.24609375 0.847222221875 0.2587890625 0.847222221875 0.2666015625 0.8524305562500001 0.26953125 0.8680555562500001 0.2685546875 0.8767361109375 0.267578125 0.8854166671874999 0.2607421875 0.8854166671874999 0.2509765625 0.8767361109375 0.24609375
0 0.6041666671875 0.2763671875 0.612847221875 0.28125 0.6354166671875 0.2802734375 0.6354166671875 0.2646484375 0.6267361109375 0.259765625 0.609375 0.26171875 0.6041666671875 0.2763671875
0 0.3125 0.3408203125 0.3125 0.3466796875 0.32118055624999997 0.3515625 0.33680555624999997 0.3505859375 0.34722222187499996 0.3486328125 0.35069444375000003 0.3369140625 0.32465277812500004 0.33203125 0.3125 0.3408203125
0 0.6475694437499999 0.52734375 0.6423611109375 0.5302734375 0.6458333328125 0.5439453125 0.6545138890625 0.548828125 0.6701388890625 0.5478515625 0.6875 0.5400390625 0.6875 0.5322265625 0.6614583328125 0.53125 0.6475694437499999 0.52734375
0 0.4895833328125 0.4052734375 0.49305555625 0.4111328125 0.5052083328125 0.419921875 0.5208333328125 0.4189453125 0.527777778125 0.4111328125 0.5173611109375 0.3994140625 0.5052083328125 0.396484375 0.4895833328125 0.4052734375
0 0.5416666671875 0.1884765625 0.5416666671875 0.2001953125 0.534722221875 0.2060546875 0.5364583328125 0.208984375 0.5486111109375 0.2080078125 0.5625 0.2001953125 0.5625 0.1923828125 0.5538194437499999 0.185546875 0.5416666671875 0.1884765625
0 0.7829861109375 0.244140625 0.78125 0.2568359375 0.800347221875 0.263671875 0.8055555562500001 0.2626953125 0.8125 0.2587890625 0.8125 0.2529296875 0.796875 0.244140625 0.7829861109375 0.244140625
0 0.5885416671875 0.283203125 0.5798611109375 0.2900390625 0.5798611109375 0.2958984375 0.5885416671875 0.30078125 0.6041666671875 0.2998046875 0.6111111109375 0.2958984375 0.6111111109375 0.2880859375 0.5989583328125 0.283203125 0.5885416671875 0.283203125
0 0.3229166671875 0.3212890625 0.3229166671875 0.3291015625 0.33159722187499996 0.333984375 0.34722222187499996 0.3330078125 0.3541666671875 0.3271484375 0.35069444375000003 0.3193359375 0.33159722187499996 0.31640625 0.3229166671875 0.3212890625
0 0.010416667187500001 0.2958984375 0.0173611109375 0.3017578125 0.0260416671875 0.306640625 0.03819444375 0.3056640625 0.03819444375 0.2919921875 0.0260416671875 0.287109375 0.012152778125 0.2890625 0.010416667187500001 0.2958984375
0 0.5538194437499999 0.30078125 0.5625 0.2998046875 0.5625 0.2861328125 0.546875 0.28515625 0.5416666671875 0.2958984375 0.5538194437499999 0.30078125
0 0.8350694437499999 0.26953125 0.84375 0.2685546875 0.8454861109375 0.248046875 0.8229166671874999 0.2587890625 0.8229166671874999 0.2626953125 0.8350694437499999 0.26953125
0 0.8055555562500001 0.3896484375 0.8107638890625 0.3984375 0.8263888890625 0.3974609375 0.84375 0.3916015625 0.84375 0.3837890625 0.831597221875 0.37890625 0.8055555562500001 0.3896484375
0 0.53125 0.3212890625 0.534722221875 0.3291015625 0.543402778125 0.333984375 0.5555555562500001 0.3330078125 0.559027778125 0.3271484375 0.5486111109375 0.3173828125 0.5399305562500001 0.31640625 0.53125 0.3212890625
0 1 0.4775390625 0.987847221875 0.4765625 0.972222221875 0.4873046875 0.972222221875 0.4912109375 0.980902778125 0.49609375 1 0.4990234375 1 0.4775390625
0 0.5625 0.2705078125 0.574652778125 0.279296875 0.5868055562500001 0.2802734375 0.590277778125 0.2744140625 0.581597221875 0.267578125 0.5677083328125 0.267578125 0.5625 0.2705078125
0 0.9861111109375 0.4970703125 0.9861111109375 0.5107421875 0.996527778125 0.5107421875 1 0.4775390625 0.987847221875 0.4765625 0.972222221875 0.4912109375 0.9861111109375 0.4970703125
0 0.6788194437499999 0.236328125 0.6875 0.2353515625 0.6875 0.2158203125 0.675347221875 0.21484375 0.6701388890625 0.2275390625 0.6788194437499999 0.236328125
0 0.5763888890625 0.2666015625 0.5920138890625 0.2734375 0.597222221875 0.2724609375 0.6041666671875 0.2626953125 0.5954861109375 0.2578125 0.578125 0.259765625 0.5763888890625 0.2666015625
0 0.53125 0.3154296875 0.5486111109375 0.3154296875 0.5555555562500001 0.3056640625 0.5399305562500001 0.302734375 0.53125 0.3095703125 0.53125 0.3154296875
0 0.574652778125 0.279296875 0.590277778125 0.2802734375 0.5850694437499999 0.267578125 0.5677083328125 0.267578125 0.5625 0.2705078125 0.574652778125 0.279296875
0 0.762152778125 0.412109375 0.777777778125 0.4111328125 0.7881944437499999 0.4072265625 0.7864583328125 0.40234375 0.7604166671875 0.4052734375 0.762152778125 0.412109375