0 0.490277778125 0.359375 0.4986111109375 0.3625 0.51944444375 0.3625 0.522222221875 0.35859375 0.5333333328125 0.353125 0.5305555562500001 0.34453125 0.5236111109375 0.34296875 0.5166666671875 0.33828125 0.5125 0.33828125 0.5111111109375 0.33671875 0.490277778125 0.33671875 0.4875 0.33828125 0.4875 0.35625 0.490277778125 0.35703125 0.490277778125 0.359375
0 0.6083333328125 0.3984375 0.6138888890625 0.3859375 0.6111111109375 0.37578125 0.5791666671875 0.37421875 0.5763888890625 0.37578125 0.5763888890625 0.3984375 0.5791666671875 0.4 0.6083333328125 0.3984375
0 0.31944444375000003 0.1171875 0.322222221875 0.1140625 0.322222221875 0.09453125 0.31944444375000003 0.09296875 0.28194444375 0.09453125 0.27638888906250003 0.09921875 0.2791666671875 0.115625 0.2875 0.11875 0.31944444375000003 0.1171875
0 0.3375 0.2125 0.34722222187499996 0.2109375 0.3638888890625 0.203125 0.3638888890625 0.20078125 0.36666666718749996 0.2 0.36666666718749996 0.19453125 0.3638888890625 0.19296875 0.334722221875 0.19296875 0.33194444375 0.19453125 0.33194444375 0.209375 0.3375 0.2125
0 0.45555555625000005 0.2125 0.4583333328125 0.2078125 0.45555555625000005 0.19453125 0.45277777812500003 0.19296875 0.4236111109375 0.19296875 0.42083333281249996 0.19453125 0.42083333281249996 0.2171875 0.44166666718750003 0.21875 0.45555555625000005 0.2125
0 0.1861111109375 0.15 0.1916666671875 0.1453125 0.1916666671875 0.14296875 0.19444444375 0.1421875 0.197222221875 0.13203125 0.1888888890625 0.128125 0.1861111109375 0.12421875 0.15694444375 0.12421875 0.1541666671875 0.12578125 0.1541666671875 0.14375 0.16805555625 0.15 0.1861111109375 0.15
0 0.07638888906249999 0.37109375 0.07638888906249999 0.3734375 0.08055555625000001 0.3734375 0.08194444375 0.375 0.10833333281249999 0.375 0.12222222187500001 0.3671875 0.12222222187500001 0.36171875 0.11388888906250001 0.3578125 0.10833333281249999 0.34453125 0.10138888906250001 0.34453125 0.1 0.34296875 0.07083333281250001 0.34296875 0.06527777812499999 0.34609375 0.06527777812499999 0.3671875 0.072222221875 0.36875 0.07638888906249999 0.37109375
0 0.4166666671875 0.303125 0.42222222187499997 0.2984375 0.42222222187499997 0.28671875 0.41944444374999995 0.2859375 0.41944444374999995 0.28359375 0.41111111093749997 0.28046875 0.39027777812500003 0.28046875 0.3875 0.28203125 0.3875 0.2984375 0.40138888906250003 0.3046875 0.4166666671875 0.303125
0 0.2638888890625 0.2234375 0.26527777812500003 0.225 0.275 0.225 0.28055555625 0.21796875 0.28611111093749997 0.215625 0.28611111093749997 0.21171875 0.2888888890625 0.2109375 0.2888888890625 0.20078125 0.28611111093749997 0.19921875 0.25694444375000003 0.19921875 0.2541666671875 0.20078125 0.2541666671875 0.21875 0.259722221875 0.2234375 0.2638888890625 0.2234375
0 0.5833333328125 0.44375 0.5833333328125 0.44296875 0.6 0.434375 0.6 0.42734375 0.5986111109375 0.42734375 0.5944444437499999 0.42421875 0.55694444375 0.42421875 0.55694444375 0.425 0.5541666671875001 0.42578125 0.5541666671875001 0.4421875 0.5555555562500001 0.4421875 0.55694444375 0.44375 0.5833333328125 0.44375
0 0.21111111093749999 0.2359375 0.20833333281250002 0.22421875 0.16805555625 0.22421875 0.165277778125 0.22578125 0.165277778125 0.2421875 0.16805555625 0.24375 0.2 0.24375 0.21111111093749999 0.2359375
0 0.5666666671875 0.4875 0.575 0.4796875 0.5694444437499999 0.47109375 0.5638888890625 0.46796875 0.534722221875 0.46796875 0.5319444437499999 0.46953125 0.5319444437499999 0.4859375 0.534722221875 0.4875 0.5666666671875 0.4875
0 0.577777778125 0.3234375 0.575 0.30703125 0.5458333328125 0.30546875 0.54305555625 0.30703125 0.5458333328125 0.325 0.575 0.325 0.577777778125 0.3234375
0 0.43333333281249997 0.640625 0.43055555625 0.63046875 0.3986111109375 0.63203125 0.3986111109375 0.640625 0.40416666718750005 0.64375 0.427777778125 0.64375 0.43333333281249997 0.640625
0 0.8819444437499999 0.54765625 0.8763888890624999 0.55078125 0.8763888890624999 0.5671875 0.8791666671874999 0.56875 0.897222221875 0.56875 0.9111111109375001 0.5609375 0.9111111109375001 0.54609375 0.9055555562500001 0.54296875 0.89305555625 0.54296875 0.8875 0.54453125 0.8861111109375001 0.54765625 0.8819444437499999 0.54765625
0 0.659722221875 0.49140625 0.6555555562500001 0.48828125 0.6458333328125 0.48828125 0.64305555625 0.49140625 0.64305555625 0.5046875 0.6458333328125 0.50625 0.6555555562500001 0.50625 0.6569444437499999 0.5078125 0.6861111109375 0.50625 0.7 0.4984375 0.7 0.48828125 0.6972222218749999 0.48671875 0.6791666671875001 0.48671875 0.66944444375 0.49140625 0.659722221875 0.49140625
0 0.21944444375 0.1046875 0.222222221875 0.103125 0.222222221875 0.09453125 0.225 0.09375 0.22777777812500002 0.08203125 0.222222221875 0.08046875 0.20138888906250002 0.08046875 0.1986111109375 0.08203125 0.1986111109375 0.1 0.20694444375 0.1046875 0.21944444375 0.1046875
0 0.5583333328125 0.49609375 0.5527777781250001 0.49296875 0.5236111109375 0.49296875 0.5208333328125 0.49453125 0.5208333328125 0.5046875 0.5236111109375 0.50625 0.547222221875 0.50625 0.5555555562500001 0.5015625 0.5583333328125 0.49609375
0 0.2 0.303125 0.2 0.29453125 0.19305555624999998 0.29296875 0.1861111109375 0.28671875 0.15694444375 0.28671875 0.1541666671875 0.28828125 0.1541666671875 0.3 0.15972222187500001 0.3046875 0.19444444375 0.30625 0.2 0.303125
0 0.54444444375 0.234375 0.54444444375 0.22578125 0.5416666671875 0.22421875 0.5125 0.22421875 0.5097222218749999 0.22578125 0.5097222218749999 0.2375 0.515277778125 0.240625 0.527777778125 0.240625 0.54444444375 0.234375
0 0.8861111109375001 0.55 0.897222221875 0.54375 0.897222221875 0.53671875 0.89444444375 0.53515625 0.890277778125 0.53515625 0.88055555625 0.53046875 0.85694444375 0.53046875 0.8541666671874999 0.53203125 0.8541666671874999 0.5484375 0.85694444375 0.54921875 0.85694444375 0.5515625 0.8861111109375001 0.55
0 0.8333333328125001 0.5671875 0.8333333328125001 0.55703125 0.83055555625 0.55546875 0.8013888890624999 0.55546875 0.7986111109375 0.55703125 0.7986111109375 0.5671875 0.8041666671875 0.5703125 0.8194444437499999 0.571875 0.8333333328125001 0.5671875
0 0.54444444375 0.453125 0.547222221875 0.43828125 0.5416666671875 0.43671875 0.5013888890625 0.43671875 0.4986111109375 0.43828125 0.5013888890625 0.45625 0.525 0.4578125 0.5388888890625 0.45625 0.54444444375 0.453125
0 0.15277777812499999 0.20546875 0.13194444375 0.20703125 0.134722221875 0.2171875 0.15277777812499999 0.215625 0.15555555625 0.2125 0.15277777812499999 0.20546875
0 0.1 0.3375 0.102777778125 0.32109375 0.097222221875 0.31796875 0.0791666671875 0.31796875 0.07638888906249999 0.3375 0.0791666671875 0.340625 0.0916666671875 0.340625 0.1 0.3375
0 0.097222221875 0.39375 0.1 0.390625 0.097222221875 0.38203125 0.0888888890625 0.378125 0.0888888890625 0.37578125 0.08194444375 0.37578125 0.08055555625000001 0.37421875 0.059722221875 0.37421875 0.054166667187499996 0.37734375 0.054166667187499996 0.396875 0.059722221875 0.4 0.075 0.4 0.097222221875 0.39375
0 0.9111111109375001 0.04609375 0.91944444375 0.0421875 0.91944444375 0.03828125 0.9125 0.03671875 0.902777778125 0.03125 0.9 0.02578125 0.8958333328125001 0.02578125 0.89444444375 0.02421875 0.8791666671874999 0.02578125 0.8763888890624999 0.0484375 0.8791666671874999 0.05 0.9083333328125001 0.05 0.9111111109375001 0.04609375
0 0.427777778125 0.659375 0.4361111109375 0.6546875 0.4361111109375 0.64453125 0.43055555625 0.64296875 0.3986111109375 0.64453125 0.3986111109375 0.6546875 0.40138888906250003 0.6578125 0.4125 0.6609375 0.427777778125 0.659375
0 0.9986111109375001 0.05078125 0.9791666671874999 0.04921875 0.9763888890624999 0.05078125 0.9763888890624999 0.0734375 0.997222221875 0.0765625 0.9986111109375001 0.05078125
0 0.9013888890624999 0.03125 0.9125 0.0375 0.9305555562500001 0.0375 0.9361111109375001 0.03046875 0.9416666671874999 0.028125 0.9416666671874999 0.02421875 0.9444444437499999 0.0234375 0.9416666671874999 0.01484375 0.9333333328125001 0.0109375 0.9333333328125001 0.00703125 0.9305555562500001 0.00546875 0.9013888890624999 0.00546875 0.8986111109375001 0.00703125 0.8986111109375001 0.028125 0.9013888890624999 0.02890625 0.9013888890624999 0.03125
0 0.21111111093749999 0.57578125 0.190277778125 0.57421875 0.1875 0.5859375 0.190277778125 0.5875 0.20833333281250002 0.5859375 0.21111111093749999 0.57578125
0 0.2888888890625 0.5984375 0.2888888890625 0.58828125 0.28611111093749997 0.58671875 0.25694444375000003 0.58671875 0.2541666671875 0.58828125 0.2541666671875 0.5984375 0.25694444375000003 0.6 0.275 0.603125 0.2888888890625 0.5984375
0 0.44444444375 0.11953125 0.45277777812500003 0.1140625 0.45277777812500003 0.10703125 0.434722221875 0.10546875 0.43194444374999996 0.10703125 0.43194444374999996 0.1234375 0.44166666718750003 0.125 0.44444444375 0.11953125
0 0.5888888890625 0.57109375 0.5833333328125 0.56796875 0.55694444375 0.56796875 0.5541666671875001 0.5859375 0.55694444375 0.5875 0.5861111109375 0.5859375 0.5888888890625 0.57109375
0 0.2638888890625 0.0671875 0.275 0.0609375 0.275 0.05703125 0.26805555625 0.05703125 0.2666666671875 0.05546875 0.24583333281250003 0.05546875 0.24305555625 0.05703125 0.24305555625 0.0609375 0.25 0.0625 0.25694444375000003 0.0671875 0.2638888890625 0.0671875
0 0.42222222187499997 0.1234375 0.42222222187499997 0.11953125 0.43055555625 0.10859375 0.42222222187499997 0.10546875 0.40138888906250003 0.10546875 0.3986111109375 0.10703125 0.3986111109375 0.1234375 0.40138888906250003 0.125 0.42222222187499997 0.1234375
0 0.95 0.5609375 0.95555555625 0.55234375 0.95 0.54921875 0.934722221875 0.54921875 0.93194444375 0.55078125 0.93194444375 0.5609375 0.934722221875 0.5625 0.95 0.5609375
0 0.5638888890625 0.79375 0.5694444437499999 0.790625 0.5666666671875 0.77578125 0.5458333328125 0.77421875 0.54305555625 0.77578125 0.54305555625 0.790625 0.5513888890625 0.79375 0.5638888890625 0.79375
0 0.7083333328125 0.30078125 0.6791666671875001 0.29921875 0.6763888890625 0.30078125 0.6763888890625 0.3109375 0.6791666671875001 0.3125 0.6972222218749999 0.3125 0.7083333328125 0.3046875 0.7083333328125 0.30078125
0 0.4583333328125 0.29921875 0.43194444374999996 0.30078125 0.434722221875 0.3125 0.46388888906250003 0.309375 0.46388888906250003 0.30078125 0.4583333328125 0.29921875
0 0.2166666671875 0.0109375 0.2166666671875 0.00703125 0.20138888906250002 0.00546875 0.1986111109375 0.0125 0.20138888906250002 0.015625 0.20833333281250002 0.015625 0.2166666671875 0.0109375
0 0.7333333328125 0.6109375 0.7333333328125 0.60859375 0.74444444375 0.603125 0.74444444375 0.59453125 0.7125 0.59296875 0.709722221875 0.59453125 0.709722221875 0.6109375 0.7125 0.6125 0.7333333328125 0.6109375
0 0.7611111109375 0.38125 0.777777778125 0.3734375 0.7805555562500001 0.36171875 0.777777778125 0.35703125 0.772222221875 0.35546875 0.7458333328125 0.35546875 0.7430555562500001 0.35703125 0.7430555562500001 0.378125 0.7486111109375 0.38125 0.7611111109375 0.38125
0 0.05 0.396875 0.055555556250000006 0.3921875 0.055555556250000006 0.38359375 0.05 0.38046875 0.034722221875 0.38046875 0.03194444375 0.38203125 0.03194444375 0.3921875 0.0458333328125 0.396875 0.05 0.396875
0 0.377777778125 0.590625 0.375 0.58046875 0.34305555625 0.58203125 0.34305555625 0.590625 0.34861111093749997 0.59375 0.372222221875 0.59375 0.377777778125 0.590625
0 0.2666666671875 0.1296875 0.2666666671875 0.11796875 0.25833333281250004 0.11328125 0.24583333281250003 0.11171875 0.24305555625 0.11328125 0.24305555625 0.1296875 0.2638888890625 0.13125 0.2666666671875 0.1296875
0 0.7916666671875 0.55703125 0.76805555625 0.55546875 0.765277778125 0.5671875 0.7861111109375 0.56875 0.7916666671875 0.565625 0.7916666671875 0.55703125
0 0.6 0.3375 0.6 0.33203125 0.597222221875 0.33046875 0.56805555625 0.33046875 0.565277778125 0.33203125 0.565277778125 0.3359375 0.5791666671875 0.3421875 0.5861111109375 0.3421875 0.6 0.3375
0 0.20138888906250002 0.253125 0.21111111093749999 0.253125 0.2125 0.2546875 0.2166666671875 0.2546875 0.22777777812500002 0.246875 0.225 0.23984375 0.21944444375 0.23671875 0.20416666718749998 0.23671875 0.1986111109375 0.23984375 0.1986111109375 0.25 0.20138888906250002 0.25078125 0.20138888906250002 0.253125
0 0.5583333328125 0.7171875 0.5583333328125 0.70703125 0.534722221875 0.70546875 0.5319444437499999 0.70703125 0.5319444437499999 0.7234375 0.55 0.725 0.5583333328125 0.7171875
0 0.625 0.34375 0.625 0.33828125 0.6041666671875 0.33671875 0.6013888890625 0.3453125 0.60694444375 0.3484375 0.61944444375 0.3484375 0.625 0.34375
0 0.7138888890625 0.5375 0.7138888890625 0.53203125 0.690277778125 0.53046875 0.6875 0.53203125 0.690277778125 0.5421875 0.7083333328125 0.54375 0.7138888890625 0.5375
0 0.6791666671875001 0.534375 0.690277778125 0.53984375 0.690277778125 0.5421875 0.7083333328125 0.54375 0.7111111109375 0.5421875 0.7111111109375 0.53828125 0.7138888890625 0.5375 0.7138888890625 0.53203125 0.6972222218749999 0.52421875 0.6791666671875001 0.52421875 0.6763888890625 0.52578125 0.6763888890625 0.53125 0.6791666671875001 0.53203125 0.6791666671875001 0.534375
0 0.9111111109375001 0.04453125 0.91944444375 0.0421875 0.922222221875 0.03828125 0.9333333328125001 0.034375 0.9333333328125001 0.03203125 0.9416666671874999 0.028125 0.9444444437499999 0.02109375 0.9388888890624999 0.01796875 0.9208333328125 0.01796875 0.91944444375 0.01953125 0.8791666671874999 0.01796875 0.8763888890624999 0.01953125 0.8763888890624999 0.03125 0.8791666671874999 0.03203125 0.8763888890624999 0.0484375 0.8791666671874999 0.05 0.9055555562500001 0.05 0.9111111109375001 0.046875 0.9111111109375001 0.04453125
0 0.11944444375 0.475 0.125 0.46875 0.12222222187500001 0.45703125 0.10138888906250001 0.45546875 0.0986111109375 0.45703125 0.0986111109375 0.471875 0.1041666671875 0.475 0.11944444375 0.475
0 0.352777778125 0.625 0.3611111109375 0.61875 0.3611111109375 0.61328125 0.334722221875 0.61171875 0.33194444375 0.61328125 0.33194444375 0.6234375 0.334722221875 0.625 0.352777778125 0.625
0 0.3888888890625 0.38046875 0.3763888890625 0.38203125 0.3791666671875 0.3875 0.39444444375 0.3859375 0.39444444375 0.38203125 0.3888888890625 0.38046875
0 0.2166666671875 0.3171875 0.2166666671875 0.31328125 0.20138888906250002 0.31171875 0.1986111109375 0.31328125 0.1986111109375 0.3234375 0.20833333281250002 0.325 0.2166666671875 0.3171875
0 0.022222221875 0.64453125 0.0125 0.64296875 0.009722221875000001 0.65 0.0125 0.6546875 0.019444443750000002 0.6546875 0.022222221875 0.64453125
0 0.15555555625 0.21953125 0.134722221875 0.21796875 0.13194444375 0.2296875 0.15555555625 0.23125 0.1583333328125 0.2296875 0.15555555625 0.21953125
0 0.2666666671875 0.11953125 0.25833333281250004 0.115625 0.25833333281250004 0.11328125 0.24583333281250003 0.11171875 0.24305555625 0.11328125 0.24305555625 0.1296875 0.2638888890625 0.13125 0.2666666671875 0.11953125
0 0.5375 0.63125 0.5416666671875 0.63125 0.547222221875 0.628125 0.54444444375 0.62265625 0.5388888890625 0.61953125 0.5319444437499999 0.61953125 0.5305555562500001 0.61796875 0.5125 0.61796875 0.5097222218749999 0.61953125 0.5097222218749999 0.6296875 0.5208333328125 0.634375 0.5333333328125 0.634375 0.5375 0.63125
0 0.9791666671874999 0.45546875 0.9763888890624999 0.4671875 0.997222221875 0.46875 0.997222221875 0.45546875 0.9791666671874999 0.45546875