0 0.17881944375 0.16015625 0.18055555625 0.1708984375 0.1666666671875 0.1767578125 0.15277777812499999 0.1923828125 0.15277777812499999 0.1982421875 0.1614583328125 0.201171875 0.20486111093749998 0.2001953125 0.222222221875 0.1884765625 0.222222221875 0.1787109375 0.19618055625 0.16015625 0.17881944375 0.16015625
0 0.1302083328125 0.166015625 0.10243055625 0.171875 0.097222221875 0.1748046875 0.097222221875 0.1826171875 0.1041666671875 0.1943359375 0.11631944375 0.201171875 0.1302083328125 0.205078125 0.13888888906250002 0.2041015625 0.14930555625 0.2021484375 0.1354166671875 0.1923828125 0.14236111093749998 0.1689453125 0.1302083328125 0.166015625
0 0.5364583328125 0.09375 0.5208333328125 0.1025390625 0.5208333328125 0.1142578125 0.5329861109375 0.123046875 0.5520833328125 0.1240234375 0.565972221875 0.1162109375 0.565972221875 0.1025390625 0.5538194437499999 0.095703125 0.5364583328125 0.09375
0 0.3454861109375 0.244140625 0.3333333328125 0.2529296875 0.3333333328125 0.2646484375 0.3420138890625 0.2734375 0.3611111109375 0.2763671875 0.38194444375000003 0.2685546875 0.38194444375000003 0.2548828125 0.36631944375000003 0.244140625 0.3454861109375 0.244140625
0 0.421875 0.00390625 0.39930555624999997 0.0126953125 0.3923611109375 0.0224609375 0.39930555624999997 0.0322265625 0.4114583328125 0.0390625 0.43402777812500004 0.0400390625 0.4513888890625 0.0322265625 0.4548611109375 0.0205078125 0.4322916671875 0.00390625 0.421875 0.00390625
0 0.550347221875 0.283203125 0.5416666671875 0.2900390625 0.5416666671875 0.3056640625 0.565972221875 0.3095703125 0.5833333328125 0.3037109375 0.5833333328125 0.2861328125 0.574652778125 0.283203125 0.550347221875 0.283203125
0 0.13368055625 0.310546875 0.1145833328125 0.3193359375 0.1076388890625 0.3349609375 0.1145833328125 0.3447265625 0.12673611093749998 0.349609375 0.15625 0.3505859375 0.17013888906250002 0.3408203125 0.17013888906250002 0.3271484375 0.15451388906250002 0.314453125 0.13368055625 0.310546875
0 0.26909722187499996 0.009765625 0.25694444375000003 0.0166015625 0.25694444375000003 0.0302734375 0.26909722187499996 0.0390625 0.28125 0.0400390625 0.2986111109375 0.0341796875 0.2986111109375 0.0166015625 0.2864583328125 0.009765625 0.26909722187499996 0.009765625
0 0.4895833328125 0.2880859375 0.4826388890625 0.3017578125 0.49131944375 0.310546875 0.5086805562500001 0.31640625 0.5138888890625 0.3154296875 0.5243055562500001 0.3076171875 0.5243055562500001 0.2861328125 0.5086805562500001 0.279296875 0.4895833328125 0.2880859375
0 0.3072916671875 0.046875 0.2864583328125 0.04296875 0.2638888890625 0.0517578125 0.2638888890625 0.0654296875 0.27256944375000003 0.072265625 0.27777777812500004 0.0712890625 0.2951388890625 0.0634765625 0.2951388890625 0.0576171875 0.3125 0.0517578125 0.3072916671875 0.046875
0 0.6267361109375 0.16796875 0.621527778125 0.1708984375 0.621527778125 0.1865234375 0.65625 0.1904296875 0.6631944437499999 0.1865234375 0.659722221875 0.1728515625 0.6475694437499999 0.16796875 0.6267361109375 0.16796875
0 0.5486111109375 0.2587890625 0.5451388890625 0.2666015625 0.550347221875 0.26953125 0.574652778125 0.279296875 0.590277778125 0.2783203125 0.59375 0.2626953125 0.581597221875 0.25390625 0.5607638890625 0.25390625 0.5486111109375 0.2587890625
0 0.3420138890625 0.130859375 0.33159722187499996 0.130859375 0.31944444375000003 0.1416015625 0.3229166671875 0.1513671875 0.3385416671875 0.158203125 0.3645833328125 0.1572265625 0.375 0.1533203125 0.3611111109375 0.1455078125 0.3611111109375 0.1396484375 0.3420138890625 0.130859375
0 0.28993055624999997 0.0078125 0.3107638890625 0.013671875 0.3298611109375 0.0126953125 0.33680555624999997 0.0068359375 0.33506944375000003 0 0.28125 0.0009765625 0.28993055624999997 0.0078125
0 0.1822916671875 0.3046875 0.1666666671875 0.3173828125 0.17013888906250002 0.3408203125 0.19444444375 0.3427734375 0.20833333281250002 0.3369140625 0.21180555625 0.3173828125 0.1927083328125 0.3046875 0.1822916671875 0.3046875
0 0.5798611109375 0.1630859375 0.578125 0.173828125 0.5989583328125 0.18359375 0.6180555562500001 0.1826171875 0.621527778125 0.1669921875 0.6163194437499999 0.1640625 0.5989583328125 0.16015625 0.5798611109375 0.1630859375
0 0.972222221875 0.4833984375 0.984375 0.490234375 0.996527778125 0.4912109375 1 0.4638671875 0.9947916671874999 0.4609375 0.9756944437499999 0.4677734375 0.972222221875 0.4833984375
0 0.35243055624999997 0.078125 0.34375 0.0830078125 0.34722222187499996 0.1025390625 0.35243055624999997 0.10546875 0.38194444375000003 0.1044921875 0.3888888890625 0.0986328125 0.3854166671875 0.0830078125 0.3697916671875 0.076171875 0.35243055624999997 0.078125
0 0.6927083328125 0.46484375 0.668402778125 0.46875 0.652777778125 0.4794921875 0.65625 0.4970703125 0.668402778125 0.501953125 0.6736111109375 0.5009765625 0.7048611109375 0.4873046875 0.7118055562500001 0.4775390625 0.7118055562500001 0.4736328125 0.6927083328125 0.46484375
0 0.6927083328125 0.5703125 0.6788194437499999 0.572265625 0.6631944437499999 0.5810546875 0.6666666671875 0.5966796875 0.675347221875 0.599609375 0.7118055562500001 0.6005859375 0.71875 0.5947265625 0.71875 0.5849609375 0.7118055562500001 0.5771484375 0.6927083328125 0.5703125
0 0.4791666671875 0.0244140625 0.4635416671875 0.021484375 0.4548611109375 0.0302734375 0.4548611109375 0.0400390625 0.4635416671875 0.044921875 0.48090277812500004 0.044921875 0.49131944375 0.05078125 0.5 0.0498046875 0.5069444437499999 0.0380859375 0.4982638890625 0.03515625 0.49131944375 0.037109375 0.4791666671875 0.0244140625
0 0.22743055625 0.3984375 0.215277778125 0.4052734375 0.21875 0.4169921875 0.22743055625 0.421875 0.25 0.4208984375 0.25694444375000003 0.4111328125 0.25347222187499996 0.4033203125 0.24479166718749998 0.3984375 0.22743055625 0.3984375
0 0.39930555624999997 0.2431640625 0.40625 0.2431640625 0.40972222187499996 0.2353515625 0.4045138890625 0.232421875 0.39930555624999997 0.2353515625 0.39930555624999997 0.2431640625
0 0.4236111109375 0.2333984375 0.4236111109375 0.2490234375 0.43402777812500004 0.2490234375 0.44444444375 0.2412109375 0.44444444375 0.2353515625 0.42881944375 0.23046875 0.4236111109375 0.2333984375
0 0.35590277812500004 0.1953125 0.34722222187499996 0.2158203125 0.35590277812500004 0.22265625 0.38194444375000003 0.2255859375 0.3923611109375 0.2216796875 0.3923611109375 0.2060546875 0.3802083328125 0.197265625 0.35590277812500004 0.1953125
0 0.3385416671875 0.009765625 0.3541666671875 0.0087890625 0.3645833328125 0.0048828125 0.36631944375000003 0 0.3333333328125 0.0009765625 0.3385416671875 0.009765625
0 0.762152778125 0.37890625 0.737847221875 0.37890625 0.7361111109375 0.3935546875 0.753472221875 0.3994140625 0.7638888890625 0.3974609375 0.7743055562500001 0.3896484375 0.7743055562500001 0.3837890625 0.762152778125 0.37890625
0 0.31597222187499996 0.1005859375 0.2864583328125 0.09375 0.27430555624999997 0.0986328125 0.27430555624999997 0.1142578125 0.2795138890625 0.1171875 0.2916666671875 0.1162109375 0.296875 0.111328125 0.3107638890625 0.111328125 0.31597222187499996 0.1083984375 0.31597222187499996 0.1005859375
0 0.2552083328125 0.513671875 0.21180555625 0.5224609375 0.20833333281250002 0.5361328125 0.22048611093749998 0.54296875 0.22916666718749998 0.5419921875 0.25347222187499996 0.5361328125 0.25347222187499996 0.5263671875 0.2604166671875 0.5205078125 0.2552083328125 0.513671875
0 0.2552083328125 0.302734375 0.23958333281250002 0.3017578125 0.23958333281250002 0.3095703125 0.246527778125 0.3154296875 0.2604166671875 0.3173828125 0.28125 0.3095703125 0.27256944375000003 0.298828125 0.26215277812500004 0.298828125 0.2552083328125 0.302734375
0 0.5451388890625 0.0380859375 0.5607638890625 0.04296875 0.5798611109375 0.0419921875 0.5798611109375 0.0244140625 0.5538194437499999 0.021484375 0.5451388890625 0.0263671875 0.5451388890625 0.0380859375
0 0.9461805562500001 0.390625 0.9392361109375 0.38671875 0.9305555562500001 0.3935546875 0.940972221875 0.3994140625 0.9444444437499999 0.4072265625 0.9583333328125001 0.4091796875 0.9774305562500001 0.40625 0.9861111109375 0.3955078125 0.9739583328125001 0.390625 0.9461805562500001 0.390625
0 0 0.2978515625 0.019097221875 0.306640625 0.034722221875 0.3056640625 0.059027778125 0.2998046875 0.059027778125 0.2802734375 0.00868055625 0.26171875 0 0.2646484375 0 0.2978515625
0 0.8177083328125001 0.453125 0.8020833328125001 0.4619140625 0.8020833328125001 0.4716796875 0.8107638890625 0.478515625 0.8263888890625 0.4794921875 0.847222221875 0.4716796875 0.847222221875 0.4619140625 0.8385416671874999 0.455078125 0.8177083328125001 0.453125
0 0.5850694437499999 0.5078125 0.5798611109375 0.5107421875 0.5798611109375 0.5185546875 0.59375 0.5263671875 0.6145833328125 0.5185546875 0.6180555562500001 0.5107421875 0.612847221875 0.5078125 0.5850694437499999 0.5078125
0 0.5729166671875 0.1982421875 0.5729166671875 0.2138671875 0.5850694437499999 0.220703125 0.597222221875 0.2197265625 0.597222221875 0.2021484375 0.5920138890625 0.197265625 0.578125 0.1953125 0.5729166671875 0.1982421875
0 0.3732638890625 0.27734375 0.3611111109375 0.2900390625 0.3611111109375 0.3037109375 0.3732638890625 0.310546875 0.40277777812500004 0.3115234375 0.40972222187499996 0.3056640625 0.40277777812500004 0.2861328125 0.39409722187499996 0.279296875 0.3732638890625 0.27734375
0 0.33159722187499996 0.279296875 0.3229166671875 0.2841796875 0.31944444375000003 0.3017578125 0.33159722187499996 0.30859375 0.3541666671875 0.3076171875 0.3611111109375 0.3017578125 0.3611111109375 0.2861328125 0.3454861109375 0.279296875 0.33159722187499996 0.279296875
0 0.3420138890625 0.171875 0.33680555624999997 0.1748046875 0.34027777812500004 0.1884765625 0.35243055624999997 0.1953125 0.37152777812500004 0.1943359375 0.375 0.1904296875 0.3541666671875 0.1787109375 0.3541666671875 0.1728515625 0.3420138890625 0.171875
0 0.9756944437499999 0.3896484375 0.984375 0.396484375 0.996527778125 0.3955078125 1 0.3720703125 0.9913194437499999 0.37109375 0.9756944437499999 0.3837890625 0.9756944437499999 0.3896484375
0 0.4895833328125 0.0693359375 0.49305555625 0.0634765625 0.47743055625 0.046875 0.4635416671875 0.048828125 0.46180555625 0.0556640625 0.453125 0.05859375 0.4392361109375 0.0546875 0.4270833328125 0.0576171875 0.4236111109375 0.0732421875 0.44097222187499996 0.0751953125 0.44965277812500004 0.0703125 0.4635416671875 0.07421875 0.48090277812500004 0.07421875 0.4895833328125 0.0693359375
0 0.28993055624999997 0.2890625 0.28472222187499996 0.2939453125 0.2916666671875 0.3056640625 0.3020833328125 0.3076171875 0.31944444375000003 0.3017578125 0.31944444375000003 0.2900390625 0.3142361109375 0.287109375 0.28993055624999997 0.2890625
0 0.484375 0.46875 0.4791666671875 0.4716796875 0.4791666671875 0.4833984375 0.48784722187499996 0.48828125 0.49305555625 0.4873046875 0.503472221875 0.4853515625 0.503472221875 0.4736328125 0.4947916671875 0.46875 0.484375 0.46875
0 0.7048611109375 0.4775390625 0.671875 0.470703125 0.65625 0.4775390625 0.6493055562500001 0.4892578125 0.6649305562500001 0.501953125 0.6770833328125 0.5009765625 0.690972221875 0.4951171875 0.6979166671875 0.4853515625 0.7048611109375 0.4833984375 0.7048611109375 0.4775390625
0 0.519097221875 0.017578125 0.5364583328125 0.01953125 0.543402778125 0.0234375 0.5520833328125 0.0224609375 0.5555555562500001 0.0166015625 0.5399305562500001 0.00390625 0.5173611109375 0.0087890625 0.519097221875 0.017578125
0 0.4513888890625 0.3603515625 0.4513888890625 0.3662109375 0.47743055625 0.373046875 0.4861111109375 0.3720703125 0.5069444437499999 0.3642578125 0.484375 0.3515625 0.46006944375 0.353515625 0.4513888890625 0.3603515625
0 0.59375 0.3310546875 0.6024305562500001 0.3359375 0.621527778125 0.3349609375 0.621527778125 0.3115234375 0.609375 0.30859375 0.59375 0.3251953125 0.59375 0.3310546875
0 0.4236111109375 0.0615234375 0.4236111109375 0.0732421875 0.43402777812500004 0.0732421875 0.44444444375 0.0673828125 0.4392361109375 0.056640625 0.42881944375 0.056640625 0.4236111109375 0.0615234375
0 0.41319444375 0.1552734375 0.41319444375 0.1669921875 0.4236111109375 0.1689453125 0.43402777812500004 0.1630859375 0.43402777812500004 0.1572265625 0.41840277812500004 0.15234375 0.41319444375 0.1552734375
0 0.612847221875 0.306640625 0.597222221875 0.3193359375 0.59375 0.3310546875 0.6024305562500001 0.3359375 0.6354166671875 0.3349609375 0.6354166671875 0.3291015625 0.621527778125 0.3193359375 0.628472221875 0.3095703125 0.612847221875 0.306640625
0 0.48090277812500004 0.578125 0.46875 0.5869140625 0.4739583328125 0.591796875 0.4895833328125 0.5927734375 0.4982638890625 0.591796875 0.5069444437499999 0.5849609375 0.49131944375 0.578125 0.48090277812500004 0.578125