0 0.88984375 0.12890625 0.059375 0.034375
0 0.9796875 0.1265625 0.0375 0.02890625
0 0.834375 0.1546875 0.0484375 0.03359375
0 0.90390625 0.1765625 0.05546875 0.03359375
0 0.896875 0.215625 0.0375 0.0234375
0 0.6734375 0.22734375 0.046875 0.0265625
0 0.63359375 0.23984375 0.046875 0.028125
0 0.828125 0.2546875 0.03046875 0.02578125
0 0.709375 0.27109375 0.04140625 0.025
0 0.878125 0.27265625 0.0625 0.0265625
0 0.68359375 0.2765625 0.025 0.01875
0 0.67109375 0.278125 0.0109375 0.01171875
0 0.8984375 0.28984375 0.053125 0.0296875
0 0.69375 0.2796875 0.0015625 0.0015625
0 0.721875 0.29921875 0.04609375 0.021875
0 0.85078125 0.30703125 0.05390625 0.034375
0 0.54609375 0.30234375 0.025 0.0234375
0 0.69453125 0.31953125 0.05546875 0.015625
0 0.790625 0.3265625 0.04609375 0.03046875
0 0.6703125 0.340625 0.059375 0.028125
0 0.64921875 0.334375 0.04296875 0.0125
0 0.36015625 0.3421875 0.04296875 0.02421875
0 0.45859375 0.35625 0.04140625 0.01796875
0 0.50078125 0.3640625 0.034375 0.01953125
0 0.69609375 0.38203125 0.0609375 0.034375
0 0.909375 0.38671875 0.053125 0.025
0 0.61015625 0.3875 0.0375 0.025
0 0.8453125 0.39140625 0.0515625 0.0296875
0 0.953125 0.39375 0.034375 0.03359375
0 0.75859375 0.4046875 0.046875 0.02265625
0 0.809375 0.4140625 0.05546875 0.02734375
0 0.85859375 0.4140625 0.05 0.02578125
0 0.6109375 0.44375 0.053125 0.04140625
0 0.87109375 0.4390625 0.0390625 0.025
0 0.565625 0.4546875 0.0515625 0.03046875
0 0.921875 0.453125 0.0359375 0.0140625
0 0.78671875 0.4640625 0.034375 0.025
0 0.4765625 0.5015625 0.04140625 0.03046875
0 0.528125 0.4984375 0.0484375 0.0234375
0 0.71953125 0.50234375 0.01953125 0.015625
0 0.78125 0.5109375 0.04296875 0.02734375
0 0.771875 0.51875 0.040625 0.021875
0 0.44140625 0.5296875 0.053125 0.03203125
0 0.36640625 0.52734375 0.053125 0.0234375
0 0.47890625 0.5234375 0.021875 0.01328125
0 0.7734375 0.528125 0.03359375 0.00546875
0 0.84375 0.5578125 0.040625 0.01796875
0 0.88125 0.56328125 0.04609375 0.0265625
0 0.98046875 0.5640625 0.0359375 0.028125
0 0.6171875 0.5671875 0.02890625 0.02109375
0 0.9453125 0.571875 0.04609375 0.02578125
0 0.36015625 0.58359375 0.0265625 0.0265625
0 0.43515625 0.58671875 0.0375 0.0234375
0 0.8984375 0.58828125 0.04453125 0.025
0 0.3546875 0.60234375 0.04609375 0.0265625
0 0.85234375 0.609375 0.040625 0.03203125
0 0.784375 0.6609375 0.05703125 0.0265625
0 0.8890625 0.6859375 0.05859375 0.0390625
0 0.921875 0.7046875 0.05546875 0.01015625
0 0.55546875 0.7203125 0.01953125 0.0109375
0 0.24609375 0.765625 0.08359375 0.03671875
0 0.971875 0.784375 0.0484375 0.02578125
0 0.95078125 0.803125 0.05703125 0.03125
0 0.31328125 0.81015625 0.040625 0.034375
0 0.69375 0.8265625 0.0625 0.034375
0 0.48046875 0.871875 0.05546875 0.03984375
0 0.81015625 0.87109375 0.0484375 0.0203125
0 0.340625 0.9015625 0.053125 0.03046875