0 0.2484375 0.15625 0.04453125 0.02890625
0 0.18046875 0.16953125 0.04140625 0.0265625
0 0.49140625 0.171875 0.0359375 0.0234375
0 0.52265625 0.1796875 0.040625 0.02109375
0 0.7171875 0.19765625 0.0734375 0.0453125
0 0.26953125 0.190625 0.0359375 0.02421875
0 0.3875 0.19140625 0.0390625 0.0234375
0 0.45234375 0.1921875 0.034375 0.02421875
0 0.1015625 0.190625 0.028125 0.01875
0 0.2140625 0.1953125 0.025 0.02265625
0 0.49375 0.1953125 0.03203125 0.01484375
0 0.4171875 0.1984375 0.034375 0.01796875
0 0.334375 0.2078125 0.03359375 0.02421875
0 0.38359375 0.2078125 0.0390625 0.01953125
0 0.7796875 0.225 0.0734375 0.04609375
0 0.44765625 0.2140625 0.0375 0.01796875
0 0.371875 0.2171875 0.03046875 0.015625
0 0.4125 0.2234375 0.04140625 0.02421875
0 0.04765625 0.22890625 0.0375 0.0234375
0 0.08515625 0.23125 0.0375 0.02265625
0 0.43828125 0.228125 0.03203125 0.01171875
0 0.315625 0.23359375 0.03359375 0.01875
0 0.0171875 0.23671875 0.034375 0.021875
0 0.37265625 0.240625 0.0375 0.02265625
0 0.178125 0.2421875 0.04140625 0.0234375
0 0.109375 0.24453125 0.04296875 0.0203125
0 0.54921875 0.25234375 0.034375 0.0234375
0 0.2453125 0.25 0.03203125 0.01484375
0 0.078125 0.2546875 0.04140625 0.02421875
0 0.51484375 0.25625 0.040625 0.025
0 0.22109375 0.253125 0.028125 0.0171875
0 0.671875 0.2515625 0.0359375 0.0140625
0 0.73046875 0.2640625 0.06953125 0.03828125
0 0.02890625 0.25859375 0.0359375 0.0203125
0 0.94375 0.259375 0.040625 0.01875
0 0.5359375 0.275 0.03046875 0.0234375
0 0.0265625 0.278125 0.0390625 0.0234375
0 0.76328125 0.28203125 0.04296875 0.0296875
0 0.50859375 0.28046875 0.04140625 0.0234375
0 0.6828125 0.2828125 0.04296875 0.02109375
0 0.9546875 0.28515625 0.034375 0.025
0 0.7234375 0.28671875 0.04453125 0.0265625
0 0.83046875 0.28671875 0.053125 0.021875
0 0.621875 0.29609375 0.034375 0.015625
0 0.6625 0.303125 0.03046875 0.01796875
0 0.5296875 0.3046875 0.03203125 0.0203125
0 0.853125 0.3171875 0.0765625 0.04453125
0 0.13671875 0.3109375 0.040625 0.0234375
0 0.621875 0.31171875 0.03359375 0.0171875
0 0.5484375 0.31328125 0.028125 0.01875
0 0.946875 0.3171875 0.0484375 0.0234375
0 0.65234375 0.32265625 0.0265625 0.015625
0 0.62890625 0.325 0.03046875 0.01875
0 0.671875 0.32421875 0.01953125 0.0140625
0 0.5640625 0.34140625 0.028125 0.015625
0 0.18984375 0.35625 0.0265625 0.01640625
0 0.02109375 0.36171875 0.0390625 0.021875
0 0.23203125 0.3609375 0.025 0.01640625
0 0.24921875 0.36875 0.02109375 0.01328125
0 0.13125 0.375 0.0375 0.0203125
0 0.678125 0.38125 0.03359375 0.01484375
0 0.90859375 0.3875 0.04453125 0.021875
0 0.42421875 0.390625 0.0234375 0.01484375
0 0.29921875 0.39375 0.034375 0.015625
0 0.16953125 0.415625 0.028125 0.01640625
0 0.31484375 0.41953125 0.03203125 0.01875
0 0.66171875 0.4359375 0.04609375 0.02109375
0 0.378125 0.4359375 0.0265625 0.0171875
0 0.44765625 0.4484375 0.0375 0.03046875
0 0.2921875 0.471875 0.04296875 0.021875
0 0.36328125 0.47890625 0.04609375 0.0234375
0 0.49375 0.48125 0.0484375 0.02734375
0 0.896875 0.4765625 0.040625 0.01640625
0 0.434375 0.4765625 0.03203125 0.01328125
0 0.33671875 0.4859375 0.02890625 0.01796875
0 0.80078125 0.49375 0.03203125 0.021875
0 0.83125 0.49375 0.034375 0.02109375
0 0.71953125 0.49765625 0.0390625 0.01875
0 0.69609375 0.5046875 0.0359375 0.0234375
0 0.56015625 0.5046875 0.0375 0.01953125
0 0.61015625 0.5125 0.034375 0.028125
0 0.05078125 0.5125 0.05703125 0.025
0 0.6640625 0.509375 0.028125 0.01953125
0 0.27265625 0.509375 0.04609375 0.0078125
0 0.4234375 0.51875 0.0359375 0.02421875
0 0.928125 0.5234375 0.03203125 0.01953125
0 0.80703125 0.5265625 0.03359375 0.01875
0 0.23828125 0.53515625 0.04609375 0.0296875
0 0.3140625 0.5328125 0.021875 0.01640625
0 0.3609375 0.5453125 0.05859375 0.03671875
0 0.02890625 0.55703125 0.05 0.025
0 0.475 0.5640625 0.0390625 0.02421875
0 0.1796875 0.565625 0.059375 0.02578125
0 0.8265625 0.5640625 0.0359375 0.01953125
0 0.1046875 0.5703125 0.05390625 0.02578125
0 0.05 0.58125 0.04453125 0.0203125
0 0.2859375 0.58671875 0.05 0.0265625
0 0.38828125 0.59375 0.034375 0.02421875
0 0.15859375 0.5953125 0.03046875 0.01484375
0 0.08828125 0.603125 0.03203125 0.015625
0 0.27890625 0.6125 0.0609375 0.03046875
0 0.37890625 0.625 0.0359375 0.03046875
0 0.21015625 0.6234375 0.03203125 0.01796875
0 0.496875 0.621875 0.025 0.01484375
0 0.3265625 0.665625 0.046875 0.0265625
0 0.15 0.6671875 0.028125 0.01953125