0 0.5666666671875 0.45703125 0.534722221875 0.45546875 0.5319444437499999 0.471875 0.5375 0.475 0.5638888890625 0.475 0.5666666671875 0.45703125
0 0.4388888890625 0.66875 0.44444444375 0.665625 0.44444444375 0.65078125 0.4125 0.64921875 0.40972222187499996 0.65078125 0.4125 0.665625 0.42083333281249996 0.66875 0.4388888890625 0.66875
0 0.397222221875 0.69375 0.40694444374999994 0.6890625 0.41111111093749997 0.6890625 0.42222222187499997 0.68125 0.42222222187499997 0.67578125 0.41944444374999995 0.67421875 0.3791666671875 0.67421875 0.3763888890625 0.67578125 0.3763888890625 0.6859375 0.3791666671875 0.6890625 0.39027777812500003 0.69375 0.397222221875 0.69375
0 0.6236111109375 0.5 0.6333333328124999 0.4984375 0.63055555625 0.48671875 0.609722221875 0.48828125 0.6125 0.503125 0.61944444375 0.503125 0.6236111109375 0.5
0 0.5722222218749999 0.3734375 0.577777778125 0.36875 0.58055555625 0.35859375 0.575 0.35546875 0.5458333328125 0.35546875 0.54305555625 0.35703125 0.54305555625 0.371875 0.5486111109375 0.375 0.5722222218749999 0.3734375
0 0.2833333328125 0.5421875 0.290277778125 0.5375 0.29722222187499997 0.5359375 0.3 0.5328125 0.3 0.51953125 0.29722222187499997 0.51796875 0.25694444375000003 0.51796875 0.2541666671875 0.51953125 0.2541666671875 0.5328125 0.25694444375000003 0.5359375 0.2791666671875 0.5421875 0.2833333328125 0.5421875
0 0.5361111109375 0.35703125 0.5305555562500001 0.35546875 0.4986111109375 0.35703125 0.5013888890625 0.36875 0.527777778125 0.36875 0.5361111109375 0.3609375 0.5361111109375 0.35703125
0 0.525 0.4296875 0.525 0.41953125 0.5013888890625 0.41796875 0.4986111109375 0.4328125 0.5013888890625 0.4359375 0.5138888890625 0.4359375 0.525 0.4296875
0 0.222222221875 0.5484375 0.21944444375 0.53828125 0.2166666671875 0.53671875 0.190277778125 0.53671875 0.1875 0.53828125 0.190277778125 0.5546875 0.2166666671875 0.553125 0.222222221875 0.5484375
0 0.14444444375 0.55078125 0.12361111093749999 0.54921875 0.1208333328125 0.5609375 0.13888888906250002 0.5625 0.14444444375 0.559375 0.14444444375 0.55078125
0 0.3986111109375 0.6734375 0.40833333281249995 0.6734375 0.4138888890625 0.6703125 0.4166666671875 0.66484375 0.40555555625000006 0.65546875 0.3791666671875 0.65546875 0.3763888890625 0.65703125 0.3763888890625 0.671875 0.38194444375000003 0.675 0.397222221875 0.675 0.3986111109375 0.6734375
0 0.6111111109375 0.62421875 0.5875 0.62578125 0.590277778125 0.6375 0.6138888890625 0.6359375 0.6166666671875001 0.62578125 0.6111111109375 0.62421875
0 0.5722222218749999 0.45 0.58055555625 0.4421875 0.577777778125 0.43203125 0.575 0.43046875 0.5458333328125 0.43046875 0.54305555625 0.43203125 0.54305555625 0.4484375 0.5458333328125 0.45 0.5722222218749999 0.45
0 0.6555555562500001 0.3734375 0.6555555562500001 0.36328125 0.652777778125 0.36171875 0.6347222218749999 0.36171875 0.6319444437499999 0.36328125 0.6319444437499999 0.378125 0.64444444375 0.3796875 0.6555555562500001 0.3734375
0 0.1861111109375 0.5671875 0.1888888890625 0.55234375 0.18055555625 0.54921875 0.15694444375 0.54921875 0.1541666671875 0.55078125 0.1541666671875 0.565625 0.15972222187500001 0.56875 0.1861111109375 0.5671875
0 0.36666666718749996 0.6703125 0.377777778125 0.6640625 0.38055555625 0.64453125 0.375 0.64296875 0.35694444375 0.64296875 0.3541666671875 0.64453125 0.3541666671875 0.6671875 0.35972222187499997 0.6703125 0.36666666718749996 0.6703125
0 0.0208333328125 0.5984375 0.0236111109375 0.6 0.0388888890625 0.5984375 0.052777778124999994 0.590625 0.052777778124999994 0.58203125 0.047222221875 0.58046875 0.0236111109375 0.58046875 0.0208333328125 0.58203125 0.0208333328125 0.5984375
0 0.7888888890625 0.6890625 0.7861111109375 0.67578125 0.7569444437499999 0.67421875 0.7541666671875 0.6921875 0.7569444437499999 0.69375 0.7861111109375 0.6921875 0.7888888890625 0.6890625
0 0.43333333281249997 0.5671875 0.43333333281249997 0.56484375 0.427777778125 0.56171875 0.4125 0.56171875 0.40972222187499996 0.56328125 0.4125 0.5734375 0.41944444374999995 0.5734375 0.4263888890625 0.56875 0.43333333281249997 0.5671875
0 0.19444444375 0.5734375 0.19444444375 0.56953125 0.17916666718750002 0.56796875 0.1763888890625 0.56953125 0.1763888890625 0.5796875 0.1861111109375 0.58125 0.19444444375 0.5734375
0 0.4138888890625 0.6671875 0.41111111093749997 0.65859375 0.40555555625000006 0.65546875 0.3708333328125 0.65546875 0.365277778125 0.65859375 0.365277778125 0.6703125 0.36805555624999997 0.6734375 0.40555555625000006 0.6734375 0.4138888890625 0.6671875
0 0.0861111109375 0.6125 0.0888888890625 0.6109375 0.0888888890625 0.60703125 0.0861111109375 0.60546875 0.0791666671875 0.60546875 0.07638888906249999 0.60703125 0.07638888906249999 0.6109375 0.0791666671875 0.6125 0.0861111109375 0.6125
0 0.6236111109375 0.6375 0.63055555625 0.6375 0.64444444375 0.6296875 0.64444444375 0.62734375 0.6388888890625 0.62421875 0.6236111109375 0.62421875 0.6208333328125 0.62578125 0.6208333328125 0.6359375 0.6236111109375 0.6375
0 0.22777777812500002 0.571875 0.23333333281250002 0.5671875 0.23333333281250002 0.55703125 0.23055555625 0.55546875 0.20416666718749998 0.55546875 0.1986111109375 0.55859375 0.1986111109375 0.565625 0.20138888906250002 0.56875 0.22777777812500002 0.571875
0 0.1 0.58203125 0.097222221875 0.58046875 0.0791666671875 0.58046875 0.07638888906249999 0.58203125 0.07638888906249999 0.5921875 0.0791666671875 0.59375 0.1 0.5921875 0.1 0.58203125
0 0.23333333281250002 0.55703125 0.2125 0.55546875 0.20972222187499998 0.55703125 0.2125 0.5734375 0.23055555625 0.5734375 0.23333333281250002 0.55703125
0 0.4611111109375 0.53203125 0.4458333328125 0.53046875 0.4458333328125 0.5390625 0.45555555625000005 0.5390625 0.4611111109375 0.5359375 0.4611111109375 0.53203125
0 0.8111111109375001 0.69453125 0.8013888890624999 0.69296875 0.7986111109375 0.7015625 0.8013888890624999 0.7046875 0.8083333328125001 0.7046875 0.8111111109375001 0.69453125
0 0.6236111109375 0.36484375 0.6236111109375 0.378125 0.63055555625 0.378125 0.63055555625 0.36484375 0.6236111109375 0.36484375