0 0.4140625 0.04140625 0.046875 0.025
0 0.4828125 0.04375 0.03203125 0.0265625
0 0.4328125 0.046875 0.03203125 0.025
0 0.409375 0.059375 0.046875 0.0234375
0 0.509375 0.0703125 0.04296875 0.01953125
0 0.44609375 0.08515625 0.0390625 0.0265625
0 0.48515625 0.0796875 0.01796875 0.015625
0 0.50859375 0.0953125 0.03359375 0.02265625
0 0.4578125 0.0984375 0.04296875 0.02265625
0 0.4828125 0.1171875 0.0484375 0.02421875
0 0.4140625 0.1328125 0.03359375 0.02421875
0 0.53984375 0.140625 0.0484375 0.02734375
0 0.43984375 0.1453125 0.04296875 0.0234375
0 0.51640625 0.15 0.04140625 0.0265625
0 0.44375 0.15625 0.0375 0.0140625
0 0.46953125 0.171875 0.03359375 0.01953125
0 0.51953125 0.178125 0.0359375 0.0265625
0 0.39140625 0.1796875 0.03046875 0.01953125
0 0.459375 0.19296875 0.034375 0.0203125
0 0.4203125 0.19765625 0.040625 0.0234375
0 0.5296875 0.1921875 0.015625 0.0125
0 0.403125 0.2 0.03203125 0.02109375
0 0.44140625 0.225 0.03359375 0.02109375
0 0.3328125 0.23125 0.04296875 0.02421875
0 0.3859375 0.240625 0.028125 0.015625
0 0.5390625 0.2421875 0.03359375 0.01484375
0 0.55859375 0.253125 0.03359375 0.01796875
0 0.5328125 0.25390625 0.0234375 0.0140625
0 0.253125 0.2671875 0.053125 0.0328125
0 0.390625 0.2671875 0.03203125 0.0203125
0 0.46484375 0.2671875 0.02109375 0.015625
0 0.41015625 0.278125 0.0265625 0.015625
0 0.4671875 0.28125 0.02109375 0.01484375
0 0.97265625 0.3046875 0.0265625 0.01484375
0 0.6859375 0.3171875 0.028125 0.01171875
0 0.42421875 0.32109375 0.01796875 0.009375
0 0.36640625 0.3359375 0.01953125 0.01484375
0 0.58203125 0.3703125 0.04453125 0.02734375
0 0.4 0.37109375 0.01953125 0.0125
0 0.32578125 0.378125 0.04609375 0.02265625
0 0.25703125 0.38125 0.0359375 0.02578125
0 0.296875 0.38125 0.015625 0.02265625
0 0.73125 0.37890625 0.015625 0.0125
0 0.44765625 0.3796875 0.0234375 0.01015625
0 0.58359375 0.3921875 0.046875 0.02265625
0 0.45078125 0.3890625 0.01796875 0.00859375
0 0.63359375 0.4 0.0390625 0.02421875
0 0.65390625 0.40859375 0.05 0.03125
0 0.6046875 0.409375 0.0375 0.02421875
0 0.678125 0.4265625 0.040625 0.02578125
0 0.4015625 0.43125 0.04140625 0.0265625
0 0.640625 0.4265625 0.03203125 0.0171875
0 0.596875 0.4359375 0.03046875 0.0203125
0 0.94453125 0.453125 0.0359375 0.01484375
0 0.5921875 0.4546875 0.02890625 0.0171875
0 0.884375 0.4625 0.0375 0.01484375
0 0.3640625 0.47578125 0.0359375 0.028125
0 0.3359375 0.4828125 0.04453125 0.02890625
0 0.46953125 0.48984375 0.0390625 0.021875
0 0.5078125 0.4921875 0.040625 0.02578125
0 0.546875 0.49609375 0.01796875 0.021875
0 0.56796875 0.521875 0.053125 0.02421875
0 0.6734375 0.5375 0.03046875 0.021875
0 0.58046875 0.596875 0.0390625 0.028125
0 0.3453125 0.5890625 0.02109375 0.01171875
0 0.3765625 0.6359375 0.0390625 0.01796875
0 0.56640625 0.6421875 0.05546875 0.03046875
0 0.45546875 0.64453125 0.028125 0.0140625
0 0.3421875 0.6796875 0.0234375 0.01015625
0 0.5765625 0.7 0.04453125 0.02734375
0 0.5359375 0.703125 0.05 0.0265625
0 0.03828125 0.709375 0.0625 0.02421875