0 0.5954861109375 0.53515625 0.5868055562500001 0.5400390625 0.5868055562500001 0.5498046875 0.5989583328125 0.5546875 0.6111111109375 0.5537109375 0.621527778125 0.5498046875 0.621527778125 0.5439453125 0.605902778125 0.53515625 0.5954861109375 0.53515625
0 0.17534722187500001 0.453125 0.1666666671875 0.4580078125 0.17013888906250002 0.4677734375 0.16319444375 0.4736328125 0.171875 0.478515625 0.19097222187500001 0.4775390625 0.20138888906250002 0.4736328125 0.20833333281250002 0.4619140625 0.1927083328125 0.453125 0.17534722187500001 0.453125
0 0.6197916671875 0.451171875 0.5954861109375 0.458984375 0.5833333328125 0.4716796875 0.5885416671875 0.48046875 0.6041666671875 0.4814453125 0.6111111109375 0.4716796875 0.6319444437499999 0.4599609375 0.628472221875 0.4541015625 0.6197916671875 0.451171875
0 0.13194444375 0.2861328125 0.13194444375 0.2939453125 0.140625 0.302734375 0.16319444375 0.3017578125 0.17361111093749998 0.2783203125 0.16840277812499999 0.275390625 0.14756944375 0.275390625 0.13194444375 0.2861328125
0 0.17013888906250002 0.4912109375 0.17013888906250002 0.4970703125 0.18055555625 0.5048828125 0.18402777812499999 0.5146484375 0.19618055625 0.521484375 0.21875 0.5224609375 0.23263888906250002 0.5166015625 0.23263888906250002 0.5068359375 0.1927083328125 0.482421875 0.17013888906250002 0.4912109375
0 0.6302083328125 0.458984375 0.6111111109375 0.4697265625 0.6111111109375 0.4794921875 0.6336805562500001 0.490234375 0.652777778125 0.4912109375 0.6701388890625 0.4833984375 0.6701388890625 0.4716796875 0.6545138890625 0.4609375 0.6302083328125 0.458984375
0 0.30381944375000003 0.525390625 0.2916666671875 0.5302734375 0.28819444375000003 0.5400390625 0.296875 0.544921875 0.30902777812500004 0.5439453125 0.3229166671875 0.5380859375 0.3263888890625 0.5322265625 0.32118055624999997 0.52734375 0.30381944375000003 0.525390625
0 0.5052083328125 0.29296875 0.49305555625 0.3017578125 0.49652777812500004 0.3115234375 0.5086805562500001 0.31640625 0.5173611109375 0.3154296875 0.5451388890625 0.3095703125 0.5451388890625 0.2998046875 0.5329861109375 0.29296875 0.5052083328125 0.29296875
0 0.1076388890625 0.2919921875 0.112847221875 0.296875 0.125 0.2978515625 0.1354166671875 0.2939453125 0.13368055625 0.28125 0.1197916671875 0.283203125 0.1076388890625 0.2919921875
0 0.668402778125 0.56640625 0.6614583328125 0.56640625 0.6232638890625 0.5859375 0.6076388890625 0.5869140625 0.6197916671875 0.599609375 0.644097221875 0.607421875 0.652777778125 0.6064453125 0.671875 0.6015625 0.6875 0.5908203125 0.684027778125 0.5771484375 0.668402778125 0.56640625
0 0.3697916671875 0.076171875 0.35069444375000003 0.0888671875 0.34722222187499996 0.1005859375 0.35590277812500004 0.11328125 0.3854166671875 0.1181640625 0.3958333328125 0.1142578125 0.40972222187499996 0.0908203125 0.390625 0.078125 0.3697916671875 0.076171875
0 0.14409722187500001 0.25390625 0.12847222187500001 0.2626953125 0.12847222187500001 0.2724609375 0.13715277812499999 0.275390625 0.14930555625 0.2744140625 0.17361111093749998 0.2685546875 0.17013888906250002 0.2568359375 0.15798611093749998 0.251953125 0.14409722187500001 0.25390625
0 0.15625 0.3681640625 0.15625 0.3759765625 0.171875 0.38671875 0.1979166671875 0.3857421875 0.20833333281250002 0.3818359375 0.21180555625 0.3759765625 0.17534722187500001 0.357421875 0.15625 0.3681640625
0 0.2708333328125 0.4716796875 0.2708333328125 0.4833984375 0.2760416671875 0.48828125 0.29340277812500004 0.4921875 0.30902777812500004 0.4912109375 0.31597222187499996 0.4873046875 0.31944444375000003 0.4755859375 0.3072916671875 0.466796875 0.2708333328125 0.4716796875
0 0.24479166718749998 0.427734375 0.23611111093749998 0.4365234375 0.21875 0.4443359375 0.22395833281250002 0.44921875 0.24305555625 0.4482421875 0.2604166671875 0.4423828125 0.2604166671875 0.4345703125 0.2517361109375 0.427734375 0.24479166718749998 0.427734375
0 0.24479166718749998 0.466796875 0.23263888906250002 0.4716796875 0.22569444375 0.4814453125 0.24479166718749998 0.498046875 0.25694444375000003 0.4970703125 0.2708333328125 0.4892578125 0.2708333328125 0.4775390625 0.25868055624999997 0.46875 0.24479166718749998 0.466796875
0 0.24131944375 0.560546875 0.222222221875 0.5693359375 0.234375 0.580078125 0.25347222187499996 0.5810546875 0.2673611109375 0.5732421875 0.2673611109375 0.5634765625 0.25868055624999997 0.55859375 0.24131944375 0.560546875
0 0.32465277812500004 0.64453125 0.31597222187499996 0.6533203125 0.31944444375000003 0.6650390625 0.328125 0.66796875 0.35069444375000003 0.6669921875 0.3611111109375 0.6591796875 0.3611111109375 0.6513671875 0.3420138890625 0.642578125 0.32465277812500004 0.64453125
0 0.6892361109375 0.498046875 0.6701388890625 0.5029296875 0.6666666671875 0.5185546875 0.671875 0.5234375 0.7118055562500001 0.5244140625 0.722222221875 0.5185546875 0.722222221875 0.5107421875 0.7100694437499999 0.50390625 0.6892361109375 0.498046875
0 0.9427083328125001 0.529296875 0.9236111109375 0.5361328125 0.9236111109375 0.5498046875 0.9288194437499999 0.552734375 0.965277778125 0.5537109375 0.9791666671874999 0.5458984375 0.9791666671874999 0.5400390625 0.9704861109375 0.533203125 0.9427083328125001 0.529296875