0 0.3236111109375 0.75 0.3416666671875 0.75 0.34722222187499996 0.7484375 0.3583333328125 0.740625 0.3583333328125 0.73359375 0.3611111109375 0.7328125 0.3583333328125 0.71640625 0.352777778125 0.71171875 0.3125 0.71171875 0.309722221875 0.71328125 0.309722221875 0.7421875 0.3125 0.7453125 0.3236111109375 0.75
0 0.272222221875 0.2625 0.28611111093749997 0.2578125 0.2888888890625 0.25078125 0.2916666671875 0.25 0.2916666671875 0.24609375 0.29444444375 0.2453125 0.29444444375 0.23828125 0.28611111093749997 0.23046875 0.25694444375000003 0.23046875 0.2541666671875 0.23203125 0.2541666671875 0.25625 0.259722221875 0.2609375 0.272222221875 0.2625
0 0.73194444375 0.64140625 0.73194444375 0.659375 0.7402777781250001 0.6640625 0.74444444375 0.6640625 0.7458333328125 0.6671875 0.7638888890625 0.6671875 0.7861111109375 0.65625 0.7861111109375 0.65390625 0.7888888890625 0.653125 0.7888888890625 0.65078125 0.7861111109375 0.65 0.7861111109375 0.64453125 0.772222221875 0.63671875 0.7402777781250001 0.63671875 0.7388888890625 0.63828125 0.734722221875 0.63828125 0.734722221875 0.640625 0.73194444375 0.64140625
0 0.2638888890625 0.3421875 0.27777777812500004 0.3359375 0.2833333328125 0.3296875 0.2833333328125 0.32578125 0.28611111093749997 0.325 0.28611111093749997 0.31953125 0.275 0.31171875 0.24583333281250003 0.31171875 0.24305555625 0.31328125 0.24305555625 0.3390625 0.24583333281250003 0.3421875 0.2638888890625 0.3421875
0 0.772222221875 0.7 0.7888888890625 0.6921875 0.7888888890625 0.67578125 0.7861111109375 0.67421875 0.7569444437499999 0.67421875 0.7541666671875 0.67578125 0.7541666671875 0.696875 0.7597222218749999 0.7 0.772222221875 0.7
0 0.44166666718750003 0.25625 0.46388888906250003 0.246875 0.46388888906250003 0.24453125 0.46666666718750005 0.24375 0.46666666718750005 0.23671875 0.46388888906250003 0.2359375 0.46388888906250003 0.23203125 0.4583333328125 0.2296875 0.4583333328125 0.22734375 0.45277777812500003 0.22421875 0.4236111109375 0.22421875 0.42083333281249996 0.22578125 0.42083333281249996 0.25 0.4291666671875 0.2546875 0.44166666718750003 0.25625
0 0.475 0.4859375 0.4888888890625 0.4796875 0.4888888890625 0.47734375 0.49444444374999996 0.4734375 0.49444444374999996 0.46640625 0.4916666671875 0.465625 0.4916666671875 0.46328125 0.4875 0.46328125 0.4861111109375 0.46171875 0.45694444375 0.46171875 0.45416666718750004 0.46328125 0.45416666718750004 0.4796875 0.46805555625000006 0.4859375 0.475 0.4859375
0 0.99444444375 0.5625 0.9986111109375001 0.559375 0.997222221875 0.54921875 0.95694444375 0.54921875 0.9541666671875 0.55078125 0.9541666671875 0.5609375 0.965277778125 0.565625 0.98055555625 0.565625 0.99444444375 0.5625
0 0.33888888906250003 0.1671875 0.34444444375 0.1625 0.34444444375 0.14453125 0.3125 0.14296875 0.309722221875 0.14453125 0.309722221875 0.165625 0.315277778125 0.16875 0.33888888906250003 0.1671875
0 0.2875 0.2609375 0.3013888890625 0.26875 0.3111111109375 0.26875 0.3125 0.2671875 0.31944444375000003 0.2671875 0.31944444375000003 0.26484375 0.33055555625 0.259375 0.33055555625 0.25703125 0.3333333328125 0.25625 0.3333333328125 0.24453125 0.33055555625 0.24375 0.33055555625 0.24140625 0.31944444375000003 0.23671875 0.3013888890625 0.23671875 0.29305555625 0.23984375 0.29305555625 0.24375 0.2875 0.24921875 0.2875 0.2609375
0 0.3763888890625 0.23828125 0.3763888890625 0.253125 0.38194444375000003 0.25625 0.40833333281249995 0.25625 0.41944444374999995 0.2484375 0.41944444374999995 0.23671875 0.41111111093749997 0.23046875 0.39027777812500003 0.23046875 0.38333333281250004 0.23515625 0.3791666671875 0.23515625 0.3791666671875 0.2375 0.3763888890625 0.23828125
0 0.3888888890625 0.2875 0.397222221875 0.28125 0.397222221875 0.26953125 0.3916666671875 0.2671875 0.3916666671875 0.26484375 0.3861111109375 0.26171875 0.35694444375 0.26171875 0.3541666671875 0.26328125 0.3541666671875 0.2859375 0.3625 0.2890625 0.3888888890625 0.2875
0 0.2416666671875 0.2078125 0.2486111109375 0.2 0.2638888890625 0.1984375 0.2611111109375 0.18671875 0.23472222187499997 0.18671875 0.23194444375 0.18828125 0.23472222187499997 0.2078125 0.2416666671875 0.2078125
0 0.9791666671874999 0.47421875 0.9763888890624999 0.4921875 0.997222221875 0.49375 0.997222221875 0.47421875 0.9791666671874999 0.47421875
0 0.5416666671875 0.45625 0.55 0.4484375 0.55 0.44453125 0.540277778125 0.44296875 0.5361111109375 0.43984375 0.525 0.43671875 0.5125 0.43671875 0.5097222218749999 0.43828125 0.5097222218749999 0.453125 0.515277778125 0.45625 0.5416666671875 0.45625
0 0.5555555562500001 0.5796875 0.5666666671875 0.5734375 0.5666666671875 0.56328125 0.5638888890625 0.56171875 0.534722221875 0.56171875 0.5319444437499999 0.56328125 0.534722221875 0.5765625 0.54305555625 0.5796875 0.5555555562500001 0.5796875
0 0.475 0.059375 0.48194444374999995 0.0546875 0.4861111109375 0.0546875 0.4861111109375 0.05078125 0.4888888890625 0.05 0.4888888890625 0.03984375 0.4861111109375 0.03671875 0.47361111093749997 0.03515625 0.46388888906250003 0.03046875 0.4375 0.03046875 0.43194444374999996 0.03359375 0.43194444374999996 0.05 0.440277778125 0.05625 0.45416666718750004 0.059375 0.475 0.059375
0 0.31944444375000003 0.4671875 0.325 0.4609375 0.322222221875 0.45078125 0.31944444375000003 0.44921875 0.290277778125 0.44921875 0.2875 0.45078125 0.2875 0.465625 0.29305555625 0.46875 0.31944444375000003 0.4671875
0 0.309722221875 0.4875 0.3333333328125 0.4875 0.3416666671875 0.484375 0.3416666671875 0.48203125 0.34444444375 0.48125 0.34444444375 0.47578125 0.33055555625 0.46796875 0.3013888890625 0.46796875 0.2986111109375 0.46953125 0.2986111109375 0.48125 0.30416666718749996 0.4859375 0.3083333328125 0.4859375 0.309722221875 0.4875
0 0.575 0.434375 0.577777778125 0.43125 0.575 0.41796875 0.534722221875 0.41796875 0.5319444437499999 0.41953125 0.5319444437499999 0.43125 0.5375 0.4359375 0.5666666671875 0.4375 0.575 0.434375
0 0.5138888890625 0.58125 0.527777778125 0.5734375 0.527777778125 0.57109375 0.522222221875 0.56796875 0.5013888890625 0.56796875 0.4986111109375 0.56953125 0.4986111109375 0.5796875 0.5041666671875 0.5828125 0.5083333328124999 0.5828125 0.5097222218749999 0.58125 0.5138888890625 0.58125
0 0.375 0.16875 0.377777778125 0.1671875 0.377777778125 0.15078125 0.35694444375 0.14921875 0.3541666671875 0.15078125 0.3541666671875 0.1671875 0.35972222187499997 0.1703125 0.375 0.16875
0 0.1763888890625 0.6421875 0.1861111109375 0.6421875 0.19444444375 0.6359375 0.1916666671875 0.62734375 0.1861111109375 0.62421875 0.16805555625 0.62421875 0.165277778125 0.62578125 0.16805555625 0.6390625 0.172222221875 0.6390625 0.1763888890625 0.6421875
0 0.36805555624999997 0.73828125 0.36805555624999997 0.740625 0.375 0.740625 0.38055555625 0.72890625 0.39444444375 0.7234375 0.39444444375 0.71953125 0.3861111109375 0.71171875 0.36805555624999997 0.71171875 0.365277778125 0.71328125 0.365277778125 0.7375 0.36805555624999997 0.73828125
0 0.3458333328125 0.41875 0.36666666718749996 0.4171875 0.372222221875 0.4109375 0.36666666718749996 0.4015625 0.36666666718749996 0.39453125 0.3638888890625 0.39296875 0.334722221875 0.39296875 0.33194444375 0.39453125 0.33194444375 0.4109375 0.334722221875 0.4140625 0.3458333328125 0.41875
0 0.20555555625 0.4125 0.21111111093749999 0.409375 0.21111111093749999 0.40078125 0.20833333281250002 0.39921875 0.190277778125 0.39921875 0.1875 0.40078125 0.1875 0.4109375 0.19305555624999998 0.4140625 0.20555555625 0.4125
0 0.922222221875 0.46953125 0.91944444375 0.46796875 0.9013888890624999 0.46796875 0.8986111109375001 0.46953125 0.9013888890624999 0.4828125 0.91944444375 0.4796875 0.922222221875 0.46953125
0 0.2833333328125 0.4734375 0.28611111093749997 0.4703125 0.2833333328125 0.46171875 0.26527777812500003 0.46328125 0.26805555625 0.4765625 0.275 0.4765625 0.2833333328125 0.4734375
0 0.352777778125 0.3484375 0.35555555625 0.33984375 0.35 0.33671875 0.3125 0.33671875 0.309722221875 0.33828125 0.3125 0.3546875 0.3333333328125 0.3546875 0.34305555625 0.35 0.352777778125 0.3484375
0 0.4583333328125 0.3921875 0.45555555625000005 0.38203125 0.45277777812500003 0.38046875 0.434722221875 0.38046875 0.43194444374999996 0.38203125 0.434722221875 0.3984375 0.447222221875 0.3984375 0.4583333328125 0.3921875
0 0.27638888906250003 0.4 0.2916666671875 0.3984375 0.2916666671875 0.38828125 0.28055555625 0.38203125 0.26805555625 0.38046875 0.26527777812500003 0.38203125 0.26527777812500003 0.3953125 0.26805555625 0.3984375 0.27638888906250003 0.4
0 0.4125 0.3171875 0.41944444374999995 0.3171875 0.4263888890625 0.3125 0.43333333281249997 0.3109375 0.43333333281249997 0.30390625 0.425 0.29921875 0.39027777812500003 0.29921875 0.3875 0.30078125 0.3875 0.3140625 0.39027777812500003 0.3171875 0.41111111093749997 0.31875 0.4125 0.3171875
0 0.925 0.61328125 0.91944444375 0.61171875 0.9013888890624999 0.61171875 0.8986111109375001 0.61328125 0.9013888890624999 0.6234375 0.9111111109375001 0.6234375 0.925 0.6171875 0.925 0.61328125
0 0.9694444437499999 0.5375 0.9666666671874999 0.53046875 0.9458333328125 0.53046875 0.94305555625 0.53203125 0.94305555625 0.5375 0.9486111109375001 0.5421875 0.9638888890624999 0.540625 0.9694444437499999 0.5375
0 0.12222222187500001 0.471875 0.12222222187500001 0.46328125 0.10138888906250001 0.46171875 0.0986111109375 0.4734375 0.10138888906250001 0.4765625 0.1111111109375 0.4765625 0.12222222187500001 0.471875
0 0.44166666718750003 0.3421875 0.447222221875 0.3375 0.447222221875 0.32890625 0.44444444375 0.328125 0.44444444375 0.32578125 0.44166666718750003 0.32421875 0.4236111109375 0.32421875 0.42083333281249996 0.32578125 0.42083333281249996 0.334375 0.434722221875 0.3421875 0.44166666718750003 0.3421875
0 0.40277777812500004 0.15234375 0.397222221875 0.14921875 0.39027777812500003 0.14921875 0.3875 0.15078125 0.3875 0.1734375 0.397222221875 0.175 0.40277777812500004 0.15234375
0 0.16388888906250001 0.6203125 0.172222221875 0.615625 0.172222221875 0.60703125 0.1458333328125 0.60546875 0.14305555625 0.60703125 0.14305555625 0.6171875 0.1541666671875 0.6203125 0.16388888906250001 0.6203125
0 0.51944444375 0.58671875 0.490277778125 0.58671875 0.4875 0.58828125 0.490277778125 0.6 0.51944444375 0.6 0.522222221875 0.5984375 0.51944444375 0.58671875
0 0.8361111109375001 0.55234375 0.83055555625 0.54921875 0.8125 0.54921875 0.809722221875 0.5609375 0.83055555625 0.5625 0.8361111109375001 0.559375 0.8361111109375001 0.55234375
0 0.3888888890625 0.30625 0.3916666671875 0.29609375 0.3861111109375 0.29296875 0.36805555624999997 0.29296875 0.365277778125 0.29453125 0.36805555624999997 0.309375 0.38333333281250004 0.309375 0.3888888890625 0.30625
0 0.9861111109375 0.7609375 0.9888888890624999 0.73828125 0.9861111109375 0.73671875 0.95694444375 0.73671875 0.9541666671875 0.73828125 0.9541666671875 0.7546875 0.9708333328125001 0.7609375 0.9861111109375 0.7609375
0 0.547222221875 0.25234375 0.5416666671875 0.24921875 0.534722221875 0.24921875 0.5319444437499999 0.25078125 0.5319444437499999 0.259375 0.5416666671875 0.2609375 0.547222221875 0.25234375
0 0.2791666671875 0.5625 0.28611111093749997 0.5625 0.3 0.5546875 0.3 0.55078125 0.29722222187499997 0.54921875 0.2791666671875 0.54921875 0.27638888906250003 0.55078125 0.27638888906250003 0.5609375 0.2791666671875 0.5625
0 0.3416666671875 0.49453125 0.334722221875 0.49453125 0.3333333328125 0.49296875 0.32083333281250004 0.49453125 0.32083333281250004 0.5 0.3263888890625 0.503125 0.3416666671875 0.4984375 0.3416666671875 0.49453125
0 0.45555555625000005 0.20234375 0.45 0.19921875 0.434722221875 0.19921875 0.43194444374999996 0.2109375 0.45 0.2125 0.45555555625000005 0.209375 0.45555555625000005 0.20234375
0 0.0916666671875 0.47109375 0.0861111109375 0.46796875 0.06805555625000001 0.46796875 0.06527777812499999 0.46953125 0.06805555625000001 0.4828125 0.0888888890625 0.48125 0.0916666671875 0.47109375
0 0.9416666671874999 0.44921875 0.909722221875 0.45078125 0.9125 0.4609375 0.9208333328125 0.4625 0.9444444437499999 0.4609375 0.9416666671874999 0.44921875
0 0.975 0.696875 0.98055555625 0.6921875 0.977777778125 0.68203125 0.975 0.68046875 0.95694444375 0.68046875 0.9541666671875 0.68203125 0.9541666671875 0.6921875 0.965277778125 0.696875 0.975 0.696875
0 0.49444444374999996 0.23203125 0.4791666671875 0.23046875 0.4763888890625 0.2421875 0.4888888890625 0.24375 0.49444444374999996 0.240625 0.49444444374999996 0.23203125
0 0.43194444374999996 0.209375 0.44166666718750003 0.2125 0.45 0.209375 0.447222221875 0.20390625 0.45277777812500003 0.2 0.45277777812500003 0.19453125 0.434722221875 0.19296875 0.43194444374999996 0.19453125 0.43194444374999996 0.2015625 0.434722221875 0.20234375 0.43194444374999996 0.209375
0 0.5694444437499999 0.6109375 0.5694444437499999 0.60703125 0.565277778125 0.60703125 0.5638888890625 0.60546875 0.534722221875 0.60546875 0.5319444437499999 0.60703125 0.534722221875 0.6234375 0.5416666671875 0.6234375 0.5513888890625 0.6171875 0.5611111109375 0.615625 0.5694444437499999 0.6109375
0 0.5138888890625 0.26953125 0.5013888890625 0.26796875 0.4986111109375 0.278125 0.5083333328124999 0.2796875 0.5138888890625 0.275 0.5138888890625 0.26953125
0 0.5333333328125 0.2359375 0.5333333328125 0.23359375 0.527777778125 0.23046875 0.5125 0.23046875 0.5097222218749999 0.23203125 0.5125 0.2421875 0.51944444375 0.2421875 0.5263888890625 0.2375 0.5333333328125 0.2359375
0 0.4861111109375 0.43125 0.4888888890625 0.4296875 0.4888888890625 0.41953125 0.4861111109375 0.41796875 0.46805555625000006 0.41796875 0.46527777812500004 0.41953125 0.46527777812500004 0.4296875 0.46805555625000006 0.43125 0.4861111109375 0.43125
0 0.752777778125 0.69921875 0.734722221875 0.69921875 0.73194444375 0.70078125 0.734722221875 0.70625 0.752777778125 0.70625 0.75555555625 0.7046875 0.752777778125 0.69921875
0 0.44166666718750003 0.05625 0.44166666718750003 0.05078125 0.4236111109375 0.04921875 0.42083333281249996 0.05625 0.4236111109375 0.0609375 0.43055555625 0.0609375 0.44166666718750003 0.05625
0 0.975 0.6984375 0.98055555625 0.6953125 0.98055555625 0.68515625 0.975 0.68046875 0.95694444375 0.68046875 0.9541666671875 0.68203125 0.9541666671875 0.6921875 0.95694444375 0.6953125 0.975 0.6984375