0 0.50390625 0.290625 0.053125 0.02890625
0 0.64296875 0.29765625 0.0359375 0.0203125
0 0.62421875 0.3125 0.034375 0.02265625
0 0.59140625 0.35625 0.0140625 0.0203125
0 0.259375 0.38515625 0.0234375 0.0234375
0 0.34609375 0.39375 0.0359375 0.02265625
0 0.77890625 0.39453125 0.0359375 0.015625
0 0.82734375 0.4453125 0.0484375 0.0171875
0 0.81484375 0.5078125 0.0234375 0.01875
0 0.78828125 0.5265625 0.03203125 0.0140625
0 0.8984375 0.54140625 0.0640625 0.0359375
0 0.640625 0.5359375 0.03203125 0.02109375
0 0.959375 0.728125 0.065625 0.03671875