0 0.077777778125 0.228125 0.08194444375 0.23125 0.09444444375 0.23125 0.09444444375 0.23046875 0.1111111109375 0.221875 0.1111111109375 0.20859375 0.109722221875 0.20859375 0.10555555624999999 0.20546875 0.0791666671875 0.20546875 0.0791666671875 0.20625 0.07638888906249999 0.20703125 0.07638888906249999 0.228125 0.077777778125 0.228125
0 0.475 0.1 0.477777778125 0.0984375 0.477777778125 0.09609375 0.4888888890625 0.090625 0.4888888890625 0.07734375 0.4861111109375 0.0765625 0.4861111109375 0.07421875 0.48194444374999995 0.07421875 0.477777778125 0.071875 0.477777778125 0.06953125 0.475 0.06796875 0.4458333328125 0.06796875 0.44305555625000004 0.06953125 0.44305555625000004 0.090625 0.459722221875 0.1 0.475 0.1
0 0.622222221875 0.22734375 0.627777778125 0.2234375 0.625 0.21484375 0.61944444375 0.21171875 0.590277778125 0.21171875 0.5875 0.2359375 0.6166666671875001 0.2375 0.622222221875 0.234375 0.622222221875 0.22734375
0 0.3791666671875 0.1125 0.40555555625000006 0.1125 0.41111111093749997 0.109375 0.4138888890625 0.08984375 0.40833333281249995 0.08671875 0.384722221875 0.08671875 0.38333333281250004 0.08828125 0.3708333328125 0.08671875 0.365277778125 0.08984375 0.365277778125 0.1046875 0.372222221875 0.10625 0.3791666671875 0.1125
0 0.6611111109375 0.2421875 0.6666666671875 0.2375 0.66944444375 0.22734375 0.6638888890625 0.22421875 0.6347222218749999 0.22421875 0.6319444437499999 0.22578125 0.6319444437499999 0.2421875 0.6347222218749999 0.24375 0.6611111109375 0.2421875
0 0.0791666671875 0.334375 0.0916666671875 0.334375 0.10555555624999999 0.328125 0.10555555624999999 0.32578125 0.102777778125 0.325 0.102777778125 0.32265625 0.097222221875 0.31796875 0.06805555625000001 0.31796875 0.06527777812499999 0.31953125 0.06527777812499999 0.3296875 0.0736111109375 0.3328125 0.077777778125 0.3328125 0.0791666671875 0.334375
0 0.3458333328125 0.7046875 0.3638888890625 0.7046875 0.375 0.6984375 0.375 0.69296875 0.372222221875 0.6921875 0.3638888890625 0.68046875 0.3458333328125 0.68046875 0.34305555625 0.68203125 0.34305555625 0.7015625 0.3458333328125 0.70234375 0.3458333328125 0.7046875
0 0.0416666671875 0.29296875 0.0361111109375 0.28828125 0.030555556249999997 0.28671875 0.009722221875000001 0.28828125 0.009722221875000001 0.296875 0.015277778124999999 0.3 0.0416666671875 0.2984375 0.0416666671875 0.29296875
0 0.17361111093749998 0.7359375 0.17916666718750002 0.7375 0.20555555625 0.7375 0.21111111093749999 0.734375 0.21111111093749999 0.72265625 0.20555555625 0.71796875 0.197222221875 0.715625 0.197222221875 0.70859375 0.1888888890625 0.70546875 0.1708333328125 0.70546875 0.165277778125 0.70859375 0.16805555625 0.7328125 0.172222221875 0.7328125 0.17361111093749998 0.7359375
0 0.0125 0.28125 0.019444443750000002 0.28125 0.0333333328125 0.2734375 0.0333333328125 0.26953125 0.030555556249999997 0.26796875 0.0125 0.26796875 0.009722221875000001 0.26953125 0.009722221875000001 0.278125 0.0125 0.28125
0 0.0388888890625 0.35625 0.040277778125000004 0.3546875 0.04444444375 0.3546875 0.04444444375 0.35234375 0.052777778124999994 0.3484375 0.052777778124999994 0.34453125 0.055555556250000006 0.34375 0.052777778124999994 0.33515625 0.0416666671875 0.33046875 0.0125 0.33046875 0.009722221875000001 0.33203125 0.009722221875000001 0.3484375 0.026388889062499997 0.35625 0.0388888890625 0.35625
0 0.0888888890625 0.5109375 0.0861111109375 0.49921875 0.05694444375 0.49921875 0.054166667187499996 0.50078125 0.054166667187499996 0.5046875 0.0625 0.5109375 0.06805555625000001 0.5125 0.0888888890625 0.5109375
0 0.590277778125 0.1625 0.597222221875 0.1625 0.6083333328125 0.1546875 0.6111111109375 0.15 0.6083333328125 0.14296875 0.590277778125 0.14296875 0.5875 0.14453125 0.5875 0.1609375 0.590277778125 0.1625
0 0.42083333281249996 0.09453125 0.42083333281249996 0.1109375 0.4236111109375 0.1125 0.44166666718750003 0.1125 0.44444444375 0.1109375 0.44444444375 0.10859375 0.45555555625000005 0.1046875 0.45555555625000005 0.09453125 0.44166666718750003 0.08671875 0.434722221875 0.08671875 0.43333333281249997 0.08828125 0.4291666671875 0.08828125 0.42083333281249996 0.09453125
0 0.1166666671875 0.4140625 0.12222222187500001 0.4109375 0.11944444375 0.39921875 0.09305555625 0.39921875 0.090277778125 0.40078125 0.090277778125 0.40625 0.09444444375 0.40625 0.10138888906250001 0.4125 0.1166666671875 0.4140625
0 0.022222221875 0.48125 0.030555556249999997 0.478125 0.0333333328125 0.46953125 0.025 0.46328125 0.0125 0.46328125 0.009722221875000001 0.46484375 0.009722221875000001 0.4796875 0.0125 0.48125 0.022222221875 0.48125
0 0.18055555625 0.64375 0.1861111109375 0.640625 0.1888888890625 0.63359375 0.18055555625 0.62578125 0.16805555625 0.62421875 0.165277778125 0.62578125 0.165277778125 0.6421875 0.16805555625 0.64375 0.18055555625 0.64375
0 0.3916666671875 0.0703125 0.40138888906250003 0.0796875 0.4166666671875 0.08125 0.42222222187499997 0.078125 0.425 0.06796875 0.42222222187499997 0.0671875 0.42222222187499997 0.06328125 0.41944444374999995 0.06171875 0.3791666671875 0.06171875 0.3763888890625 0.06328125 0.3791666671875 0.0703125 0.38194444375000003 0.071875 0.3888888890625 0.071875 0.3916666671875 0.0703125
0 0.4375 0.1421875 0.45277777812500003 0.140625 0.45555555625000005 0.1375 0.45555555625000005 0.12265625 0.45277777812500003 0.11953125 0.447222221875 0.11796875 0.4236111109375 0.11796875 0.42083333281249996 0.1234375 0.43194444374999996 0.13203125 0.434722221875 0.140625 0.4375 0.1421875
0 0.05694444375 0.30390625 0.054166667187499996 0.30703125 0.054166667187499996 0.315625 0.05694444375 0.3171875 0.0666666671875 0.3171875 0.07083333281250001 0.3140625 0.08333333281250001 0.3125 0.0888888890625 0.30625 0.0888888890625 0.30234375 0.08333333281250001 0.29921875 0.06805555625000001 0.29921875 0.061111110937500004 0.30390625 0.05694444375 0.30390625
0 0.08055555625000001 0.35625 0.08194444375 0.3546875 0.0861111109375 0.3546875 0.0888888890625 0.33984375 0.08333333281250001 0.33671875 0.06805555625000001 0.33671875 0.054166667187499996 0.34453125 0.054166667187499996 0.3546875 0.05694444375 0.35625 0.08055555625000001 0.35625
0 0.3 0.4359375 0.3 0.43203125 0.29722222187499997 0.43046875 0.2791666671875 0.43046875 0.27638888906250003 0.4390625 0.2791666671875 0.4421875 0.2888888890625 0.4421875 0.3 0.4359375
0 0.64305555625 0.4671875 0.647222221875 0.4671875 0.647222221875 0.46484375 0.652777778125 0.4625 0.652777778125 0.45546875 0.6416666671875 0.44921875 0.6152777781250001 0.44921875 0.609722221875 0.45234375 0.609722221875 0.4671875 0.6152777781250001 0.4703125 0.6416666671875 0.46875 0.64305555625 0.4671875
0 0.022222221875 0.16328125 0.0125 0.16171875 0.009722221875000001 0.1734375 0.0125 0.1765625 0.019444443750000002 0.1765625 0.022222221875 0.16328125
0 0.025 0.37109375 0.019444443750000002 0.36796875 0.015277778124999999 0.36796875 0.0111111109375 0.36328125 0.0013888890625 0.36328125 0.0013888890625 0.3796875 0.0166666671875 0.3796875 0.022222221875 0.3765625 0.025 0.37109375
0 0.10833333281249999 0.3671875 0.11388888906250001 0.35859375 0.10833333281249999 0.35546875 0.09305555625 0.35546875 0.090277778125 0.3625 0.097222221875 0.3640625 0.0986111109375 0.3671875 0.10833333281249999 0.3671875