0 0.7984375 0.0921875 0.046875 0.02890625
0 0.809375 0.1140625 0.05546875 0.03125
0 0.92890625 0.121875 0.05859375 0.03359375
0 0.20078125 0.13203125 0.034375 0.0296875
0 0.16796875 0.12578125 0.03359375 0.0125
0 0.13984375 0.1640625 0.04609375 0.02109375
0 0.234375 0.1859375 0.0484375 0.028125
0 0.121875 0.1859375 0.025 0.02578125
0 0.7671875 0.20390625 0.04296875 0.0296875
0 0.7125 0.21484375 0.046875 0.021875
0 0.7609375 0.22109375 0.028125 0.0125
0 0.196875 0.225 0.0234375 0.0171875
0 0.82421875 0.23203125 0.0234375 0.0171875
0 0.771875 0.24140625 0.04453125 0.03125
0 0.040625 0.2453125 0.046875 0.0265625
0 0.71484375 0.2484375 0.040625 0.025
0 0.115625 0.259375 0.0375 0.0203125
0 0.88203125 0.26875 0.021875 0.01484375
0 0.9125 0.284375 0.0359375 0.02265625
0 0.196875 0.2984375 0.03359375 0.01796875
0 0.8953125 0.309375 0.04296875 0.0265625
0 0.96328125 0.3078125 0.0234375 0.01953125
0 0.37890625 0.3203125 0.04140625 0.02265625
0 0.2984375 0.328125 0.025 0.025
0 0.67578125 0.328125 0.03203125 0.02109375
0 0.396875 0.3296875 0.04453125 0.01953125
0 0.934375 0.33203125 0.0265625 0.009375
0 0.228125 0.34375 0.0265625 0.01328125
0 0.821875 0.3765625 0.0484375 0.03203125
0 0.79453125 0.378125 0.0390625 0.02421875
0 0.96953125 0.378125 0.03046875 0.0234375
0 0.17734375 0.37734375 0.0484375 0.0203125
0 0.3578125 0.3828125 0.0375 0.02578125
0 0.665625 0.3859375 0.0390625 0.025
0 0.91015625 0.3828125 0.02109375 0.01484375
0 0.8890625 0.39375 0.0359375 0.0140625
0 0.69921875 0.4 0.02890625 0.01640625
0 0.84453125 0.40390625 0.03359375 0.021875
0 0.87734375 0.4109375 0.034375 0.015625
0 0.434375 0.4234375 0.04296875 0.02109375
0 0.02421875 0.421875 0.02109375 0.015625
0 0.59140625 0.4390625 0.03359375 0.0203125
0 0.3828125 0.44140625 0.0375 0.01875
0 0.02734375 0.4609375 0.02109375 0.01484375
0 0.23359375 0.4890625 0.046875 0.028125
0 0.71875 0.4921875 0.04609375 0.02421875
0 0.07109375 0.4953125 0.021875 0.01640625
0 0.6890625 0.540625 0.028125 0.02265625
0 0.18828125 0.5703125 0.02890625 0.01796875
0 0.72109375 0.63671875 0.046875 0.0265625
0 0.04375 0.6765625 0.04296875 0.02421875