0 0.1510416671875 0.115234375 0.1354166671875 0.1259765625 0.1354166671875 0.1337890625 0.14409722187500001 0.140625 0.16319444375 0.1416015625 0.17534722187500001 0.138671875 0.18402777812499999 0.1318359375 0.16840277812499999 0.1171875 0.1510416671875 0.115234375
0 0.109375 0.259765625 0.09548611093750001 0.263671875 0.090277778125 0.2705078125 0.09375 0.2822265625 0.112847221875 0.291015625 0.13194444375 0.2900390625 0.14930555625 0.2802734375 0.14236111093749998 0.2646484375 0.1302083328125 0.259765625 0.109375 0.259765625
0 0.02256944375 0.306640625 0.006944443749999999 0.3193359375 0.010416667187500001 0.3271484375 0.0295138890625 0.333984375 0.0416666671875 0.3330078125 0.059027778125 0.3291015625 0.059027778125 0.3154296875 0.046875 0.30859375 0.02256944375 0.306640625
0 0.3697916671875 0.3046875 0.3576388890625 0.3095703125 0.3541666671875 0.3193359375 0.36284722187499996 0.330078125 0.3854166671875 0.3310546875 0.39930555624999997 0.3251953125 0.40625 0.3095703125 0.38715277812500004 0.3046875 0.3697916671875 0.3046875
0 1 0.3759765625 0.9947916671874999 0.373046875 0.9704861109375 0.373046875 0.9583333328125001 0.3779296875 0.9548611109375 0.3935546875 0.9670138890625 0.404296875 0.9861111109375 0.4052734375 1 0.4033203125 1 0.3759765625
0 0.43055555625 0.5166015625 0.43055555625 0.5263671875 0.4392361109375 0.533203125 0.47222222187499996 0.5322265625 0.47569444375 0.5205078125 0.4670138890625 0.51171875 0.4392361109375 0.51171875 0.43055555625 0.5166015625
0 0.206597221875 0.552734375 0.1927083328125 0.560546875 0.17881944375 0.55859375 0.17013888906250002 0.5615234375 0.17013888906250002 0.5712890625 0.17881944375 0.576171875 0.20833333281250002 0.5771484375 0.222222221875 0.5673828125 0.222222221875 0.5556640625 0.21701388906250002 0.552734375 0.206597221875 0.552734375
0 0.3107638890625 0.173828125 0.3020833328125 0.1806640625 0.2986111109375 0.1962890625 0.30381944375000003 0.19921875 0.3229166671875 0.1982421875 0.3333333328125 0.1943359375 0.33680555624999997 0.1826171875 0.328125 0.17578125 0.3107638890625 0.173828125
0 0.28125 0.2509765625 0.28472222187499996 0.2607421875 0.296875 0.267578125 0.3125 0.2666015625 0.3298611109375 0.2587890625 0.3298611109375 0.2470703125 0.3142361109375 0.23828125 0.28125 0.2509765625
0 0.9288194437499999 0.447265625 0.9201388890625 0.4521484375 0.9166666671874999 0.4677734375 0.9392361109375 0.47265625 0.9583333328125001 0.4716796875 0.965277778125 0.4677734375 0.9618055562500001 0.4521484375 0.949652778125 0.447265625 0.9288194437499999 0.447265625
0 0.21701388906250002 0.19140625 0.20833333281250002 0.1962890625 0.20833333281250002 0.2041015625 0.234375 0.220703125 0.246527778125 0.2197265625 0.25347222187499996 0.2138671875 0.25 0.1982421875 0.24131944375 0.193359375 0.21701388906250002 0.19140625
0 0.08506944375 0.595703125 0.07638888906249999 0.6005859375 0.07986111093750001 0.6142578125 0.08854166718749999 0.6171875 0.1111111109375 0.6162109375 0.125 0.6103515625 0.12847222187500001 0.5986328125 0.1197916671875 0.59375 0.08506944375 0.595703125
0 0.9739583328125001 0.3125 0.956597221875 0.3125 0.949652778125 0.31640625 0.9427083328125001 0.3125 0.9288194437499999 0.314453125 0.9236111109375 0.3291015625 0.9392361109375 0.337890625 0.9583333328125001 0.3369140625 0.9704861109375 0.3359375 0.9791666671874999 0.3310546875 0.9791666671874999 0.3154296875 0.9739583328125001 0.3125
0 0.8923611109375 0.1708984375 0.8923611109375 0.1826171875 0.9045138890625 0.189453125 0.9305555562500001 0.1884765625 0.940972221875 0.1826171875 0.9479166671874999 0.1689453125 0.9079861109375 0.162109375 0.8923611109375 0.1708984375
0 0.2552083328125 0.3359375 0.23958333281250002 0.3408203125 0.24305555625 0.3564453125 0.2517361109375 0.361328125 0.28125 0.3603515625 0.2916666671875 0.3564453125 0.2916666671875 0.3447265625 0.2864583328125 0.33984375 0.2552083328125 0.3359375
0 0.0329861109375 0.111328125 0.02430555625 0.1162109375 0.027777778125000003 0.1279296875 0.03993055625 0.134765625 0.0625 0.1337890625 0.07291666718749999 0.1318359375 0.07291666718749999 0.1162109375 0.0607638890625 0.109375 0.0329861109375 0.111328125
0 0.055555556250000006 0.2431640625 0.059027778125 0.2548828125 0.074652778125 0.263671875 0.090277778125 0.2626953125 0.09375 0.2451171875 0.078125 0.234375 0.07118055625 0.234375 0.055555556250000006 0.2431640625
0 0.13888888906250002 0.1044921875 0.14409722187500001 0.109375 0.15451388906250002 0.109375 0.16840277812499999 0.115234375 0.1875 0.1142578125 0.19097222187500001 0.1025390625 0.17881944375 0.095703125 0.15451388906250002 0.095703125 0.13888888906250002 0.1044921875
0 0.2517361109375 0.25390625 0.23958333281250002 0.2607421875 0.23958333281250002 0.2744140625 0.2552083328125 0.28125 0.27777777812500004 0.2802734375 0.28819444375000003 0.2705078125 0.28472222187499996 0.2626953125 0.26909722187499996 0.25390625 0.2517361109375 0.25390625
0 0.13368055625 0.1953125 0.1232638890625 0.197265625 0.1145833328125 0.2060546875 0.12673611093749998 0.216796875 0.1354166671875 0.2158203125 0.15451388906250002 0.21484375 0.15972222187500001 0.2060546875 0.14756944375 0.197265625 0.13368055625 0.1953125
0 0.71875 0.4091796875 0.71875 0.4189453125 0.7274305562500001 0.423828125 0.753472221875 0.4228515625 0.753472221875 0.4111328125 0.7447916671875 0.404296875 0.7274305562500001 0.404296875 0.71875 0.4091796875
0 0.09548611093750001 0.0546875 0.06423611093750001 0.0546875 0.055555556250000006 0.0634765625 0.065972221875 0.0791015625 0.078125 0.083984375 0.09375 0.0830078125 0.10243055625 0.08203125 0.1111111109375 0.0751953125 0.1076388890625 0.0615234375 0.09548611093750001 0.0546875
0 0.17881944375 0.236328125 0.17013888906250002 0.2431640625 0.1770833328125 0.2490234375 0.1770833328125 0.2607421875 0.18576388906250002 0.265625 0.1979166671875 0.2646484375 0.21180555625 0.2587890625 0.21180555625 0.2470703125 0.19618055625 0.236328125 0.17881944375 0.236328125
0 0.234375 0.2265625 0.22048611093749998 0.236328125 0.20486111093749998 0.2412109375 0.21180555625 0.2490234375 0.21875 0.2490234375 0.230902778125 0.248046875 0.24305555625 0.2412109375 0.24305555625 0.2333984375 0.234375 0.2265625
0 0.38715277812500004 0.185546875 0.37847222187499996 0.1923828125 0.37847222187499996 0.2021484375 0.390625 0.208984375 0.40972222187499996 0.2080078125 0.4166666671875 0.2041015625 0.4201388890625 0.1923828125 0.4114583328125 0.185546875 0.38715277812500004 0.185546875
0 0.053819443749999994 0.330078125 0.03125 0.3369140625 0.03125 0.3486328125 0.03993055625 0.353515625 0.059027778125 0.3544921875 0.078125 0.349609375 0.08333333281250001 0.3408203125 0.07118055625 0.33203125 0.053819443749999994 0.330078125
0 0.2986111109375 0.4892578125 0.2986111109375 0.4990234375 0.3107638890625 0.505859375 0.3298611109375 0.5048828125 0.34027777812500004 0.4892578125 0.328125 0.48046875 0.3107638890625 0.48046875 0.2986111109375 0.4892578125
0 0.0017361109374999999 0.06640625 0 0.0966796875 0.0208333328125 0.0966796875 0.03125 0.0888671875 0.027777778125000003 0.0751953125 0.012152778125 0.06640625 0.0017361109374999999 0.06640625
0 0.8420138890625 0.5546875 0.8368055562500001 0.5576171875 0.8368055562500001 0.5693359375 0.855902778125 0.576171875 0.871527778125 0.5751953125 0.878472221875 0.5673828125 0.878472221875 0.5576171875 0.862847221875 0.552734375 0.8420138890625 0.5546875
0 0.4947916671875 0.56640625 0.4895833328125 0.5693359375 0.49305555625 0.5810546875 0.5086805562500001 0.587890625 0.5243055562500001 0.5869140625 0.53125 0.5830078125 0.534722221875 0.5693359375 0.5260416671875 0.564453125 0.4947916671875 0.56640625
0 0.1354166671875 0.0283203125 0.1354166671875 0.0458984375 0.140625 0.048828125 0.15625 0.0478515625 0.16319444375 0.0419921875 0.16319444375 0.0302734375 0.14756944375 0.0234375 0.1354166671875 0.0283203125
0 0.3107638890625 0.11328125 0.2986111109375 0.1201171875 0.2986111109375 0.1357421875 0.3107638890625 0.142578125 0.3298611109375 0.1416015625 0.34375 0.1357421875 0.34722222187499996 0.1240234375 0.33159722187499996 0.11328125 0.3107638890625 0.11328125
0 0.15451388906250002 0 0.14236111093749998 0.0107421875 0.14236111093749998 0.0166015625 0.15451388906250002 0.0234375 0.17361111093749998 0.0224609375 0.18402777812499999 0.0166015625 0.1875 0.0048828125 0.1822916671875 0 0.15451388906250002 0
0 1 0.1884765625 0.987847221875 0.185546875 0.972222221875 0.1923828125 0.972222221875 0.2041015625 0.9774305562500001 0.208984375 0.9930555562500001 0.2099609375 1 0.2080078125 1 0.1884765625
0 0.9427083328125001 0.142578125 0.9305555562500001 0.1513671875 0.9375 0.1630859375 0.9427083328125001 0.166015625 0.965277778125 0.1650390625 0.9791666671874999 0.1572265625 0.9756944437499999 0.1455078125 0.9670138890625 0.142578125 0.9427083328125001 0.142578125
0 0.890625 0.126953125 0.878472221875 0.1357421875 0.878472221875 0.1435546875 0.894097221875 0.15234375 0.909722221875 0.1513671875 0.9166666671874999 0.1474609375 0.9166666671874999 0.1357421875 0.9010416671874999 0.126953125 0.890625 0.126953125
0 0.7638888890625 0.3779296875 0.7638888890625 0.3837890625 0.7725694437499999 0.390625 0.7951388890625 0.3896484375 0.8020833328125001 0.3837890625 0.7899305562500001 0.373046875 0.7725694437499999 0.373046875 0.7638888890625 0.3779296875
0 0.2517361109375 0.234375 0.246527778125 0.2373046875 0.246527778125 0.2490234375 0.2552083328125 0.25390625 0.27430555624999997 0.2529296875 0.2951388890625 0.2431640625 0.2916666671875 0.2353515625 0.2829861109375 0.232421875 0.2517361109375 0.234375
0 0.36631944375000003 0.41796875 0.35069444375000003 0.4228515625 0.35069444375000003 0.4365234375 0.36631944375000003 0.44140625 0.375 0.4404296875 0.3888888890625 0.4345703125 0.3923611109375 0.4248046875 0.38368055624999997 0.419921875 0.36631944375000003 0.41796875
0 0.14756944375 0.568359375 0.14236111093749998 0.5791015625 0.125 0.5830078125 0.1302083328125 0.591796875 0.1458333328125 0.5927734375 0.1770833328125 0.5830078125 0.1770833328125 0.5751953125 0.16840277812499999 0.56640625 0.14756944375 0.568359375
0 0.019097221875 0.537109375 0.006944443749999999 0.5439453125 0.006944443749999999 0.5556640625 0.015625 0.560546875 0.03819444375 0.5595703125 0.05208333281250001 0.5478515625 0.05208333281250001 0.5419921875 0.043402778125 0.53515625 0.019097221875 0.537109375
0 0.1927083328125 0.193359375 0.16840277812499999 0.193359375 0.15972222187500001 0.1982421875 0.15625 0.2060546875 0.1614583328125 0.212890625 0.17013888906250002 0.2119140625 0.19618055625 0.208984375 0.20486111093749998 0.2021484375 0.20138888906250002 0.1962890625 0.1927083328125 0.193359375
0 0.2517361109375 0.08203125 0.23958333281250002 0.0888671875 0.23611111093749998 0.1044921875 0.2517361109375 0.111328125 0.27777777812500004 0.1103515625 0.28819444375000003 0.1025390625 0.28472222187499996 0.0888671875 0.27256944375000003 0.08203125 0.2517361109375 0.08203125
0 0.9201388890625 0.0771484375 0.9427083328125001 0.0859375 0.9618055562500001 0.0849609375 0.965277778125 0.0732421875 0.956597221875 0.068359375 0.9392361109375 0.06640625 0.9201388890625 0.0771484375
0 0.762152778125 0.41015625 0.753472221875 0.4150390625 0.753472221875 0.4267578125 0.765625 0.4375 0.777777778125 0.4365234375 0.7986111109375 0.4287109375 0.7986111109375 0.4208984375 0.7899305562500001 0.4140625 0.762152778125 0.41015625
0 0.07986111093750001 0.3447265625 0.08506944375 0.34765625 0.1111111109375 0.3486328125 0.1145833328125 0.3388671875 0.109375 0.3359375 0.07986111093750001 0.3349609375 0.07986111093750001 0.3447265625
0 0.3697916671875 0.19921875 0.3611111109375 0.2060546875 0.3611111109375 0.2138671875 0.3767361109375 0.220703125 0.39930555624999997 0.2216796875 0.40277777812500004 0.2099609375 0.390625 0.208984375 0.3767361109375 0.19921875 0.3697916671875 0.19921875
0 0.19965277812499999 0.326171875 0.18402777812499999 0.3349609375 0.18055555625 0.3466796875 0.18576388906250002 0.3515625 0.19444444375 0.3505859375 0.22569444375 0.3427734375 0.22916666718749998 0.3369140625 0.21701388906250002 0.326171875 0.19965277812499999 0.326171875
0 0.6493055562500001 0.3837890625 0.652777778125 0.3955078125 0.6579861109375 0.3984375 0.6770833328125 0.3974609375 0.690972221875 0.3896484375 0.6875 0.3837890625 0.6579861109375 0.37890625 0.6493055562500001 0.3837890625
0 0.7881944437499999 0.4931640625 0.793402778125 0.49609375 0.8125 0.4951171875 0.8298611109375 0.4892578125 0.8298611109375 0.4814453125 0.793402778125 0.48046875 0.7881944437499999 0.4931640625
0 0.8993055562500001 0.4873046875 0.909722221875 0.4931640625 0.90625 0.4990234375 0.9270833328125001 0.5009765625 0.9270833328125001 0.4853515625 0.921875 0.482421875 0.9045138890625 0.482421875 0.8993055562500001 0.4873046875
0 0.28819444375000003 0.3388671875 0.2916666671875 0.3486328125 0.30034722187499996 0.353515625 0.31597222187499996 0.3525390625 0.3229166671875 0.3505859375 0.3263888890625 0.3408203125 0.296875 0.333984375 0.28819444375000003 0.3388671875
0 0.053819443749999994 0.0859375 0.0451388890625 0.1025390625 0.05729166718749999 0.109375 0.07291666718749999 0.1083984375 0.07986111093750001 0.1044921875 0.07986111093750001 0.0966796875 0.07118055625 0.087890625 0.053819443749999994 0.0859375
0 0.9079861109375 0.5 0.9010416671874999 0.50390625 0.887152778125 0.501953125 0.8819444437499999 0.5048828125 0.8819444437499999 0.5166015625 0.894097221875 0.521484375 0.90625 0.5205078125 0.9201388890625 0.5146484375 0.9236111109375 0.5029296875 0.918402778125 0.5 0.9079861109375 0.5
0 0.27430555624999997 0.1240234375 0.2760416671875 0.111328125 0.246527778125 0.1103515625 0.2517361109375 0.125 0.27430555624999997 0.1240234375
0 0.9305555562500001 0.3955078125 0.9305555562500001 0.4091796875 0.9479166671874999 0.4228515625 0.9583333328125001 0.4248046875 0.972222221875 0.4072265625 0.953125 0.392578125 0.9357638890625 0.392578125 0.9305555562500001 0.3955078125
0 0.23611111093749998 0.0634765625 0.22395833281250002 0.0625 0.22048611093749998 0.068359375 0.20833333281250002 0.0693359375 0.21180555625 0.0849609375 0.22048611093749998 0.08984375 0.23611111093749998 0.0888671875 0.246527778125 0.0849609375 0.246527778125 0.0791015625 0.23263888906250002 0.0712890625 0.23611111093749998 0.0634765625
0 0.237847221875 0.5234375 0.23263888906250002 0.5263671875 0.23263888906250002 0.5380859375 0.237847221875 0.54296875 0.25 0.5439453125 0.2638888890625 0.5380859375 0.2638888890625 0.5283203125 0.2552083328125 0.5234375 0.237847221875 0.5234375
0 0.659722221875 0.4619140625 0.659722221875 0.4677734375 0.668402778125 0.474609375 0.690972221875 0.4755859375 0.690972221875 0.4658203125 0.6822916671875 0.4609375 0.6649305562500001 0.458984375 0.659722221875 0.4619140625
0 0.5086805562500001 0.623046875 0.5 0.6474609375 0.512152778125 0.65625 0.5208333328125 0.6552734375 0.5381944437499999 0.6435546875 0.5381944437499999 0.6357421875 0.515625 0.623046875 0.5086805562500001 0.623046875
0 0.0364583328125 0.201171875 0.02430555625 0.2060546875 0.02430555625 0.2119140625 0.013888889062500001 0.2158203125 0.013888889062500001 0.2197265625 0.0329861109375 0.234375 0.0486111109375 0.2333984375 0.055555556250000006 0.2294921875 0.055555556250000006 0.2041015625 0.050347221875 0.201171875 0.0364583328125 0.201171875
0 0.8802083328125001 0.451171875 0.875 0.4541015625 0.878472221875 0.4716796875 0.8836805562500001 0.474609375 0.902777778125 0.4736328125 0.909722221875 0.4638671875 0.90625 0.4599609375 0.890625 0.451171875 0.8802083328125001 0.451171875
0 0.9704861109375 0.462890625 0.9774305562500001 0.462890625 0.987847221875 0.46875 0.996527778125 0.4677734375 0.9982638890625 0.451171875 0.9739583328125001 0.451171875 0.965277778125 0.4541015625 0.9704861109375 0.462890625
0 0.9739583328125001 0.095703125 0.9600694437499999 0.1015625 0.9548611109375 0.1083984375 0.9600694437499999 0.111328125 0.96875 0.1103515625 0.9947916671874999 0.10546875 1 0.1025390625 0.996527778125 0.0966796875 0.9739583328125001 0.095703125
0 0.7395833328125 0.5068359375 0.7430555562500001 0.5224609375 0.7517361109375 0.52734375 0.7673611109375 0.5263671875 0.7708333328125 0.5166015625 0.7552083328125 0.50390625 0.7447916671875 0.50390625 0.7395833328125 0.5068359375
0 0.4357638890625 0.46875 0.4201388890625 0.4794921875 0.4322916671875 0.48828125 0.4375 0.4873046875 0.4513888890625 0.4833984375 0.4513888890625 0.4716796875 0.44618055625 0.46875 0.4357638890625 0.46875
0 0.07118055625 0.16796875 0.043402778125 0.16796875 0.03819444375 0.1748046875 0.046875 0.17578125 0.06423611093750001 0.1875 0.07638888906249999 0.1904296875 0.08333333281250001 0.1865234375 0.07291666718749999 0.1728515625 0.07638888906249999 0.1708984375 0.07118055625 0.16796875
0 0.8125 0.3857421875 0.809027778125 0.3935546875 0.8194444437499999 0.3955078125 0.8368055562500001 0.3876953125 0.8350694437499999 0.380859375 0.8211805562500001 0.380859375 0.8125 0.3857421875
0 0.3541666671875 0.1806640625 0.3541666671875 0.1923828125 0.36284722187499996 0.19921875 0.37152777812500004 0.1982421875 0.37847222187499996 0.1865234375 0.36631944375000003 0.177734375 0.359375 0.177734375 0.3541666671875 0.1806640625
0 0.0017361109374999999 0.1796875 0 0.1923828125 0.02256944375 0.203125 0.03125 0.2021484375 0.0451388890625 0.1982421875 0.03819444375 0.1923828125 0.03819444375 0.1826171875 0.0017361109374999999 0.1796875
0 0 0.1923828125 0.0173611109375 0.1982421875 0.03819444375 0.1884765625 0.03819444375 0.1767578125 0.0295138890625 0.173828125 0 0.1787109375 0 0.1923828125
0 0.909722221875 0.0810546875 0.909722221875 0.0908203125 0.918402778125 0.095703125 0.9270833328125001 0.0947265625 0.940972221875 0.0888671875 0.940972221875 0.0830078125 0.9288194437499999 0.072265625 0.909722221875 0.0810546875
0 0.19097222187500001 0.4306640625 0.1927083328125 0.435546875 0.215277778125 0.4384765625 0.22569444375 0.4365234375 0.22395833281250002 0.42578125 0.19965277812499999 0.42578125 0.19097222187500001 0.4306640625
0 0.9583333328125001 0.5126953125 0.9583333328125001 0.5224609375 0.9670138890625 0.52734375 0.980902778125 0.52734375 0.9913194437499999 0.521484375 0.9895833328125001 0.5283203125 0.996527778125 0.5302734375 1 0.5126953125 0.9913194437499999 0.505859375 0.980902778125 0.505859375 0.9583333328125001 0.5126953125
0 0.45659722187499996 0.662109375 0.421875 0.662109375 0.4236111109375 0.6767578125 0.4479166671875 0.6806640625 0.4583333328125 0.6767578125 0.46527777812500004 0.6689453125 0.46180555625 0.6650390625 0.45659722187499996 0.662109375
0 0.824652778125 0.427734375 0.8333333328125001 0.4267578125 0.8368055562500001 0.4150390625 0.824652778125 0.412109375 0.809027778125 0.4208984375 0.824652778125 0.427734375
0 0.1510416671875 0.068359375 0.14236111093749998 0.0732421875 0.1458333328125 0.0849609375 0.1614583328125 0.091796875 0.17361111093749998 0.0908203125 0.18402777812499999 0.0810546875 0.18055555625 0.0732421875 0.16840277812499999 0.068359375 0.1510416671875 0.068359375
0 0.7604166671875 0.4658203125 0.78125 0.4658203125 0.7951388890625 0.4599609375 0.7899305562500001 0.451171875 0.7795138890625 0.451171875 0.7604166671875 0.4658203125
0 0.2552083328125 0.291015625 0.2638888890625 0.2900390625 0.2708333328125 0.2802734375 0.24479166718749998 0.27734375 0.24305555625 0.2861328125 0.2552083328125 0.291015625
0 0.02256944375 0.203125 0.034722221875 0.2021484375 0.0486111109375 0.1982421875 0.0329861109375 0.189453125 0.013888889062500001 0.1962890625 0.02256944375 0.203125
0 0.4635416671875 0.556640625 0.47222222187499996 0.5556640625 0.47569444375 0.5458984375 0.4635416671875 0.541015625 0.4583333328125 0.5537109375 0.4635416671875 0.556640625
0 0.0329861109375 0.212890625 0.055555556250000006 0.2138671875 0.059027778125 0.2041015625 0.046875 0.197265625 0.02430555625 0.2021484375 0.0329861109375 0.212890625
0 0.9791666671874999 0.5263671875 0.987847221875 0.533203125 0.996527778125 0.5341796875 1 0.5146484375 0.9947916671874999 0.51171875 0.9826388890625 0.5146484375 0.9791666671874999 0.5263671875
0 1 0.3193359375 0.9947916671874999 0.314453125 0.980902778125 0.314453125 0.9791666671874999 0.3310546875 1 0.3369140625 1 0.3193359375
0 0.925347221875 0.484375 0.9010416671874999 0.482421875 0.8819444437499999 0.4873046875 0.8854166671874999 0.5029296875 0.8993055562500001 0.5048828125 0.918402778125 0.50390625 0.9270833328125001 0.4990234375 0.9305555562500001 0.4912109375 0.925347221875 0.484375