0 0.696875 0.02578125 0.03359375 0.015625
0 0.815625 0.0390625 0.05 0.03046875
0 0.7078125 0.0953125 0.04296875 0.02890625
0 0.878125 0.0921875 0.03203125 0.02265625
0 0.81328125 0.11484375 0.0515625 0.028125
0 0.778125 0.1234375 0.02890625 0.0234375
0 0.8828125 0.128125 0.04609375 0.03046875
0 0.934375 0.1265625 0.05 0.0234375
0 0.840625 0.1234375 0.015625 0.01484375
0 0.76171875 0.146875 0.0375 0.01953125
0 0.80703125 0.165625 0.053125 0.03359375
0 0.90078125 0.1640625 0.05703125 0.02890625
0 0.94296875 0.184375 0.03046875 0.0171875
0 0.98984375 0.209375 0.015625 0.02421875
0 0.9203125 0.22578125 0.04609375 0.0265625
0 0.71875 0.234375 0.0484375 0.028125
0 0.9578125 0.24375 0.04296875 0.0265625
0 0.97890625 0.2578125 0.03359375 0.02109375
0 0.70859375 0.2625 0.0390625 0.02734375
0 0.6375 0.2828125 0.021875 0.01015625
0 0.90234375 0.3015625 0.02109375 0.0125
0 0.73046875 0.31328125 0.04140625 0.0265625
0 0.715625 0.33671875 0.05 0.0203125
0 0.865625 0.34921875 0.04609375 0.0265625
0 0.90234375 0.3515625 0.040625 0.0265625
0 0.8578125 0.38515625 0.0515625 0.0265625
0 0.78671875 0.409375 0.0265625 0.00703125
0 0.97890625 0.41484375 0.03046875 0.015625
0 0.0203125 0.42421875 0.0265625 0.021875
0 0.709375 0.4296875 0.05703125 0.03046875
0 0.078125 0.4296875 0.034375 0.0265625
0 0.57890625 0.43828125 0.05 0.028125
0 0.63828125 0.4484375 0.0515625 0.03125
0 0.98671875 0.446875 0.02109375 0.01171875
0 0.55859375 0.4609375 0.046875 0.02578125
0 0.6546875 0.47265625 0.0515625 0.0234375
0 0.54609375 0.478125 0.03359375 0.01796875
0 0.696875 0.484375 0.046875 0.02890625
0 0.65703125 0.4953125 0.0390625 0.0234375
0 0.13984375 0.515625 0.0265625 0.02109375
0 0.10625 0.51640625 0.034375 0.01875
0 0.64609375 0.52578125 0.05 0.025
0 0.05234375 0.534375 0.0515625 0.025
0 0.11953125 0.53125 0.025 0.01171875
0 0.8765625 0.54375 0.03359375 0.03046875
0 0.55234375 0.546875 0.0375 0.01171875
0 0.10078125 0.55625 0.04609375 0.021875
0 0.4890625 0.578125 0.04140625 0.0234375
0 0.8828125 0.603125 0.0375 0.02265625
0 0.84140625 0.6046875 0.0390625 0.0203125
0 0.0765625 0.6171875 0.04140625 0.03046875
0 0.54375 0.615625 0.02890625 0.01796875
0 0.48359375 0.61875 0.03046875 0.01796875
0 0.04140625 0.625 0.04140625 0.02265625
0 0.60546875 0.62265625 0.0109375 0.01875
0 0.76953125 0.625 0.0390625 0.02109375
0 0.72265625 0.6234375 0.03203125 0.015625
0 0.646875 0.63125 0.04140625 0.02578125
0 0.0796875 0.64375 0.0515625 0.02734375
0 0.2015625 0.65 0.04140625 0.021875
0 0.628125 0.6734375 0.025 0.01328125
0 0.68671875 0.6765625 0.02890625 0.01875
0 0.61875 0.70078125 0.0234375 0.01875