0 0.325 0.12890625 0.05859375 0.0171875
0 0.3796875 0.1390625 0.0484375 0.03046875
0 0.31015625 0.15703125 0.0484375 0.0265625
0 0.353125 0.15625 0.0484375 0.0203125
0 0.36640625 0.1828125 0.01953125 0.01953125
0 0.5078125 0.20625 0.02890625 0.02265625
0 0.521875 0.27578125 0.0375 0.0265625
0 0.0203125 0.275 0.0375 0.02421875
0 0.5578125 0.2828125 0.040625 0.021875
0 0.00859375 0.36015625 0.01640625 0.0109375
0 0.02265625 0.3765625 0.03203125 0.01796875
0 0.0296875 0.3953125 0.059375 0.02265625
0 0.034375 0.4140625 0.0359375 0.01875
0 0.990625 0.4375 0.015625 0.01640625
0 0.03984375 0.459375 0.04296875 0.02109375
0 0.009375 0.4734375 0.01640625 0.01328125
0 0.528125 0.4984375 0.0234375 0.009375
0 0.5515625 0.5109375 0.0390625 0.0109375
0 0.0125 0.55625 0.025 0.01796875
0 0.9265625 0.6609375 0.03046875 0.01328125
0 0.103125 0.69140625 0.0234375 0.0203125
0 0.071875 0.70234375 0.01796875 0.0109375
0 0.2859375 0.74140625 0.0390625 0.0234375
0 0.12734375 0.78125 0.04609375 0.02734375