0 0.80859375 0.003125 0.028125 0.00625
0 0.94765625 0.0140625 0.0484375 0.028125
0 0.8046875 0.01484375 0.0265625 0.0109375
0 0.88359375 0.0234375 0.03046875 0.01171875
0 0.8546875 0.0265625 0.0515625 0.0171875
0 0.85546875 0.0421875 0.05546875 0.02109375
0 0.80390625 0.065625 0.06953125 0.03671875
0 0.66328125 0.078125 0.05703125 0.03203125
0 0.82734375 0.0859375 0.02890625 0.01484375
0 0.609375 0.1140625 0.05 0.03046875
0 0.934375 0.134375 0.046875 0.02265625
0 0.64140625 0.153125 0.053125 0.02734375
0 0.96796875 0.1671875 0.0609375 0.04453125
0 0.70546875 0.1703125 0.0390625 0.0265625
0 0.6421875 0.1859375 0.0515625 0.03203125
0 0.853125 0.19375 0.05546875 0.03046875
0 0.725 0.2140625 0.0640625 0.04296875
0 0.62734375 0.21171875 0.03203125 0.01875
0 0.6953125 0.240625 0.0515625 0.0328125
0 0.60234375 0.24140625 0.05390625 0.0328125
0 0.809375 0.25625 0.05546875 0.0421875
0 0.953125 0.2484375 0.04453125 0.01640625
0 0.5765625 0.2609375 0.05546875 0.03203125
0 0.04765625 0.26875 0.06796875 0.03515625
0 0.890625 0.26875 0.0265625 0.0125
0 0.0234375 0.2984375 0.046875 0.0421875
0 0.0765625 0.3 0.05859375 0.03203125
0 0.57578125 0.30546875 0.05390625 0.0328125
0 0.72265625 0.31328125 0.04296875 0.0203125
0 0.00625 0.33125 0.0125 0.02734375
0 0.6125 0.33828125 0.0390625 0.0234375
0 0.0234375 0.3453125 0.03359375 0.01328125
0 0.940625 0.359375 0.08046875 0.03671875
0 0.88515625 0.36796875 0.0234375 0.01875
0 0.10078125 0.4171875 0.065625 0.028125
0 0.91171875 0.425 0.06796875 0.0390625
0 0.04609375 0.41953125 0.05 0.0265625
0 0.496875 0.428125 0.0484375 0.02578125
0 0.5375 0.428125 0.0390625 0.02109375
0 0.86015625 0.425 0.015625 0.0125
0 0.45234375 0.43203125 0.040625 0.025
0 0.6265625 0.4359375 0.053125 0.03125
0 0.703125 0.459375 0.05703125 0.02734375
0 0.86875 0.4625 0.059375 0.01640625
0 0.30390625 0.4703125 0.028125 0.01875
0 0.4625 0.48203125 0.0390625 0.0203125
0 0.2515625 0.4796875 0.03359375 0.01484375
0 0.6421875 0.4859375 0.05390625 0.02265625
0 0.709375 0.4890625 0.034375 0.0140625
0 0.10390625 0.4953125 0.05546875 0.02421875
0 0.80078125 0.49921875 0.0484375 0.0328125
0 0.534375 0.509375 0.059375 0.03046875
0 0.803125 0.51640625 0.025 0.015625
0 0.0390625 0.5734375 0.025 0.01171875
0 0.5875 0.58671875 0.046875 0.0296875
0 0.8875 0.590625 0.0359375 0.02890625
0 0.565625 0.590625 0.053125 0.02421875
0 0.621875 0.5890625 0.02109375 0.01484375
0 0.528125 0.60703125 0.0484375 0.0265625
0 0.7734375 0.628125 0.05546875 0.02734375
0 0.07265625 0.63203125 0.0515625 0.028125
0 0.9125 0.634375 0.05 0.02421875
0 0.51875 0.640625 0.05703125 0.02890625
0 0.96953125 0.6609375 0.05859375 0.05390625
0 0.46640625 0.66640625 0.0640625 0.025
0 0.35234375 0.675 0.040625 0.02109375
0 0.390625 0.68125 0.05 0.02890625
0 0.43984375 0.6921875 0.05703125 0.02578125
0 0.5109375 0.703125 0.05546875 0.03671875
0 0.81015625 0.75078125 0.06796875 0.0375
0 0.53828125 0.78828125 0.04296875 0.034375
0 0.9234375 0.846875 0.05 0.028125
0 0.70234375 0.87890625 0.0484375 0.0359375