0 0.377777778125 0.27578125 0.3458333328125 0.27421875 0.34305555625 0.2921875 0.3458333328125 0.29375 0.375 0.2921875 0.377777778125 0.27578125
0 0.447222221875 0.1984375 0.447222221875 0.18984375 0.44166666718750003 0.18671875 0.4125 0.18671875 0.40972222187499996 0.2046875 0.4125 0.20625 0.44166666718750003 0.2046875 0.447222221875 0.1984375
0 0.6111111109375 0.3109375 0.6083333328125 0.29921875 0.5763888890625 0.30078125 0.5763888890625 0.3109375 0.58194444375 0.3140625 0.6 0.3140625 0.6111111109375 0.3109375
0 0.675 0.36875 0.6861111109375 0.3609375 0.6861111109375 0.35703125 0.6833333328125 0.35625 0.6833333328125 0.35390625 0.675 0.34921875 0.6569444437499999 0.34921875 0.6541666671875 0.35078125 0.6541666671875 0.3671875 0.6569444437499999 0.36875 0.675 0.36875
0 0.6972222218749999 0.3390625 0.7 0.3359375 0.6972222218749999 0.32421875 0.66805555625 0.32421875 0.665277778125 0.32578125 0.66805555625 0.3421875 0.6861111109375 0.34375 0.69305555625 0.3390625 0.6972222218749999 0.3390625
0 0.34722222187499996 0.275 0.352777778125 0.2734375 0.35555555625 0.26328125 0.35 0.25703125 0.34444444375 0.25546875 0.3236111109375 0.25546875 0.32083333281250004 0.25703125 0.32083333281250004 0.271875 0.3263888890625 0.275 0.34722222187499996 0.275
0 0.10833333281249999 0.31953125 0.0791666671875 0.31796875 0.07638888906249999 0.31953125 0.07638888906249999 0.3296875 0.0791666671875 0.33125 0.097222221875 0.33125 0.10833333281249999 0.3234375 0.10833333281249999 0.31953125
0 0.2375 0.38125 0.25 0.3796875 0.25555555625 0.3765625 0.25555555625 0.37421875 0.2611111109375 0.371875 0.2611111109375 0.36484375 0.252777778125 0.36171875 0.23472222187499997 0.36171875 0.23194444375 0.36328125 0.23194444375 0.378125 0.2375 0.38125
0 0.75555555625 0.4859375 0.75555555625 0.47578125 0.752777778125 0.47421875 0.7236111109375 0.47421875 0.7208333328125 0.47578125 0.7208333328125 0.4859375 0.7263888890625 0.4890625 0.7416666671875001 0.490625 0.75555555625 0.4859375
0 0.12222222187500001 0.3859375 0.12222222187500001 0.38203125 0.11944444375 0.38046875 0.090277778125 0.38046875 0.0875 0.38203125 0.090277778125 0.3890625 0.0986111109375 0.3921875 0.10833333281249999 0.3921875 0.12222222187500001 0.3859375
0 0.425 0.49375 0.43333333281249997 0.4890625 0.43333333281249997 0.48203125 0.43055555625 0.48046875 0.4125 0.48046875 0.40972222187499996 0.48203125 0.4125 0.4953125 0.425 0.49375
0 0.5 0.334375 0.5 0.32578125 0.490277778125 0.32421875 0.4875 0.32578125 0.4875 0.334375 0.497222221875 0.3359375 0.5 0.334375
0 0.64305555625 0.3375 0.647222221875 0.3375 0.652777778125 0.334375 0.652777778125 0.32734375 0.64444444375 0.32421875 0.6236111109375 0.32421875 0.6208333328125 0.32578125 0.6208333328125 0.3375 0.6263888890625 0.3421875 0.6388888890625 0.340625 0.64305555625 0.3375
0 0.022222221875 0.34375 0.030555556249999997 0.340625 0.0333333328125 0.33203125 0.027777778125000003 0.32578125 0.0125 0.32421875 0.009722221875000001 0.32578125 0.009722221875000001 0.3421875 0.0125 0.34375 0.022222221875 0.34375
0 0.5722222218749999 0.20546875 0.5458333328125 0.20546875 0.54305555625 0.20703125 0.5458333328125 0.21875 0.5638888890625 0.21875 0.575 0.2125 0.5722222218749999 0.20546875
0 0.34444444375 0.27578125 0.3236111109375 0.27421875 0.32083333281250004 0.27578125 0.3236111109375 0.290625 0.3416666671875 0.290625 0.34444444375 0.27578125
0 0.31944444375000003 0.43828125 0.3013888890625 0.43671875 0.2986111109375 0.4484375 0.3013888890625 0.45 0.3166666671875 0.4484375 0.31944444375000003 0.43828125
0 0.40833333281249995 0.5421875 0.42222222187499997 0.5359375 0.42222222187499997 0.52578125 0.41944444374999995 0.52421875 0.40138888906250003 0.52421875 0.3986111109375 0.52578125 0.40138888906250003 0.5421875 0.40833333281249995 0.5421875
0 0.5583333328125 0.3234375 0.5638888890625 0.31875 0.5638888890625 0.31171875 0.5527777781250001 0.30546875 0.534722221875 0.30546875 0.5319444437499999 0.30703125 0.5319444437499999 0.3234375 0.534722221875 0.325 0.5583333328125 0.3234375
0 0.23472222187499997 0.3359375 0.2416666671875 0.3359375 0.25555555625 0.3296875 0.25555555625 0.32734375 0.2611111109375 0.3234375 0.2611111109375 0.31953125 0.25833333281250004 0.31875 0.25555555625 0.31328125 0.2513888890625 0.31328125 0.25 0.31171875 0.2236111109375 0.31171875 0.2208333328125 0.31328125 0.2208333328125 0.3296875 0.22777777812500002 0.33125 0.23472222187499997 0.3359375
0 0.43333333281249997 0.5546875 0.44166666718750003 0.55 0.44166666718750003 0.53828125 0.4361111109375 0.53671875 0.4125 0.53671875 0.40972222187499996 0.53828125 0.4125 0.553125 0.4236111109375 0.55625 0.43333333281249997 0.5546875
0 0.21111111093749999 0.34375 0.21111111093749999 0.33828125 0.20833333281250002 0.33671875 0.190277778125 0.33671875 0.1875 0.346875 0.19305555624999998 0.35 0.20555555625 0.3484375 0.21111111093749999 0.34375
0 0.8 0.35703125 0.7791666671875 0.35546875 0.7763888890625 0.3671875 0.79444444375 0.36875 0.8 0.365625 0.8 0.35703125
0 0.5888888890625 0.32734375 0.5833333328125 0.32421875 0.55694444375 0.32421875 0.5541666671875001 0.32578125 0.5541666671875001 0.3359375 0.55694444375 0.3375 0.575 0.3375 0.5888888890625 0.3296875 0.5888888890625 0.32734375
0 0.197222221875 0.5109375 0.197222221875 0.50546875 0.1916666671875 0.50078125 0.1861111109375 0.49921875 0.16805555625 0.50078125 0.165277778125 0.5109375 0.1708333328125 0.5140625 0.1888888890625 0.5140625 0.197222221875 0.5109375
0 0.25833333281250004 0.4421875 0.25833333281250004 0.43203125 0.23472222187499997 0.43046875 0.23194444375 0.43203125 0.23194444375 0.4421875 0.24305555625 0.4453125 0.25833333281250004 0.4421875
0 0.33888888906250003 0.171875 0.33888888906250003 0.16328125 0.3125 0.16171875 0.309722221875 0.16328125 0.3125 0.1796875 0.33055555625 0.1796875 0.33888888906250003 0.171875
0 0.26805555625 0.44375 0.275 0.44375 0.28611111093749997 0.4390625 0.2888888890625 0.4359375 0.28611111093749997 0.43046875 0.26805555625 0.43046875 0.26527777812500003 0.43203125 0.26527777812500003 0.4421875 0.26805555625 0.44375
0 0.665277778125 0.4765625 0.6861111109375 0.475 0.6888888890625 0.46953125 0.675 0.46171875 0.6569444437499999 0.46171875 0.6541666671875 0.46328125 0.6541666671875 0.4734375 0.6569444437499999 0.475 0.6638888890625 0.475 0.665277778125 0.4765625
0 0.777777778125 0.37421875 0.7569444437499999 0.37421875 0.7541666671875 0.37578125 0.7569444437499999 0.3875 0.7805555562500001 0.3859375 0.7833333328125 0.37734375 0.777777778125 0.37421875
0 0.16388888906250001 0.36875 0.1666666671875 0.3671875 0.1666666671875 0.35703125 0.16388888906250001 0.35546875 0.1458333328125 0.35546875 0.14305555625 0.35703125 0.14305555625 0.3671875 0.1458333328125 0.36875 0.16388888906250001 0.36875
0 0.23333333281250002 0.25703125 0.2236111109375 0.25546875 0.2208333328125 0.2625 0.2236111109375 0.265625 0.23055555625 0.265625 0.23333333281250002 0.25703125
0 0.9541666671875 0.4671875 0.9666666671874999 0.4671875 0.975 0.4625 0.975 0.45703125 0.9666666671874999 0.453125 0.9638888890624999 0.44921875 0.9458333328125 0.44921875 0.94305555625 0.45078125 0.94305555625 0.4609375 0.9458333328125 0.4640625 0.9541666671875 0.4671875
0 0.46666666718750005 0.25078125 0.4458333328125 0.24921875 0.44305555625000004 0.265625 0.4486111109375 0.26875 0.46388888906250003 0.26875 0.46666666718750005 0.25078125
0 0.17916666718750002 0.33828125 0.17916666718750002 0.3484375 0.1861111109375 0.3484375 0.1861111109375 0.33828125 0.17916666718750002 0.33828125
0 0.5611111109375 0.4171875 0.5611111109375 0.41328125 0.5458333328125 0.41171875 0.54305555625 0.41328125 0.54305555625 0.4234375 0.5527777781250001 0.425 0.5611111109375 0.4171875
0 0.6083333328125 0.35625 0.6138888890625 0.35 0.6138888890625 0.34609375 0.6083333328125 0.34296875 0.590277778125 0.34296875 0.5875 0.34453125 0.5875 0.3546875 0.5930555562500001 0.3578125 0.6083333328125 0.35625
0 0.6458333328125 0.2984375 0.652777778125 0.2984375 0.6666666671875 0.2921875 0.66944444375 0.28203125 0.6638888890625 0.28046875 0.6458333328125 0.28046875 0.64305555625 0.28203125 0.64305555625 0.2953125 0.6458333328125 0.2984375
0 0.5638888890625 0.4 0.5666666671875 0.3984375 0.5666666671875 0.38828125 0.5638888890625 0.38671875 0.5458333328125 0.38671875 0.54305555625 0.38828125 0.54305555625 0.3984375 0.5486111109375 0.4015625 0.5638888890625 0.4
0 0.42083333281249996 0.49140625 0.42083333281249996 0.503125 0.4236111109375 0.50390625 0.4236111109375 0.50625 0.44166666718750003 0.50625 0.45 0.5015625 0.45277777812500003 0.49453125 0.44166666718750003 0.48671875 0.4291666671875 0.48671875 0.427777778125 0.48828125 0.4236111109375 0.48828125 0.4236111109375 0.490625 0.42083333281249996 0.49140625
0 0.45 0.46953125 0.434722221875 0.46796875 0.43194444374999996 0.4765625 0.434722221875 0.4796875 0.44444444375 0.4796875 0.45 0.46953125
0 0.5083333328124999 0.40078125 0.5 0.39921875 0.4875 0.40078125 0.4875 0.4046875 0.49305555625 0.4078125 0.5083333328124999 0.4046875 0.5083333328124999 0.40078125
0 0.7583333328124999 0.428125 0.7583333328124999 0.42109375 0.752777778125 0.41796875 0.734722221875 0.41796875 0.73194444375 0.4296875 0.7375 0.4328125 0.752777778125 0.4328125 0.7583333328124999 0.428125
0 0.797222221875 0.4359375 0.797222221875 0.42578125 0.7791666671875 0.42421875 0.7763888890625 0.42578125 0.7763888890625 0.4359375 0.79444444375 0.4375 0.797222221875 0.4359375
0 0.1861111109375 0.3359375 0.197222221875 0.3296875 0.197222221875 0.32578125 0.17916666718750002 0.32421875 0.1763888890625 0.32578125 0.1763888890625 0.3328125 0.17916666718750002 0.3359375 0.1861111109375 0.3359375
0 0.44444444375 0.48984375 0.4236111109375 0.48828125 0.4236111109375 0.5046875 0.4388888890625 0.5046875 0.447222221875 0.4984375 0.44444444375 0.48984375
0 0.4375 0.51875 0.44166666718750003 0.51875 0.45277777812500003 0.5125 0.45277777812500003 0.50703125 0.45 0.50546875 0.434722221875 0.50546875 0.43194444374999996 0.50703125 0.43194444374999996 0.515625 0.4375 0.51875
0 0.527777778125 0.60625 0.5333333328125 0.6046875 0.5361111109375 0.60078125 0.5416666671875 0.5984375 0.5416666671875 0.59453125 0.5333333328125 0.590625 0.5305555562500001 0.58671875 0.5125 0.58671875 0.5097222218749999 0.58828125 0.5097222218749999 0.603125 0.515277778125 0.60625 0.527777778125 0.60625
0 0.36805555624999997 0.5046875 0.377777778125 0.5046875 0.38055555625 0.503125 0.377777778125 0.48828125 0.35694444375 0.48671875 0.3541666671875 0.48828125 0.35694444375 0.4984375 0.3638888890625 0.5 0.36805555624999997 0.5046875
0 0.377777778125 0.48828125 0.35694444375 0.48671875 0.3541666671875 0.48828125 0.35694444375 0.4984375 0.375 0.4984375 0.377777778125 0.48828125