0 0.190277778125 0.20390625 0.190277778125 0.20625 0.23055555625 0.20625 0.24444444375000002 0.1953125 0.24444444375000002 0.18984375 0.23333333281250002 0.184375 0.23055555625 0.17890625 0.21944444375 0.17421875 0.1986111109375 0.17421875 0.197222221875 0.17578125 0.190277778125 0.17578125 0.190277778125 0.178125 0.1875 0.17890625 0.1875 0.203125 0.190277778125 0.20390625
0 0.2486111109375 0.1921875 0.2638888890625 0.19375 0.2666666671875 0.18984375 0.27777777812500004 0.1859375 0.27777777812500004 0.16640625 0.275 0.16328125 0.26944444375 0.16171875 0.23472222187499997 0.16171875 0.23194444375 0.16328125 0.23194444375 0.1859375 0.24444444375000002 0.1890625 0.2486111109375 0.1921875
0 0.377777778125 0.5171875 0.377777778125 0.50546875 0.372222221875 0.50078125 0.36805555624999997 0.50078125 0.36666666718749996 0.49921875 0.3236111109375 0.49921875 0.32083333281250004 0.50078125 0.32083333281250004 0.521875 0.3263888890625 0.525 0.3638888890625 0.525 0.377777778125 0.5171875
0 0.365277778125 0.4375 0.36805555624999997 0.440625 0.3791666671875 0.44375 0.397222221875 0.44375 0.3986111109375 0.4421875 0.40555555625000006 0.4421875 0.4125 0.4375 0.41944444374999995 0.4359375 0.41944444374999995 0.43203125 0.42222222187499997 0.43125 0.41944444374999995 0.42265625 0.4138888890625 0.4203125 0.40833333281249995 0.41171875 0.3791666671875 0.41171875 0.36805555624999997 0.41953125 0.36805555624999997 0.4234375 0.365277778125 0.42421875 0.365277778125 0.4375
0 0.397222221875 0.3125 0.40277777812500004 0.30625 0.4 0.28828125 0.397222221875 0.28671875 0.35972222187499997 0.28671875 0.3541666671875 0.28984375 0.3541666671875 0.309375 0.35972222187499997 0.3125 0.397222221875 0.3125
0 0.20138888906250002 0.2375 0.2166666671875 0.2375 0.222222221875 0.234375 0.222222221875 0.22890625 0.23333333281250002 0.2234375 0.2375 0.21875 0.24444444375000002 0.2171875 0.2388888890625 0.21171875 0.20138888906250002 0.21171875 0.1986111109375 0.21328125 0.1986111109375 0.2359375 0.20138888906250002 0.2375
0 0.034722221875 0.60625 0.052777778124999994 0.6046875 0.0666666671875 0.596875 0.0666666671875 0.58671875 0.0638888890625 0.5859375 0.0638888890625 0.58203125 0.05694444375 0.58203125 0.055555556250000006 0.58046875 0.0236111109375 0.58046875 0.0208333328125 0.58203125 0.0208333328125 0.6 0.0236111109375 0.603125 0.034722221875 0.60625
0 0.22638888906250001 0.5703125 0.25 0.5703125 0.25833333281250004 0.565625 0.25833333281250004 0.54453125 0.215277778125 0.54296875 0.20972222187499998 0.54609375 0.20972222187499998 0.565625 0.215277778125 0.56875 0.22638888906250001 0.5703125
0 0.3125 0.3828125 0.33055555625 0.38125 0.34444444375 0.3734375 0.34444444375 0.36328125 0.3416666671875 0.36171875 0.3013888890625 0.36171875 0.2986111109375 0.36328125 0.2986111109375 0.3796875 0.3013888890625 0.38125 0.3111111109375 0.38125 0.3125 0.3828125
0 0.1861111109375 0.346875 0.190277778125 0.34375 0.197222221875 0.3421875 0.197222221875 0.32890625 0.1888888890625 0.32421875 0.16805555625 0.32421875 0.165277778125 0.32578125 0.165277778125 0.3421875 0.17916666718750002 0.346875 0.1861111109375 0.346875
0 0.8208333328125 0.52890625 0.8208333328125 0.5484375 0.8291666671875 0.5546875 0.8416666671874999 0.55625 0.8430555562500001 0.5578125 0.85 0.5578125 0.85555555625 0.5546875 0.85555555625 0.54453125 0.86944444375 0.5359375 0.86944444375 0.53359375 0.872222221875 0.5328125 0.872222221875 0.52734375 0.8666666671875 0.52421875 0.8291666671875 0.52421875 0.827777778125 0.52578125 0.8236111109375001 0.52578125 0.8236111109375001 0.528125 0.8208333328125 0.52890625
0 0.175 0.7875 0.1916666671875 0.778125 0.1916666671875 0.77578125 0.197222221875 0.7734375 0.197222221875 0.76484375 0.19444444375 0.76328125 0.190277778125 0.76328125 0.1888888890625 0.76171875 0.14861111093749999 0.76171875 0.14305555625 0.76484375 0.14305555625 0.784375 0.14861111093749999 0.7875 0.175 0.7875
0 0.0125 0.553125 0.019444443750000002 0.553125 0.0236111109375 0.55 0.027777778125000003 0.55 0.0333333328125 0.5453125 0.0333333328125 0.53984375 0.0388888890625 0.5359375 0.0388888890625 0.53046875 0.030555556249999997 0.52421875 0.0125 0.52421875 0.009722221875000001 0.52578125 0.009722221875000001 0.55 0.0125 0.553125
0 0.3416666671875 0.3125 0.34722222187499996 0.309375 0.34444444375 0.28828125 0.3416666671875 0.28671875 0.3125 0.28671875 0.309722221875 0.28828125 0.309722221875 0.3109375 0.3263888890625 0.3140625 0.3416666671875 0.3125
0 0.3611111109375 0.3421875 0.365277778125 0.346875 0.375 0.346875 0.38194444375000003 0.3421875 0.3861111109375 0.3421875 0.3888888890625 0.3390625 0.3888888890625 0.33203125 0.3861111109375 0.32890625 0.375 0.32421875 0.334722221875 0.32421875 0.33194444375 0.32578125 0.33194444375 0.3421875 0.3375 0.3453125 0.352777778125 0.346875 0.3611111109375 0.3421875
0 0.9333333328125001 0.46328125 0.9013888890624999 0.46171875 0.8986111109375001 0.4796875 0.9277777781250001 0.48125 0.9333333328125001 0.478125 0.9333333328125001 0.46328125
0 0.272222221875 0.4 0.2791666671875 0.4046875 0.28611111093749997 0.4046875 0.3 0.3953125 0.3 0.38203125 0.29722222187499997 0.38046875 0.26805555625 0.38046875 0.26527777812500003 0.38203125 0.26527777812500003 0.3984375 0.26805555625 0.4 0.272222221875 0.4
0 0.31944444375000003 0.6125 0.325 0.6078125 0.325 0.60546875 0.33055555625 0.603125 0.33055555625 0.59453125 0.322222221875 0.590625 0.31944444375000003 0.58671875 0.29305555625 0.58671875 0.2875 0.58984375 0.2875 0.6109375 0.29305555625 0.6140625 0.31944444375000003 0.6125
0 0.16388888906250001 0.175 0.177777778125 0.1671875 0.177777778125 0.15703125 0.175 0.15546875 0.1458333328125 0.15546875 0.14305555625 0.15703125 0.14305555625 0.1703125 0.1458333328125 0.1734375 0.16388888906250001 0.175
0 0.3986111109375 0.575 0.42222222187499997 0.5734375 0.43333333281249997 0.5671875 0.43333333281249997 0.55234375 0.425 0.54921875 0.39027777812500003 0.54921875 0.3875 0.55078125 0.3875 0.5703125 0.39027777812500003 0.5734375 0.3986111109375 0.575
0 0.197222221875 0.68125 0.1986111109375 0.6796875 0.20277777812500003 0.6796875 0.2138888890625 0.6734375 0.2138888890625 0.67109375 0.21944444375 0.66875 0.21944444375 0.66171875 0.20833333281250002 0.65546875 0.17916666718750002 0.65546875 0.1763888890625 0.65703125 0.1763888890625 0.6796875 0.17916666718750002 0.68125 0.197222221875 0.68125
0 0.2986111109375 0.24375 0.290277778125 0.24765625 0.290277778125 0.25 0.2875 0.25078125 0.2875 0.265625 0.29305555625 0.26875 0.31944444375000003 0.26875 0.32083333281250004 0.2671875 0.325 0.2671875 0.33194444375 0.2625 0.3361111109375 0.2625 0.3416666671875 0.259375 0.3416666671875 0.24921875 0.3361111109375 0.246875 0.3361111109375 0.24296875 0.3333333328125 0.2421875 0.3333333328125 0.23984375 0.32777777812500003 0.23671875 0.30694444375 0.23671875 0.30555555624999997 0.23828125 0.3013888890625 0.23828125 0.2986111109375 0.24375
0 0.8791666671874999 0.6703125 0.890277778125 0.675 0.9083333328125001 0.675 0.909722221875 0.6734375 0.9138888890624999 0.6734375 0.922222221875 0.66875 0.922222221875 0.65234375 0.9138888890624999 0.64921875 0.8791666671874999 0.64921875 0.8763888890624999 0.65078125 0.8763888890624999 0.6671875 0.8791666671874999 0.66796875 0.8791666671874999 0.6703125
0 0.15694444375 0.70078125 0.15694444375 0.7046875 0.1541666671875 0.70546875 0.1541666671875 0.721875 0.16388888906250001 0.725 0.165277778125 0.7234375 0.175 0.7234375 0.18194444375000002 0.71875 0.19444444375 0.71875 0.20555555625 0.7109375 0.20555555625 0.70234375 0.197222221875 0.69921875 0.165277778125 0.69921875 0.16388888906250001 0.70078125 0.15694444375 0.70078125
0 0.28194444375 0.8 0.28472222187499996 0.80078125 0.28472222187499996 0.803125 0.29305555625 0.80625 0.3083333328125 0.803125 0.3111111109375 0.78984375 0.30555555624999997 0.78671875 0.26805555625 0.78671875 0.26527777812500003 0.78828125 0.26527777812500003 0.8 0.2708333328125 0.8046875 0.275 0.8046875 0.28194444375 0.8
0 0.5388888890625 0.73125 0.5416666671875 0.7296875 0.5416666671875 0.72109375 0.5333333328125 0.7140625 0.5333333328125 0.70859375 0.527777778125 0.70546875 0.5013888890625 0.70546875 0.4986111109375 0.70703125 0.4986111109375 0.728125 0.5125 0.7328125 0.5388888890625 0.73125
0 0.9986111109375001 0.3921875 0.9986111109375001 0.37578125 0.9791666671874999 0.37421875 0.9763888890624999 0.3921875 0.98194444375 0.3953125 0.99444444375 0.396875 0.9986111109375001 0.3921875
0 0.41944444374999995 0.625 0.42222222187499997 0.62109375 0.43055555625 0.61875 0.43333333281249997 0.615625 0.43333333281249997 0.60859375 0.427777778125 0.60546875 0.40138888906250003 0.60546875 0.3986111109375 0.60703125 0.3986111109375 0.6234375 0.40416666718750005 0.6265625 0.41944444374999995 0.625
0 0.7666666671875 0.646875 0.7638888890625 0.63046875 0.7208333328125 0.63203125 0.7208333328125 0.646875 0.7263888890625 0.65 0.7611111109375 0.65 0.7666666671875 0.646875
0 0.290277778125 0.5625 0.3083333328125 0.5625 0.31944444375000003 0.55625 0.31944444375000003 0.55078125 0.3138888890625 0.5484375 0.3138888890625 0.54609375 0.3083333328125 0.54296875 0.2791666671875 0.54296875 0.27638888906250003 0.54453125 0.27638888906250003 0.5546875 0.2791666671875 0.55546875 0.2791666671875 0.5578125 0.290277778125 0.5625
0 0.1986111109375 0.846875 0.20555555625 0.846875 0.20972222187499998 0.84375 0.21944444375 0.8421875 0.21944444375 0.83984375 0.222222221875 0.8390625 0.222222221875 0.82109375 0.2166666671875 0.81796875 0.1986111109375 0.81796875 0.197222221875 0.81953125 0.190277778125 0.81953125 0.1888888890625 0.81796875 0.16805555625 0.81796875 0.165277778125 0.81953125 0.165277778125 0.8328125 0.17916666718750002 0.84375 0.197222221875 0.8484375 0.1986111109375 0.846875
0 0.4611111109375 0.4546875 0.4625 0.453125 0.47222222187499996 0.4515625 0.477777778125 0.4484375 0.48333333281249996 0.43984375 0.477777778125 0.43671875 0.434722221875 0.43671875 0.43194444374999996 0.43828125 0.43194444374999996 0.4484375 0.4375 0.4515625 0.44166666718750003 0.4515625 0.4458333328125 0.4546875 0.4611111109375 0.4546875
0 0.534722221875 0.7203125 0.54305555625 0.72578125 0.54305555625 0.728125 0.5458333328125 0.7296875 0.5527777781250001 0.7296875 0.55694444375 0.7265625 0.5666666671875 0.725 0.5666666671875 0.72265625 0.575 0.71875 0.575 0.71640625 0.577777778125 0.715625 0.577777778125 0.70859375 0.5638888890625 0.69921875 0.534722221875 0.69921875 0.5319444437499999 0.70078125 0.5319444437499999 0.715625 0.534722221875 0.71640625 0.534722221875 0.7203125
0 0.197222221875 0.31875 0.197222221875 0.31171875 0.1888888890625 0.30546875 0.17916666718750002 0.30546875 0.1763888890625 0.3203125 0.17916666718750002 0.3234375 0.1888888890625 0.3234375 0.197222221875 0.31875
0 0.2708333328125 0.2453125 0.2791666671875 0.2515625 0.28611111093749997 0.2515625 0.290277778125 0.2484375 0.29444444375 0.2484375 0.29722222187499997 0.24453125 0.302777778125 0.2421875 0.30555555624999997 0.23046875 0.29722222187499997 0.22421875 0.26805555625 0.22421875 0.26527777812500003 0.22578125 0.26527777812500003 0.2359375 0.26805555625 0.23671875 0.2708333328125 0.2453125
0 0.4 0.4609375 0.4 0.45703125 0.397222221875 0.45546875 0.36805555624999997 0.45546875 0.365277778125 0.45703125 0.365277778125 0.4609375 0.3791666671875 0.4671875 0.39444444375 0.465625 0.4 0.4609375
0 0.27638888906250003 0.34921875 0.27638888906250003 0.359375 0.28194444375 0.3625 0.29722222187499997 0.3625 0.3111111109375 0.35625 0.3138888890625 0.35078125 0.31944444375000003 0.3484375 0.31944444375000003 0.34453125 0.3138888890625 0.34296875 0.290277778125 0.34296875 0.2791666671875 0.34609375 0.27638888906250003 0.34921875
0 0.10694444375 0.63125 0.1166666671875 0.63125 0.12222222187500001 0.628125 0.12222222187500001 0.62578125 0.11944444375 0.625 0.11944444375 0.61953125 0.10833333281249999 0.61171875 0.0791666671875 0.61171875 0.07638888906249999 0.61328125 0.07638888906249999 0.625 0.08194444375 0.6296875 0.10555555624999999 0.6328125 0.10694444375 0.63125
0 0.11944444375 0.5734375 0.11944444375 0.56328125 0.1111111109375 0.55703125 0.10555555624999999 0.55546875 0.07638888906249999 0.55703125 0.07638888906249999 0.5734375 0.08194444375 0.5765625 0.10833333281249999 0.5765625 0.11944444375 0.5734375
0 0.3236111109375 0.6796875 0.33055555625 0.6796875 0.3333333328125 0.67578125 0.34305555625 0.6703125 0.34722222187499996 0.6703125 0.34861111093749997 0.66875 0.3638888890625 0.66875 0.3638888890625 0.66640625 0.36666666718749996 0.665625 0.36666666718749996 0.66328125 0.3638888890625 0.6625 0.3638888890625 0.65390625 0.3583333328125 0.65078125 0.3375 0.65078125 0.3361111109375 0.64921875 0.29305555625 0.64921875 0.2875 0.65234375 0.2875 0.6734375 0.30416666718749996 0.68125 0.322222221875 0.68125 0.3236111109375 0.6796875
0 0.1208333328125 0.565625 0.12361111093749999 0.5671875 0.13333333281249998 0.5671875 0.134722221875 0.56875 0.1611111109375 0.5671875 0.1611111109375 0.56328125 0.15277777812499999 0.559375 0.15277777812499999 0.55390625 0.16388888906250001 0.5453125 0.16388888906250001 0.53828125 0.15555555625 0.534375 0.15555555625 0.53203125 0.15 0.53046875 0.109722221875 0.53046875 0.10833333281249999 0.53203125 0.10138888906250001 0.53203125 0.0986111109375 0.5484375 0.115277778125 0.5578125 0.1208333328125 0.55859375 0.1208333328125 0.565625
0 0.4236111109375 0.39375 0.46388888906250003 0.39375 0.46666666718750005 0.38984375 0.475 0.3859375 0.475 0.38046875 0.477777778125 0.3796875 0.475 0.37421875 0.47083333281249995 0.37421875 0.46388888906250003 0.36796875 0.44305555625000004 0.36796875 0.43194444374999996 0.37265625 0.43194444374999996 0.3765625 0.42083333281249996 0.38203125 0.42083333281249996 0.3921875 0.4236111109375 0.39375
0 0.28611111093749997 0.421875 0.2916666671875 0.41875 0.2888888890625 0.40703125 0.28611111093749997 0.40546875 0.26805555625 0.40546875 0.26527777812500003 0.40703125 0.26527777812500003 0.4171875 0.2791666671875 0.421875 0.28611111093749997 0.421875
0 0.9666666671874999 0.4796875 0.9666666671874999 0.47109375 0.9611111109375001 0.46796875 0.934722221875 0.46796875 0.93194444375 0.46953125 0.93194444375 0.48125 0.9375 0.484375 0.952777778125 0.484375 0.9666666671874999 0.4796875
0 0.14444444375 0.6234375 0.147222221875 0.61484375 0.1416666671875 0.61171875 0.12361111093749999 0.61171875 0.1208333328125 0.61328125 0.12361111093749999 0.6265625 0.13888888906250002 0.6265625 0.14444444375 0.6234375
0 0.084722221875 0.8671875 0.0888888890625 0.8671875 0.0888888890625 0.85859375 0.077777778125 0.853125 0.077777778125 0.85078125 0.075 0.84921875 0.05694444375 0.84921875 0.054166667187499996 0.85078125 0.054166667187499996 0.8609375 0.06805555625000001 0.86875 0.08333333281250001 0.86875 0.084722221875 0.8671875
0 0.2666666671875 0.7796875 0.27777777812500004 0.7734375 0.27777777812500004 0.76015625 0.26944444375 0.75546875 0.24583333281250003 0.75546875 0.24305555625 0.75703125 0.24305555625 0.778125 0.24583333281250003 0.7796875 0.2666666671875 0.7796875
0 0.3416666671875 0.37578125 0.334722221875 0.37578125 0.33194444375 0.37890625 0.33194444375 0.39375 0.334722221875 0.396875 0.34722222187499996 0.396875 0.35972222187499997 0.3921875 0.3625 0.39375 0.375 0.39375 0.377777778125 0.3921875 0.377777778125 0.37578125 0.36805555624999997 0.37421875 0.3611111109375 0.38359375 0.3513888890625 0.38203125 0.3416666671875 0.37578125
0 0.34861111093749997 0.38046875 0.34305555625 0.38515625 0.34305555625 0.3921875 0.3458333328125 0.39296875 0.3458333328125 0.396875 0.3611111109375 0.396875 0.3625 0.3953125 0.375 0.39375 0.3861111109375 0.3875 0.3861111109375 0.37734375 0.377777778125 0.37421875 0.36805555624999997 0.37421875 0.3583333328125 0.38046875 0.34861111093749997 0.38046875
0 0.34861111093749997 0.5484375 0.3638888890625 0.54375 0.36666666718749996 0.540625 0.36666666718749996 0.53203125 0.3638888890625 0.53046875 0.3458333328125 0.53046875 0.34305555625 0.53203125 0.34305555625 0.54375 0.34861111093749997 0.5484375
0 0.35 0.396875 0.3638888890625 0.3921875 0.3611111109375 0.38203125 0.3541666671875 0.38203125 0.3416666671875 0.37578125 0.334722221875 0.37578125 0.33194444375 0.37734375 0.33194444375 0.39375 0.334722221875 0.396875 0.35 0.396875
0 0.94305555625 0.63359375 0.94305555625 0.6484375 0.9486111109375001 0.6515625 0.95555555625 0.6515625 0.95694444375 0.653125 0.9666666671874999 0.6515625 0.98055555625 0.6421875 0.9833333328125 0.63203125 0.9791666671874999 0.63203125 0.977777778125 0.63046875 0.9486111109375001 0.63046875 0.94305555625 0.63359375
0 0.4388888890625 0.4859375 0.4486111109375 0.4921875 0.45555555625000005 0.4921875 0.46527777812500004 0.4953125 0.47222222187499996 0.4953125 0.477777778125 0.4921875 0.475 0.48203125 0.46944444374999994 0.4796875 0.46666666718750005 0.47109375 0.4611111109375 0.46796875 0.4125 0.46796875 0.40972222187499996 0.46953125 0.40972222187499996 0.4859375 0.4125 0.4875 0.43333333281249997 0.4875 0.4388888890625 0.4859375
0 0.025 0.50390625 0.019444443750000002 0.49921875 0.0125 0.49921875 0.009722221875000001 0.515625 0.019444443750000002 0.51875 0.025 0.515625 0.025 0.50390625
0 0.8194444437499999 0.609375 0.83055555625 0.6046875 0.83055555625 0.59765625 0.825 0.58828125 0.8125 0.58671875 0.809722221875 0.58828125 0.809722221875 0.6046875 0.815277778125 0.609375 0.8194444437499999 0.609375
0 0.525 0.55234375 0.51944444375 0.54921875 0.5125 0.54921875 0.5097222218749999 0.55078125 0.5097222218749999 0.5609375 0.51944444375 0.5625 0.525 0.55234375
0 0.6152777781250001 0.50625 0.622222221875 0.5046875 0.622222221875 0.49453125 0.61944444375 0.49296875 0.5930555562500001 0.49296875 0.5875 0.49609375 0.5875 0.5078125 0.590277778125 0.5109375 0.6083333328125 0.5109375 0.6152777781250001 0.50625
0 0.3111111109375 0.5859375 0.322222221875 0.5796875 0.325 0.56953125 0.31944444375000003 0.56796875 0.3013888890625 0.56796875 0.2986111109375 0.56953125 0.2986111109375 0.584375 0.3013888890625 0.5859375 0.3111111109375 0.5859375
0 0.08333333281250001 0.52421875 0.054166667187499996 0.52578125 0.05694444375 0.5375 0.0888888890625 0.5359375 0.0888888890625 0.52734375 0.08333333281250001 0.52421875
0 0.33055555625 0.6796875 0.3333333328125 0.67578125 0.3416666671875 0.671875 0.3416666671875 0.66796875 0.34444444375 0.6671875 0.34444444375 0.65546875 0.3416666671875 0.6546875 0.3416666671875 0.65078125 0.33194444375 0.65078125 0.33055555625 0.64921875 0.29305555625 0.64921875 0.2875 0.65234375 0.2875 0.6734375 0.30416666718749996 0.68125 0.33055555625 0.6796875
0 0.8111111109375001 0.4984375 0.8236111109375001 0.50625 0.8416666671874999 0.50625 0.8416666671874999 0.50546875 0.8444444437499999 0.5046875 0.8444444437499999 0.49609375 0.8361111109375001 0.4921875 0.8361111109375001 0.48984375 0.834722221875 0.48984375 0.83055555625 0.48671875 0.8125 0.48671875 0.8125 0.4875 0.809722221875 0.48828125 0.809722221875 0.4984375 0.8111111109375001 0.4984375
0 0.9333333328125001 0.50703125 0.9125 0.50546875 0.909722221875 0.50703125 0.9125 0.51875 0.9305555562500001 0.51875 0.9333333328125001 0.50703125
0 0.4611111109375 0.4890625 0.46388888906250003 0.4828125 0.4611111109375 0.46796875 0.40972222187499996 0.46953125 0.4125 0.4875 0.44166666718750003 0.4859375 0.4486111109375 0.4890625 0.4611111109375 0.4890625
0 0.11805555625 0.55859375 0.1208333328125 0.5703125 0.13194444375 0.575 0.15555555625 0.575 0.16388888906250001 0.5703125 0.1666666671875 0.565625 0.1611111109375 0.5546875 0.16388888906250001 0.53828125 0.15555555625 0.53671875 0.14305555625 0.53671875 0.1416666671875 0.53828125 0.1125 0.53671875 0.109722221875 0.53828125 0.109722221875 0.5515625 0.1125 0.55625 0.11805555625 0.55859375
0 0.5375 0.7234375 0.54305555625 0.728125 0.5611111109375 0.7265625 0.5625 0.725 0.5666666671875 0.725 0.5666666671875 0.72265625 0.577777778125 0.715625 0.577777778125 0.70859375 0.5638888890625 0.69921875 0.5125 0.69921875 0.5097222218749999 0.70078125 0.5097222218749999 0.7296875 0.5125 0.73125 0.5361111109375 0.7296875 0.5375 0.7234375
0 0.477777778125 0.496875 0.4791666671875 0.4953125 0.4888888890625 0.4953125 0.5 0.490625 0.5 0.47734375 0.49444444374999996 0.47421875 0.48055555625 0.47734375 0.47083333281249995 0.47734375 0.4611111109375 0.46796875 0.4458333328125 0.46796875 0.44305555625000004 0.46953125 0.44305555625000004 0.4875 0.4458333328125 0.48828125 0.4458333328125 0.4921875 0.477777778125 0.496875
0 0.21944444375 0.978125 0.222222221875 0.96953125 0.190277778125 0.96796875 0.1875 0.99921875 0.2166666671875 0.99921875 0.222222221875 0.9921875 0.21944444375 0.978125
0 0.4486111109375 0.49375 0.4583333328125 0.49375 0.459722221875 0.4953125 0.475 0.496875 0.4763888890625 0.4953125 0.4888888890625 0.4953125 0.5 0.490625 0.5 0.47734375 0.49444444374999996 0.47421875 0.47083333281249995 0.47734375 0.46666666718750005 0.4734375 0.46666666718750005 0.46953125 0.4611111109375 0.46796875 0.4236111109375 0.46796875 0.42083333281249996 0.46953125 0.42083333281249996 0.484375 0.4263888890625 0.4875 0.4388888890625 0.4875 0.4486111109375 0.49375
0 0.0125 0.8109375 0.022222221875 0.809375 0.022222221875 0.80703125 0.027777778125000003 0.8046875 0.0333333328125 0.79609375 0.027777778125000003 0.79296875 0.0125 0.79296875 0.009722221875000001 0.79453125 0.009722221875000001 0.809375 0.0125 0.8109375
0 0.33888888906250003 0.27578125 0.3333333328125 0.27421875 0.309722221875 0.27578125 0.3125 0.284375 0.322222221875 0.284375 0.33888888906250003 0.2796875 0.33888888906250003 0.27578125
0 0.15555555625 0.575 0.1666666671875 0.5671875 0.1666666671875 0.55859375 0.1611111109375 0.55546875 0.134722221875 0.55546875 0.13194444375 0.55703125 0.13194444375 0.5734375 0.134722221875 0.575 0.15555555625 0.575
0 0.29305555625 0.24453125 0.2888888890625 0.24765625 0.28194444375 0.24765625 0.27638888906250003 0.25234375 0.27638888906250003 0.265625 0.28194444375 0.26875 0.2875 0.2671875 0.3166666671875 0.26875 0.31805555625 0.2671875 0.325 0.2671875 0.334722221875 0.2609375 0.33888888906250003 0.2609375 0.3416666671875 0.24921875 0.3333333328125 0.2421875 0.3333333328125 0.23828125 0.309722221875 0.23671875 0.2986111109375 0.24140625 0.29722222187499997 0.24453125 0.29305555625 0.24453125