0 0.25555555625 0.025 0.25555555625 0.01796875 0.25833333281250004 0.0171875 0.25833333281250004 0.01328125 0.25555555625 0.0125 0.25555555625 0.00703125 0.252777778125 0.00546875 0.20138888906250002 0.00546875 0.1986111109375 0.00703125 0.1986111109375 0.0234375 0.2125 0.03125 0.2416666671875 0.03125 0.25555555625 0.025
0 0.3763888890625 0.7265625 0.397222221875 0.7265625 0.3986111109375 0.725 0.40555555625000006 0.725 0.41944444374999995 0.7171875 0.42222222187499997 0.70859375 0.4138888890625 0.70078125 0.40833333281249995 0.69921875 0.36805555624999997 0.69921875 0.365277778125 0.70078125 0.365277778125 0.7234375 0.36805555624999997 0.725 0.375 0.725 0.3763888890625 0.7265625
0 0.20555555625 0.13125 0.215277778125 0.1375 0.24444444375000002 0.1375 0.24583333281250003 0.1359375 0.25 0.1359375 0.252777778125 0.134375 0.252777778125 0.13203125 0.25833333281250004 0.1296875 0.25833333281250004 0.12734375 0.2638888890625 0.125 0.2638888890625 0.11484375 0.25833333281250004 0.1125 0.25555555625 0.10703125 0.2416666671875 0.09921875 0.20138888906250002 0.09921875 0.1986111109375 0.10078125 0.1986111109375 0.1296875 0.20138888906250002 0.13125 0.20555555625 0.13125
0 0.06805555625000001 0.225 0.097222221875 0.225 0.10833333281249999 0.2171875 0.10833333281249999 0.20234375 0.102777778125 0.2 0.1 0.19453125 0.097222221875 0.19296875 0.05694444375 0.19296875 0.054166667187499996 0.19453125 0.054166667187499996 0.21875 0.05694444375 0.221875 0.06805555625000001 0.225
0 0.077777778125 0.13125 0.0875 0.1375 0.1166666671875 0.1375 0.11805555625 0.1359375 0.12222222187500001 0.1359375 0.12222222187500001 0.13359375 0.13333333281249998 0.128125 0.13333333281249998 0.11484375 0.13055555624999998 0.1140625 0.13055555624999998 0.11171875 0.1291666671875 0.11171875 0.11944444375 0.10546875 0.08194444375 0.10546875 0.08194444375 0.10625 0.07638888906249999 0.10859375 0.07638888906249999 0.13125 0.077777778125 0.13125
0 0.24583333281250003 0.3765625 0.25694444375000003 0.38125 0.272222221875 0.38125 0.28194444375 0.375 0.2888888890625 0.3734375 0.2888888890625 0.36171875 0.28055555625 0.35625 0.27777777812500004 0.35078125 0.2736111109375 0.35078125 0.272222221875 0.34921875 0.24583333281250003 0.34921875 0.24305555625 0.35078125 0.24305555625 0.3734375 0.24583333281250003 0.37421875 0.24583333281250003 0.3765625
0 0.1541666671875 0.2546875 0.15694444375 0.25625 0.177777778125 0.2578125 0.1916666671875 0.2546875 0.1916666671875 0.25234375 0.2 0.2484375 0.2 0.23359375 0.19444444375 0.23046875 0.1708333328125 0.23046875 0.15694444375 0.23515625 0.1541666671875 0.23828125 0.1541666671875 0.2546875
0 0.28472222187499996 0.02734375 0.27777777812500004 0.03203125 0.27638888906250003 0.03203125 0.27638888906250003 0.053125 0.27777777812500004 0.053125 0.2791666671875 0.0546875 0.28055555625 0.0546875 0.28194444375 0.05625 0.2833333328125 0.05625 0.28472222187499996 0.0578125 0.29305555625 0.06171875 0.29305555625 0.0625 0.32777777812500003 0.0625 0.32777777812500003 0.06171875 0.33055555625 0.0609375 0.33055555625 0.06015625 0.3333333328125 0.059375 0.34027777812500004 0.0546875 0.3416666671875 0.0546875 0.3416666671875 0.05234375 0.34444444375 0.0515625 0.34444444375 0.03359375 0.3416666671875 0.0328125 0.3416666671875 0.03046875 0.34027777812500004 0.03046875 0.33888888906250003 0.02890625 0.33055555625 0.025 0.33055555625 0.02421875 0.290277778125 0.02421875 0.290277778125 0.025 0.2875 0.02578125 0.2875 0.0265625 0.28472222187499996 0.02734375
0 0.35972222187499997 0.5796875 0.375 0.5796875 0.3875 0.575 0.39444444375 0.575 0.4 0.571875 0.4 0.55078125 0.397222221875 0.54921875 0.3458333328125 0.54921875 0.34305555625 0.55078125 0.34305555625 0.571875 0.34861111093749997 0.575 0.352777778125 0.575 0.35972222187499997 0.5796875
0 0.46666666718750005 0.825 0.46805555625000006 0.8265625 0.48333333281249996 0.825 0.497222221875 0.8171875 0.497222221875 0.81328125 0.5 0.8125 0.497222221875 0.80234375 0.4888888890625 0.79921875 0.45694444375 0.79921875 0.45416666718750004 0.80078125 0.45416666718750004 0.8234375 0.45694444375 0.825 0.46666666718750005 0.825
0 0.030555556249999997 0.5375 0.04444444375 0.5296875 0.04444444375 0.51328125 0.0416666671875 0.51171875 0.0125 0.51171875 0.009722221875000001 0.51328125 0.009722221875000001 0.5328125 0.0125 0.5359375 0.030555556249999997 0.5375
0 0.8611111109375 0.78125 0.877777778125 0.7734375 0.877777778125 0.75703125 0.875 0.75546875 0.8458333328125001 0.75546875 0.8430555562500001 0.75703125 0.8430555562500001 0.778125 0.8486111109375001 0.78125 0.8611111109375 0.78125
0 0.3083333328125 0.4875 0.309722221875 0.4890625 0.3166666671875 0.4890625 0.3333333328125 0.48125 0.3333333328125 0.47421875 0.3361111109375 0.4734375 0.3333333328125 0.46484375 0.32777777812500003 0.46171875 0.3013888890625 0.46171875 0.2986111109375 0.46328125 0.2986111109375 0.4859375 0.3013888890625 0.4875 0.3083333328125 0.4875
0 0.08055555625000001 0.2484375 0.0861111109375 0.2390625 0.08333333281250001 0.22890625 0.075 0.22421875 0.0458333328125 0.22421875 0.04305555625 0.22578125 0.04305555625 0.2484375 0.0458333328125 0.25 0.08055555625000001 0.2484375
0 0.24583333281250003 0.2625 0.272222221875 0.2625 0.28055555625 0.2578125 0.28055555625 0.25546875 0.28611111093749997 0.253125 0.28611111093749997 0.24921875 0.2888888890625 0.2484375 0.28611111093749997 0.23828125 0.28194444375 0.23828125 0.28055555625 0.23671875 0.2486111109375 0.23671875 0.24305555625 0.23984375 0.24305555625 0.259375 0.24583333281250003 0.26015625 0.24583333281250003 0.2625
0 0.1416666671875 0.45625 0.14305555625 0.4546875 0.147222221875 0.4546875 0.15555555625 0.45 0.15555555625 0.43359375 0.15 0.43046875 0.115277778125 0.43046875 0.109722221875 0.43359375 0.109722221875 0.453125 0.115277778125 0.45625 0.1416666671875 0.45625
0 0.48055555625 0.525 0.4861111109375 0.5234375 0.4861111109375 0.52109375 0.5 0.5125 0.5 0.50078125 0.497222221875 0.49921875 0.4458333328125 0.49921875 0.44305555625000004 0.50078125 0.44305555625000004 0.5171875 0.45 0.51875 0.45694444375 0.525 0.48055555625 0.525
0 0.26944444375 0.4765625 0.26944444375 0.46953125 0.2611111109375 0.46328125 0.25555555625 0.46171875 0.23194444375 0.46328125 0.23194444375 0.4796875 0.23472222187499997 0.48125 0.25833333281250004 0.48125 0.26944444375 0.4765625
0 0.1888888890625 0.546875 0.1888888890625 0.53203125 0.16805555625 0.53046875 0.165277778125 0.5484375 0.16805555625 0.5515625 0.177777778125 0.5515625 0.1888888890625 0.546875
0 0.4388888890625 0.5671875 0.44444444375 0.5625 0.44444444375 0.55078125 0.44166666718750003 0.54921875 0.4125 0.54921875 0.40972222187499996 0.55078125 0.40972222187499996 0.565625 0.415277778125 0.56875 0.4388888890625 0.5671875
0 0.5861111109375 0.5484375 0.5861111109375 0.53828125 0.5833333328125 0.53671875 0.55694444375 0.53671875 0.5541666671875001 0.53828125 0.5541666671875001 0.5546875 0.575 0.55625 0.5861111109375 0.5484375
0 0.3888888890625 0.77109375 0.38333333281250004 0.76796875 0.35694444375 0.76796875 0.3541666671875 0.7921875 0.38333333281250004 0.79375 0.3888888890625 0.790625 0.3888888890625 0.77109375
0 0.13333333281249998 0.3125 0.14444444375 0.303125 0.1416666671875 0.29453125 0.1361111109375 0.29296875 0.1125 0.29296875 0.109722221875 0.29453125 0.109722221875 0.3109375 0.1125 0.3140625 0.13333333281249998 0.3125
0 0.9986111109375001 0.703125 0.9986111109375001 0.68203125 0.9791666671874999 0.68046875 0.9763888890624999 0.703125 0.984722221875 0.70625 0.99444444375 0.70625 0.9986111109375001 0.703125
0 0.14444444375 0.53828125 0.1125 0.53671875 0.109722221875 0.5609375 0.1125 0.5625 0.1416666671875 0.5609375 0.14444444375 0.53828125
0 0.04444444375 0.3453125 0.0458333328125 0.346875 0.0638888890625 0.3453125 0.06944444375 0.3421875 0.06944444375 0.33203125 0.0666666671875 0.32890625 0.055555556250000006 0.32421875 0.034722221875 0.32421875 0.03194444375 0.32578125 0.03194444375 0.3421875 0.0375 0.3453125 0.04444444375 0.3453125
0 0.49305555625 0.5359375 0.5111111109375 0.5359375 0.51805555625 0.53125 0.522222221875 0.53125 0.525 0.528125 0.525 0.51796875 0.51944444375 0.51171875 0.5013888890625 0.51171875 0.49583333281249997 0.51328125 0.4875 0.51953125 0.4875 0.53125 0.49305555625 0.5359375
0 0.34444444375 0.621875 0.3458333328125 0.6234375 0.3611111109375 0.6234375 0.3611111109375 0.62265625 0.375 0.615625 0.375 0.61328125 0.377777778125 0.6125 0.377777778125 0.60078125 0.3763888890625 0.60078125 0.3638888890625 0.59296875 0.3458333328125 0.59296875 0.3458333328125 0.59375 0.34305555625 0.59453125 0.34305555625 0.621875 0.34444444375 0.621875
0 0.0916666671875 0.50625 0.097222221875 0.5046875 0.1 0.49453125 0.0916666671875 0.48203125 0.06805555625000001 0.48046875 0.06527777812499999 0.48203125 0.06527777812499999 0.5046875 0.06805555625000001 0.50625 0.0916666671875 0.50625
0 0.44166666718750003 0.5453125 0.44444444375 0.5421875 0.44444444375 0.52734375 0.4388888890625 0.52421875 0.4125 0.52421875 0.40972222187499996 0.52578125 0.40972222187499996 0.5359375 0.42083333281249996 0.5453125 0.44166666718750003 0.5453125
0 0.5388888890625 0.7453125 0.547222221875 0.7375 0.547222221875 0.72734375 0.5416666671875 0.72421875 0.5125 0.72421875 0.5097222218749999 0.72578125 0.5097222218749999 0.7421875 0.515277778125 0.7453125 0.5388888890625 0.7453125
0 0.0791666671875 0.3 0.097222221875 0.3 0.1111111109375 0.2921875 0.1111111109375 0.28359375 0.10555555624999999 0.28046875 0.06805555625000001 0.28046875 0.06527777812499999 0.28203125 0.06527777812499999 0.29375 0.07083333281250001 0.2984375 0.077777778125 0.2984375 0.0791666671875 0.3
0 0.40694444374999994 0.6328125 0.41111111093749997 0.6328125 0.4166666671875 0.628125 0.40833333281249995 0.61796875 0.3791666671875 0.61796875 0.3763888890625 0.61953125 0.3763888890625 0.6328125 0.3791666671875 0.6359375 0.40277777812500004 0.6359375 0.40694444374999994 0.6328125
0 0.33055555625 0.4390625 0.33194444375 0.4421875 0.3375 0.44375 0.35 0.44375 0.35555555625 0.4421875 0.36666666718749996 0.434375 0.36666666718749996 0.42578125 0.35555555625 0.41796875 0.3236111109375 0.41796875 0.32083333281250004 0.41953125 0.32083333281250004 0.4359375 0.3263888890625 0.4390625 0.33055555625 0.4390625
0 0.9472222218749999 0.61328125 0.9416666671874999 0.61171875 0.9208333328125 0.61328125 0.9236111109375 0.6234375 0.93194444375 0.625 0.9444444437499999 0.6234375 0.9472222218749999 0.61328125
0 0.9458333328125 0.709375 0.952777778125 0.709375 0.9638888890624999 0.70625 0.9666666671874999 0.703125 0.9638888890624999 0.69609375 0.9513888890625 0.69453125 0.9416666671874999 0.68671875 0.9236111109375 0.68671875 0.9208333328125 0.68828125 0.9208333328125 0.703125 0.9263888890624999 0.70625 0.9444444437499999 0.7078125 0.9458333328125 0.709375
0 0.1763888890625 0.2234375 0.18194444375000002 0.2265625 0.197222221875 0.228125 0.21111111093749999 0.2234375 0.21111111093749999 0.20078125 0.20833333281250002 0.19921875 0.1875 0.19921875 0.17916666718750002 0.20234375 0.1763888890625 0.20546875 0.1763888890625 0.2234375
0 0.5416666671875 0.55 0.547222221875 0.5421875 0.5416666671875 0.53671875 0.5125 0.53671875 0.5097222218749999 0.53828125 0.5125 0.55 0.51944444375 0.55 0.5208333328125 0.5515625 0.5416666671875 0.55
0 0.22777777812500002 0.7109375 0.225 0.69609375 0.21944444375 0.69296875 0.2125 0.69296875 0.20972222187499998 0.7109375 0.2125 0.7140625 0.21944444375 0.7140625 0.22777777812500002 0.7109375
0 0.061111110937500004 0.4671875 0.072222221875 0.459375 0.075 0.45078125 0.06944444375 0.44453125 0.0638888890625 0.44296875 0.0458333328125 0.44296875 0.04305555625 0.44453125 0.04305555625 0.465625 0.0458333328125 0.4671875 0.061111110937500004 0.4671875
0 0.26527777812500003 0.4484375 0.2708333328125 0.45 0.3 0.45 0.30555555624999997 0.4484375 0.3138888890625 0.4421875 0.3138888890625 0.43359375 0.3083333328125 0.43046875 0.25694444375000003 0.43046875 0.2541666671875 0.43203125 0.2541666671875 0.4421875 0.259722221875 0.4453125 0.2638888890625 0.4453125 0.26527777812500003 0.4484375
0 0.44444444375 0.4984375 0.45555555625000005 0.4921875 0.45555555625000005 0.48203125 0.45277777812500003 0.48046875 0.4236111109375 0.48046875 0.42083333281249996 0.48203125 0.42083333281249996 0.49375 0.4291666671875 0.4984375 0.44444444375 0.4984375
0 0.3083333328125 0.59375 0.3111111109375 0.5921875 0.3111111109375 0.57578125 0.3083333328125 0.57421875 0.2791666671875 0.57421875 0.27638888906250003 0.57578125 0.2791666671875 0.590625 0.2875 0.5953125 0.3083333328125 0.59375
0 0.15277777812499999 0.5296875 0.15555555625 0.52109375 0.15 0.51796875 0.134722221875 0.51796875 0.13194444375 0.51953125 0.13194444375 0.528125 0.1375 0.53125 0.15277777812499999 0.5296875
0 0.5722222218749999 0.6984375 0.5722222218749999 0.69296875 0.5638888890625 0.68671875 0.5458333328125 0.68671875 0.54305555625 0.68828125 0.54305555625 0.69375 0.5486111109375 0.6984375 0.5541666671875001 0.7 0.5722222218749999 0.6984375
0 0.061111110937500004 0.2640625 0.06527777812499999 0.2671875 0.075 0.2671875 0.0861111109375 0.2609375 0.08333333281250001 0.25078125 0.05694444375 0.24921875 0.054166667187499996 0.25078125 0.054166667187499996 0.2609375 0.05694444375 0.2640625 0.061111110937500004 0.2640625
0 0.23333333281250002 0.18125 0.23611111093749998 0.178125 0.23333333281250002 0.16953125 0.23055555625 0.16796875 0.2125 0.16796875 0.20972222187499998 0.16953125 0.20972222187499998 0.1796875 0.2236111109375 0.1828125 0.23333333281250002 0.18125
0 0.5638888890625 0.784375 0.575 0.78125 0.577777778125 0.778125 0.575 0.76328125 0.565277778125 0.76328125 0.5638888890625 0.76171875 0.5513888890625 0.76171875 0.55 0.76328125 0.547222221875 0.76171875 0.5263888890625 0.76171875 0.5208333328125 0.76484375 0.5208333328125 0.7859375 0.5263888890625 0.790625 0.5458333328125 0.784375 0.5638888890625 0.784375
0 0.33055555625 0.578125 0.3333333328125 0.57265625 0.34444444375 0.565625 0.3416666671875 0.55703125 0.3361111109375 0.55546875 0.3125 0.55546875 0.309722221875 0.55703125 0.309722221875 0.5734375 0.315277778125 0.578125 0.33055555625 0.578125
0 0.12361111093749999 0.15625 0.13055555624999998 0.1546875 0.13333333281249998 0.14609375 0.127777778125 0.14296875 0.10138888906250001 0.14296875 0.0986111109375 0.14453125 0.0986111109375 0.15625 0.10138888906250001 0.159375 0.1166666671875 0.1609375 0.12361111093749999 0.15625
0 0.26527777812500003 0.4484375 0.2791666671875 0.4515625 0.29444444375 0.4515625 0.3083333328125 0.4484375 0.3138888890625 0.4421875 0.3138888890625 0.43203125 0.30555555624999997 0.42578125 0.29722222187499997 0.42421875 0.259722221875 0.42421875 0.2541666671875 0.42734375 0.2541666671875 0.440625 0.25694444375000003 0.44375 0.26527777812500003 0.44609375 0.26527777812500003 0.4484375
0 0.15555555625 0.59375 0.15277777812499999 0.58671875 0.1208333328125 0.58828125 0.12361111093749999 0.6015625 0.147222221875 0.6015625 0.15277777812499999 0.5984375 0.15555555625 0.59375
0 0.1916666671875 0.175 0.197222221875 0.1734375 0.20277777812500003 0.1671875 0.2 0.15859375 0.19444444375 0.15546875 0.16805555625 0.15546875 0.165277778125 0.15703125 0.165277778125 0.171875 0.16805555625 0.175 0.1916666671875 0.175
0 0.44444444375 0.5828125 0.44444444375 0.56953125 0.4236111109375 0.56796875 0.42083333281249996 0.5859375 0.4236111109375 0.5890625 0.43333333281249997 0.5890625 0.44444444375 0.5828125
0 0.3861111109375 0.2953125 0.3861111109375 0.28203125 0.35694444375 0.28046875 0.3541666671875 0.2984375 0.35694444375 0.3 0.38055555625 0.2984375 0.3861111109375 0.2953125
0 0.43055555625 0.39296875 0.3986111109375 0.39453125 0.40138888906250003 0.40625 0.425 0.40625 0.43333333281249997 0.403125 0.43055555625 0.39296875
0 0.3 0.5671875 0.3111111109375 0.559375 0.3083333328125 0.55078125 0.3013888890625 0.55078125 0.3 0.54921875 0.2791666671875 0.54921875 0.27638888906250003 0.55078125 0.27638888906250003 0.5625 0.28194444375 0.5671875 0.3 0.5671875
0 0.23333333281250002 0.18125 0.23611111093749998 0.17578125 0.23055555625 0.16796875 0.20138888906250002 0.16796875 0.1986111109375 0.16953125 0.20138888906250002 0.184375 0.21805555625 0.18125 0.2208333328125 0.1828125 0.23333333281250002 0.18125
0 0.14444444375 0.4875 0.14444444375 0.47578125 0.1416666671875 0.47421875 0.1208333328125 0.47421875 0.1125 0.47734375 0.109722221875 0.48046875 0.1125 0.4921875 0.127777778125 0.4921875 0.14444444375 0.4875
0 0.075 0.1890625 0.08333333281250001 0.16953125 0.06805555625000001 0.16796875 0.06527777812499999 0.16953125 0.06527777812499999 0.1859375 0.06805555625000001 0.1890625 0.075 0.1890625
0 0.3 0.45 0.3013888890625 0.4484375 0.30555555624999997 0.4484375 0.3138888890625 0.4421875 0.3138888890625 0.43203125 0.3111111109375 0.43125 0.3111111109375 0.42734375 0.3083333328125 0.4265625 0.302777778125 0.41796875 0.29722222187499997 0.41484375 0.29305555625 0.41484375 0.28611111093749997 0.41171875 0.25694444375000003 0.41171875 0.2541666671875 0.41328125 0.2541666671875 0.440625 0.2708333328125 0.45 0.3 0.45
0 0.10138888906250001 0.453125 0.1166666671875 0.453125 0.11388888906250001 0.43984375 0.11944444375 0.4375 0.11944444375 0.43203125 0.090277778125 0.43046875 0.0875 0.43203125 0.090277778125 0.4453125 0.10138888906250001 0.45078125 0.10138888906250001 0.453125