0 0.2125 0.40625 0.22777777812500002 0.4046875 0.23333333281250002 0.4015625 0.23333333281250002 0.38203125 0.20138888906250002 0.38046875 0.1986111109375 0.38203125 0.20138888906250002 0.4015625 0.20555555625 0.4015625 0.2125 0.40625
0 0.15555555625 0.5140625 0.15555555625 0.50078125 0.15277777812499999 0.49921875 0.12361111093749999 0.49921875 0.1208333328125 0.50078125 0.12361111093749999 0.521875 0.15 0.51875 0.15555555625 0.5140625
0 0.9791666671874999 0.36796875 0.9791666671874999 0.3859375 0.997222221875 0.3859375 0.997222221875 0.36796875 0.9791666671874999 0.36796875
0 0.20972222187499998 0.3515625 0.222222221875 0.3484375 0.225 0.33984375 0.21944444375 0.33671875 0.190277778125 0.33671875 0.1875 0.33828125 0.1875 0.3546875 0.190277778125 0.35625 0.2 0.35625 0.20972222187499998 0.3515625
0 0.40833333281249995 0.36796875 0.3763888890625 0.36953125 0.3791666671875 0.38125 0.40555555625000006 0.38125 0.41111111093749997 0.378125 0.40833333281249995 0.36796875
0 0.815277778125 0.5875 0.8222222218749999 0.5859375 0.8222222218749999 0.57734375 0.8166666671874999 0.57421875 0.790277778125 0.57421875 0.7875 0.57578125 0.7875 0.590625 0.79305555625 0.59375 0.8083333328125001 0.5921875 0.815277778125 0.5875
0 0.061111110937500004 0.51875 0.0625 0.5171875 0.0666666671875 0.5171875 0.077777778125 0.5109375 0.077777778125 0.50078125 0.075 0.49921875 0.0625 0.49921875 0.052777778124999994 0.49296875 0.0486111109375 0.49296875 0.04305555625 0.49609375 0.04305555625 0.515625 0.0486111109375 0.51875 0.061111110937500004 0.51875
0 0.197222221875 0.4921875 0.20555555625 0.4859375 0.20555555625 0.47578125 0.2 0.47421875 0.1708333328125 0.47421875 0.165277778125 0.47734375 0.165277778125 0.490625 0.1708333328125 0.49375 0.197222221875 0.4921875
0 0.16944444375 0.2109375 0.177777778125 0.2046875 0.177777778125 0.20078125 0.1708333328125 0.19921875 0.16388888906250001 0.19296875 0.1458333328125 0.19296875 0.14305555625 0.19453125 0.14305555625 0.2109375 0.1458333328125 0.2125 0.16944444375 0.2109375
0 0.0333333328125 0.23828125 0.0125 0.23671875 0.009722221875000001 0.2484375 0.0125 0.25 0.030555556249999997 0.2484375 0.0333333328125 0.23828125
0 0.10555555624999999 0.1671875 0.1111111109375 0.1625 0.1111111109375 0.15078125 0.10833333281249999 0.14921875 0.0875 0.15078125 0.0875 0.165625 0.09305555625 0.16875 0.10555555624999999 0.1671875
0 0.3125 0.43125 0.31944444375000003 0.43125 0.3333333328125 0.4234375 0.3333333328125 0.41640625 0.32777777812500003 0.41171875 0.3125 0.41171875 0.309722221875 0.41328125 0.309722221875 0.4296875 0.3125 0.43125
0 0.11388888906250001 0.13125 0.11388888906250001 0.12265625 0.10833333281249999 0.11796875 0.090277778125 0.11796875 0.0875 0.11953125 0.0875 0.1359375 0.10555555624999999 0.1375 0.11388888906250001 0.13125
0 0.959722221875 0.49375 0.98055555625 0.49375 0.99444444375 0.4859375 0.997222221875 0.47734375 0.99444444375 0.47578125 0.9902777781250001 0.47578125 0.9888888890624999 0.47421875 0.95694444375 0.47421875 0.9541666671875 0.47578125 0.9541666671875 0.4890625 0.95694444375 0.48984375 0.95694444375 0.4921875 0.959722221875 0.49375
0 0.44444444375 0.33203125 0.4236111109375 0.33046875 0.42083333281249996 0.3421875 0.4236111109375 0.34375 0.44166666718750003 0.3421875 0.44444444375 0.33203125
0 0.8083333328125001 0.5 0.8138888890624999 0.496875 0.8111111109375001 0.48828125 0.8083333328125001 0.48671875 0.790277778125 0.48671875 0.7875 0.48828125 0.7875 0.4984375 0.790277778125 0.5 0.8083333328125001 0.5
0 0.377777778125 0.15 0.377777778125 0.13984375 0.372222221875 0.13671875 0.3458333328125 0.13671875 0.34305555625 0.1546875 0.3458333328125 0.15625 0.372222221875 0.1546875 0.377777778125 0.15
0 0.997222221875 0.42421875 0.9791666671874999 0.42421875 0.9763888890624999 0.42578125 0.9791666671874999 0.4390625 0.997222221875 0.4375 0.997222221875 0.42421875
0 0.397222221875 0.18125 0.40277777812500004 0.178125 0.40277777812500004 0.17578125 0.40833333281249995 0.1734375 0.40833333281249995 0.16953125 0.40277777812500004 0.1671875 0.40277777812500004 0.16484375 0.397222221875 0.16171875 0.3791666671875 0.16171875 0.3763888890625 0.16328125 0.3763888890625 0.1796875 0.3791666671875 0.18125 0.397222221875 0.18125
0 0.252777778125 0.1828125 0.2638888890625 0.171875 0.2638888890625 0.16328125 0.25833333281250004 0.16171875 0.23472222187499997 0.16171875 0.23194444375 0.16328125 0.23194444375 0.178125 0.23472222187499997 0.18125 0.252777778125 0.1828125
0 0.0638888890625 0.21875 0.06944444375 0.215625 0.072222221875 0.20703125 0.0666666671875 0.20546875 0.0458333328125 0.20546875 0.04305555625 0.20703125 0.04305555625 0.2171875 0.0486111109375 0.2203125 0.0638888890625 0.21875
0 0.8194444437499999 0.5234375 0.8166666671874999 0.51328125 0.8111111109375001 0.51171875 0.7875 0.51328125 0.7875 0.5234375 0.79305555625 0.5265625 0.8111111109375001 0.5265625 0.8194444437499999 0.5234375
0 0.16805555625 0.196875 0.1861111109375 0.19375 0.1888888890625 0.17734375 0.1833333328125 0.17421875 0.15694444375 0.17421875 0.1541666671875 0.17578125 0.1541666671875 0.1921875 0.16388888906250001 0.19375 0.16805555625 0.196875
0 0.4 0.20625 0.4138888890625 0.196875 0.41111111093749997 0.18828125 0.40833333281249995 0.18671875 0.3791666671875 0.18671875 0.3763888890625 0.18828125 0.3763888890625 0.203125 0.3791666671875 0.20625 0.4 0.20625
0 0.0666666671875 0.28984375 0.061111110937500004 0.28671875 0.034722221875 0.28671875 0.03194444375 0.28828125 0.034722221875 0.3 0.055555556250000006 0.3 0.0638888890625 0.296875 0.0666666671875 0.28984375
0 0.13333333281249998 0.209375 0.13333333281249998 0.20234375 0.127777778125 0.19921875 0.10138888906250001 0.19921875 0.0986111109375 0.20078125 0.0986111109375 0.2109375 0.1041666671875 0.215625 0.127777778125 0.2125 0.13333333281249998 0.209375
0 0.029166667187500002 0.175 0.052777778124999994 0.175 0.061111110937500004 0.1671875 0.052777778124999994 0.15546875 0.0236111109375 0.15546875 0.0208333328125 0.15703125 0.0208333328125 0.1703125 0.0236111109375 0.1734375 0.029166667187500002 0.175
0 0.752777778125 0.5234375 0.752777778125 0.51484375 0.75 0.51328125 0.7458333328125 0.51328125 0.74444444375 0.51171875 0.715277778125 0.51171875 0.709722221875 0.51484375 0.709722221875 0.528125 0.715277778125 0.53125 0.7388888890625 0.53125 0.752777778125 0.5234375
0 0.4763888890625 0.503125 0.4861111109375 0.503125 0.5 0.496875 0.5 0.48828125 0.497222221875 0.4875 0.497222221875 0.48359375 0.49444444374999996 0.48203125 0.490277778125 0.48203125 0.4888888890625 0.48046875 0.45694444375 0.48046875 0.45416666718750004 0.48203125 0.45416666718750004 0.4984375 0.45694444375 0.5 0.475 0.5015625 0.4763888890625 0.503125
0 0.31944444375000003 0.30625 0.325 0.303125 0.33055555625 0.28984375 0.31944444375000003 0.28671875 0.3013888890625 0.28671875 0.2986111109375 0.28828125 0.2986111109375 0.303125 0.30416666718749996 0.30625 0.31944444375000003 0.30625
0 0.875 0.49375 0.877777778125 0.48203125 0.8708333328125001 0.48046875 0.8638888890624999 0.47421875 0.8458333328125001 0.47421875 0.8430555562500001 0.47578125 0.8430555562500001 0.4921875 0.8458333328125001 0.49375 0.875 0.49375
0 0.1111111109375 0.50703125 0.11944444375 0.5015625 0.11944444375 0.49453125 0.090277778125 0.49296875 0.0875 0.5109375 0.090277778125 0.5125 0.1111111109375 0.5109375 0.1111111109375 0.50703125
0 0.3138888890625 0.2296875 0.322222221875 0.2234375 0.322222221875 0.21484375 0.3166666671875 0.21171875 0.290277778125 0.21171875 0.2875 0.21328125 0.2875 0.2296875 0.290277778125 0.23125 0.3138888890625 0.2296875
0 0.27777777812500004 0.21328125 0.25694444375000003 0.21171875 0.2541666671875 0.2234375 0.272222221875 0.225 0.27777777812500004 0.221875 0.27777777812500004 0.21328125
0 0.28611111093749997 0.275 0.2888888890625 0.2734375 0.2888888890625 0.26328125 0.28611111093749997 0.26171875 0.26805555625 0.26171875 0.26527777812500003 0.26328125 0.26527777812500003 0.2734375 0.26805555625 0.275 0.28611111093749997 0.275
0 0.8111111109375001 0.5640625 0.8083333328125001 0.55546875 0.7763888890625 0.55703125 0.7763888890625 0.565625 0.7819444437499999 0.56875 0.8027777781250001 0.56875 0.8111111109375001 0.5640625
0 0.275 0.365625 0.28055555625 0.3609375 0.28055555625 0.35390625 0.27777777812500004 0.353125 0.27777777812500004 0.35078125 0.275 0.34921875 0.25694444375000003 0.34921875 0.2541666671875 0.35078125 0.25694444375000003 0.359375 0.26805555625 0.365625 0.275 0.365625
0 0.0333333328125 0.17578125 0.0125 0.17421875 0.009722221875000001 0.17578125 0.0125 0.1859375 0.027777778125000003 0.1859375 0.0333333328125 0.17578125
0 0.2 0.153125 0.20416666718749998 0.15625 0.21944444375 0.15625 0.21944444375 0.15546875 0.23333333281250002 0.1484375 0.23333333281250002 0.13984375 0.23194444375 0.13984375 0.22777777812500002 0.13671875 0.20138888906250002 0.13671875 0.20138888906250002 0.1375 0.1986111109375 0.13828125 0.1986111109375 0.153125 0.2 0.153125
0 0.675 0.29453125 0.6666666671875 0.29296875 0.64305555625 0.29453125 0.6458333328125 0.30625 0.6611111109375 0.3078125 0.675 0.3046875 0.675 0.29453125
0 0.577777778125 0.31875 0.577777778125 0.30703125 0.55694444375 0.30546875 0.5541666671875001 0.31875 0.559722221875 0.321875 0.5722222218749999 0.321875 0.577777778125 0.31875
0 0.3111111109375 0.19453125 0.290277778125 0.19296875 0.2875 0.19453125 0.290277778125 0.2078125 0.3083333328125 0.209375 0.3111111109375 0.19453125
0 0.46388888906250003 0.2515625 0.46527777812500004 0.25 0.47222222187499996 0.25 0.475 0.2484375 0.477777778125 0.23828125 0.46666666718750005 0.23046875 0.45694444375 0.23046875 0.45416666718750004 0.23203125 0.45416666718750004 0.2484375 0.459722221875 0.2515625 0.46388888906250003 0.2515625
0 0.98055555625 0.39765625 0.9680555562500001 0.39296875 0.965277778125 0.4046875 0.975 0.40625 0.98055555625 0.4046875 0.98055555625 0.39765625
0 0.9833333328125 0.45078125 0.977777778125 0.44921875 0.9541666671875 0.45078125 0.95694444375 0.4609375 0.975 0.4609375 0.9833333328125 0.4546875 0.9833333328125 0.45078125
0 0.922222221875 0.459375 0.922222221875 0.45078125 0.9125 0.44921875 0.909722221875 0.45078125 0.909722221875 0.459375 0.91944444375 0.4609375 0.922222221875 0.459375
0 0.34444444375 0.15078125 0.3236111109375 0.14921875 0.3236111109375 0.1609375 0.33888888906250003 0.1609375 0.34444444375 0.15625 0.34444444375 0.15078125
0 0.397222221875 0.2765625 0.40833333281249995 0.2734375 0.40833333281249995 0.26328125 0.3958333328125 0.26171875 0.3861111109375 0.25546875 0.3791666671875 0.25546875 0.3763888890625 0.25703125 0.3763888890625 0.2734375 0.38194444375000003 0.2765625 0.397222221875 0.2765625
0 0.0638888890625 0.434375 0.06944444375 0.428125 0.06944444375 0.42109375 0.0638888890625 0.41796875 0.0458333328125 0.41796875 0.04305555625 0.41953125 0.04305555625 0.4359375 0.055555556250000006 0.4375 0.0638888890625 0.434375
0 0.54444444375 0.2609375 0.5416666671875 0.24921875 0.5125 0.24921875 0.5097222218749999 0.25078125 0.5125 0.2671875 0.522222221875 0.2671875 0.5263888890625 0.2640625 0.54444444375 0.2609375
0 0.575 0.20078125 0.5694444437499999 0.19921875 0.5458333328125 0.19921875 0.54305555625 0.20078125 0.5458333328125 0.215625 0.5611111109375 0.215625 0.575 0.209375 0.575 0.20078125
0 0.275 0.32109375 0.2833333328125 0.3171875 0.2833333328125 0.31328125 0.27777777812500004 0.31171875 0.25694444375000003 0.31171875 0.2541666671875 0.31328125 0.2541666671875 0.3171875 0.26805555625 0.3234375 0.275 0.3234375 0.275 0.32109375
0 0.0916666671875 0.19296875 0.07638888906249999 0.19453125 0.0791666671875 0.2015625 0.097222221875 0.1984375 0.097222221875 0.19453125 0.0916666671875 0.19296875
0 0.7861111109375 0.57578125 0.76805555625 0.57421875 0.765277778125 0.5859375 0.76805555625 0.5875 0.7833333328125 0.5859375 0.7861111109375 0.57578125
0 0.20555555625 0.1796875 0.2138888890625 0.175 0.2138888890625 0.16484375 0.20833333281250002 0.16171875 0.190277778125 0.16171875 0.1875 0.16328125 0.1875 0.1734375 0.19305555624999998 0.178125 0.20555555625 0.1796875
0 0.39027777812500003 0.4625 0.40555555625000006 0.4625 0.42222222187499997 0.4546875 0.42222222187499997 0.44453125 0.41944444374999995 0.44296875 0.39305555625 0.44296875 0.3875 0.44609375 0.3875 0.4609375 0.39027777812500003 0.4625
0 0.9083333328125001 0.4953125 0.9111111109375001 0.48984375 0.922222221875 0.4859375 0.91944444375 0.48046875 0.9013888890624999 0.48046875 0.8986111109375001 0.48203125 0.9013888890624999 0.4953125 0.9083333328125001 0.4953125
0 0.27777777812500004 0.32578125 0.26944444375 0.31953125 0.2638888890625 0.31796875 0.24583333281250003 0.31796875 0.24305555625 0.31953125 0.24305555625 0.3296875 0.25694444375000003 0.3328125 0.275 0.33125 0.27777777812500004 0.32578125
0 0.625 0.2734375 0.6361111109375 0.265625 0.6361111109375 0.25859375 0.63055555625 0.25546875 0.6125 0.25546875 0.609722221875 0.25703125 0.609722221875 0.271875 0.6125 0.2734375 0.625 0.2734375
0 0.5555555562500001 0.2296875 0.5527777781250001 0.21953125 0.534722221875 0.21796875 0.5319444437499999 0.2296875 0.5375 0.2328125 0.5527777781250001 0.2328125 0.5555555562500001 0.2296875
0 0.1875 0.18671875 0.1875 0.196875 0.19305555624999998 0.2 0.20833333281250002 0.1984375 0.20833333281250002 0.19609375 0.21944444375 0.190625 0.222222221875 0.18359375 0.2166666671875 0.18046875 0.19583333281249998 0.18046875 0.190277778125 0.18203125 0.190277778125 0.1859375 0.1875 0.18671875
0 0.190277778125 0.2 0.20277777812500003 0.2 0.21111111093749999 0.196875 0.21111111093749999 0.19453125 0.21944444375 0.190625 0.21944444375 0.18671875 0.222222221875 0.1859375 0.222222221875 0.18359375 0.2166666671875 0.18046875 0.19305555624999998 0.18046875 0.1875 0.18359375 0.1875 0.1984375 0.190277778125 0.2
0 0.15555555625 0.1734375 0.15555555625 0.16328125 0.12361111093749999 0.16171875 0.1208333328125 0.16328125 0.12361111093749999 0.1765625 0.15 0.178125 0.15555555625 0.1734375
0 0.41944444374999995 0.38671875 0.40138888906250003 0.38671875 0.3986111109375 0.38828125 0.40138888906250003 0.39375 0.41944444374999995 0.39375 0.42222222187499997 0.3921875 0.41944444374999995 0.38671875
0 0.4888888890625 0.20703125 0.4861111109375 0.20546875 0.46805555625000006 0.20546875 0.46527777812500004 0.215625 0.47083333281249995 0.21875 0.4861111109375 0.2171875 0.4888888890625 0.20703125
0 0.622222221875 0.29453125 0.6013888890625 0.29296875 0.5986111109375 0.3046875 0.622222221875 0.30625 0.625 0.3046875 0.622222221875 0.29453125
0 0.375 0.278125 0.375 0.27109375 0.36666666718749996 0.26796875 0.35694444375 0.26796875 0.3541666671875 0.2796875 0.35694444375 0.2828125 0.3638888890625 0.2828125 0.375 0.278125
0 0.3236111109375 0.18125 0.3361111109375 0.1796875 0.3416666671875 0.175 0.3416666671875 0.16484375 0.3333333328125 0.16171875 0.3125 0.16171875 0.309722221875 0.16328125 0.309722221875 0.1734375 0.3125 0.1765625 0.3236111109375 0.18125
0 0.030555556249999997 0.29375 0.030555556249999997 0.28828125 0.0125 0.28671875 0.009722221875000001 0.2953125 0.0125 0.2984375 0.022222221875 0.2984375 0.030555556249999997 0.29375
0 0.54444444375 0.503125 0.54444444375 0.49453125 0.534722221875 0.49296875 0.5319444437499999 0.49453125 0.5319444437499999 0.503125 0.5416666671875 0.5046875 0.54444444375 0.503125
0 0.9902777781250001 0.44296875 0.9875 0.4546875 0.997222221875 0.4578125 0.9986111109375001 0.44453125 0.9902777781250001 0.44296875
0 0.1416666671875 0.196875 0.15277777812499999 0.1921875 0.15277777812499999 0.18359375 0.134722221875 0.18046875 0.13194444375 0.18203125 0.13194444375 0.19375 0.134722221875 0.196875 0.1416666671875 0.196875
0 0.2638888890625 0.1859375 0.275 0.18125 0.27777777812500004 0.1765625 0.27777777812500004 0.16953125 0.275 0.16796875 0.259722221875 0.16796875 0.2541666671875 0.17109375 0.25694444375000003 0.1859375 0.2638888890625 0.1859375
0 0.375 0.26953125 0.35694444375 0.26796875 0.3541666671875 0.26953125 0.35694444375 0.2828125 0.375 0.2796875 0.375 0.26953125
0 0.95694444375 0.5046875 0.9638888890624999 0.5046875 0.9638888890624999 0.50234375 0.9694444437499999 0.5 0.9694444437499999 0.49453125 0.9583333328125001 0.48828125 0.9458333328125 0.48671875 0.94305555625 0.48828125 0.94305555625 0.4984375 0.9458333328125 0.5015625 0.95694444375 0.5046875
0 0.45694444375 0.2734375 0.46805555625000006 0.2765625 0.475 0.2765625 0.4861111109375 0.271875 0.48055555625 0.265625 0.48055555625 0.26171875 0.477777778125 0.2609375 0.477777778125 0.25703125 0.475 0.25546875 0.45694444375 0.25546875 0.45416666718750004 0.25703125 0.45416666718750004 0.26875 0.45694444375 0.26953125 0.45694444375 0.2734375
0 0.21944444375 0.1296875 0.21944444375 0.12265625 0.20833333281250002 0.11796875 0.190277778125 0.11796875 0.1875 0.11953125 0.1875 0.128125 0.19305555624999998 0.1328125 0.20833333281250002 0.1328125 0.21944444375 0.1296875
0 0.15 0.18203125 0.14305555625 0.18203125 0.1416666671875 0.18046875 0.12361111093749999 0.18046875 0.1208333328125 0.18203125 0.12361111093749999 0.1984375 0.13055555624999998 0.1984375 0.15277777812499999 0.1921875 0.15 0.18203125
0 0.2833333328125 0.196875 0.29444444375 0.190625 0.2916666671875 0.18203125 0.28611111093749997 0.18046875 0.26805555625 0.18046875 0.26527777812500003 0.18203125 0.26527777812500003 0.19375 0.2708333328125 0.196875 0.2833333328125 0.196875
0 0.3013888890625 0.13046875 0.2986111109375 0.13203125 0.3013888890625 0.1390625 0.31944444375000003 0.1359375 0.3166666671875 0.13046875 0.3013888890625 0.13046875
0 0.475 0.5109375 0.48194444374999995 0.50625 0.4888888890625 0.5046875 0.4861111109375 0.49921875 0.45694444375 0.49921875 0.45416666718750004 0.50078125 0.45416666718750004 0.5046875 0.4611111109375 0.50625 0.46805555625000006 0.5109375 0.475 0.5109375
0 0.42222222187499997 0.2109375 0.42222222187499997 0.20078125 0.40694444374999994 0.19921875 0.3986111109375 0.20390625 0.3986111109375 0.2109375 0.4138888890625 0.2140625 0.42222222187499997 0.2109375