0 0.54453125 0.028125 0.05 0.03125
0 0.44296875 0.1171875 0.04453125 0.0265625
0 0.5546875 0.1390625 0.0625 0.03984375
0 0.50390625 0.1453125 0.05546875 0.03671875
0 0.46484375 0.14375 0.02890625 0.0234375
0 0.5125 0.165625 0.021875 0.0109375
0 0.58828125 0.25625 0.0375 0.01875
0 0.653125 0.2828125 0.0265625 0.01328125
0 0.5921875 0.2984375 0.015625 0.0109375
0 0.65703125 0.3109375 0.03046875 0.02421875
0 0.56015625 0.3203125 0.0234375 0.0140625
0 0.51484375 0.33984375 0.0625 0.0375
0 0.43828125 0.3640625 0.05703125 0.0296875
0 0.4078125 0.3859375 0.0375 0.02421875
0 0.49375 0.3890625 0.0234375 0.0203125
0 0.70234375 0.4125 0.02890625 0.02578125
0 0.68515625 0.4171875 0.040625 0.025
0 0.56953125 0.4671875 0.04140625 0.028125
0 0.54140625 0.475 0.046875 0.03359375
0 0.509375 0.478125 0.05390625 0.034375
0 0.71328125 0.48359375 0.04296875 0.025
0 0.7453125 0.48125 0.02109375 0.0203125
0 0.62890625 0.490625 0.053125 0.02734375
0 0.346875 0.5484375 0.04609375 0.03046875
0 0.56015625 0.56875 0.06796875 0.03671875
0 0.6296875 0.5875 0.05703125 0.034375
0 0.43828125 0.58828125 0.04609375 0.0140625
0 0.584375 0.6015625 0.04140625 0.0296875
0 0.38125 0.59765625 0.040625 0.0203125
0 0.53203125 0.615625 0.06953125 0.03359375
0 0.66328125 0.609375 0.04296875 0.0203125
0 0.715625 0.6125 0.0390625 0.01796875
0 0.4984375 0.64375 0.0390625 0.02265625
0 0.5890625 0.653125 0.0359375 0.021875
0 0.6359375 0.6640625 0.05 0.03046875
0 0.98671875 0.6734375 0.02109375 0.01640625
0 0.603125 0.69296875 0.0609375 0.0296875
0 0.4265625 0.7484375 0.03046875 0.01796875
0 0.29140625 0.753125 0.0609375 0.02109375
0 0.66015625 0.77265625 0.05703125 0.0375
0 0.4515625 0.846875 0.053125 0.0234375
0 0.1109375 0.8484375 0.04140625 0.02109375
0 0.31015625 0.8640625 0.059375 0.03515625
0 0.703125 0.9390625 0.07109375 0.04765625
0 0.484375 0.971875 0.06640625 0.0359375