0 0.953125 0.025 0.06953125 0.04453125
0 0.6984375 0.028125 0.075 0.04140625
0 0.35 0.021875 0.03359375 0.02578125
0 0.4390625 0.05 0.08046875 0.05234375
0 0.3359375 0.040625 0.0390625 0.01796875
0 0.8890625 0.0453125 0.028125 0.015625
0 0.128125 0.046875 0.03203125 0.01484375
0 0.99375 0.0515625 0.009375 0.01796875
0 0.4890625 0.0671875 0.06953125 0.04609375
0 0.9703125 0.07421875 0.05703125 0.0390625
0 0.09296875 0.075 0.05546875 0.03203125
0 0.01875 0.08046875 0.02890625 0.028125
0 0.67265625 0.08828125 0.06796875 0.034375
0 0.27578125 0.0796875 0.04609375 0.01484375
0 0.3640625 0.0859375 0.05859375 0.0265625
0 0.575 0.1015625 0.06953125 0.0421875
0 0.96484375 0.09375 0.0625 0.0265625
0 0.040625 0.1015625 0.05 0.03125
0 0.44609375 0.1125 0.0609375 0.040625
0 0.91484375 0.1171875 0.0484375 0.0265625
0 0.525 0.1375 0.06953125 0.04921875
0 0.56171875 0.140625 0.02890625 0.03828125
0 0.4203125 0.1390625 0.05390625 0.02890625
0 0.3109375 0.1359375 0.0609375 0.01953125
0 0.01484375 0.146875 0.02890625 0.01875
0 0.3375 0.1609375 0.05 0.03046875
0 0.92890625 0.165625 0.0609375 0.03203125
0 0.1390625 0.1734375 0.06953125 0.0328125
0 0.38125 0.1796875 0.0515625 0.028125
0 0.9125 0.1890625 0.05 0.0359375
0 0.4796875 0.1890625 0.0625 0.0296875
0 0.28828125 0.196875 0.0484375 0.04140625
0 0.34609375 0.19453125 0.046875 0.0375
0 0.84375 0.19375 0.04296875 0.02265625
0 0.22421875 0.21484375 0.065625 0.0359375
0 0.16640625 0.22734375 0.0609375 0.03125
0 0.54296875 0.2265625 0.05859375 0.02890625
0 0.97265625 0.240625 0.0515625 0.0359375
0 0.159375 0.24609375 0.04296875 0.0203125
0 0.95390625 0.265625 0.03046875 0.01953125
0 0.090625 0.2734375 0.04140625 0.03046875
0 0.84375 0.27421875 0.04609375 0.0296875
0 0.86015625 0.278125 0.040625 0.02890625
0 0.934375 0.278125 0.0390625 0.0203125
0 0.0375 0.29375 0.04453125 0.01484375
0 0.7234375 0.31796875 0.078125 0.0546875
0 0.10859375 0.30390625 0.046875 0.021875
0 0.1234375 0.3125 0.028125 0.01484375
0 0.025 0.32265625 0.0359375 0.0203125
0 0.790625 0.3296875 0.0609375 0.03125
0 0.3796875 0.3359375 0.04296875 0.02578125
0 0.08125 0.340625 0.02109375 0.0125
0 0.0828125 0.353125 0.0234375 0.01328125
0 0.1515625 0.39375 0.0359375 0.021875
0 0.93046875 0.403125 0.0359375 0.02109375
0 0.2453125 0.4234375 0.040625 0.01953125
0 0.52265625 0.4390625 0.05703125 0.03046875
0 0.98515625 0.45625 0.0265625 0.0453125
0 0.228125 0.4546875 0.04140625 0.01640625
0 0.46953125 0.4671875 0.03046875 0.01953125
0 0.24140625 0.4828125 0.04453125 0.0265625
0 0.3484375 0.51328125 0.046875 0.0234375
0 0.7203125 0.56796875 0.0625 0.0296875
0 0.59609375 0.584375 0.053125 0.028125
0 0.403125 0.58984375 0.03203125 0.01875
0 0.325 0.6359375 0.04453125 0.02734375
0 0.98515625 0.6515625 0.0234375 0.03828125
0 0.84453125 0.659375 0.071875 0.040625
0 0.27265625 0.68359375 0.05703125 0.0328125
0 0.028125 0.6796875 0.04453125 0.021875
0 0.821875 0.6984375 0.059375 0.03671875
0 0.78359375 0.6953125 0.0390625 0.03046875
0 0.984375 0.7296875 0.028125 0.0296875