0 0.14444444375 0.2109375 0.1458333328125 0.2125 0.1611111109375 0.2109375 0.16805555625 0.20625 0.172222221875 0.20625 0.177777778125 0.2015625 0.177777778125 0.18984375 0.175 0.18671875 0.16944444375 0.1859375 0.16944444375 0.18359375 0.16388888906250001 0.18046875 0.134722221875 0.18046875 0.13194444375 0.18203125 0.13194444375 0.20625 0.1375 0.2109375 0.14444444375 0.2109375
0 0.715277778125 0.5609375 0.722222221875 0.5609375 0.7236111109375 0.5625 0.7416666671875001 0.5609375 0.7486111109375 0.55625 0.752777778125 0.55625 0.7638888890625 0.55 0.7638888890625 0.54765625 0.7666666671875 0.546875 0.7666666671875 0.53828125 0.752777778125 0.53046875 0.7125 0.53046875 0.709722221875 0.53203125 0.709722221875 0.55625 0.7125 0.55703125 0.7125 0.559375 0.715277778125 0.5609375
0 0.35555555625 0.5546875 0.365277778125 0.5609375 0.38333333281250004 0.5609375 0.38333333281250004 0.56015625 0.397222221875 0.553125 0.397222221875 0.54453125 0.3888888890625 0.540625 0.3888888890625 0.53828125 0.3875 0.53828125 0.3861111109375 0.53671875 0.35972222187499997 0.53671875 0.35972222187499997 0.5375 0.3541666671875 0.53984375 0.3541666671875 0.5546875 0.35555555625 0.5546875
0 0.3861111109375 0.2234375 0.4 0.2171875 0.4 0.20078125 0.397222221875 0.19921875 0.36805555624999997 0.19921875 0.365277778125 0.20078125 0.365277778125 0.2171875 0.36805555624999997 0.2203125 0.3861111109375 0.2234375
0 0.5236111109375 0.575 0.5416666671875 0.5734375 0.5486111109375 0.56875 0.5555555562500001 0.5671875 0.5555555562500001 0.55703125 0.547222221875 0.55078125 0.5416666671875 0.54921875 0.5125 0.54921875 0.5097222218749999 0.55078125 0.5097222218749999 0.56875 0.515277778125 0.5734375 0.522222221875 0.5734375 0.5236111109375 0.575
0 0.7013888890625 0.6828125 0.7194444437499999 0.6796875 0.722222221875 0.6765625 0.7194444437499999 0.66171875 0.6791666671875001 0.66171875 0.6763888890625 0.66328125 0.6763888890625 0.68125 0.68194444375 0.684375 0.6972222218749999 0.6859375 0.7013888890625 0.6828125
0 0.6347222218749999 0.6296875 0.6416666671875 0.6296875 0.64305555625 0.63125 0.6611111109375 0.63125 0.6708333328125 0.625 0.6777777781250001 0.6234375 0.6777777781250001 0.60859375 0.6583333328125 0.59921875 0.6347222218749999 0.59921875 0.6319444437499999 0.60078125 0.6319444437499999 0.625 0.6347222218749999 0.62578125 0.6347222218749999 0.6296875
0 0.019444443750000002 0.1109375 0.0333333328125 0.1046875 0.0333333328125 0.08828125 0.030555556249999997 0.08671875 0.009722221875000001 0.08828125 0.009722221875000001 0.109375 0.0125 0.1109375 0.019444443750000002 0.1109375
0 0.6666666671875 0.4671875 0.6666666671875 0.45703125 0.6638888890625 0.45546875 0.6236111109375 0.45546875 0.6208333328125 0.45703125 0.6208333328125 0.46875 0.6263888890625 0.4734375 0.652777778125 0.475 0.6666666671875 0.4671875
0 0.7333333328125 0.20703125 0.7013888890625 0.20546875 0.6986111109375 0.2234375 0.7013888890625 0.225 0.73055555625 0.2234375 0.7333333328125 0.20703125
0 0.46388888906250003 0.35546875 0.434722221875 0.35546875 0.43194444374999996 0.35703125 0.434722221875 0.36875 0.45555555625000005 0.36875 0.46666666718750005 0.3625 0.46388888906250003 0.35546875
0 0.2916666671875 0.321875 0.2916666671875 0.31953125 0.3 0.315625 0.3 0.31328125 0.3083333328125 0.309375 0.302777778125 0.30078125 0.29722222187499997 0.29921875 0.25694444375000003 0.29921875 0.2541666671875 0.30078125 0.2541666671875 0.3203125 0.25694444375000003 0.3234375 0.2625 0.325 0.28611111093749997 0.325 0.2916666671875 0.321875
0 0.5763888890625 0.5421875 0.5791666671875 0.54375 0.597222221875 0.5421875 0.6 0.540625 0.6 0.53359375 0.6083333328125 0.53125 0.622222221875 0.5234375 0.622222221875 0.51953125 0.6166666671875001 0.51796875 0.5791666671875 0.51796875 0.5763888890625 0.51953125 0.5763888890625 0.5421875
0 0.690277778125 0.4765625 0.7013888890625 0.48125 0.7194444437499999 0.48125 0.725 0.4796875 0.7333333328125 0.4734375 0.7333333328125 0.45703125 0.73055555625 0.45546875 0.7041666671875 0.45546875 0.690277778125 0.46015625 0.6875 0.46328125 0.6875 0.4734375 0.690277778125 0.4765625
0 0.597222221875 0.1375 0.5986111109375 0.1390625 0.6138888890625 0.1390625 0.6152777781250001 0.1375 0.61944444375 0.1375 0.63055555625 0.13125 0.63055555625 0.12890625 0.6333333328124999 0.128125 0.6333333328124999 0.11953125 0.61944444375 0.11171875 0.5930555562500001 0.11171875 0.5875 0.11484375 0.5875 0.1359375 0.590277778125 0.1375 0.597222221875 0.1375
0 0.4861111109375 0.28671875 0.45694444375 0.28671875 0.45416666718750004 0.28828125 0.45694444375 0.3 0.4861111109375 0.3 0.4888888890625 0.2984375 0.4861111109375 0.28671875
0 0.69305555625 0.1875 0.7 0.1859375 0.7 0.17578125 0.6972222218749999 0.17421875 0.66805555625 0.17421875 0.665277778125 0.17578125 0.665277778125 0.1859375 0.6736111109375 0.190625 0.6861111109375 0.1921875 0.69305555625 0.1875
0 0.66805555625 0.5953125 0.675 0.5953125 0.6861111109375 0.5921875 0.6888888890625 0.58203125 0.6777777781250001 0.57421875 0.6458333328125 0.57421875 0.64305555625 0.57578125 0.64305555625 0.5921875 0.6486111109375 0.596875 0.6666666671875 0.596875 0.66805555625 0.5953125
0 0.1458333328125 0.259375 0.1541666671875 0.2625 0.175 0.2625 0.18055555625 0.25390625 0.1916666671875 0.246875 0.1888888890625 0.23828125 0.1861111109375 0.23671875 0.1541666671875 0.23671875 0.15277777812499999 0.23828125 0.1458333328125 0.23828125 0.1458333328125 0.2421875 0.14305555625 0.24296875 0.14305555625 0.25625 0.1458333328125 0.259375
0 0.75555555625 0.16875 0.75555555625 0.15703125 0.752777778125 0.15546875 0.7236111109375 0.15546875 0.7208333328125 0.15703125 0.7236111109375 0.1734375 0.747222221875 0.175 0.75555555625 0.16875
0 0.85555555625 0.45 0.8583333328125 0.4484375 0.85555555625 0.42578125 0.8236111109375001 0.42421875 0.8208333328125 0.42578125 0.8208333328125 0.4484375 0.8291666671875 0.4515625 0.85555555625 0.45
0 0.46666666718750005 0.5703125 0.46666666718750005 0.55078125 0.46388888906250003 0.54921875 0.4236111109375 0.55078125 0.42083333281249996 0.571875 0.4263888890625 0.575 0.46388888906250003 0.5734375 0.46666666718750005 0.5703125
0 0.43055555625 0.2453125 0.43333333281249997 0.2421875 0.43055555625 0.23046875 0.40138888906250003 0.23046875 0.3986111109375 0.23203125 0.3986111109375 0.246875 0.40138888906250003 0.2484375 0.41944444374999995 0.25 0.43055555625 0.2453125
0 0.15555555625 0.36953125 0.12361111093749999 0.36796875 0.1208333328125 0.3859375 0.15 0.3875 0.15555555625 0.384375 0.15555555625 0.36953125
0 0.91944444375 0.1546875 0.91944444375 0.14453125 0.9083333328125001 0.13671875 0.8791666671874999 0.13671875 0.8763888890624999 0.13828125 0.8763888890624999 0.1546875 0.8819444437499999 0.1578125 0.9083333328125001 0.1578125 0.91944444375 0.1546875
0 0.815277778125 0.1734375 0.83055555625 0.1734375 0.8333333328125001 0.16953125 0.8416666671874999 0.165625 0.8416666671874999 0.15546875 0.8388888890624999 0.15234375 0.83055555625 0.14921875 0.8013888890624999 0.14921875 0.7986111109375 0.15078125 0.7986111109375 0.1671875 0.8111111109375001 0.1703125 0.815277778125 0.1734375
0 0.39027777812500003 0.5171875 0.4 0.5171875 0.40138888906250003 0.515625 0.4166666671875 0.5125 0.42222222187499997 0.509375 0.42222222187499997 0.49453125 0.41944444374999995 0.49296875 0.38194444375000003 0.49296875 0.3763888890625 0.49609375 0.3763888890625 0.5109375 0.38194444375000003 0.5140625 0.3861111109375 0.5140625 0.39027777812500003 0.5171875
0 0.8652777781250001 0.4859375 0.8680555562500001 0.4875 0.9055555562500001 0.4875 0.9111111109375001 0.484375 0.9111111109375001 0.46328125 0.8819444437499999 0.46171875 0.8763888890624999 0.46484375 0.8763888890624999 0.4703125 0.8652777781250001 0.47578125 0.8652777781250001 0.4859375
0 0.5125 0.1515625 0.5236111109375 0.15625 0.5388888890625 0.15625 0.55 0.146875 0.547222221875 0.13828125 0.54305555625 0.13828125 0.5416666671875 0.13671875 0.5125 0.13671875 0.5097222218749999 0.13828125 0.5097222218749999 0.1484375 0.5125 0.14921875 0.5125 0.1515625
0 0.9 0.26875 0.9055555562500001 0.265625 0.9 0.24453125 0.897222221875 0.24296875 0.8680555562500001 0.24296875 0.8652777781250001 0.24453125 0.8652777781250001 0.2671875 0.8763888890624999 0.2703125 0.9 0.26875
0 0.3 0.23203125 0.26805555625 0.23046875 0.26527777812500003 0.246875 0.2708333328125 0.25 0.29722222187499997 0.25 0.3 0.23203125
0 0.797222221875 0.5265625 0.7986111109375 0.525 0.8083333328125001 0.525 0.8138888890624999 0.5203125 0.8138888890624999 0.51796875 0.8194444437499999 0.515625 0.8194444437499999 0.50859375 0.8111111109375001 0.50546875 0.790277778125 0.50546875 0.7763888890625 0.51328125 0.7763888890625 0.5234375 0.7819444437499999 0.5265625 0.797222221875 0.5265625
0 0.397222221875 0.58125 0.41111111093749997 0.5734375 0.40833333281249995 0.56328125 0.40138888906250003 0.56328125 0.4 0.56171875 0.3791666671875 0.56171875 0.3763888890625 0.56328125 0.3763888890625 0.5796875 0.3791666671875 0.58125 0.397222221875 0.58125
0 0.9888888890624999 0.30078125 0.9680555562500001 0.29921875 0.965277778125 0.3109375 0.9833333328125 0.3125 0.9888888890624999 0.309375 0.9888888890624999 0.30078125
0 0.5333333328125 0.61328125 0.5305555562500001 0.61171875 0.5013888890625 0.61171875 0.4986111109375 0.6234375 0.5013888890625 0.625 0.525 0.6234375 0.5333333328125 0.6171875 0.5333333328125 0.61328125
0 0.127777778125 0.3125 0.13888888906250002 0.3046875 0.13888888906250002 0.29609375 0.13055555624999998 0.28671875 0.10138888906250001 0.28671875 0.0986111109375 0.28828125 0.0986111109375 0.3109375 0.10138888906250001 0.3125 0.127777778125 0.3125
0 0.5305555562500001 0.23125 0.5416666671875 0.2234375 0.5416666671875 0.21328125 0.5361111109375 0.21171875 0.5125 0.21171875 0.5097222218749999 0.21328125 0.5097222218749999 0.228125 0.515277778125 0.23125 0.5305555562500001 0.23125
0 0.3166666671875 0.21875 0.322222221875 0.215625 0.322222221875 0.20078125 0.3013888890625 0.19921875 0.2986111109375 0.20078125 0.2986111109375 0.2125 0.30416666718749996 0.2171875 0.3166666671875 0.21875
0 0.06944444375 0.1984375 0.072222221875 0.18828125 0.0666666671875 0.18203125 0.0458333328125 0.18046875 0.04305555625 0.18203125 0.04305555625 0.1984375 0.0458333328125 0.2 0.06944444375 0.1984375
0 0.6666666671875 0.20859375 0.6611111109375 0.20546875 0.6347222218749999 0.20546875 0.6319444437499999 0.20703125 0.6347222218749999 0.21875 0.6583333328125 0.21875 0.6666666671875 0.2125 0.6666666671875 0.20859375
0 0.11944444375 0.4 0.12222222187500001 0.3984375 0.12222222187500001 0.38203125 0.11944444375 0.38046875 0.090277778125 0.38046875 0.0875 0.38203125 0.0875 0.3984375 0.09305555625 0.4015625 0.11944444375 0.4
0 0.35555555625 0.221875 0.35555555625 0.20703125 0.334722221875 0.20546875 0.33194444375 0.2234375 0.334722221875 0.2265625 0.34444444375 0.2265625 0.35555555625 0.221875
0 0.609722221875 0.1734375 0.6388888890625 0.175 0.64444444375 0.171875 0.64444444375 0.15078125 0.6125 0.14921875 0.609722221875 0.1546875 0.6152777781250001 0.16015625 0.6152777781250001 0.165625 0.609722221875 0.1734375
0 0.622222221875 0.39921875 0.6125 0.39921875 0.609722221875 0.4109375 0.63055555625 0.4109375 0.63055555625 0.40234375 0.622222221875 0.39921875
0 0.55694444375 0.18125 0.5638888890625 0.18125 0.577777778125 0.1703125 0.577777778125 0.16484375 0.5722222218749999 0.16171875 0.55694444375 0.16171875 0.5541666671875001 0.16328125 0.5541666671875001 0.1796875 0.55694444375 0.18125
0 0.43055555625 0.2234375 0.43333333281249997 0.20703125 0.43055555625 0.20546875 0.40138888906250003 0.20546875 0.3986111109375 0.20703125 0.3986111109375 0.221875 0.40416666718750005 0.225 0.43055555625 0.2234375
0 0.4916666671875 0.40078125 0.4791666671875 0.39921875 0.4763888890625 0.4109375 0.4861111109375 0.4125 0.4916666671875 0.409375 0.4916666671875 0.40078125
0 0.25694444375000003 0.5984375 0.2638888890625 0.5984375 0.27777777812500004 0.5921875 0.27777777812500004 0.58203125 0.275 0.58046875 0.25694444375000003 0.58046875 0.2541666671875 0.58203125 0.2541666671875 0.596875 0.25694444375000003 0.5984375
0 0.95694444375 0.29609375 0.95694444375 0.2984375 0.9638888890624999 0.2984375 0.98055555625 0.290625 0.977777778125 0.28203125 0.975 0.28046875 0.95694444375 0.28046875 0.9541666671875 0.28203125 0.9541666671875 0.2953125 0.95694444375 0.29609375
0 0.18055555625 0.1109375 0.1888888890625 0.1046875 0.1888888890625 0.09609375 0.1833333328125 0.09296875 0.15694444375 0.09296875 0.1541666671875 0.09453125 0.1541666671875 0.109375 0.15694444375 0.1125 0.18055555625 0.1109375
0 0.41111111093749997 0.59375 0.41111111093749997 0.58359375 0.40555555625000006 0.58046875 0.3791666671875 0.58046875 0.3763888890625 0.5984375 0.3791666671875 0.6 0.40555555625000006 0.5984375 0.41111111093749997 0.59375
0 0.8638888890624999 0.15 0.877777778125 0.14375 0.88055555625 0.1359375 0.877777778125 0.12578125 0.875 0.12421875 0.8458333328125001 0.12421875 0.8430555562500001 0.12578125 0.8430555562500001 0.1453125 0.8513888890624999 0.15 0.8638888890624999 0.15
0 0.125 0.12109375 0.11944444375 0.11796875 0.10138888906250001 0.11796875 0.0986111109375 0.1359375 0.11944444375 0.1375 0.125 0.1328125 0.125 0.12109375
0 0.17916666718750002 0.1359375 0.1916666671875 0.1359375 0.20277777812500003 0.1296875 0.20833333281250002 0.1234375 0.20833333281250002 0.11953125 0.197222221875 0.11171875 0.17916666718750002 0.11171875 0.1763888890625 0.11328125 0.1763888890625 0.13125 0.17916666718750002 0.13203125 0.17916666718750002 0.1359375
0 0.0888888890625 0.0625 0.0888888890625 0.05703125 0.0861111109375 0.05546875 0.05694444375 0.05546875 0.054166667187499996 0.05703125 0.054166667187499996 0.0671875 0.059722221875 0.0703125 0.08055555625000001 0.06875 0.0888888890625 0.0625
0 0.377777778125 0.24375 0.377777778125 0.23828125 0.35694444375 0.23671875 0.3541666671875 0.2484375 0.35694444375 0.25 0.372222221875 0.2484375 0.377777778125 0.24375
0 0.6347222218749999 0.4125 0.647222221875 0.4109375 0.6569444437499999 0.4046875 0.6611111109375 0.4046875 0.6611111109375 0.39921875 0.652777778125 0.39296875 0.6347222218749999 0.39296875 0.6319444437499999 0.39453125 0.6319444437499999 0.4109375 0.6347222218749999 0.4125
0 0.7875 0.18203125 0.7875 0.196875 0.79305555625 0.2 0.8055555562500001 0.1984375 0.8194444437499999 0.1859375 0.8194444437499999 0.18203125 0.815277778125 0.18203125 0.8138888890624999 0.18046875 0.790277778125 0.18046875 0.7875 0.18203125
0 0.45 0.234375 0.46388888906250003 0.228125 0.46666666718750005 0.22109375 0.4611111109375 0.21796875 0.434722221875 0.21796875 0.43194444374999996 0.21953125 0.43194444374999996 0.2296875 0.434722221875 0.23046875 0.434722221875 0.2328125 0.45 0.234375
0 0.8111111109375001 0.559375 0.8083333328125001 0.55078125 0.8027777781250001 0.54921875 0.7791666671875 0.54921875 0.7763888890625 0.55078125 0.7763888890625 0.5609375 0.7819444437499999 0.5640625 0.8 0.5640625 0.8111111109375001 0.559375
0 0.7236111109375 0.190625 0.7416666671875001 0.190625 0.752777778125 0.184375 0.752777778125 0.18203125 0.747222221875 0.1796875 0.747222221875 0.17734375 0.7416666671875001 0.17421875 0.7125 0.17421875 0.709722221875 0.17578125 0.709722221875 0.1859375 0.7180555562500001 0.1890625 0.722222221875 0.1890625 0.7236111109375 0.190625
0 0.35694444375 0.2671875 0.3638888890625 0.2671875 0.36805555624999997 0.2640625 0.372222221875 0.2640625 0.377777778125 0.2609375 0.377777778125 0.25234375 0.372222221875 0.24921875 0.3458333328125 0.24921875 0.34305555625 0.25078125 0.34305555625 0.2609375 0.34861111093749997 0.2640625 0.352777778125 0.2640625 0.35694444375 0.2671875
0 0.975 0.28125 0.9861111109375 0.275 0.9861111109375 0.26328125 0.95694444375 0.26171875 0.9541666671875 0.26328125 0.9541666671875 0.2796875 0.95694444375 0.28125 0.975 0.28125
0 0.12222222187500001 0.46328125 0.11944444375 0.46171875 0.10138888906250001 0.46171875 0.0986111109375 0.46328125 0.0986111109375 0.4734375 0.10138888906250001 0.475 0.12222222187500001 0.4734375 0.12222222187500001 0.46328125
0 0.9111111109375001 0.503125 0.9083333328125001 0.49296875 0.8791666671874999 0.49296875 0.8763888890624999 0.49453125 0.8763888890624999 0.5046875 0.8819444437499999 0.5078125 0.9 0.5078125 0.9111111109375001 0.503125
0 0.177777778125 0.3296875 0.177777778125 0.31953125 0.175 0.31796875 0.1458333328125 0.31796875 0.14305555625 0.31953125 0.14305555625 0.3296875 0.14861111093749999 0.334375 0.16388888906250001 0.3359375 0.177777778125 0.3296875
0 0.8861111109375001 0.3 0.8888888890625 0.29453125 0.89444444375 0.2921875 0.8861111109375001 0.28046875 0.8680555562500001 0.28046875 0.8652777781250001 0.28203125 0.8652777781250001 0.2984375 0.8680555562500001 0.3 0.8861111109375001 0.3
0 0.575 0.2421875 0.5888888890625 0.2359375 0.5888888890625 0.22578125 0.5861111109375 0.22421875 0.56805555625 0.22421875 0.565277778125 0.22578125 0.56805555625 0.2421875 0.575 0.2421875
0 0.13888888906250002 0.10625 0.14444444375 0.1046875 0.15277777812499999 0.0984375 0.15277777812499999 0.08671875 0.147222221875 0.084375 0.147222221875 0.08203125 0.1416666671875 0.08046875 0.12361111093749999 0.08046875 0.1208333328125 0.08203125 0.1208333328125 0.0984375 0.1291666671875 0.1046875 0.13888888906250002 0.10625
0 0.3333333328125 0.325 0.33055555625 0.31796875 0.3013888890625 0.31796875 0.2986111109375 0.31953125 0.2986111109375 0.3296875 0.3013888890625 0.33125 0.31944444375000003 0.33125 0.3333333328125 0.325
0 0.76805555625 0.2078125 0.777777778125 0.20625 0.7833333328125 0.203125 0.7805555562500001 0.19453125 0.775 0.19296875 0.7458333328125 0.19296875 0.7430555562500001 0.19453125 0.7430555562500001 0.20625 0.7486111109375 0.2109375 0.7638888890625 0.2109375 0.76805555625 0.2078125
0 0.10833333281249999 0.08125 0.1111111109375 0.0796875 0.1111111109375 0.06953125 0.10833333281249999 0.06796875 0.090277778125 0.06796875 0.0875 0.06953125 0.0875 0.0796875 0.090277778125 0.08125 0.10833333281249999 0.08125
0 0.7638888890625 0.6375 0.772222221875 0.6296875 0.76944444375 0.62109375 0.7638888890625 0.61796875 0.7458333328125 0.61796875 0.7430555562500001 0.61953125 0.7430555562500001 0.6359375 0.7458333328125 0.6375 0.7638888890625 0.6375
0 0.6111111109375 0.38125 0.6111111109375 0.37578125 0.6013888890625 0.37421875 0.5986111109375 0.37578125 0.5986111109375 0.38125 0.6083333328125 0.3828125 0.6111111109375 0.38125
0 0.3638888890625 0.3578125 0.36944444375 0.3546875 0.36944444375 0.33984375 0.3638888890625 0.33671875 0.334722221875 0.33671875 0.33194444375 0.33828125 0.33194444375 0.353125 0.3458333328125 0.3578125 0.3638888890625 0.3578125
0 0.46666666718750005 0.59375 0.475 0.5890625 0.477777778125 0.58359375 0.47222222187499996 0.58046875 0.45694444375 0.58046875 0.45416666718750004 0.58203125 0.45416666718750004 0.5921875 0.45694444375 0.59375 0.46666666718750005 0.59375
0 0.434722221875 0.178125 0.44166666718750003 0.178125 0.45277777812500003 0.16875 0.45 0.16171875 0.434722221875 0.16171875 0.43194444374999996 0.16328125 0.43194444374999996 0.175 0.434722221875 0.178125
0 0.91944444375 0.2625 0.925 0.259375 0.925 0.25703125 0.9305555562500001 0.2546875 0.9305555562500001 0.24453125 0.91944444375 0.23671875 0.9125 0.23671875 0.909722221875 0.23828125 0.909722221875 0.2609375 0.9125 0.2625 0.91944444375 0.2625
0 0.772222221875 0.18125 0.7861111109375 0.1734375 0.7861111109375 0.16328125 0.7833333328125 0.16171875 0.7569444437499999 0.16171875 0.7541666671875 0.16328125 0.7541666671875 0.1796875 0.7569444437499999 0.18125 0.772222221875 0.18125
0 0.85555555625 0.45703125 0.834722221875 0.45546875 0.83194444375 0.4734375 0.85 0.475 0.85555555625 0.471875 0.85555555625 0.45703125
0 0.852777778125 0.171875 0.8541666671874999 0.1703125 0.875 0.1671875 0.877777778125 0.165625 0.877777778125 0.15234375 0.872222221875 0.14921875 0.8486111109375001 0.14921875 0.8430555562500001 0.15234375 0.8430555562500001 0.1671875 0.8458333328125001 0.1703125 0.852777778125 0.171875
0 0.8791666671874999 0.2359375 0.8861111109375001 0.2359375 0.9 0.23125 0.9055555562500001 0.2234375 0.9 0.21796875 0.8791666671874999 0.21796875 0.8763888890624999 0.21953125 0.8763888890624999 0.2328125 0.8791666671874999 0.2359375
0 0.14444444375 0.0796875 0.1541666671875 0.0859375 0.1666666671875 0.0859375 0.1666666671875 0.08515625 0.177777778125 0.0796875 0.177777778125 0.06953125 0.1763888890625 0.06953125 0.175 0.06796875 0.1458333328125 0.06796875 0.1458333328125 0.06875 0.14305555625 0.06953125 0.14305555625 0.0796875 0.14444444375 0.0796875
0 0.019444443750000002 0.3421875 0.030555556249999997 0.3359375 0.030555556249999997 0.33046875 0.025 0.32578125 0.0125 0.32421875 0.009722221875000001 0.32578125 0.009722221875000001 0.340625 0.0125 0.3421875 0.019444443750000002 0.3421875
0 0.9388888890624999 0.2359375 0.9472222218749999 0.2296875 0.9472222218749999 0.22109375 0.9416666671874999 0.21796875 0.9236111109375 0.21796875 0.9208333328125 0.21953125 0.9236111109375 0.2328125 0.9263888890624999 0.234375 0.9388888890624999 0.2359375
0 0.877777778125 0.55703125 0.8680555562500001 0.55546875 0.8652777781250001 0.5625 0.8680555562500001 0.565625 0.875 0.565625 0.877777778125 0.55703125
0 0.6333333328124999 0.38203125 0.6125 0.38046875 0.609722221875 0.38203125 0.6125 0.3953125 0.63055555625 0.3953125 0.6333333328124999 0.38203125
0 0.8 0.365625 0.8027777781250001 0.35703125 0.7791666671875 0.35546875 0.7763888890625 0.35703125 0.7763888890625 0.3671875 0.79444444375 0.36875 0.8 0.365625
0 0.5166666671875 0.6046875 0.5166666671875 0.60078125 0.5013888890625 0.59921875 0.4986111109375 0.60625 0.5013888890625 0.609375 0.5083333328124999 0.609375 0.5166666671875 0.6046875
0 0.019444443750000002 0.06875 0.027777778125000003 0.0640625 0.030555556249999997 0.05703125 0.022222221875 0.053125 0.019444443750000002 0.04921875 0.0125 0.04921875 0.009722221875000001 0.05078125 0.009722221875000001 0.0671875 0.0125 0.06875 0.019444443750000002 0.06875
0 0.09444444375 0.16875 0.1 0.1671875 0.10833333281249999 0.1609375 0.10833333281249999 0.15546875 0.10555555624999999 0.15234375 0.097222221875 0.14921875 0.08194444375 0.14921875 0.07638888906249999 0.15234375 0.07638888906249999 0.165625 0.08194444375 0.16875 0.09444444375 0.16875
0 0.46944444374999994 0.6671875 0.46388888906250003 0.65078125 0.4458333328125 0.64921875 0.44305555625000004 0.65078125 0.44305555625000004 0.6671875 0.4458333328125 0.66875 0.46944444374999994 0.6671875
0 0.8444444437499999 0.26328125 0.834722221875 0.26171875 0.83194444375 0.2703125 0.834722221875 0.2734375 0.8416666671874999 0.2734375 0.8444444437499999 0.26328125
0 0.0333333328125 0.15703125 0.0125 0.15546875 0.009722221875000001 0.1671875 0.027777778125000003 0.16875 0.0333333328125 0.165625 0.0333333328125 0.15703125
0 0.772222221875 0.471875 0.76944444375 0.46328125 0.7569444437499999 0.46171875 0.7541666671875 0.46328125 0.7541666671875 0.4734375 0.7666666671875 0.475 0.772222221875 0.471875
0 0.24722222187499998 0.51953125 0.23472222187499997 0.51796875 0.23194444375 0.5234375 0.23472222187499997 0.5265625 0.2416666671875 0.5265625 0.24722222187499998 0.51953125
0 0.3 0.61171875 0.290277778125 0.61171875 0.2875 0.6234375 0.3083333328125 0.6234375 0.3083333328125 0.61484375 0.3 0.61171875
0 0.8861111109375001 0.3875 0.8861111109375001 0.38203125 0.8680555562500001 0.38046875 0.8652777781250001 0.38203125 0.8652777781250001 0.3921875 0.875 0.39375 0.8861111109375001 0.3875
0 0.9902777781250001 0.29296875 0.9875 0.3109375 0.997222221875 0.3125 0.9986111109375001 0.29453125 0.9902777781250001 0.29296875
0 0.7708333328125 0.63125 0.7805555562500001 0.6296875 0.7888888890625 0.6234375 0.7888888890625 0.61953125 0.7861111109375 0.61796875 0.76805555625 0.61796875 0.765277778125 0.61953125 0.765277778125 0.628125 0.7708333328125 0.63125
0 0.727777778125 0.196875 0.73055555625 0.1921875 0.727777778125 0.18828125 0.722222221875 0.18671875 0.6986111109375 0.18828125 0.6986111109375 0.196875 0.7041666671875 0.2 0.7166666671875 0.2 0.727777778125 0.196875
0 0.077777778125 0.30703125 0.05694444375 0.30546875 0.054166667187499996 0.3171875 0.05694444375 0.31875 0.075 0.3171875 0.077777778125 0.30703125
0 0.0013888890625 0.51171875 0 0.5296875 0.0083333328125 0.53125 0.0111111109375 0.51328125 0.0013888890625 0.51171875
0 0.40277777812500004 0.36328125 0.3791666671875 0.36171875 0.3763888890625 0.3734375 0.397222221875 0.375 0.40277777812500004 0.3703125 0.40277777812500004 0.36328125
0 0.5111111109375 0.346875 0.5111111109375 0.33828125 0.490277778125 0.33671875 0.4875 0.33828125 0.490277778125 0.3484375 0.50555555625 0.35 0.5111111109375 0.346875
0 0.6861111109375 0.4265625 0.6972222218749999 0.421875 0.6972222218749999 0.41953125 0.6916666671875 0.41328125 0.6791666671875001 0.41171875 0.6763888890625 0.41328125 0.6763888890625 0.4234375 0.68194444375 0.4265625 0.6861111109375 0.4265625
0 0.43055555625 0.54375 0.4361111109375 0.53359375 0.43055555625 0.53046875 0.4125 0.53046875 0.40972222187499996 0.53203125 0.40972222187499996 0.5421875 0.4125 0.54375 0.43055555625 0.54375
0 0.9333333328125001 0.16796875 0.909722221875 0.16953125 0.9125 0.1765625 0.9305555562500001 0.1765625 0.9361111109375001 0.1734375 0.9333333328125001 0.16796875
0 0.3916666671875 0.26953125 0.3861111109375 0.26796875 0.36805555624999997 0.26796875 0.365277778125 0.26953125 0.36805555624999997 0.2796875 0.375 0.2796875 0.3916666671875 0.2734375 0.3916666671875 0.26953125
0 0.23472222187499997 0.3578125 0.2416666671875 0.3578125 0.24583333281250003 0.3546875 0.25 0.3546875 0.25 0.34921875 0.2416666671875 0.34296875 0.2125 0.34296875 0.20972222187499998 0.34453125 0.20972222187499998 0.3546875 0.215277778125 0.3578125 0.23333333281250002 0.359375 0.23472222187499997 0.3578125
0 0.5416666671875 0.35 0.55 0.346875 0.547222221875 0.33828125 0.534722221875 0.33671875 0.5319444437499999 0.33828125 0.5319444437499999 0.346875 0.5375 0.35 0.5416666671875 0.35
0 0.9111111109375001 0.31953125 0.9083333328125001 0.31796875 0.8791666671874999 0.31796875 0.8763888890624999 0.31953125 0.8763888890624999 0.3296875 0.8791666671874999 0.33125 0.897222221875 0.33125 0.9111111109375001 0.3234375 0.9111111109375001 0.31953125
0 0.9472222218749999 0.253125 0.952777778125 0.2453125 0.952777778125 0.23828125 0.9263888890624999 0.23671875 0.9236111109375 0.23828125 0.9236111109375 0.2546875 0.9333333328125001 0.25625 0.9472222218749999 0.253125
0 0.76944444375 0.48203125 0.7569444437499999 0.48046875 0.7541666671875 0.4859375 0.7569444437499999 0.4875 0.7666666671875 0.4875 0.76944444375 0.48203125
0 0.39027777812500003 0.5171875 0.40555555625000006 0.515625 0.41111111093749997 0.5109375 0.41111111093749997 0.49453125 0.40833333281249995 0.49296875 0.3791666671875 0.49453125 0.3791666671875 0.50625 0.3763888890625 0.50703125 0.3791666671875 0.5125 0.39027777812500003 0.5171875