0 0.6416666671875 0.64375 0.6555555562500001 0.6359375 0.6555555562500001 0.62421875 0.652777778125 0.6234375 0.652777778125 0.62109375 0.64444444375 0.61796875 0.6125 0.61796875 0.609722221875 0.61953125 0.609722221875 0.640625 0.6152777781250001 0.64375 0.6416666671875 0.64375
0 0.73055555625 0.8890625 0.7333333328125 0.88203125 0.73055555625 0.88046875 0.690277778125 0.88046875 0.6875 0.88203125 0.6875 0.8984375 0.690277778125 0.9 0.7111111109375 0.9 0.7166666671875 0.8984375 0.73055555625 0.8890625
0 0.05 0.5875 0.055555556250000006 0.58203125 0.0638888890625 0.5796875 0.06944444375 0.5734375 0.06944444375 0.56484375 0.0638888890625 0.56171875 0.026388889062499997 0.56171875 0.0208333328125 0.56484375 0.0208333328125 0.5859375 0.0236111109375 0.5875 0.05 0.5875
0 0.540277778125 0.6359375 0.5555555562500001 0.6359375 0.5638888890625 0.63125 0.5638888890625 0.62421875 0.5555555562500001 0.621875 0.5555555562500001 0.60703125 0.5236111109375 0.60546875 0.5208333328125 0.60703125 0.5208333328125 0.6296875 0.5361111109375 0.6328125 0.540277778125 0.6359375
0 0.4166666671875 0.84375 0.425 0.8359375 0.42222222187499997 0.81953125 0.41944444374999995 0.81796875 0.39027777812500003 0.81796875 0.3875 0.81953125 0.3875 0.8421875 0.39027777812500003 0.84375 0.4166666671875 0.84375
0 0.68194444375 0.6515625 0.6944444437499999 0.65 0.7 0.646875 0.7 0.63984375 0.6916666671875 0.63203125 0.6861111109375 0.63046875 0.6569444437499999 0.63046875 0.6541666671875 0.63203125 0.6541666671875 0.65 0.659722221875 0.653125 0.675 0.6546875 0.68194444375 0.6515625
0 0.897222221875 0.94375 0.902777778125 0.9296875 0.9 0.92109375 0.89444444375 0.91796875 0.8680555562500001 0.91796875 0.8652777781250001 0.91953125 0.8652777781250001 0.9421875 0.8791666671874999 0.9453125 0.897222221875 0.94375
0 0.6388888890625 0.68125 0.64444444375 0.678125 0.64444444375 0.66484375 0.6388888890625 0.66171875 0.6125 0.66171875 0.609722221875 0.66328125 0.609722221875 0.6796875 0.6152777781250001 0.6828125 0.6388888890625 0.68125
0 0.8333333328125001 0.93203125 0.8013888890624999 0.93046875 0.7986111109375 0.9546875 0.8013888890624999 0.95625 0.83055555625 0.9546875 0.8333333328125001 0.93203125
0 0.08055555625000001 0.6 0.0888888890625 0.59375 0.0888888890625 0.58203125 0.0861111109375 0.58046875 0.05694444375 0.58046875 0.054166667187499996 0.58203125 0.05694444375 0.6015625 0.0638888890625 0.603125 0.08055555625000001 0.6
0 0.790277778125 0.8484375 0.8111111109375001 0.8484375 0.8194444437499999 0.84375 0.8222222218749999 0.83828125 0.827777778125 0.8359375 0.827777778125 0.83046875 0.8194444437499999 0.82421875 0.790277778125 0.82421875 0.7875 0.82578125 0.7875 0.84375 0.790277778125 0.84453125 0.790277778125 0.8484375
0 0.5791666671875 0.6203125 0.590277778125 0.625 0.60555555625 0.625 0.6111111109375 0.621875 0.6111111109375 0.61953125 0.6166666671875001 0.6171875 0.6138888890625 0.60859375 0.6083333328125 0.60546875 0.5791666671875 0.60546875 0.5763888890625 0.60703125 0.5763888890625 0.6171875 0.5791666671875 0.61796875 0.5791666671875 0.6203125
0 0.0666666671875 0.79609375 0.061111110937500004 0.79296875 0.0236111109375 0.79296875 0.0208333328125 0.79453125 0.0236111109375 0.8125 0.03194444375 0.8140625 0.0638888890625 0.8125 0.0666666671875 0.79609375
0 0.5638888890625 0.784375 0.577777778125 0.7734375 0.577777778125 0.76484375 0.5722222218749999 0.76171875 0.5458333328125 0.76171875 0.54305555625 0.76328125 0.54305555625 0.78125 0.5458333328125 0.784375 0.5638888890625 0.784375
0 0.60555555625 0.8265625 0.6111111109375 0.8234375 0.6111111109375 0.81953125 0.602777778125 0.815625 0.6 0.80703125 0.5791666671875 0.80546875 0.5763888890625 0.80703125 0.5763888890625 0.8234375 0.584722221875 0.8265625 0.60555555625 0.8265625
0 0.5097222218749999 0.76875 0.527777778125 0.7671875 0.5361111109375 0.759375 0.5361111109375 0.74609375 0.5305555562500001 0.74296875 0.5013888890625 0.74296875 0.4986111109375 0.74453125 0.4986111109375 0.7625 0.5013888890625 0.765625 0.5097222218749999 0.76875
0 0.0416666671875 0.7671875 0.04444444375 0.75859375 0.0388888890625 0.75546875 0.0125 0.75546875 0.009722221875000001 0.75703125 0.009722221875000001 0.7671875 0.0125 0.76875 0.030555556249999997 0.7703125 0.0416666671875 0.7671875
0 0.16388888906250001 0.75703125 0.1583333328125 0.75546875 0.134722221875 0.75546875 0.13194444375 0.75703125 0.134722221875 0.7703125 0.15277777812499999 0.7703125 0.1666666671875 0.765625 0.16388888906250001 0.75703125
0 0.15277777812499999 0.60546875 0.1208333328125 0.60703125 0.12361111093749999 0.6203125 0.14444444375 0.6203125 0.15555555625 0.6171875 0.15277777812499999 0.60546875
0 0.74444444375 0.77578125 0.7236111109375 0.77421875 0.7208333328125 0.7859375 0.7388888890625 0.7875 0.74444444375 0.784375 0.74444444375 0.77578125
0 0.07083333281250001 0.83046875 0.07083333281250001 0.8328125 0.06527777812499999 0.83671875 0.06527777812499999 0.8484375 0.06805555625000001 0.84921875 0.06805555625000001 0.8515625 0.08333333281250001 0.8515625 0.1 0.84375 0.102777778125 0.82734375 0.097222221875 0.82421875 0.0791666671875 0.82421875 0.0736111109375 0.82734375 0.0736111109375 0.8296875 0.07083333281250001 0.83046875
0 0.64444444375 0.7796875 0.6555555562500001 0.7734375 0.6555555562500001 0.76328125 0.6347222218749999 0.76171875 0.6319444437499999 0.76328125 0.6319444437499999 0.7765625 0.6347222218749999 0.7796875 0.64444444375 0.7796875
0 0.46805555625000006 0.7703125 0.47222222187499996 0.7703125 0.4791666671875 0.7734375 0.4916666671875 0.771875 0.497222221875 0.76875 0.497222221875 0.76171875 0.4888888890625 0.75703125 0.46805555625000006 0.75546875 0.46527777812500004 0.75703125 0.46527777812500004 0.7671875 0.46805555625000006 0.76796875 0.46805555625000006 0.7703125
0 0.11944444375 0.76484375 0.1111111109375 0.76171875 0.090277778125 0.76171875 0.0875 0.76328125 0.0875 0.771875 0.09305555625 0.775 0.10833333281249999 0.775 0.11944444375 0.7671875 0.11944444375 0.76484375
0 0.46527777812500004 0.6859375 0.475 0.6890625 0.48055555625 0.68359375 0.4916666671875 0.6796875 0.4916666671875 0.67578125 0.4861111109375 0.67421875 0.46805555625000006 0.67421875 0.46527777812500004 0.67578125 0.46527777812500004 0.6859375
0 0.63055555625 0.803125 0.64444444375 0.796875 0.64444444375 0.78828125 0.6416666671875 0.78671875 0.6236111109375 0.78671875 0.6208333328125 0.78828125 0.6236111109375 0.803125 0.63055555625 0.803125
0 0.10833333281249999 0.61875 0.11944444375 0.6109375 0.11944444375 0.60234375 0.10833333281249999 0.59921875 0.090277778125 0.59921875 0.0875 0.60078125 0.0875 0.6171875 0.090277778125 0.61875 0.10833333281249999 0.61875
0 0.0416666671875 0.8546875 0.04444444375 0.84453125 0.0416666671875 0.84375 0.0416666671875 0.83828125 0.0236111109375 0.83671875 0.0208333328125 0.83828125 0.0208333328125 0.859375 0.030555556249999997 0.8609375 0.0416666671875 0.8546875
0 0.06944444375 0.8515625 0.0666666671875 0.83828125 0.0458333328125 0.83671875 0.04305555625 0.83828125 0.0458333328125 0.8546875 0.0666666671875 0.8546875 0.06944444375 0.8515625
0 0.8125 0.60625 0.8194444437499999 0.6046875 0.8194444437499999 0.59921875 0.8222222218749999 0.5984375 0.8222222218749999 0.59609375 0.8166666671874999 0.59296875 0.790277778125 0.59296875 0.7875 0.59453125 0.7875 0.6046875 0.79305555625 0.609375 0.8055555562500001 0.6109375 0.8125 0.60625
0 0.009722221875000001 0.7875 0.015277778124999999 0.7921875 0.027777778125000003 0.790625 0.0416666671875 0.7859375 0.04444444375 0.7828125 0.0416666671875 0.76953125 0.0333333328125 0.76796875 0.0125 0.76796875 0.009722221875000001 0.76953125 0.009722221875000001 0.7875
0 0.125 0.57578125 0.11944444375 0.57421875 0.0986111109375 0.57578125 0.1041666671875 0.5828125 0.11944444375 0.5828125 0.125 0.5796875 0.125 0.57578125
0 0.6236111109375 0.78359375 0.6236111109375 0.7859375 0.6361111109375 0.784375 0.652777778125 0.775 0.652777778125 0.77265625 0.6555555562500001 0.771875 0.6555555562500001 0.76328125 0.652777778125 0.76171875 0.6263888890625 0.76171875 0.6208333328125 0.76484375 0.6208333328125 0.7828125 0.6236111109375 0.78359375