0 0.10859375 0.0125 0.0546875 0.025
0 0.37890625 0.015625 0.05546875 0.03125
0 0.153125 0.0078125 0.0265625 0.01484375
0 0.259375 0.0109375 0.0390625 0.021875
0 0.321875 0.01640625 0.05390625 0.0296875
0 0.25859375 0.03125 0.01953125 0.01953125
0 0.4171875 0.05625 0.04296875 0.03125
0 0.26328125 0.0546875 0.0375 0.02578125
0 0.171875 0.07890625 0.046875 0.01875
0 0.2484375 0.09375 0.05 0.028125
0 0.18828125 0.1 0.04296875 0.02578125
0 0.0875 0.1078125 0.046875 0.02890625
0 0.234375 0.115625 0.0515625 0.02578125
0 0.28203125 0.115625 0.03046875 0.01484375
0 0.03046875 0.1625 0.0359375 0.02109375
0 0.340625 0.16015625 0.03046875 0.015625
0 0.009375 0.19375 0.01796875 0.025
0 0.428125 0.19765625 0.05 0.025
0 0.10703125 0.196875 0.0359375 0.02109375
0 0.1359375 0.2109375 0.04140625 0.02109375
0 0.06015625 0.215625 0.0515625 0.028125
0 0.078125 0.2546875 0.02109375 0.0078125
0 0.4265625 0.2640625 0.03046875 0.02265625
0 0.72890625 0.27421875 0.05 0.0328125
0 0.19765625 0.26953125 0.03203125 0.0203125
0 0.771875 0.275 0.0375 0.03046875
0 0.48359375 0.27890625 0.03359375 0.0109375
0 0.246875 0.28359375 0.0390625 0.015625
0 0.36171875 0.2875 0.034375 0.0203125
0 0.203125 0.29375 0.028125 0.01484375
0 0.01484375 0.30625 0.02890625 0.01953125
0 0.7078125 0.3078125 0.034375 0.021875
0 0.09140625 0.3125 0.0359375 0.01796875
0 0.7828125 0.3234375 0.05390625 0.028125
0 0.07421875 0.328125 0.02890625 0.01328125
0 0.434375 0.3375 0.03359375 0.01328125
0 0.678125 0.35078125 0.04296875 0.0234375
0 0.065625 0.359375 0.0390625 0.0125
0 0.27890625 0.390625 0.046875 0.021875
0 0.01484375 0.43125 0.02890625 0.02109375
0 0.28203125 0.44921875 0.046875 0.025
0 0.10078125 0.44375 0.0265625 0.0109375
0 0.83828125 0.471875 0.0375 0.02578125
0 0.5484375 0.5359375 0.04453125 0.02109375
0 0.5453125 0.5640625 0.034375 0.0140625
0 0.271875 0.590625 0.0609375 0.0390625
0 0.665625 0.5890625 0.034375 0.01796875
0 0.70234375 0.6421875 0.02890625 0.0265625
0 0.2421875 0.659375 0.0734375 0.03828125
0 0.8046875 0.675 0.03203125 0.02421875