0 0.2 0.5359375 0.2 0.52734375 0.19444444375 0.52421875 0.15694444375 0.52421875 0.1541666671875 0.52578125 0.1541666671875 0.5421875 0.15694444375 0.54375 0.1861111109375 0.54375 0.2 0.5359375
0 0.0333333328125 0.57578125 0.030555556249999997 0.57421875 0.0013888890625 0.57421875 0.0013888890625 0.59375 0.030555556249999997 0.59375 0.0361111109375 0.5875 0.0333333328125 0.57578125
0 0.8013888890624999 0.2453125 0.8125 0.25 0.83055555625 0.25 0.8416666671874999 0.24375 0.8416666671874999 0.24140625 0.8444444437499999 0.240625 0.8444444437499999 0.22734375 0.8388888890624999 0.22421875 0.8013888890624999 0.22421875 0.7986111109375 0.22578125 0.7986111109375 0.2421875 0.8013888890624999 0.24296875 0.8013888890624999 0.2453125
0 0.672222221875 0.4484375 0.6791666671875001 0.4515625 0.6972222218749999 0.453125 0.6986111109375 0.4515625 0.7083333328125 0.45 0.7166666671875 0.4421875 0.7166666671875 0.43359375 0.7083333328125 0.43046875 0.66805555625 0.43046875 0.665277778125 0.43203125 0.665277778125 0.4453125 0.66805555625 0.44609375 0.66805555625 0.4484375 0.672222221875 0.4484375
0 0.8333333328125001 0.4421875 0.8333333328125001 0.43984375 0.8416666671874999 0.4375 0.8444444437499999 0.434375 0.8444444437499999 0.42109375 0.8388888890624999 0.41796875 0.79305555625 0.41796875 0.7875 0.42109375 0.7875 0.440625 0.79305555625 0.44375 0.827777778125 0.44375 0.8333333328125001 0.4421875
0 0.752777778125 0.4625 0.7541666671875 0.4609375 0.7611111109375 0.4609375 0.775 0.453125 0.775 0.44296875 0.7638888890625 0.43671875 0.7236111109375 0.43671875 0.7208333328125 0.43828125 0.7208333328125 0.45625 0.7236111109375 0.45703125 0.7236111109375 0.4609375 0.752777778125 0.4625
0 0.20555555625 0.41796875 0.190277778125 0.41796875 0.1875 0.4421875 0.20833333281250002 0.44375 0.21111111093749999 0.42109375 0.20555555625 0.41796875
0 0.0666666671875 0.6484375 0.0666666671875 0.63828125 0.0638888890625 0.63671875 0.0236111109375 0.63671875 0.0208333328125 0.63828125 0.0208333328125 0.6546875 0.0236111109375 0.65625 0.052777778124999994 0.65625 0.0666666671875 0.6484375
0 0.922222221875 0.0546875 0.9333333328125001 0.04375 0.9333333328125001 0.03359375 0.9277777781250001 0.03046875 0.890277778125 0.03046875 0.8875 0.03203125 0.8875 0.0546875 0.890277778125 0.05625 0.922222221875 0.0546875
0 0.2 0.63125 0.20138888906250002 0.6296875 0.20833333281250002 0.6296875 0.222222221875 0.621875 0.222222221875 0.61015625 0.21944444375 0.609375 0.21944444375 0.60703125 0.2166666671875 0.60546875 0.17916666718750002 0.60546875 0.1763888890625 0.60703125 0.1763888890625 0.6234375 0.190277778125 0.63125 0.2 0.63125
0 0.1861111109375 0.6296875 0.1861111109375 0.62578125 0.177777778125 0.621875 0.175 0.61328125 0.16944444375 0.61171875 0.1458333328125 0.61171875 0.14305555625 0.61328125 0.14305555625 0.628125 0.14861111093749999 0.63125 0.177777778125 0.6328125 0.1861111109375 0.6296875
0 0.9763888890624999 0.1796875 0.98194444375 0.18125 0.997222221875 0.18125 0.9986111109375001 0.15234375 0.99444444375 0.14921875 0.9708333328125001 0.14921875 0.965277778125 0.15234375 0.965277778125 0.1734375 0.972222221875 0.175 0.9763888890624999 0.1796875
0 0.9666666671874999 0.4 0.9680555562500001 0.3984375 0.972222221875 0.3984375 0.9888888890624999 0.3875 0.9888888890624999 0.38203125 0.9861111109375 0.38125 0.9861111109375 0.37890625 0.975 0.37421875 0.9458333328125 0.37421875 0.94305555625 0.37578125 0.94305555625 0.3984375 0.9458333328125 0.4 0.9666666671874999 0.4
0 0.8125 0.49375 0.8194444437499999 0.49375 0.8222222218749999 0.47578125 0.790277778125 0.47421875 0.7875 0.47578125 0.790277778125 0.4953125 0.8055555562500001 0.496875 0.8125 0.49375
0 0.652777778125 0.46875 0.66805555625 0.475 0.6861111109375 0.4734375 0.6916666671875 0.4671875 0.6916666671875 0.45703125 0.6888888890625 0.45390625 0.6777777781250001 0.44921875 0.6458333328125 0.44921875 0.64305555625 0.45078125 0.64305555625 0.465625 0.6458333328125 0.46875 0.652777778125 0.46875
0 0.875 0.6328125 0.8791666671874999 0.6359375 0.8861111109375001 0.6359375 0.890277778125 0.6328125 0.89444444375 0.6328125 0.9 0.6296875 0.9 0.61484375 0.89444444375 0.61171875 0.8680555562500001 0.61171875 0.8652777781250001 0.61328125 0.8652777781250001 0.6296875 0.8708333328125001 0.6328125 0.875 0.6328125
0 0.075 0.4609375 0.075 0.45703125 0.077777778125 0.45625 0.075 0.44296875 0.07083333281250001 0.44296875 0.0638888890625 0.43671875 0.0458333328125 0.43671875 0.04305555625 0.43828125 0.04305555625 0.4546875 0.059722221875 0.4625 0.075 0.4609375
0 0.95694444375 0.1390625 0.9680555562500001 0.14375 0.9861111109375 0.14375 0.9875 0.1421875 0.9916666671875 0.1421875 0.9986111109375001 0.1359375 0.997222221875 0.12265625 0.9888888890624999 0.11796875 0.95694444375 0.11796875 0.9541666671875 0.11953125 0.9541666671875 0.1359375 0.95694444375 0.13671875 0.95694444375 0.1390625
0 0.777777778125 0.5328125 0.775 0.51796875 0.73194444375 0.51953125 0.73194444375 0.534375 0.7375 0.5375 0.775 0.5359375 0.777777778125 0.5328125
0 0.9138888890624999 0.18125 0.9333333328125001 0.171875 0.9333333328125001 0.15390625 0.9305555562500001 0.153125 0.9305555562500001 0.15078125 0.9263888890624999 0.15078125 0.925 0.14921875 0.89305555625 0.14921875 0.8875 0.15234375 0.8875 0.1796875 0.890277778125 0.18125 0.9138888890624999 0.18125
0 0.790277778125 0.32578125 0.7875 0.3421875 0.7986111109375 0.3453125 0.83055555625 0.34375 0.8333333328125001 0.32578125 0.83055555625 0.32421875 0.8125 0.32421875 0.8055555562500001 0.32734375 0.790277778125 0.32578125
0 0.6083333328125 0.5875 0.61944444375 0.5796875 0.61944444375 0.56953125 0.5791666671875 0.56796875 0.5763888890625 0.56953125 0.5763888890625 0.5859375 0.5791666671875 0.5875 0.6083333328125 0.5875
0 0.2125 0.56875 0.23055555625 0.56875 0.23194444375 0.5671875 0.2388888890625 0.5671875 0.2416666671875 0.56328125 0.24722222187499998 0.5609375 0.24722222187499998 0.55078125 0.24444444375000002 0.55 0.24444444375000002 0.54609375 0.2388888890625 0.54296875 0.20138888906250002 0.54296875 0.1986111109375 0.54453125 0.1986111109375 0.5609375 0.20138888906250002 0.5640625 0.2125 0.56875
0 0.91944444375 0.1296875 0.925 0.125 0.925 0.12109375 0.9305555562500001 0.11875 0.9305555562500001 0.10703125 0.925 0.10546875 0.890277778125 0.10546875 0.8875 0.10703125 0.890277778125 0.1265625 0.9013888890624999 0.13125 0.91944444375 0.1296875
0 0.9 0.4578125 0.9013888890624999 0.459375 0.9083333328125001 0.459375 0.91944444375 0.45625 0.9277777781250001 0.4484375 0.9277777781250001 0.44453125 0.91944444375 0.43671875 0.890277778125 0.43671875 0.8875 0.43828125 0.8875 0.4546875 0.89305555625 0.4578125 0.9 0.4578125
0 0.6638888890625 0.4875 0.6666666671875 0.48359375 0.675 0.4796875 0.675 0.47578125 0.66805555625 0.47421875 0.6555555562500001 0.46796875 0.6347222218749999 0.46796875 0.6319444437499999 0.46953125 0.6319444437499999 0.4859375 0.6347222218749999 0.4875 0.6638888890625 0.4875
0 0.88055555625 0.14453125 0.875 0.14296875 0.8458333328125001 0.14296875 0.8430555562500001 0.14453125 0.8458333328125001 0.1578125 0.872222221875 0.15625 0.88055555625 0.15 0.88055555625 0.14453125
0 0.997222221875 0.6125 0.997222221875 0.59296875 0.9680555562500001 0.59296875 0.965277778125 0.59453125 0.9680555562500001 0.609375 0.9763888890624999 0.6125 0.997222221875 0.6125
0 0.097222221875 0.45 0.1 0.4484375 0.1 0.44296875 0.102777778125 0.4421875 0.1 0.42578125 0.097222221875 0.42421875 0.06805555625000001 0.42421875 0.06527777812499999 0.42578125 0.06527777812499999 0.440625 0.0791666671875 0.4484375 0.097222221875 0.45
0 0.6583333328125 0.6203125 0.6555555562500001 0.60703125 0.652777778125 0.60546875 0.6347222218749999 0.60546875 0.6319444437499999 0.60703125 0.6347222218749999 0.6234375 0.652777778125 0.625 0.6583333328125 0.6203125
0 0.972222221875 0.3609375 0.977777778125 0.35625 0.977777778125 0.33828125 0.975 0.33671875 0.9458333328125 0.33671875 0.94305555625 0.33828125 0.9458333328125 0.3578125 0.95694444375 0.3625 0.972222221875 0.3609375
0 0.11944444375 0.57578125 0.1111111109375 0.56875 0.1111111109375 0.56328125 0.090277778125 0.56171875 0.0875 0.5796875 0.090277778125 0.58125 0.11944444375 0.5796875 0.11944444375 0.57578125
0 0.8833333328125 0.1359375 0.8916666671875 0.1296875 0.8888888890625 0.11484375 0.8833333328125 0.11171875 0.8680555562500001 0.11171875 0.8652777781250001 0.11328125 0.8652777781250001 0.13125 0.8708333328125001 0.1359375 0.8833333328125 0.1359375
0 0.102777778125 0.60625 0.1041666671875 0.6078125 0.11944444375 0.6078125 0.127777778125 0.603125 0.12222222187500001 0.58828125 0.11944444375 0.58671875 0.090277778125 0.58671875 0.0875 0.58828125 0.0875 0.603125 0.09305555625 0.60625 0.102777778125 0.60625
0 0.952777778125 0.6125 0.9638888890624999 0.6046875 0.9638888890624999 0.59765625 0.95555555625 0.59296875 0.9291666671875 0.59296875 0.9236111109375 0.59453125 0.9208333328125 0.59765625 0.9208333328125 0.6109375 0.9236111109375 0.6125 0.952777778125 0.6125
0 0.7986111109375 0.2734375 0.8166666671874999 0.275 0.825 0.26875 0.825 0.25859375 0.8194444437499999 0.25546875 0.790277778125 0.25546875 0.7875 0.2609375 0.790277778125 0.2640625 0.7958333328125 0.26484375 0.7986111109375 0.2734375
0 0.8444444437499999 0.32109375 0.85555555625 0.3171875 0.85555555625 0.30390625 0.847222221875 0.29921875 0.8291666671875 0.29921875 0.8208333328125 0.30390625 0.8208333328125 0.3234375 0.8416666671874999 0.325 0.8444444437499999 0.32109375
0 0.775 0.5046875 0.7861111109375 0.4984375 0.7861111109375 0.49453125 0.7805555562500001 0.4921875 0.7805555562500001 0.48984375 0.775 0.48671875 0.7458333328125 0.48671875 0.7430555562500001 0.48828125 0.7430555562500001 0.4984375 0.75 0.5 0.7569444437499999 0.5046875 0.775 0.5046875
0 0.8416666671874999 0.6265625 0.8444444437499999 0.6234375 0.8416666671874999 0.61796875 0.8208333328125 0.61953125 0.8236111109375001 0.63125 0.83055555625 0.63125 0.8416666671874999 0.6265625
0 0.7805555562500001 0.628125 0.7805555562500001 0.62109375 0.775 0.61796875 0.7458333328125 0.61796875 0.7430555562500001 0.61953125 0.7430555562500001 0.6328125 0.7458333328125 0.6359375 0.7638888890625 0.6359375 0.7805555562500001 0.628125
0 0.17916666718750002 0.6546875 0.1833333328125 0.6546875 0.184722221875 0.65625 0.20555555625 0.65625 0.222222221875 0.6453125 0.222222221875 0.63359375 0.2166666671875 0.63046875 0.17916666718750002 0.63046875 0.1763888890625 0.63203125 0.1763888890625 0.6515625 0.17916666718750002 0.65234375 0.17916666718750002 0.6546875
0 0.3236111109375 0.6578125 0.3333333328125 0.65625 0.3361111109375 0.65234375 0.3416666671875 0.6515625 0.34444444375 0.6484375 0.3416666671875 0.63984375 0.3333333328125 0.63671875 0.3013888890625 0.63671875 0.2986111109375 0.63828125 0.2986111109375 0.65625 0.30416666718749996 0.6609375 0.31944444375000003 0.6609375 0.3236111109375 0.6578125
0 0.2638888890625 0.525 0.2666666671875 0.52109375 0.275 0.5171875 0.272222221875 0.50703125 0.2666666671875 0.50546875 0.24583333281250003 0.50546875 0.24305555625 0.50703125 0.24305555625 0.5234375 0.24583333281250003 0.525 0.2638888890625 0.525
0 0.7763888890625 0.09296875 0.7763888890625 0.10625 0.7819444437499999 0.1109375 0.797222221875 0.1125 0.8041666671875 0.1078125 0.8083333328125001 0.1078125 0.8138888890624999 0.1046875 0.8138888890624999 0.10234375 0.8166666671874999 0.1015625 0.8166666671874999 0.09296875 0.8083333328125001 0.08671875 0.7875 0.08671875 0.7791666671875 0.08984375 0.7791666671875 0.0921875 0.7763888890625 0.09296875
0 0.775 0.4796875 0.7861111109375 0.4703125 0.7861111109375 0.46328125 0.7805555562500001 0.46171875 0.7458333328125 0.46171875 0.7430555562500001 0.46328125 0.7430555562500001 0.4796875 0.7458333328125 0.48125 0.775 0.4796875
0 0.2416666671875 0.525 0.24444444375000002 0.5234375 0.2416666671875 0.50703125 0.23611111093749998 0.50546875 0.215277778125 0.50703125 0.20972222187499998 0.51328125 0.20972222187499998 0.5234375 0.2125 0.5265625 0.2416666671875 0.525
0 0.7236111109375 0.70625 0.7416666671875001 0.7046875 0.74444444375 0.69765625 0.747222221875 0.696875 0.747222221875 0.68828125 0.73194444375 0.68671875 0.7208333328125 0.69453125 0.7208333328125 0.7046875 0.7236111109375 0.70625
0 0.8222222218749999 0.678125 0.8222222218749999 0.66953125 0.8194444437499999 0.66796875 0.79305555625 0.66796875 0.7875 0.67109375 0.7875 0.6796875 0.79305555625 0.6828125 0.8166666671874999 0.68125 0.8222222218749999 0.678125
0 0.70555555625 0.5984375 0.70555555625 0.59296875 0.6972222218749999 0.58671875 0.6791666671875001 0.58671875 0.6763888890625 0.58828125 0.6763888890625 0.5984375 0.6791666671875001 0.6 0.6944444437499999 0.6015625 0.70555555625 0.5984375
0 0.6666666671875 0.54296875 0.6458333328125 0.54296875 0.64305555625 0.54453125 0.6458333328125 0.55 0.6666666671875 0.55 0.66944444375 0.5484375 0.6666666671875 0.54296875
0 0.9541666671875 0.5546875 0.965277778125 0.56171875 0.9680555562500001 0.5671875 0.9888888890624999 0.56875 0.997222221875 0.5671875 0.997222221875 0.56015625 0.99444444375 0.55859375 0.9986111109375001 0.5515625 0.997222221875 0.53046875 0.9791666671874999 0.53046875 0.9694444437499999 0.53515625 0.95694444375 0.53671875 0.9541666671875 0.53984375 0.9541666671875 0.5546875
0 0.12222222187500001 0.50234375 0.13055555624999998 0.4984375 0.13055555624999998 0.48984375 0.12222222187500001 0.48671875 0.1125 0.48671875 0.109722221875 0.48828125 0.109722221875 0.5046875 0.11944444375 0.50625 0.12222222187500001 0.50234375
0 0.60555555625 0.621875 0.602777778125 0.61328125 0.597222221875 0.61171875 0.5791666671875 0.61171875 0.5763888890625 0.61328125 0.5763888890625 0.6234375 0.58194444375 0.6265625 0.5944444437499999 0.6265625 0.60555555625 0.621875
0 0.722222221875 0.628125 0.722222221875 0.61953125 0.7125 0.61796875 0.709722221875 0.61953125 0.709722221875 0.628125 0.7194444437499999 0.6296875 0.722222221875 0.628125
0 0.797222221875 0.0359375 0.8083333328125001 0.0296875 0.8083333328125001 0.01953125 0.8027777781250001 0.01796875 0.7791666671875 0.01796875 0.7763888890625 0.01953125 0.7763888890625 0.0359375 0.7791666671875 0.0375 0.797222221875 0.0359375
0 0.6791666671875001 0.55 0.6861111109375 0.55 0.6972222218749999 0.54375 0.6944444437499999 0.53671875 0.6791666671875001 0.53671875 0.6763888890625 0.53828125 0.6763888890625 0.5484375 0.6791666671875001 0.55
0 0.1361111109375 0.56953125 0.12361111093749999 0.56796875 0.1208333328125 0.575 0.12361111093749999 0.578125 0.13055555624999998 0.578125 0.1361111109375 0.56953125
0 0.8027777781250001 0.40859375 0.797222221875 0.40546875 0.7791666671875 0.40546875 0.7763888890625 0.40703125 0.7763888890625 0.4171875 0.7791666671875 0.41875 0.8 0.4171875 0.8027777781250001 0.40859375
0 0.15555555625 0.428125 0.15555555625 0.41953125 0.134722221875 0.41796875 0.13194444375 0.428125 0.1375 0.43125 0.15 0.43125 0.15555555625 0.428125
0 0.9888888890624999 0.0984375 0.9916666671875 0.08984375 0.9861111109375 0.08671875 0.95694444375 0.08671875 0.9541666671875 0.08828125 0.9541666671875 0.0984375 0.959722221875 0.103125 0.975 0.103125 0.9888888890624999 0.0984375
0 0.7416666671875001 0.675 0.74444444375 0.6734375 0.74444444375 0.66953125 0.7416666671875001 0.66796875 0.734722221875 0.66796875 0.73194444375 0.66953125 0.73194444375 0.6734375 0.734722221875 0.675 0.7416666671875001 0.675
0 0.20833333281250002 0.56796875 0.1875 0.56953125 0.190277778125 0.5796875 0.20833333281250002 0.578125 0.21111111093749999 0.575 0.20833333281250002 0.56796875
0 0.9888888890624999 0.31953125 0.9791666671874999 0.31796875 0.9763888890624999 0.325 0.9791666671874999 0.328125 0.9861111109375 0.328125 0.9888888890624999 0.31953125
0 0.997222221875 0.06796875 0.9680555562500001 0.06796875 0.965277778125 0.06953125 0.9680555562500001 0.084375 0.997222221875 0.0859375 0.997222221875 0.06796875
0 0.7125 0.53203125 0.7125 0.5359375 0.7194444437499999 0.5359375 0.7194444437499999 0.53203125 0.7125 0.53203125
0 0.902777778125 0.33984375 0.897222221875 0.33671875 0.890277778125 0.33671875 0.8875 0.33828125 0.8875 0.346875 0.897222221875 0.3484375 0.902777778125 0.33984375
0 0.997222221875 0.365625 0.9986111109375001 0.34453125 0.98194444375 0.34296875 0.9763888890624999 0.34609375 0.9763888890624999 0.3609375 0.98194444375 0.365625 0.997222221875 0.365625
0 0.052777778124999994 0.115625 0.055555556250000006 0.10859375 0.05 0.10546875 0.0236111109375 0.10546875 0.0208333328125 0.10703125 0.0208333328125 0.1171875 0.026388889062499997 0.1203125 0.0416666671875 0.1203125 0.052777778124999994 0.115625
0 0.9902777781250001 0.29296875 0.9875 0.3046875 0.997222221875 0.30625 0.9986111109375001 0.29453125 0.9902777781250001 0.29296875
0 0.12222222187500001 0.61328125 0.10138888906250001 0.61171875 0.0986111109375 0.61328125 0.10138888906250001 0.621875 0.11944444375 0.6234375 0.12222222187500001 0.61328125