0 0.58125 0.2125 0.0234375 0.01328125
0 0.6140625 0.234375 0.025 0.02265625
0 0.703125 0.25 0.025 0.01484375
0 0.59140625 0.26328125 0.01953125 0.0125
0 0.528125 0.2671875 0.01796875 0.01015625
0 0.62890625 0.27265625 0.028125 0.015625
0 0.7296875 0.27734375 0.0234375 0.0203125
0 0.59921875 0.2765625 0.009375 0.01015625
0 0.7703125 0.28125 0.03203125 0.01875
0 0.51796875 0.2828125 0.028125 0.01640625
0 0.5421875 0.284375 0.02109375 0.0171875
0 0.68671875 0.28515625 0.0265625 0.0140625
0 0.7390625 0.30078125 0.01953125 0.0125
0 0.71015625 0.303125 0.0234375 0.01640625
0 0.6484375 0.3140625 0.0140625 0.0109375
0 0.36640625 0.3359375 0.00859375 0.00390625
0 0.7875 0.3609375 0.0359375 0.01796875
0 0.29765625 0.3765625 0.03203125 0.02421875
0 0.81875 0.371875 0.02109375 0.0125
0 0.44765625 0.37578125 0.0265625 0.0140625
0 0.51875 0.375 0.0234375 0.01328125
0 0.328125 0.390625 0.0234375 0.01953125
0 0.28671875 0.3984375 0.02109375 0.00859375
0 0.31484375 0.4046875 0.03203125 0.01328125
0 0.765625 0.403125 0.015625 0.00703125
0 0.646875 0.4109375 0.01640625 0.009375
0 0.534375 0.4171875 0.01796875 0.01328125
0 0.415625 0.41953125 0.0265625 0.0171875
0 0.59765625 0.421875 0.034375 0.0203125
0 0.48828125 0.440625 0.01796875 0.0078125
0 0.80546875 0.45546875 0.01953125 0.0125
0 0.521875 0.4796875 0.03203125 0.01328125
0 0.52578125 0.51953125 0.02109375 0.00625
0 0.77265625 0.52578125 0.015625 0.009375
0 0.3984375 0.540625 0.0390625 0.02421875
0 0.696875 0.553125 0.0109375 0.01171875
0 0.3921875 0.571875 0.0265625 0.01484375
0 0.503125 0.578125 0.01796875 0.01015625
0 0.7078125 0.59375 0.0234375 0.015625
0 0.39609375 0.5984375 0.0140625 0.01015625
0 0.615625 0.6046875 0.0265625 0.02421875
0 0.353125 0.609375 0.0125 0.01015625
0 0.81171875 0.6171875 0.0125 0.00546875
0 0.15390625 0.61953125 0.0140625 0.0078125
0 0.6875 0.625 0.01640625 0.0140625
0 0.36171875 0.634375 0.02109375 0.02421875
0 0.0984375 0.6359375 0.028125 0.01328125
0 0.47734375 0.653125 0.0234375 0.01328125
0 0.41484375 0.65703125 0.034375 0.015625
0 0.19765625 0.671875 0.015625 0.01796875
0 0.946875 0.6765625 0.025 0.0109375
0 0.7328125 0.675 0.02109375 0.00703125
0 0.7109375 0.67890625 0.01640625 0.00625
0 0.74921875 0.6859375 0.02890625 0.015625
0 0.25078125 0.6953125 0.0234375 0.01640625
0 0.765625 0.703125 0.01640625 0.01015625
0 0.703125 0.7109375 0.02109375 0.0125
0 0.72421875 0.71796875 0.0265625 0.015625
0 0.0265625 0.7203125 0.01640625 0.01171875
0 0.23203125 0.728125 0.028125 0.02265625
0 0.84609375 0.72578125 0.01953125 0.009375
0 0.17578125 0.7375 0.0234375 0.01015625
0 0.93515625 0.74375 0.02890625 0.01484375
0 0.85 0.75 0.03359375 0.01796875
0 0.89765625 0.75078125 0.015625 0.0125
0 0.8171875 0.759375 0.02109375 0.025
0 0.7625 0.75625 0.025 0.0171875
0 0.771875 0.7703125 0.0265625 0.01640625
0 0.884375 0.775 0.03046875 0.01171875
0 0.834375 0.7828125 0.025 0.01328125