0 0.36666666718749996 0.3171875 0.3638888890625 0.30546875 0.334722221875 0.30546875 0.33194444375 0.30703125 0.33194444375 0.315625 0.3375 0.31875 0.35555555625 0.3203125 0.36666666718749996 0.3171875
0 0.39444444375 0.33046875 0.365277778125 0.33203125 0.36805555624999997 0.34375 0.39444444375 0.3421875 0.397222221875 0.3390625 0.39444444375 0.33046875
0 0.44166666718750003 0.3484375 0.44166666718750003 0.34609375 0.447222221875 0.3421875 0.447222221875 0.33203125 0.44305555625000004 0.33203125 0.44166666718750003 0.33046875 0.4125 0.33046875 0.40972222187499996 0.33203125 0.40972222187499996 0.3421875 0.4236111109375 0.35 0.44166666718750003 0.3484375
0 0.20833333281250002 0.21875 0.222222221875 0.2109375 0.222222221875 0.20703125 0.21944444375 0.20625 0.21944444375 0.20390625 0.21111111093749999 0.19921875 0.190277778125 0.19921875 0.1875 0.20078125 0.1875 0.2171875 0.190277778125 0.21875 0.20833333281250002 0.21875
0 0.0861111109375 0.19375 0.0888888890625 0.1921875 0.0888888890625 0.18203125 0.0861111109375 0.18046875 0.06805555625000001 0.18046875 0.06527777812499999 0.18203125 0.06527777812499999 0.1921875 0.06805555625000001 0.19375 0.0861111109375 0.19375
0 0.3861111109375 0.35625 0.38333333281250004 0.34921875 0.3541666671875 0.35078125 0.35694444375 0.3625 0.375 0.3625 0.38055555625 0.35703125 0.3861111109375 0.35625
0 0.427777778125 0.371875 0.43333333281249997 0.36875 0.43333333281249997 0.35703125 0.4125 0.35546875 0.40972222187499996 0.35703125 0.4125 0.371875 0.415277778125 0.3734375 0.427777778125 0.371875
0 0.13055555624999998 0.3 0.14444444375 0.2921875 0.14444444375 0.28359375 0.13888888906250002 0.28046875 0.1125 0.28046875 0.109722221875 0.28203125 0.109722221875 0.2984375 0.1125 0.3 0.13055555624999998 0.3
0 0.10833333281249999 0.2765625 0.1111111109375 0.26953125 0.10833333281249999 0.26875 0.10833333281249999 0.26328125 0.090277778125 0.26171875 0.0875 0.26328125 0.0875 0.278125 0.097222221875 0.28125 0.10833333281249999 0.2765625
0 0.34444444375 0.31953125 0.3236111109375 0.31796875 0.32083333281250004 0.3296875 0.33888888906250003 0.33125 0.34444444375 0.328125 0.34444444375 0.31953125
0 0.2916666671875 0.33203125 0.26805555625 0.33046875 0.26527777812500003 0.3421875 0.28611111093749997 0.34375 0.2916666671875 0.3375 0.2916666671875 0.33203125
0 0.04444444375 0.31953125 0.0236111109375 0.31796875 0.0236111109375 0.3328125 0.0388888890625 0.3328125 0.04444444375 0.3296875 0.04444444375 0.31953125
0 0.5416666671875 0.36875 0.5416666671875 0.36328125 0.5388888890625 0.36171875 0.5236111109375 0.36171875 0.5208333328125 0.36328125 0.5208333328125 0.371875 0.5333333328125 0.3734375 0.5416666671875 0.36875
0 0.3083333328125 0.4 0.3111111109375 0.3984375 0.3111111109375 0.38828125 0.3083333328125 0.38671875 0.290277778125 0.38671875 0.2875 0.38828125 0.2875 0.3921875 0.3013888890625 0.4 0.3083333328125 0.4
0 0.0333333328125 0.33671875 0.0125 0.33671875 0.009722221875000001 0.33828125 0.0125 0.35 0.0361111109375 0.3484375 0.0388888890625 0.33984375 0.0333333328125 0.33671875
0 0.0638888890625 0.375 0.0666666671875 0.3734375 0.0666666671875 0.36328125 0.0638888890625 0.36171875 0.0458333328125 0.36171875 0.04305555625 0.36328125 0.04305555625 0.3734375 0.0486111109375 0.3765625 0.0638888890625 0.375
0 0.32777777812500003 0.22421875 0.3013888890625 0.22421875 0.2986111109375 0.22578125 0.3013888890625 0.2359375 0.31944444375000003 0.2359375 0.33055555625 0.23125 0.32777777812500003 0.22421875
0 0.061111110937500004 0.1796875 0.061111110937500004 0.17578125 0.0458333328125 0.17421875 0.04305555625 0.1828125 0.0458333328125 0.1859375 0.052777778124999994 0.1859375 0.061111110937500004 0.1796875
0 0.6388888890625 0.3921875 0.6388888890625 0.38828125 0.6236111109375 0.38671875 0.6208333328125 0.39375 0.6236111109375 0.3984375 0.63055555625 0.3984375 0.6388888890625 0.3921875
0 0.1916666671875 0.5296875 0.1916666671875 0.52578125 0.1861111109375 0.52421875 0.16805555625 0.52421875 0.165277778125 0.52578125 0.16805555625 0.5375 0.1833333328125 0.5359375 0.1916666671875 0.5296875
0 0.177777778125 0.51875 0.177777778125 0.51328125 0.15694444375 0.51171875 0.1541666671875 0.5234375 0.15694444375 0.525 0.172222221875 0.5234375 0.177777778125 0.51875
0 0.21944444375 0.4875 0.2166666671875 0.47578125 0.20833333281250002 0.47421875 0.17916666718750002 0.47421875 0.1763888890625 0.47578125 0.1763888890625 0.4875 0.18194444375000002 0.4921875 0.20555555625 0.4921875 0.21944444375 0.4875
0 0.11944444375 0.47890625 0.1111111109375 0.47421875 0.10138888906250001 0.47421875 0.0986111109375 0.4921875 0.1111111109375 0.49375 0.11944444375 0.490625 0.11944444375 0.47890625
0 0.6416666671875 0.4640625 0.647222221875 0.459375 0.64444444375 0.44609375 0.6388888890625 0.44296875 0.6236111109375 0.44296875 0.6208333328125 0.44453125 0.6208333328125 0.459375 0.6319444437499999 0.4640625 0.6416666671875 0.4640625
0 0.20833333281250002 0.46328125 0.1763888890625 0.46328125 0.1763888890625 0.471875 0.18194444375000002 0.475 0.20833333281250002 0.4734375 0.20833333281250002 0.46328125
0 0.097222221875 0.36171875 0.0791666671875 0.36171875 0.07638888906249999 0.36328125 0.07638888906249999 0.3671875 0.08194444375 0.3703125 0.1 0.3671875 0.097222221875 0.36171875
0 0.6 0.45546875 0.5875 0.45703125 0.590277778125 0.4625 0.60555555625 0.4609375 0.60555555625 0.45703125 0.6 0.45546875
0 0.27777777812500004 0.26484375 0.275 0.26328125 0.26805555625 0.26328125 0.26527777812500003 0.2671875 0.26805555625 0.26875 0.275 0.26875 0.27777777812500004 0.26484375
0 0.40833333281249995 0.46171875 0.40277777812500004 0.45703125 0.39027777812500003 0.45546875 0.3875 0.45703125 0.3875 0.4671875 0.40555555625000006 0.46875 0.40833333281249995 0.46171875
0 0.21111111093749999 0.50625 0.222222221875 0.5015625 0.222222221875 0.48984375 0.2166666671875 0.48671875 0.20416666718749998 0.48671875 0.1986111109375 0.48984375 0.1986111109375 0.503125 0.20416666718749998 0.50625 0.21111111093749999 0.50625
0 0.5083333328124999 0.48125 0.5138888890625 0.478125 0.5111111109375 0.46953125 0.5083333328124999 0.46796875 0.490277778125 0.46796875 0.4875 0.46953125 0.4875 0.4796875 0.490277778125 0.48125 0.5083333328124999 0.48125
0 0.3416666671875 0.58046875 0.3361111109375 0.578125 0.3361111109375 0.57578125 0.33055555625 0.57421875 0.3125 0.57421875 0.309722221875 0.57578125 0.309722221875 0.5859375 0.33055555625 0.590625 0.3416666671875 0.5859375 0.3416666671875 0.58046875
0 0.6638888890625 0.4015625 0.66944444375 0.396875 0.672222221875 0.38984375 0.6666666671875 0.38671875 0.6569444437499999 0.38671875 0.6541666671875 0.38828125 0.6541666671875 0.3984375 0.659722221875 0.4015625 0.6638888890625 0.4015625
0 0.2166666671875 0.48046875 0.19305555624999998 0.48046875 0.1875 0.48359375 0.190277778125 0.4921875 0.21111111093749999 0.4921875 0.21944444375 0.4875 0.2166666671875 0.48046875
0 0.41944444374999995 0.3 0.42222222187499997 0.2984375 0.42222222187499997 0.28828125 0.41944444374999995 0.28671875 0.40138888906250003 0.28671875 0.3986111109375 0.28828125 0.3986111109375 0.2984375 0.40138888906250003 0.3 0.41944444374999995 0.3
0 0.1111111109375 0.28359375 0.10555555624999999 0.28046875 0.090277778125 0.28046875 0.0875 0.2921875 0.0958333328125 0.2953125 0.10833333281249999 0.2953125 0.1111111109375 0.28359375
0 0.20555555625 0.5375 0.20555555625 0.53046875 0.2 0.52578125 0.190277778125 0.52578125 0.1875 0.52734375 0.190277778125 0.5421875 0.197222221875 0.5421875 0.20555555625 0.5375