0 0.48472222187499997 0.25390625 0.48472222187499997 0.25625 0.4986111109375 0.2625 0.5166666671875 0.2609375 0.5236111109375 0.25625 0.527777778125 0.25625 0.5333333328125 0.253125 0.5361111109375 0.23515625 0.5333333328125 0.234375 0.5305555562500001 0.22578125 0.525 0.22421875 0.4791666671875 0.22421875 0.4763888890625 0.22578125 0.4763888890625 0.2484375 0.4791666671875 0.2515625 0.48472222187499997 0.25390625
0 0.5263888890625 0.1640625 0.5416666671875 0.165625 0.54305555625 0.1640625 0.5666666671875 0.1625 0.5722222218749999 0.1609375 0.575 0.1578125 0.575 0.15078125 0.5638888890625 0.13828125 0.5583333328125 0.13671875 0.5236111109375 0.13671875 0.51805555625 0.13828125 0.51805555625 0.140625 0.5097222218749999 0.14609375 0.5097222218749999 0.159375 0.515277778125 0.1625 0.525 0.1625 0.5263888890625 0.1640625
0 0.527777778125 0.43125 0.5291666671875 0.4296875 0.5333333328125 0.4296875 0.534722221875 0.4265625 0.54444444375 0.425 0.55 0.421875 0.55 0.41953125 0.5527777781250001 0.41875 0.5555555562500001 0.40078125 0.547222221875 0.396875 0.547222221875 0.39453125 0.54305555625 0.39453125 0.5416666671875 0.39296875 0.5013888890625 0.39296875 0.4986111109375 0.39453125 0.4986111109375 0.4234375 0.5069444437499999 0.4296875 0.527777778125 0.43125
0 0.29305555625 0.7890625 0.3166666671875 0.7890625 0.31805555625 0.7875 0.33055555625 0.7859375 0.33055555625 0.78359375 0.33888888906250003 0.7796875 0.3416666671875 0.77265625 0.34444444375 0.771875 0.34444444375 0.76328125 0.3361111109375 0.759375 0.3361111109375 0.75703125 0.33055555625 0.75546875 0.2875 0.75546875 0.28194444375 0.75703125 0.27638888906250003 0.76171875 0.27638888906250003 0.78125 0.2791666671875 0.784375 0.29305555625 0.7890625
0 0.3083333328125 0.5875 0.3111111109375 0.5859375 0.3111111109375 0.58046875 0.3138888890625 0.5796875 0.3111111109375 0.56953125 0.29722222187499997 0.56171875 0.26805555625 0.56171875 0.26527777812500003 0.56328125 0.26527777812500003 0.5859375 0.26805555625 0.5875 0.3083333328125 0.5875
0 0.5638888890625 0.4 0.565277778125 0.4015625 0.5722222218749999 0.4015625 0.5791666671875 0.4046875 0.597222221875 0.4046875 0.6041666671875 0.4 0.6083333328125 0.4 0.6111111109375 0.3984375 0.6111111109375 0.37421875 0.6 0.36796875 0.565277778125 0.36796875 0.5541666671875001 0.37421875 0.5541666671875001 0.396875 0.559722221875 0.4 0.5638888890625 0.4
0 0.3458333328125 0.5109375 0.372222221875 0.5109375 0.38055555625 0.5046875 0.38055555625 0.50078125 0.3888888890625 0.4953125 0.3888888890625 0.48359375 0.38333333281250004 0.48046875 0.34861111093749997 0.48046875 0.34305555625 0.48359375 0.34305555625 0.50625 0.3458333328125 0.50703125 0.3458333328125 0.5109375
0 0.372222221875 0.728125 0.3736111109375 0.7265625 0.3861111109375 0.725 0.3916666671875 0.71796875 0.397222221875 0.715625 0.397222221875 0.71171875 0.4 0.7109375 0.4 0.70234375 0.39444444375 0.69921875 0.34861111093749997 0.69921875 0.34305555625 0.70234375 0.34305555625 0.7234375 0.35694444375 0.728125 0.372222221875 0.728125
0 0.30555555624999997 0.5375 0.3125 0.540625 0.31944444375000003 0.540625 0.33055555625 0.534375 0.33055555625 0.52890625 0.3333333328125 0.528125 0.3333333328125 0.51484375 0.32777777812500003 0.51171875 0.2791666671875 0.51171875 0.27638888906250003 0.51328125 0.27638888906250003 0.534375 0.28194444375 0.5375 0.30555555624999997 0.5375
0 0.35555555625 0.5765625 0.35694444375 0.575 0.3638888890625 0.575 0.36666666718749996 0.57109375 0.375 0.5671875 0.375 0.55546875 0.3638888890625 0.54921875 0.334722221875 0.54921875 0.33194444375 0.55078125 0.33194444375 0.5734375 0.334722221875 0.5765625 0.35555555625 0.5765625
0 0.5111111109375 0.1625 0.5111111109375 0.14765625 0.51944444375 0.1421875 0.51944444375 0.13828125 0.490277778125 0.13671875 0.4875 0.1625 0.490277778125 0.165625 0.50555555625 0.165625 0.5111111109375 0.1625
0 0.4458333328125 0.2609375 0.45555555625000005 0.2625 0.46805555625000006 0.26875 0.4861111109375 0.2671875 0.4861111109375 0.26484375 0.4916666671875 0.2609375 0.4916666671875 0.25703125 0.477777778125 0.246875 0.477777778125 0.23359375 0.47222222187499996 0.23046875 0.45416666718750004 0.23046875 0.45277777812500003 0.23203125 0.4486111109375 0.23203125 0.44305555625000004 0.23671875 0.44305555625000004 0.25625 0.4458333328125 0.25703125 0.4458333328125 0.2609375
0 0.29722222187499997 0.5625 0.309722221875 0.5546875 0.3138888890625 0.5546875 0.3138888890625 0.55234375 0.31944444375000003 0.55 0.31944444375000003 0.54140625 0.3083333328125 0.53671875 0.27638888906250003 0.53671875 0.2708333328125 0.53828125 0.26527777812500003 0.54296875 0.26527777812500003 0.5609375 0.26805555625 0.5625 0.29722222187499997 0.5625
0 0.7861111109375 0.6015625 0.790277778125 0.6046875 0.797222221875 0.6046875 0.7986111109375 0.603125 0.8055555562500001 0.603125 0.80694444375 0.6015625 0.8166666671874999 0.6 0.8222222218749999 0.596875 0.8222222218749999 0.58359375 0.8027777781250001 0.57421875 0.7791666671875 0.57421875 0.7763888890625 0.57578125 0.7763888890625 0.5984375 0.7819444437499999 0.6015625 0.7861111109375 0.6015625
0 0.38055555625 0.9171875 0.38194444375000003 0.91875 0.3861111109375 0.91875 0.3875 0.9171875 0.4 0.9171875 0.40694444374999994 0.9125 0.41111111093749997 0.9125 0.41944444374999995 0.9078125 0.41944444374999995 0.90546875 0.42222222187499997 0.9046875 0.42222222187499997 0.89453125 0.41111111093749997 0.8875 0.41111111093749997 0.88359375 0.40277777812500004 0.88046875 0.36805555624999997 0.88046875 0.365277778125 0.88203125 0.365277778125 0.9125 0.3708333328125 0.9171875 0.38055555625 0.9171875
0 0.3611111109375 0.60625 0.36944444375 0.596875 0.36666666718749996 0.58203125 0.3638888890625 0.58046875 0.334722221875 0.58046875 0.33194444375 0.58203125 0.33194444375 0.6046875 0.334722221875 0.60625 0.3611111109375 0.60625
0 0.39027777812500003 0.35 0.4138888890625 0.35 0.415277778125 0.3484375 0.42222222187499997 0.3484375 0.43055555625 0.34375 0.43055555625 0.33046875 0.41944444374999995 0.32421875 0.38194444375000003 0.32421875 0.3763888890625 0.32734375 0.3763888890625 0.3421875 0.384722221875 0.3484375 0.3888888890625 0.3484375 0.39027777812500003 0.35
0 0.334722221875 0.9140625 0.352777778125 0.9140625 0.35555555625 0.90546875 0.34444444375 0.8890625 0.34444444375 0.87890625 0.3361111109375 0.87421875 0.3236111109375 0.87421875 0.32083333281250004 0.87578125 0.32083333281250004 0.90625 0.3236111109375 0.9109375 0.334722221875 0.9140625
0 0.6236111109375 0.4984375 0.6208333328125 0.49921875 0.6208333328125 0.5171875 0.6263888890625 0.5203125 0.6416666671875 0.521875 0.64305555625 0.5203125 0.652777778125 0.5203125 0.6666666671875 0.515625 0.6666666671875 0.51171875 0.66944444375 0.5109375 0.66944444375 0.49921875 0.6666666671875 0.4984375 0.6638888890625 0.49140625 0.652777778125 0.48671875 0.6347222218749999 0.48671875 0.6291666671875 0.48828125 0.6236111109375 0.49296875 0.6236111109375 0.4984375
0 0.40833333281249995 0.74375 0.41805555625 0.7375 0.42222222187499997 0.7375 0.42222222187499997 0.73203125 0.41944444374999995 0.73046875 0.3791666671875 0.73046875 0.3763888890625 0.73203125 0.3763888890625 0.746875 0.38194444375000003 0.75 0.39444444375 0.7484375 0.3986111109375 0.7453125 0.40833333281249995 0.74375
0 0.2 0.9328125 0.20555555625 0.93125 0.2138888890625 0.925 0.2138888890625 0.91484375 0.20277777812500003 0.909375 0.20277777812500003 0.90703125 0.197222221875 0.90546875 0.16805555625 0.90546875 0.165277778125 0.90703125 0.165277778125 0.928125 0.17916666718750002 0.9328125 0.2 0.9328125
0 0.68194444375 0.4953125 0.6861111109375 0.4953125 0.6875 0.49375 0.6972222218749999 0.49375 0.7 0.48984375 0.7111111109375 0.4828125 0.7111111109375 0.47734375 0.70555555625 0.47421875 0.66805555625 0.47421875 0.665277778125 0.47578125 0.665277778125 0.4890625 0.6708333328125 0.49375 0.6805555562500001 0.49375 0.68194444375 0.4953125
0 0.4388888890625 0.60625 0.44444444375 0.6046875 0.44444444375 0.60078125 0.45 0.5984375 0.45 0.59453125 0.4361111109375 0.590625 0.43333333281249997 0.58359375 0.427777778125 0.58046875 0.4125 0.58046875 0.40972222187499996 0.58203125 0.40972222187499996 0.603125 0.415277778125 0.60625 0.4388888890625 0.60625
0 0.6638888890625 0.7046875 0.66944444375 0.69921875 0.675 0.6984375 0.6777777781250001 0.69375 0.675 0.67578125 0.6347222218749999 0.67421875 0.6319444437499999 0.67578125 0.6319444437499999 0.703125 0.6375 0.70625 0.6638888890625 0.7046875
0 0.40138888906250003 0.7 0.41944444374999995 0.7 0.42083333281249996 0.6984375 0.427777778125 0.6984375 0.4361111109375 0.69375 0.44166666718750003 0.6875 0.44166666718750003 0.68203125 0.43055555625 0.67421875 0.39027777812500003 0.67421875 0.3875 0.67578125 0.3875 0.6921875 0.39027777812500003 0.6953125 0.397222221875 0.696875 0.40138888906250003 0.7
0 0.3125 0.69140625 0.3125 0.69375 0.315277778125 0.6953125 0.33055555625 0.69375 0.3333333328125 0.6921875 0.3333333328125 0.68984375 0.3361111109375 0.6890625 0.3361111109375 0.68671875 0.34722222187499996 0.6796875 0.34444444375 0.66953125 0.3416666671875 0.66796875 0.3125 0.66796875 0.309722221875 0.66953125 0.309722221875 0.690625 0.3125 0.69140625
0 0.259722221875 0.6046875 0.28055555625 0.60625 0.290277778125 0.6109375 0.3111111109375 0.6109375 0.3111111109375 0.60859375 0.31944444375000003 0.6046875 0.3166666671875 0.59609375 0.30555555624999997 0.58671875 0.26527777812500003 0.58671875 0.2638888890625 0.58828125 0.25694444375000003 0.58828125 0.2541666671875 0.5984375 0.25694444375000003 0.59921875 0.25694444375000003 0.603125 0.259722221875 0.6046875
0 0.527777778125 0.4890625 0.5319444437499999 0.4921875 0.54444444375 0.4921875 0.5527777781250001 0.4875 0.5527777781250001 0.48359375 0.5555555562500001 0.4828125 0.5527777781250001 0.47109375 0.54444444375 0.46796875 0.5125 0.46796875 0.5097222218749999 0.46953125 0.5097222218749999 0.48125 0.51805555625 0.4875 0.527777778125 0.4890625
0 0.32777777812500003 0.68671875 0.3236111109375 0.68671875 0.3236111109375 0.6890625 0.32083333281250004 0.68984375 0.32083333281250004 0.703125 0.3263888890625 0.70625 0.33055555625 0.70625 0.33194444375 0.7046875 0.3416666671875 0.7046875 0.36666666718749996 0.6921875 0.36666666718749996 0.68359375 0.3611111109375 0.68046875 0.34305555625 0.68046875 0.3416666671875 0.68203125 0.334722221875 0.68203125 0.32777777812500003 0.68671875
0 0.56805555625 0.5109375 0.5736111109375 0.5125 0.597222221875 0.5125 0.6 0.5109375 0.6 0.50078125 0.597222221875 0.49765625 0.58055555625 0.48828125 0.56805555625 0.48671875 0.565277778125 0.48828125 0.565277778125 0.50625 0.56805555625 0.50703125 0.56805555625 0.5109375
0 0.0666666671875 0.8921875 0.07638888906249999 0.8984375 0.097222221875 0.8984375 0.097222221875 0.89765625 0.10833333281249999 0.8921875 0.10833333281249999 0.88203125 0.102777778125 0.8796875 0.102777778125 0.87734375 0.10138888906250001 0.87734375 0.097222221875 0.87421875 0.06805555625000001 0.87421875 0.06805555625000001 0.875 0.06527777812499999 0.87578125 0.06527777812499999 0.8921875 0.0666666671875 0.8921875
0 0.5305555562500001 0.8359375 0.5361111109375 0.8296875 0.5333333328125 0.81953125 0.5305555562500001 0.81796875 0.5013888890625 0.81796875 0.4986111109375 0.81953125 0.4986111109375 0.8296875 0.5125 0.8359375 0.5305555562500001 0.8359375
0 0.5916666671875 0.478125 0.6013888890625 0.4734375 0.60555555625 0.4734375 0.6083333328125 0.46171875 0.597222221875 0.45546875 0.5791666671875 0.45546875 0.5763888890625 0.45703125 0.5763888890625 0.4734375 0.58194444375 0.478125 0.5916666671875 0.478125
0 0.4986111109375 0.85703125 0.4986111109375 0.8671875 0.5013888890625 0.86796875 0.5013888890625 0.8703125 0.51944444375 0.8703125 0.5305555562500001 0.8640625 0.5305555562500001 0.85078125 0.5263888890625 0.85078125 0.525 0.84921875 0.5125 0.84921875 0.4986111109375 0.85703125
0 0.5236111109375 0.16328125 0.5208333328125 0.16640625 0.5208333328125 0.175 0.5319444437499999 0.18125 0.55 0.18125 0.5555555562500001 0.1796875 0.559722221875 0.175 0.5666666671875 0.1734375 0.5722222218749999 0.1671875 0.5722222218749999 0.16328125 0.5666666671875 0.16171875 0.5513888890625 0.16171875 0.5416666671875 0.16484375 0.5236111109375 0.16328125
0 0.5527777781250001 0.44921875 0.547222221875 0.446875 0.547222221875 0.44453125 0.5236111109375 0.44296875 0.5208333328125 0.44453125 0.5236111109375 0.4609375 0.55 0.459375 0.5527777781250001 0.44921875
0 0.61944444375 0.5015625 0.627777778125 0.49375 0.627777778125 0.48359375 0.6138888890625 0.48046875 0.6013888890625 0.48046875 0.5986111109375 0.48203125 0.5986111109375 0.4984375 0.6041666671875 0.503125 0.61944444375 0.5015625
0 0.26805555625 0.65546875 0.26527777812500003 0.65703125 0.26805555625 0.6640625 0.28611111093749997 0.6625 0.2833333328125 0.65546875 0.26805555625 0.65546875
0 0.7 0.8359375 0.7 0.83203125 0.6944444437499999 0.82578125 0.6888888890625 0.82421875 0.66805555625 0.82421875 0.665277778125 0.82578125 0.665277778125 0.8375 0.6708333328125 0.8421875 0.6833333328125 0.8421875 0.7 0.8359375
0 0.4138888890625 0.93828125 0.3875 0.93828125 0.3875 0.946875 0.39305555625 0.95 0.4138888890625 0.9484375 0.4138888890625 0.93828125
0 0.38333333281250004 0.971875 0.3861111109375 0.95859375 0.377777778125 0.95546875 0.36805555624999997 0.95546875 0.365277778125 0.95703125 0.36805555624999997 0.971875 0.3708333328125 0.9734375 0.38333333281250004 0.971875
0 0.6041666671875 0.5015625 0.6138888890625 0.5015625 0.622222221875 0.4984375 0.627777778125 0.4921875 0.63055555625 0.47578125 0.6013888890625 0.47578125 0.5986111109375 0.47890625 0.5986111109375 0.4984375 0.6041666671875 0.5015625
0 0.375 0.51328125 0.36944444375 0.51171875 0.34305555625 0.51328125 0.3458333328125 0.528125 0.3611111109375 0.528125 0.375 0.5234375 0.375 0.51328125
0 0.2736111109375 0.5359375 0.28055555625 0.5359375 0.28194444375 0.5375 0.302777778125 0.5375 0.309722221875 0.540625 0.31944444375000003 0.540625 0.33055555625 0.534375 0.33055555625 0.53046875 0.3333333328125 0.5296875 0.3333333328125 0.51484375 0.32777777812500003 0.51171875 0.2791666671875 0.51171875 0.26805555625 0.51640625 0.26527777812500003 0.525 0.26805555625 0.52578125 0.26805555625 0.5296875 0.2736111109375 0.5359375