0 0.6 0.32578125 0.5791666671875 0.32421875 0.5763888890625 0.340625 0.5916666671875 0.3421875 0.6 0.3375 0.6 0.32578125
0 0.8111111109375001 0.2125 0.8166666671874999 0.2140625 0.8222222218749999 0.2109375 0.825 0.20390625 0.827777778125 0.203125 0.825 0.18984375 0.8194444437499999 0.18671875 0.79305555625 0.18671875 0.7875 0.18984375 0.7875 0.2078125 0.7958333328125 0.2125 0.8111111109375001 0.2125
0 0.809722221875 0.6296875 0.815277778125 0.63125 0.8388888890624999 0.63125 0.8444444437499999 0.628125 0.8416666671874999 0.61328125 0.847222221875 0.6078125 0.847222221875 0.60234375 0.8416666671874999 0.59921875 0.8125 0.59921875 0.7986111109375 0.60546875 0.7986111109375 0.621875 0.8013888890624999 0.625 0.8055555562500001 0.625 0.809722221875 0.6296875
0 0.95694444375 0.13125 0.9680555562500001 0.1375 0.9861111109375 0.1375 0.9986111109375001 0.1296875 0.9986111109375001 0.10703125 0.997222221875 0.10546875 0.95694444375 0.10546875 0.9541666671875 0.10703125 0.9541666671875 0.128125 0.95694444375 0.12890625 0.95694444375 0.13125
0 0.85694444375 0.60703125 0.85694444375 0.609375 0.8763888890624999 0.61875 0.897222221875 0.6171875 0.897222221875 0.61484375 0.9041666671874999 0.6109375 0.9083333328125001 0.6109375 0.9083333328125001 0.60859375 0.9111111109375001 0.6078125 0.9111111109375001 0.58984375 0.9055555562500001 0.58671875 0.8625 0.58671875 0.8611111109375 0.58828125 0.85694444375 0.58828125 0.85694444375 0.590625 0.8541666671874999 0.59140625 0.8541666671874999 0.60625 0.85694444375 0.60703125
0 0.9013888890624999 0.2875 0.9083333328125001 0.2875 0.9111111109375001 0.26953125 0.8791666671874999 0.26796875 0.8763888890624999 0.26953125 0.8791666671874999 0.2890625 0.89444444375 0.290625 0.9013888890624999 0.2875
0 0.8388888890624999 0.3375 0.85555555625 0.328125 0.85555555625 0.31796875 0.852777778125 0.3171875 0.852777778125 0.31484375 0.8444444437499999 0.31171875 0.8236111109375001 0.31171875 0.8208333328125 0.31328125 0.8208333328125 0.3359375 0.8236111109375001 0.3375 0.8388888890624999 0.3375
0 0.915277778125 0.64375 0.91944444375 0.64375 0.9208333328125 0.6421875 0.9305555562500001 0.6421875 0.9333333328125001 0.63671875 0.94305555625 0.63125 0.952777778125 0.6296875 0.952777778125 0.62421875 0.95555555625 0.6234375 0.95555555625 0.62109375 0.952777778125 0.6203125 0.952777778125 0.61796875 0.9472222218749999 0.6171875 0.9416666671874999 0.60703125 0.9375 0.60703125 0.9361111109375001 0.60546875 0.9125 0.60546875 0.8986111109375001 0.61328125 0.8986111109375001 0.6359375 0.915277778125 0.64375
0 0.8222222218749999 0.3421875 0.8194444437499999 0.32890625 0.8083333328125001 0.32421875 0.8013888890624999 0.32421875 0.7986111109375 0.32578125 0.7986111109375 0.3421875 0.8194444437499999 0.34375 0.8222222218749999 0.3421875
0 0.9638888890624999 0.55 0.9694444437499999 0.5421875 0.9666666671874999 0.53203125 0.9638888890624999 0.53046875 0.934722221875 0.53046875 0.93194444375 0.53203125 0.93194444375 0.5484375 0.934722221875 0.55 0.9638888890624999 0.55
0 0.7513888890625 0.42265625 0.7513888890625 0.425 0.7541666671875 0.42578125 0.7541666671875 0.4296875 0.7569444437499999 0.43125 0.777777778125 0.43125 0.7888888890625 0.4234375 0.7888888890625 0.41953125 0.7861111109375 0.41875 0.7861111109375 0.41640625 0.777777778125 0.41171875 0.7458333328125 0.41171875 0.7430555562500001 0.41328125 0.7430555562500001 0.4171875 0.7458333328125 0.41796875 0.7458333328125 0.4203125 0.7513888890625 0.42265625
0 0.85555555625 0.2046875 0.85555555625 0.19453125 0.852777778125 0.19296875 0.834722221875 0.19296875 0.83194444375 0.19453125 0.83194444375 0.2109375 0.8444444437499999 0.2125 0.85555555625 0.2046875
0 0.27777777812500004 0.309375 0.27777777812500004 0.30078125 0.275 0.29921875 0.25694444375000003 0.29921875 0.2541666671875 0.3046875 0.2625 0.309375 0.275 0.3109375 0.27777777812500004 0.309375
0 0.597222221875 0.34453125 0.5888888890625 0.34296875 0.56805555625 0.34296875 0.565277778125 0.34453125 0.56805555625 0.35625 0.5833333328125 0.35625 0.597222221875 0.35 0.597222221875 0.34453125
0 0.877777778125 0.3046875 0.877777778125 0.29453125 0.8430555562500001 0.29453125 0.8430555562500001 0.3046875 0.8486111109375001 0.3078125 0.872222221875 0.3078125 0.877777778125 0.3046875
0 0.98055555625 0.22578125 0.9680555562500001 0.22421875 0.965277778125 0.22578125 0.965277778125 0.2421875 0.977777778125 0.24375 0.98055555625 0.22578125
0 0.8111111109375001 0.32109375 0.8194444437499999 0.3171875 0.8194444437499999 0.31328125 0.8013888890624999 0.31171875 0.7986111109375 0.31328125 0.7986111109375 0.3234375 0.8083333328125001 0.325 0.8111111109375001 0.32109375
0 0.95555555625 0.5625 0.95555555625 0.55078125 0.9236111109375 0.54921875 0.9208333328125 0.5671875 0.9236111109375 0.56875 0.95 0.5671875 0.95555555625 0.5625
0 0.8430555562500001 0.2765625 0.8458333328125001 0.27734375 0.8458333328125001 0.2828125 0.8486111109375001 0.284375 0.8666666671875 0.2796875 0.872222221875 0.2734375 0.86944444375 0.26953125 0.8638888890624999 0.26796875 0.8458333328125001 0.26796875 0.8430555562500001 0.26953125 0.8430555562500001 0.2765625
0 0.834722221875 0.284375 0.8375 0.2859375 0.852777778125 0.2859375 0.8666666671875 0.275 0.8666666671875 0.26953125 0.8638888890624999 0.26796875 0.8375 0.26796875 0.83194444375 0.27109375 0.83194444375 0.28125 0.834722221875 0.28203125 0.834722221875 0.284375
0 0.9986111109375001 0.21953125 0.997222221875 0.21796875 0.9791666671874999 0.21796875 0.9763888890624999 0.225 0.98194444375 0.240625 0.997222221875 0.24375 0.9986111109375001 0.21953125
0 0.8125 0.30625 0.8194444437499999 0.30625 0.83055555625 0.3 0.827777778125 0.29296875 0.8125 0.29296875 0.809722221875 0.29453125 0.809722221875 0.3046875 0.8125 0.30625
0 0.952777778125 0.565625 0.95555555625 0.5625 0.952777778125 0.54921875 0.9125 0.54921875 0.909722221875 0.55078125 0.909722221875 0.5625 0.915277778125 0.5671875 0.9416666671874999 0.56875 0.952777778125 0.565625