0 0.5125 0.2296875 0.5166666671875 0.2296875 0.5236111109375 0.23359375 0.5236111109375 0.2359375 0.5305555562500001 0.2359375 0.5319444437499999 0.2375 0.55 0.2359375 0.5666666671875 0.228125 0.5666666671875 0.21796875 0.5694444437499999 0.2171875 0.5666666671875 0.20546875 0.5555555562500001 0.19921875 0.5125 0.19921875 0.5097222218749999 0.20078125 0.5097222218749999 0.225 0.5125 0.22578125 0.5125 0.2296875
0 0.34444444375 0.575 0.35 0.571875 0.35 0.56796875 0.352777778125 0.5671875 0.35 0.56171875 0.34444444375 0.559375 0.34444444375 0.55546875 0.33055555625 0.54921875 0.30416666718749996 0.54921875 0.2986111109375 0.55234375 0.2986111109375 0.5734375 0.3013888890625 0.575 0.34444444375 0.575
0 0.6388888890625 0.38125 0.647222221875 0.3765625 0.647222221875 0.37421875 0.652777778125 0.3734375 0.6555555562500001 0.36875 0.652777778125 0.35234375 0.64444444375 0.34921875 0.6013888890625 0.34921875 0.5986111109375 0.35078125 0.5986111109375 0.3796875 0.6152777781250001 0.3828125 0.6388888890625 0.38125
0 0.43333333281249997 0.9125 0.434722221875 0.9109375 0.44166666718750003 0.9109375 0.44166666718750003 0.90859375 0.45 0.90625 0.45555555625000005 0.9015625 0.45555555625000005 0.88515625 0.45277777812500003 0.88203125 0.43333333281249997 0.87421875 0.40138888906250003 0.87421875 0.3986111109375 0.87578125 0.3986111109375 0.909375 0.40416666718750005 0.9125 0.43333333281249997 0.9125
0 0.5416666671875 0.1375 0.54444444375 0.12109375 0.5555555562500001 0.1109375 0.5555555562500001 0.10703125 0.5236111109375 0.10546875 0.5208333328125 0.10703125 0.5208333328125 0.134375 0.5263888890625 0.1375 0.5416666671875 0.1375
0 0.5416666671875 0.4078125 0.54305555625 0.4109375 0.5486111109375 0.4125 0.5638888890625 0.4125 0.5861111109375 0.4015625 0.5861111109375 0.39765625 0.5888888890625 0.396875 0.5888888890625 0.37734375 0.5833333328125 0.37421875 0.534722221875 0.37421875 0.5319444437499999 0.37578125 0.5319444437499999 0.4046875 0.5375 0.4078125 0.5416666671875 0.4078125
0 0.48055555625 0.6859375 0.4888888890625 0.68125 0.49444444374999996 0.6734375 0.49444444374999996 0.66953125 0.4888888890625 0.6671875 0.4888888890625 0.66484375 0.48333333281249996 0.66171875 0.4458333328125 0.66171875 0.44305555625000004 0.66328125 0.44305555625000004 0.684375 0.4486111109375 0.6875 0.48055555625 0.6859375
0 0.6791666671875001 0.6890625 0.6833333328125 0.6890625 0.690277778125 0.69375 0.7138888890625 0.69375 0.715277778125 0.6921875 0.7194444437499999 0.6921875 0.7333333328125 0.684375 0.7333333328125 0.67109375 0.725 0.6671875 0.725 0.66484375 0.7194444437499999 0.66171875 0.68194444375 0.66171875 0.6763888890625 0.66484375 0.6763888890625 0.6859375 0.6791666671875001 0.68671875 0.6791666671875001 0.6890625
0 0.42083333281249996 0.3578125 0.4166666671875 0.36171875 0.40138888906250003 0.36171875 0.397222221875 0.35859375 0.39027777812500003 0.35859375 0.3875 0.36171875 0.3875 0.371875 0.39305555625 0.375 0.41944444374999995 0.375 0.43055555625 0.371875 0.44444444375 0.3625 0.44444444375 0.35234375 0.4388888890625 0.34921875 0.4236111109375 0.34921875 0.42083333281249996 0.35078125 0.42083333281249996 0.3578125
0 0.40138888906250003 0.715625 0.4125 0.71875 0.427777778125 0.71875 0.43333333281249997 0.7171875 0.45277777812500003 0.7046875 0.45277777812500003 0.69296875 0.45 0.68984375 0.44166666718750003 0.68671875 0.40972222187499996 0.68671875 0.40833333281249995 0.68828125 0.40138888906250003 0.68828125 0.40138888906250003 0.6921875 0.3986111109375 0.69296875 0.3986111109375 0.7125 0.40138888906250003 0.715625
0 0.40555555625000006 0.5609375 0.41111111093749997 0.55625 0.41111111093749997 0.53828125 0.3791666671875 0.53671875 0.3763888890625 0.53828125 0.3791666671875 0.5609375 0.3875 0.5625 0.40555555625000006 0.5609375
0 0.55694444375 0.1375 0.58055555625 0.1375 0.58194444375 0.1359375 0.5861111109375 0.1359375 0.590277778125 0.1328125 0.60555555625 0.1296875 0.60555555625 0.12734375 0.6083333328125 0.1265625 0.6083333328125 0.11640625 0.5944444437499999 0.10546875 0.55694444375 0.10546875 0.5541666671875001 0.10703125 0.5541666671875001 0.109375 0.54305555625 0.11484375 0.54305555625 0.1296875 0.5458333328125 0.13046875 0.5458333328125 0.1328125 0.55694444375 0.1375
0 0.309722221875 0.52578125 0.309722221875 0.5484375 0.3125 0.55 0.322222221875 0.55 0.3236111109375 0.5515625 0.3333333328125 0.55 0.34444444375 0.54375 0.34444444375 0.54140625 0.35555555625 0.5359375 0.352777778125 0.52578125 0.3458333328125 0.52578125 0.34444444375 0.52421875 0.3125 0.52421875 0.309722221875 0.52578125
0 0.334722221875 0.6796875 0.3458333328125 0.6875 0.36944444375 0.6875 0.377777778125 0.68125 0.377777778125 0.67734375 0.3888888890625 0.6703125 0.3888888890625 0.66171875 0.3861111109375 0.6609375 0.3861111109375 0.65859375 0.377777778125 0.65546875 0.334722221875 0.65546875 0.33194444375 0.65703125 0.33194444375 0.6765625 0.334722221875 0.67734375 0.334722221875 0.6796875
0 0.8638888890624999 0.5875 0.8652777781250001 0.5859375 0.86944444375 0.5859375 0.877777778125 0.58125 0.877777778125 0.57890625 0.8833333328125 0.575 0.8833333328125 0.56796875 0.88055555625 0.5671875 0.877777778125 0.56171875 0.86944444375 0.55703125 0.8625 0.55703125 0.8611111109375 0.55546875 0.834722221875 0.55546875 0.83194444375 0.55703125 0.83194444375 0.5796875 0.8458333328125001 0.5875 0.8638888890624999 0.5875
0 0.3763888890625 0.47265625 0.3763888890625 0.4859375 0.39027777812500003 0.4921875 0.40277777812500004 0.4921875 0.40555555625000006 0.490625 0.40555555625000006 0.48828125 0.40277777812500004 0.4875 0.40277777812500004 0.48359375 0.42222222187499997 0.4734375 0.42222222187499997 0.46953125 0.41944444374999995 0.46796875 0.384722221875 0.46796875 0.38333333281250004 0.46953125 0.3791666671875 0.46953125 0.3791666671875 0.471875 0.3763888890625 0.47265625
0 0.665277778125 0.4953125 0.6708333328125 0.5 0.6944444437499999 0.503125 0.7013888890625 0.5 0.7083333328125 0.5 0.7138888890625 0.496875 0.7138888890625 0.49453125 0.7194444437499999 0.490625 0.722222221875 0.47734375 0.7138888890625 0.471875 0.7138888890625 0.46953125 0.709722221875 0.46953125 0.7083333328125 0.46796875 0.6791666671875001 0.46796875 0.6708333328125 0.47109375 0.66805555625 0.478125 0.665277778125 0.47890625 0.665277778125 0.4953125
0 0.334722221875 0.7765625 0.34027777812500004 0.7796875 0.3638888890625 0.7796875 0.36944444375 0.7765625 0.36944444375 0.77421875 0.375 0.771875 0.375 0.76953125 0.377777778125 0.76875 0.377777778125 0.76640625 0.3888888890625 0.7609375 0.3888888890625 0.75078125 0.375 0.74296875 0.3375 0.74296875 0.33194444375 0.74609375 0.33194444375 0.7734375 0.334722221875 0.77421875 0.334722221875 0.7765625
0 0.30416666718749996 0.5921875 0.3166666671875 0.59375 0.334722221875 0.6 0.3416666671875 0.6 0.352777778125 0.5953125 0.352777778125 0.58203125 0.34444444375 0.578125 0.34444444375 0.57578125 0.33888888906250003 0.57421875 0.3013888890625 0.57421875 0.2986111109375 0.57578125 0.2986111109375 0.584375 0.3013888890625 0.58515625 0.3013888890625 0.590625 0.30416666718749996 0.5921875
0 0.41944444374999995 0.3265625 0.42083333281249996 0.3296875 0.43194444374999996 0.3328125 0.45 0.3328125 0.46666666718750005 0.328125 0.46666666718750005 0.31640625 0.4583333328125 0.30703125 0.45277777812500003 0.30546875 0.4236111109375 0.30546875 0.4125 0.30859375 0.40972222187499996 0.31171875 0.40972222187499996 0.3234375 0.415277778125 0.3265625 0.41944444374999995 0.3265625
0 0.4986111109375 0.24375 0.5166666671875 0.24375 0.522222221875 0.2421875 0.525 0.23359375 0.51944444375 0.22734375 0.5111111109375 0.2234375 0.5083333328124999 0.21328125 0.490277778125 0.21171875 0.4875 0.21328125 0.4875 0.2375 0.490277778125 0.240625 0.4986111109375 0.24375
0 0.3708333328125 0.9078125 0.3861111109375 0.9078125 0.3888888890625 0.90625 0.3888888890625 0.89765625 0.377777778125 0.8859375 0.377777778125 0.87109375 0.372222221875 0.86796875 0.35694444375 0.86796875 0.3541666671875 0.86953125 0.3541666671875 0.9 0.35972222187499997 0.9046875 0.3708333328125 0.9078125
0 0.134722221875 0.8921875 0.15 0.890625 0.1541666671875 0.8875 0.1583333328125 0.8875 0.1666666671875 0.88125 0.1666666671875 0.86328125 0.1611111109375 0.86171875 0.1263888890625 0.86171875 0.1208333328125 0.86484375 0.1208333328125 0.8859375 0.12361111093749999 0.8890625 0.134722221875 0.8921875
0 0.36666666718749996 0.521875 0.36666666718749996 0.51328125 0.3611111109375 0.509375 0.36666666718749996 0.50625 0.36666666718749996 0.50078125 0.3236111109375 0.49921875 0.32083333281250004 0.521875 0.3263888890625 0.525 0.3611111109375 0.525 0.36666666718749996 0.521875
0 0.3763888890625 0.67734375 0.3763888890625 0.6921875 0.3791666671875 0.69375 0.3916666671875 0.69375 0.40138888906250003 0.6890625 0.4138888890625 0.6875 0.42222222187499997 0.68125 0.42222222187499997 0.67265625 0.41944444374999995 0.66953125 0.4138888890625 0.66796875 0.39027777812500003 0.66796875 0.384722221875 0.66953125 0.3763888890625 0.67734375
0 0.22777777812500002 0.9234375 0.23472222187499997 0.9265625 0.252777778125 0.9265625 0.26944444375 0.9203125 0.272222221875 0.91171875 0.26944444375 0.9109375 0.26944444375 0.90859375 0.2638888890625 0.90546875 0.259722221875 0.90546875 0.252777778125 0.90078125 0.24305555625 0.90078125 0.2416666671875 0.89921875 0.2236111109375 0.89921875 0.2208333328125 0.90078125 0.2208333328125 0.9203125 0.2236111109375 0.92109375 0.2236111109375 0.9234375 0.22777777812500002 0.9234375
0 0.6333333328124999 0.60703125 0.6125 0.60546875 0.609722221875 0.60703125 0.6125 0.6203125 0.63055555625 0.61875 0.6333333328124999 0.60703125
0 0.56805555625 0.4734375 0.5861111109375 0.471875 0.5861111109375 0.46953125 0.5916666671875 0.4671875 0.5888888890625 0.45078125 0.55694444375 0.44921875 0.5541666671875001 0.45078125 0.55694444375 0.46875 0.5611111109375 0.46875 0.56805555625 0.4734375
0 0.6458333328125 0.4828125 0.6583333328125 0.4828125 0.6638888890625 0.48125 0.672222221875 0.4734375 0.672222221875 0.46640625 0.66944444375 0.46328125 0.6638888890625 0.46171875 0.6347222218749999 0.46171875 0.6319444437499999 0.46328125 0.6319444437499999 0.475 0.6347222218749999 0.478125 0.6458333328125 0.4828125
0 0.75555555625 0.46875 0.7583333328124999 0.45546875 0.752777778125 0.453125 0.752777778125 0.45078125 0.747222221875 0.44921875 0.7125 0.44921875 0.709722221875 0.45078125 0.709722221875 0.4640625 0.715277778125 0.471875 0.7388888890625 0.4734375 0.75555555625 0.46875
0 0.55694444375 0.13671875 0.5541666671875001 0.13828125 0.5541666671875001 0.1484375 0.55694444375 0.15 0.5638888890625 0.15 0.565277778125 0.1515625 0.5944444437499999 0.15 0.6 0.146875 0.6 0.14453125 0.6083333328125 0.140625 0.6111111109375 0.13203125 0.6083333328125 0.13046875 0.590277778125 0.13046875 0.577777778125 0.13671875 0.55694444375 0.13671875
0 0.622222221875 0.4953125 0.6236111109375 0.496875 0.6416666671875 0.4953125 0.647222221875 0.4921875 0.647222221875 0.48359375 0.6388888890625 0.47890625 0.6291666671875 0.47890625 0.625 0.47578125 0.6125 0.47421875 0.609722221875 0.47578125 0.609722221875 0.4921875 0.6180555562500001 0.4953125 0.622222221875 0.4953125
0 0.5319444437499999 0.85078125 0.5319444437499999 0.8609375 0.534722221875 0.8625 0.5555555562500001 0.8625 0.5666666671875 0.8546875 0.5666666671875 0.84921875 0.5638888890625 0.8484375 0.5638888890625 0.84453125 0.559722221875 0.84453125 0.5583333328125 0.84296875 0.5458333328125 0.84296875 0.5319444437499999 0.85078125
0 0.3013888890625 0.6609375 0.3083333328125 0.6609375 0.3138888890625 0.6578125 0.322222221875 0.6484375 0.3166666671875 0.64296875 0.3013888890625 0.64296875 0.2986111109375 0.64453125 0.2986111109375 0.659375 0.3013888890625 0.6609375
0 0.3791666671875 0.5953125 0.40555555625000006 0.5953125 0.41111111093749997 0.59375 0.4138888890625 0.58984375 0.41944444374999995 0.5890625 0.42222222187499997 0.5859375 0.42222222187499997 0.57734375 0.4166666671875 0.57421875 0.3708333328125 0.57421875 0.365277778125 0.57734375 0.365277778125 0.5921875 0.36805555624999997 0.59375 0.377777778125 0.59375 0.3791666671875 0.5953125
0 0.475 0.71953125 0.47222222187499996 0.71796875 0.4458333328125 0.71796875 0.44305555625000004 0.71953125 0.44305555625000004 0.7296875 0.4458333328125 0.73125 0.4583333328125 0.7296875 0.475 0.7234375 0.475 0.71953125
0 0.4888888890625 0.590625 0.4916666671875 0.58203125 0.46805555625000006 0.58046875 0.46527777812500004 0.58203125 0.46527777812500004 0.5921875 0.48333333281249996 0.59375 0.4888888890625 0.590625
0 0.577777778125 0.8171875 0.575 0.81171875 0.54305555625 0.81328125 0.5458333328125 0.825 0.5666666671875 0.825 0.575 0.821875 0.577777778125 0.8171875
0 0.7416666671875001 0.8296875 0.752777778125 0.8234375 0.752777778125 0.81953125 0.734722221875 0.81796875 0.73194444375 0.825 0.734722221875 0.82578125 0.734722221875 0.8296875 0.7416666671875001 0.8296875
0 0.5888888890625 0.43046875 0.5833333328125 0.42578125 0.577777778125 0.42421875 0.55694444375 0.42421875 0.5541666671875001 0.42578125 0.55694444375 0.4375 0.575 0.4390625 0.5888888890625 0.4359375 0.5888888890625 0.43046875
0 0.41944444374999995 0.5875 0.42222222187499997 0.5859375 0.42222222187499997 0.57734375 0.4166666671875 0.57421875 0.40833333281249995 0.5734375 0.397222221875 0.56171875 0.3708333328125 0.56171875 0.365277778125 0.56484375 0.36805555624999997 0.5859375 0.397222221875 0.5859375 0.3986111109375 0.5875 0.41944444374999995 0.5875
0 0.39027777812500003 0.49453125 0.39027777812500003 0.4984375 0.4 0.4984375 0.40833333281249995 0.4953125 0.41111111093749997 0.48828125 0.40555555625000006 0.48359375 0.42222222187499997 0.4734375 0.42222222187499997 0.46953125 0.41944444374999995 0.46796875 0.39027777812500003 0.46796875 0.3875 0.46953125 0.3875 0.49375 0.39027777812500003 0.49453125