0 0.622222221875 0.21875 0.6236111109375 0.2171875 0.63055555625 0.2171875 0.6361111109375 0.20859375 0.64444444375 0.2046875 0.64444444375 0.18828125 0.6416666671875 0.18671875 0.6013888890625 0.18671875 0.5986111109375 0.18828125 0.5986111109375 0.2109375 0.6125 0.21875 0.622222221875 0.21875
0 0.5541666671875001 0.32109375 0.5541666671875001 0.3234375 0.5583333328125 0.3234375 0.559722221875 0.325 0.5861111109375 0.325 0.5888888890625 0.32109375 0.6 0.3171875 0.6 0.30078125 0.5861111109375 0.29296875 0.55694444375 0.29296875 0.5555555562500001 0.29453125 0.5513888890625 0.29453125 0.54305555625 0.30078125 0.54305555625 0.3171875 0.55 0.31875 0.5541666671875001 0.32109375
0 0.0861111109375 0.315625 0.0888888890625 0.3125 0.0861111109375 0.29921875 0.0458333328125 0.29921875 0.04305555625 0.30078125 0.04305555625 0.3171875 0.0458333328125 0.31875 0.075 0.3203125 0.0861111109375 0.315625
0 0.6319444437499999 0.20859375 0.6319444437499999 0.2234375 0.6333333328124999 0.2234375 0.6347222218749999 0.225 0.6638888890625 0.225 0.6638888890625 0.22421875 0.6777777781250001 0.2171875 0.6777777781250001 0.20078125 0.6763888890625 0.20078125 0.675 0.19921875 0.6458333328125 0.19921875 0.6458333328125 0.2 0.64305555625 0.20078125 0.64305555625 0.203125 0.6319444437499999 0.20859375
0 0.5916666671875 0.45 0.6 0.4453125 0.6 0.44140625 0.6083333328125 0.4359375 0.6083333328125 0.43359375 0.6 0.43046875 0.56805555625 0.43046875 0.565277778125 0.43203125 0.565277778125 0.4484375 0.56805555625 0.4515625 0.5916666671875 0.45
0 0.48055555625 0.2171875 0.5 0.2046875 0.5 0.20078125 0.497222221875 0.2 0.497222221875 0.19765625 0.4888888890625 0.19296875 0.4513888890625 0.19296875 0.45 0.19453125 0.4458333328125 0.19453125 0.4458333328125 0.196875 0.44305555625000004 0.19765625 0.44305555625000004 0.215625 0.4486111109375 0.21875 0.47222222187499996 0.21875 0.47361111093749997 0.2171875 0.48055555625 0.2171875
0 0.34861111093749997 0.596875 0.3638888890625 0.596875 0.365277778125 0.5953125 0.375 0.59375 0.38055555625 0.590625 0.38055555625 0.58828125 0.3861111109375 0.584375 0.38333333281250004 0.57734375 0.38055555625 0.57578125 0.3763888890625 0.57578125 0.375 0.57421875 0.334722221875 0.57421875 0.33194444375 0.57578125 0.33194444375 0.590625 0.3375 0.59375 0.3416666671875 0.59375 0.34861111093749997 0.596875
0 0.3958333328125 0.4359375 0.4 0.4359375 0.40694444374999994 0.43125 0.41111111093749997 0.43125 0.41944444374999995 0.428125 0.41944444374999995 0.41796875 0.40833333281249995 0.41171875 0.3791666671875 0.41171875 0.377777778125 0.41328125 0.3736111109375 0.41328125 0.365277778125 0.41953125 0.365277778125 0.4359375 0.3708333328125 0.4390625 0.39444444375 0.4375 0.3958333328125 0.4359375
0 0.7166666671875 0.41875 0.722222221875 0.415625 0.727777778125 0.40078125 0.722222221875 0.39921875 0.6791666671875001 0.40078125 0.6763888890625 0.40546875 0.6791666671875001 0.4171875 0.684722221875 0.41875 0.7166666671875 0.41875
0 0.74444444375 0.49453125 0.7125 0.49296875 0.709722221875 0.509375 0.715277778125 0.5125 0.7416666671875001 0.5125 0.74444444375 0.49453125
0 0.11944444375 0.7875 0.1208333328125 0.7890625 0.1361111109375 0.7890625 0.1375 0.7875 0.1416666671875 0.7875 0.15555555625 0.7796875 0.15555555625 0.76953125 0.13888888906250002 0.76171875 0.1125 0.76171875 0.109722221875 0.76328125 0.109722221875 0.7859375 0.1125 0.7875 0.11944444375 0.7875
0 0.652777778125 0.696875 0.6583333328125 0.6921875 0.6555555562500001 0.65859375 0.65 0.65546875 0.6347222218749999 0.65546875 0.6319444437499999 0.65703125 0.6319444437499999 0.6921875 0.6458333328125 0.696875 0.652777778125 0.696875
0 0.652777778125 0.4015625 0.6555555562500001 0.3984375 0.652777778125 0.38671875 0.6236111109375 0.38671875 0.6208333328125 0.38828125 0.6208333328125 0.3984375 0.6263888890625 0.403125 0.64444444375 0.4046875 0.652777778125 0.4015625
0 0.47222222187499996 0.3171875 0.46944444374999994 0.31328125 0.459722221875 0.31328125 0.4583333328125 0.31171875 0.44305555625000004 0.31328125 0.44305555625000004 0.321875 0.4486111109375 0.325 0.46666666718750005 0.321875 0.47222222187499996 0.3171875
0 0.54444444375 0.35 0.54444444375 0.34453125 0.5416666671875 0.34296875 0.5125 0.34296875 0.5097222218749999 0.34453125 0.5097222218749999 0.353125 0.51805555625 0.35625 0.5305555562500001 0.35625 0.54444444375 0.35
0 0.7666666671875 0.55390625 0.7583333328124999 0.546875 0.7583333328124999 0.53828125 0.7458333328125 0.53671875 0.7430555562500001 0.5609375 0.7611111109375 0.5625 0.7666666671875 0.5609375 0.7666666671875 0.55390625
0 0.765277778125 0.5 0.76805555625 0.503125 0.777777778125 0.503125 0.7888888890625 0.5 0.8 0.49375 0.8 0.48203125 0.797222221875 0.48046875 0.7763888890625 0.48046875 0.76805555625 0.48359375 0.765277778125 0.48671875 0.765277778125 0.5
0 0.5555555562500001 0.1984375 0.5555555562500001 0.18203125 0.534722221875 0.18046875 0.5319444437499999 0.18203125 0.5319444437499999 0.1984375 0.5527777781250001 0.2 0.5555555562500001 0.1984375
0 0.8083333328125001 0.55625 0.815277778125 0.559375 0.827777778125 0.5609375 0.8333333328125001 0.55625 0.8333333328125001 0.54453125 0.8222222218749999 0.53671875 0.8013888890624999 0.53671875 0.7986111109375 0.53828125 0.7986111109375 0.553125 0.8013888890624999 0.55625 0.8083333328125001 0.55625
0 0.6013888890625 0.5046875 0.60555555625 0.5046875 0.622222221875 0.4984375 0.622222221875 0.48671875 0.6138888890625 0.48203125 0.609722221875 0.48203125 0.6083333328125 0.48046875 0.5791666671875 0.48046875 0.5763888890625 0.48203125 0.5763888890625 0.496875 0.590277778125 0.503125 0.6 0.503125 0.6013888890625 0.5046875
0 0.3416666671875 0.68046875 0.3125 0.68046875 0.309722221875 0.68203125 0.3125 0.69375 0.3333333328125 0.69375 0.34444444375 0.6875 0.3416666671875 0.68046875
0 0.4 0.71875 0.4 0.70859375 0.39444444375 0.70546875 0.3791666671875 0.70546875 0.3763888890625 0.70703125 0.3763888890625 0.7234375 0.3888888890625 0.725 0.4 0.71875
0 0.45555555625000005 0.6875 0.45555555625000005 0.68203125 0.45277777812500003 0.68046875 0.4236111109375 0.68046875 0.42083333281249996 0.68203125 0.42083333281249996 0.6921875 0.4263888890625 0.6953125 0.44444444375 0.69375 0.45555555625000005 0.6875
0 0.11944444375 0.33125 0.12222222187500001 0.32109375 0.1041666671875 0.31953125 0.1 0.31328125 0.090277778125 0.31171875 0.0875 0.31328125 0.0875 0.3296875 0.090277778125 0.33125 0.11944444375 0.33125
0 0.075 0.72265625 0.06805555625000001 0.72421875 0.06805555625000001 0.7265625 0.06527777812499999 0.72734375 0.06527777812499999 0.740625 0.07083333281250001 0.74375 0.0861111109375 0.74375 0.1111111109375 0.734375 0.1111111109375 0.73203125 0.11388888906250001 0.73125 0.11388888906250001 0.72109375 0.10833333281249999 0.71796875 0.0875 0.71796875 0.0861111109375 0.71953125 0.0791666671875 0.71953125 0.075 0.72265625
0 0.6 0.5515625 0.60555555625 0.5484375 0.6083333328125 0.53984375 0.6 0.53671875 0.5791666671875 0.53671875 0.5763888890625 0.53828125 0.5791666671875 0.5546875 0.5888888890625 0.5546875 0.6 0.5515625
0 0.47222222187499996 0.725 0.4791666671875 0.7296875 0.4861111109375 0.7296875 0.497222221875 0.7234375 0.497222221875 0.71953125 0.5 0.71875 0.5 0.71484375 0.49444444374999996 0.71171875 0.46805555625000006 0.71171875 0.46527777812500004 0.71328125 0.46527777812500004 0.7234375 0.46805555625000006 0.725 0.47222222187499996 0.725
0 0.440277778125 0.25703125 0.43194444374999996 0.26171875 0.43194444374999996 0.2734375 0.434722221875 0.275 0.44166666718750003 0.275 0.447222221875 0.271875 0.4486111109375 0.26875 0.45277777812500003 0.26875 0.45416666718750004 0.2671875 0.4611111109375 0.2671875 0.4625 0.265625 0.477777778125 0.2625 0.4861111109375 0.2578125 0.4888888890625 0.25234375 0.48333333281249996 0.24921875 0.45694444375 0.24921875 0.447222221875 0.25703125 0.440277778125 0.25703125
0 0.42083333281249996 0.4078125 0.45 0.4078125 0.45555555625000005 0.4046875 0.45277777812500003 0.39765625 0.44166666718750003 0.39296875 0.43194444374999996 0.39296875 0.43055555625 0.39453125 0.4125 0.39296875 0.40972222187499996 0.39453125 0.40972222187499996 0.40625 0.4125 0.409375 0.41944444374999995 0.409375 0.42083333281249996 0.4078125
0 0.9916666671875 0.46953125 0.9791666671874999 0.46796875 0.9763888890624999 0.46953125 0.9763888890624999 0.478125 0.9861111109375 0.4796875 0.9916666671875 0.46953125
0 0.45 0.5875 0.45555555625000005 0.584375 0.45555555625000005 0.56953125 0.4236111109375 0.56796875 0.42083333281249996 0.56953125 0.4236111109375 0.584375 0.434722221875 0.5875 0.45 0.5875
0 0.73055555625 0.446875 0.7361111109375 0.44375 0.7333333328125 0.43203125 0.73055555625 0.43046875 0.7125 0.43046875 0.709722221875 0.43203125 0.7125 0.44375 0.7180555562500001 0.446875 0.73055555625 0.446875
0 0.63055555625 0.75078125 0.625 0.74921875 0.5986111109375 0.75078125 0.6013888890625 0.7625 0.61944444375 0.7625 0.63055555625 0.75625 0.63055555625 0.75078125
0 0.5305555562500001 0.384375 0.5416666671875 0.3796875 0.5388888890625 0.37421875 0.5125 0.37421875 0.5097222218749999 0.37578125 0.5125 0.3828125 0.51944444375 0.3828125 0.5208333328125 0.384375 0.5305555562500001 0.384375
0 0.5944444437499999 0.7234375 0.60555555625 0.7171875 0.602777778125 0.70546875 0.597222221875 0.703125 0.597222221875 0.70078125 0.590277778125 0.70078125 0.5888888890625 0.69921875 0.56805555625 0.69921875 0.565277778125 0.70078125 0.565277778125 0.715625 0.56805555625 0.71875 0.5944444437499999 0.7234375
0 0.575 0.61875 0.5861111109375 0.6125 0.5861111109375 0.60703125 0.58055555625 0.60546875 0.56805555625 0.60546875 0.565277778125 0.60703125 0.565277778125 0.615625 0.5708333328124999 0.61875 0.575 0.61875
0 0.1666666671875 0.409375 0.1666666671875 0.40078125 0.15694444375 0.39921875 0.1541666671875 0.40078125 0.1541666671875 0.409375 0.16388888906250001 0.4109375 0.1666666671875 0.409375
0 0.8083333328125001 0.40546875 0.7791666671875 0.40546875 0.7763888890625 0.40703125 0.7791666671875 0.4125 0.790277778125 0.4140625 0.8111111109375001 0.4109375 0.8083333328125001 0.40546875
0 0.702777778125 0.52578125 0.690277778125 0.52421875 0.6875 0.5296875 0.690277778125 0.5328125 0.6972222218749999 0.5328125 0.702777778125 0.52578125
0 0.052777778124999994 0.7515625 0.0638888890625 0.746875 0.0666666671875 0.740625 0.0638888890625 0.73203125 0.061111110937500004 0.73046875 0.040277778125000004 0.73046875 0.03194444375 0.73515625 0.03194444375 0.7484375 0.0375 0.7515625 0.052777778124999994 0.7515625