0 0.034375 0.26796875 0.021875 0.0109375
0 0.01875 0.290625 0.0265625 0.015625
0 0.04609375 0.290625 0.01953125 0.0125
0 0.1640625 0.30078125 0.01953125 0.0109375
0 0.13515625 0.30390625 0.02109375 0.0109375
0 0.015625 0.31328125 0.025 0.01875
0 0.2703125 0.340625 0.0265625 0.01015625
0 0.0328125 0.3609375 0.02109375 0.01171875
0 0.04921875 0.36953125 0.0234375 0.0109375
0 0.159375 0.3703125 0.0234375 0.0125
0 0.12421875 0.3859375 0.0265625 0.01171875
0 0.134375 0.39375 0.03359375 0.015625
0 0.66796875 0.4046875 0.03359375 0.015625
0 0.09375 0.409375 0.0234375 0.01328125