0 0.12222222187500001 0.28125 0.13333333281249998 0.2734375 0.13333333281249998 0.26328125 0.13055555624999998 0.26171875 0.10138888906250001 0.26171875 0.0986111109375 0.26328125 0.0986111109375 0.2796875 0.10138888906250001 0.2828125 0.12222222187500001 0.28125
0 0.597222221875 0.2875 0.602777778125 0.27890625 0.6083333328125 0.2765625 0.6083333328125 0.26953125 0.597222221875 0.26171875 0.5791666671875 0.26171875 0.5763888890625 0.26328125 0.5763888890625 0.2859375 0.5791666671875 0.2875 0.597222221875 0.2875
0 0.027777778125000003 0.4015625 0.0333333328125 0.39609375 0.0416666671875 0.39375 0.04444444375 0.38359375 0.0388888890625 0.38046875 0.0125 0.38046875 0.009722221875000001 0.38203125 0.009722221875000001 0.3984375 0.015277778124999999 0.4015625 0.027777778125000003 0.4015625
0 0.009722221875000001 0.23046875 0.009722221875000001 0.2390625 0.0125 0.2421875 0.027777778125000003 0.2421875 0.0375 0.2359375 0.0416666671875 0.2359375 0.04444444375 0.22421875 0.0388888890625 0.21953125 0.0333333328125 0.21796875 0.01805555625 0.21953125 0.015277778124999999 0.2265625 0.009722221875000001 0.23046875
0 0.6125 0.29375 0.63055555625 0.2921875 0.63055555625 0.28984375 0.6416666671875 0.2859375 0.647222221875 0.2796875 0.647222221875 0.27109375 0.6416666671875 0.26796875 0.6152777781250001 0.26796875 0.609722221875 0.27109375 0.609722221875 0.2921875 0.6125 0.29375
0 0.3861111109375 0.15703125 0.38055555625 0.15078125 0.375 0.14921875 0.34305555625 0.15078125 0.34305555625 0.165625 0.34861111093749997 0.16875 0.3861111109375 0.1671875 0.3861111109375 0.15703125
0 0.0416666671875 0.3609375 0.055555556250000006 0.3515625 0.055555556250000006 0.34296875 0.052777778124999994 0.33984375 0.04444444375 0.33671875 0.0236111109375 0.33671875 0.0208333328125 0.33828125 0.0208333328125 0.3578125 0.0236111109375 0.3609375 0.0416666671875 0.3609375
0 0.38333333281250004 0.1375 0.3888888890625 0.134375 0.3888888890625 0.11953125 0.3861111109375 0.11796875 0.35694444375 0.11796875 0.3541666671875 0.11953125 0.3541666671875 0.1296875 0.36805555624999997 0.1375 0.38333333281250004 0.1375
0 0.43055555625 0.159375 0.43055555625 0.15703125 0.427777778125 0.15625 0.427777778125 0.15078125 0.42083333281249996 0.15078125 0.41944444374999995 0.14921875 0.39027777812500003 0.14921875 0.3875 0.15078125 0.3875 0.165625 0.39027777812500003 0.1671875 0.40555555625000006 0.16875 0.43055555625 0.159375
0 0.3166666671875 0.7375 0.3236111109375 0.7421875 0.3416666671875 0.7421875 0.352777778125 0.7359375 0.352777778125 0.73203125 0.34444444375 0.728125 0.3416666671875 0.72109375 0.33888888906250003 0.71953125 0.334722221875 0.71953125 0.3333333328125 0.71796875 0.3125 0.71796875 0.309722221875 0.71953125 0.309722221875 0.7359375 0.3125 0.7375 0.3166666671875 0.7375
0 0.1166666671875 0.38125 0.12222222187500001 0.378125 0.12222222187500001 0.37578125 0.13055555624999998 0.3734375 0.13055555624999998 0.36953125 0.11944444375 0.36171875 0.10138888906250001 0.36171875 0.0986111109375 0.36328125 0.0986111109375 0.378125 0.1041666671875 0.38125 0.1166666671875 0.38125
0 0.9986111109375001 0.66953125 0.9791666671874999 0.66796875 0.9763888890624999 0.6859375 0.99444444375 0.6875 0.9986111109375001 0.684375 0.9986111109375001 0.66953125
0 0.4486111109375 0.1453125 0.45277777812500003 0.1453125 0.45277777812500003 0.14296875 0.45555555625000005 0.1421875 0.45555555625000005 0.13359375 0.44444444375 0.128125 0.44444444375 0.12578125 0.44166666718750003 0.12421875 0.40138888906250003 0.12421875 0.3986111109375 0.12578125 0.3986111109375 0.1421875 0.4125 0.15 0.44166666718750003 0.15 0.4486111109375 0.1453125
0 0.13055555624999998 0.4171875 0.14444444375 0.4109375 0.14444444375 0.39453125 0.1416666671875 0.39296875 0.1125 0.39296875 0.109722221875 0.39453125 0.109722221875 0.4109375 0.1208333328125 0.4171875 0.13055555624999998 0.4171875
0 0.1861111109375 0.76875 0.1888888890625 0.7671875 0.1888888890625 0.75703125 0.1861111109375 0.75390625 0.177777778125 0.75 0.177777778125 0.74765625 0.172222221875 0.74453125 0.15694444375 0.74296875 0.1541666671875 0.74453125 0.1541666671875 0.7640625 0.15972222187500001 0.76875 0.1861111109375 0.76875
0 0.14444444375 0.44296875 0.1125 0.44296875 0.109722221875 0.44453125 0.1125 0.453125 0.15 0.4484375 0.15 0.44453125 0.14444444375 0.44296875
0 0.052777778124999994 0.31796875 0.03194444375 0.31953125 0.034722221875 0.3265625 0.047222221875 0.3265625 0.055555556250000006 0.3234375 0.052777778124999994 0.31796875
0 0.1 0.5421875 0.097222221875 0.53046875 0.06527777812499999 0.53203125 0.06527777812499999 0.5421875 0.07083333281250001 0.5453125 0.0916666671875 0.5453125 0.1 0.5421875
0 0.1111111109375 0.396875 0.10833333281249999 0.38671875 0.0875 0.38671875 0.0791666671875 0.38984375 0.07638888906249999 0.39296875 0.0791666671875 0.4 0.10555555624999999 0.4 0.1111111109375 0.396875
0 0.077777778125 0.36953125 0.05694444375 0.36796875 0.054166667187499996 0.3796875 0.072222221875 0.38125 0.077777778125 0.378125 0.077777778125 0.36953125
0 0.575 0.2140625 0.577777778125 0.20390625 0.5888888890625 0.1984375 0.5888888890625 0.19609375 0.5833333328125 0.19296875 0.56805555625 0.19296875 0.565277778125 0.19453125 0.56805555625 0.2140625 0.575 0.2140625
0 0.054166667187499996 0.525 0.061111110937500004 0.525 0.0666666671875 0.521875 0.0666666671875 0.51484375 0.061111110937500004 0.51171875 0.034722221875 0.51171875 0.03194444375 0.51328125 0.03194444375 0.5296875 0.034722221875 0.53125 0.047222221875 0.5296875 0.054166667187499996 0.525
0 0.090277778125 0.4625 0.097222221875 0.4625 0.1111111109375 0.4546875 0.1111111109375 0.45078125 0.10833333281249999 0.44921875 0.090277778125 0.44921875 0.0875 0.45078125 0.0875 0.4609375 0.090277778125 0.4625
0 0.43055555625 0.1984375 0.43333333281249997 0.1921875 0.43055555625 0.18203125 0.425 0.17578125 0.4125 0.17421875 0.40972222187499996 0.17578125 0.40972222187499996 0.1921875 0.415277778125 0.196875 0.43055555625 0.1984375
0 0.1416666671875 0.38046875 0.12361111093749999 0.38046875 0.1208333328125 0.38203125 0.12361111093749999 0.3921875 0.13333333281249998 0.3921875 0.14444444375 0.3859375 0.1416666671875 0.38046875
0 0.2125 0.75625 0.21944444375 0.75625 0.225 0.75078125 0.23333333281250002 0.7484375 0.23055555625 0.74296875 0.2125 0.74296875 0.20972222187499998 0.74453125 0.20972222187499998 0.7546875 0.2125 0.75625
0 0.027777778125000003 0.503125 0.025 0.49453125 0.0125 0.49296875 0.009722221875000001 0.49453125 0.009722221875000001 0.5046875 0.019444443750000002 0.50625 0.027777778125000003 0.503125
0 0.1666666671875 0.67578125 0.175 0.671875 0.175 0.66796875 0.172222221875 0.6671875 0.172222221875 0.66328125 0.15694444375 0.66171875 0.1541666671875 0.66328125 0.1541666671875 0.678125 0.16388888906250001 0.6796875 0.1666666671875 0.67578125
0 0.584722221875 0.5125 0.6 0.5109375 0.6 0.50390625 0.5916666671875 0.49921875 0.55694444375 0.49921875 0.5541666671875001 0.50078125 0.5541666671875001 0.5171875 0.55694444375 0.51875 0.5666666671875 0.51875 0.584722221875 0.5125
0 0.49444444374999996 0.4671875 0.49444444374999996 0.46328125 0.4791666671875 0.46171875 0.4763888890625 0.46328125 0.4763888890625 0.4734375 0.4861111109375 0.475 0.49444444374999996 0.4671875
0 0.147222221875 0.6859375 0.147222221875 0.67890625 0.1416666671875 0.67578125 0.12361111093749999 0.67578125 0.12222222187500001 0.67421875 0.109722221875 0.67578125 0.109722221875 0.6859375 0.12361111093749999 0.690625 0.13888888906250002 0.6890625 0.147222221875 0.6859375
0 0.40138888906250003 0.1890625 0.42083333281249996 0.196875 0.43055555625 0.196875 0.43055555625 0.18984375 0.427777778125 0.1890625 0.425 0.17734375 0.41944444374999995 0.17421875 0.40138888906250003 0.17421875 0.3986111109375 0.17578125 0.3986111109375 0.184375 0.40138888906250003 0.18515625 0.40138888906250003 0.1890625
0 0.1111111109375 0.35625 0.1111111109375 0.35078125 0.10833333281249999 0.34921875 0.08194444375 0.34921875 0.07638888906249999 0.35234375 0.07638888906249999 0.359375 0.08194444375 0.3625 0.10555555624999999 0.359375 0.1111111109375 0.35625
0 0.2666666671875 0.51953125 0.25694444375000003 0.51796875 0.2541666671875 0.525 0.25694444375000003 0.528125 0.2638888890625 0.528125 0.2666666671875 0.51953125
0 0.30555555624999997 0.67578125 0.290277778125 0.67421875 0.2875 0.67578125 0.2875 0.684375 0.3 0.6859375 0.30555555624999997 0.67578125