0 0.0333333328125 0.7296875 0.05 0.725 0.055555556250000006 0.721875 0.055555556250000006 0.71953125 0.0638888890625 0.715625 0.0666666671875 0.70234375 0.061111110937500004 0.69921875 0.0125 0.69921875 0.009722221875000001 0.70078125 0.009722221875000001 0.7265625 0.0125 0.7296875 0.0333333328125 0.7296875
0 0.872222221875 0.36875 0.877777778125 0.365625 0.88055555625 0.359375 0.877777778125 0.33984375 0.872222221875 0.33671875 0.834722221875 0.33671875 0.83194444375 0.33828125 0.83194444375 0.3671875 0.8430555562500001 0.3703125 0.872222221875 0.36875
0 0.7569444437499999 0.225 0.7611111109375 0.225 0.7736111109375 0.2296875 0.7861111109375 0.2296875 0.7875 0.228125 0.79444444375 0.228125 0.8083333328125001 0.2234375 0.8111111109375001 0.21328125 0.79444444375 0.19921875 0.7625 0.19921875 0.7611111109375 0.20078125 0.7569444437499999 0.20078125 0.7569444437499999 0.203125 0.7541666671875 0.20390625 0.7541666671875 0.2234375 0.7569444437499999 0.225
0 0.7583333328124999 0.40546875 0.7458333328125 0.40703125 0.7458333328125 0.4109375 0.7430555562500001 0.41171875 0.7430555562500001 0.428125 0.7513888890625 0.4328125 0.75555555625 0.4328125 0.7597222218749999 0.4359375 0.7666666671875 0.4359375 0.76805555625 0.4375 0.7805555562500001 0.4375 0.7819444437499999 0.4359375 0.7861111109375 0.4359375 0.79305555625 0.43125 0.8 0.4296875 0.8 0.40546875 0.797222221875 0.4046875 0.797222221875 0.40234375 0.7888888890625 0.39921875 0.7763888890625 0.39921875 0.775 0.40078125 0.76805555625 0.40078125 0.7583333328124999 0.40546875
0 0.7861111109375 0.5328125 0.797222221875 0.5296875 0.8 0.51484375 0.79444444375 0.51171875 0.7569444437499999 0.51171875 0.7541666671875 0.51328125 0.7541666671875 0.525 0.7597222218749999 0.5296875 0.7708333328125 0.5328125 0.7861111109375 0.5328125
0 0.8416666671874999 0.3296875 0.8458333328125001 0.3265625 0.85555555625 0.325 0.8638888890624999 0.31875 0.8638888890624999 0.30859375 0.852777778125 0.303125 0.852777778125 0.30078125 0.8444444437499999 0.29921875 0.8013888890624999 0.29921875 0.7986111109375 0.30078125 0.7986111109375 0.325 0.8013888890624999 0.3296875 0.809722221875 0.33125 0.8416666671874999 0.3296875
0 0.8013888890624999 0.209375 0.809722221875 0.21328125 0.8125 0.2171875 0.8333333328125001 0.2171875 0.840277778125 0.2125 0.8444444437499999 0.2125 0.8444444437499999 0.21015625 0.852777778125 0.2046875 0.852777778125 0.19453125 0.8416666671874999 0.18671875 0.8041666671875 0.18671875 0.7986111109375 0.18984375 0.7986111109375 0.20625 0.8013888890624999 0.20703125 0.8013888890624999 0.209375
0 0.49444444374999996 0.3265625 0.4986111109375 0.3296875 0.5166666671875 0.328125 0.522222221875 0.325 0.522222221875 0.32265625 0.5305555562500001 0.31875 0.5305555562500001 0.31171875 0.525 0.309375 0.525 0.30703125 0.51944444375 0.30546875 0.490277778125 0.30546875 0.4875 0.30703125 0.4875 0.3234375 0.490277778125 0.3265625 0.49444444374999996 0.3265625
0 0.65 0.4859375 0.652777778125 0.4828125 0.652777778125 0.45859375 0.64444444375 0.45546875 0.6180555562500001 0.45546875 0.6125 0.45703125 0.609722221875 0.46015625 0.609722221875 0.48125 0.6236111109375 0.4875 0.65 0.4859375
0 0.5125 0.8734375 0.51944444375 0.8734375 0.5208333328125 0.875 0.5305555562500001 0.875 0.5319444437499999 0.8734375 0.5416666671875 0.871875 0.5527777781250001 0.865625 0.5527777781250001 0.85390625 0.5416666671875 0.84921875 0.5013888890625 0.84921875 0.4986111109375 0.85078125 0.4986111109375 0.8671875 0.5041666671875 0.8703125 0.5083333328124999 0.8703125 0.5125 0.8734375
0 0.66805555625 0.8390625 0.6791666671875001 0.84375 0.7 0.8453125 0.7083333328125 0.8421875 0.7083333328125 0.83515625 0.7125 0.8328125 0.7194444437499999 0.8328125 0.7194444437499999 0.83046875 0.725 0.828125 0.722222221875 0.81328125 0.7194444437499999 0.81171875 0.6791666671875001 0.81171875 0.6736111109375 0.81328125 0.665277778125 0.81953125 0.665277778125 0.8359375 0.66805555625 0.8390625
0 0.9986111109375001 0.2359375 0.9986111109375001 0.22265625 0.99444444375 0.21484375 0.9861111109375 0.21171875 0.9680555562500001 0.21171875 0.965277778125 0.21328125 0.9680555562500001 0.2375 0.99444444375 0.2390625 0.9986111109375001 0.2359375
0 0.875 0.25625 0.8861111109375001 0.2453125 0.8861111109375001 0.23828125 0.8833333328125 0.2375 0.8833333328125 0.23515625 0.875 0.23046875 0.8458333328125001 0.23046875 0.8430555562500001 0.23203125 0.8430555562500001 0.2546875 0.8458333328125001 0.25625 0.875 0.25625
0 0.6944444437499999 0.48125 0.702777778125 0.471875 0.7 0.46328125 0.6972222218749999 0.46171875 0.66805555625 0.46171875 0.665277778125 0.46328125 0.665277778125 0.4796875 0.66805555625 0.48125 0.6944444437499999 0.48125
0 0.6333333328124999 0.3359375 0.6333333328124999 0.32578125 0.63055555625 0.32421875 0.590277778125 0.32421875 0.5875 0.32578125 0.5875 0.340625 0.5958333328125 0.34375 0.6166666671875001 0.34375 0.6333333328124999 0.3359375
0 0.0333333328125 0.6 0.0458333328125 0.6046875 0.058333332812500006 0.6046875 0.0638888890625 0.603125 0.0666666671875 0.6 0.0666666671875 0.58671875 0.055555556250000006 0.58046875 0.03194444375 0.58046875 0.0236111109375 0.58359375 0.0208333328125 0.58671875 0.0208333328125 0.596875 0.026388889062499997 0.6 0.0333333328125 0.6
0 0.9833333328125 0.1421875 0.9875 0.1390625 0.997222221875 0.1375 0.997222221875 0.11796875 0.9680555562500001 0.11953125 0.965277778125 0.12421875 0.9680555562500001 0.1421875 0.9833333328125 0.1421875
0 0.5416666671875 0.5125 0.54305555625 0.5140625 0.5555555562500001 0.5125 0.5611111109375 0.509375 0.5611111109375 0.50390625 0.5694444437499999 0.4953125 0.5694444437499999 0.48828125 0.5611111109375 0.48671875 0.5263888890625 0.48671875 0.5208333328125 0.48984375 0.5208333328125 0.5078125 0.5236111109375 0.5109375 0.5416666671875 0.5125
0 0.5041666671875 0.7875 0.5138888890625 0.7859375 0.522222221875 0.78125 0.522222221875 0.77890625 0.525 0.778125 0.527777778125 0.76953125 0.525 0.76875 0.525 0.76484375 0.51944444375 0.76171875 0.5013888890625 0.76171875 0.4986111109375 0.76328125 0.4986111109375 0.784375 0.5041666671875 0.7875
0 0.8680555562500001 0.7859375 0.8833333328125 0.7890625 0.8875 0.7921875 0.9083333328125001 0.79375 0.9138888890624999 0.790625 0.9138888890624999 0.78828125 0.91944444375 0.7859375 0.91944444375 0.77734375 0.9138888890624999 0.775 0.9138888890624999 0.77265625 0.9055555562500001 0.76796875 0.8680555562500001 0.76796875 0.8652777781250001 0.76953125 0.8652777781250001 0.7828125 0.8680555562500001 0.78359375 0.8680555562500001 0.7859375
0 0.525 0.58125 0.5333333328125 0.578125 0.5333333328125 0.57421875 0.5361111109375 0.5734375 0.5361111109375 0.56484375 0.5305555562500001 0.56171875 0.5125 0.56171875 0.4986111109375 0.56953125 0.4986111109375 0.5796875 0.5013888890625 0.58125 0.525 0.58125
0 0.9611111109375001 0.6375 0.9625 0.6390625 0.9916666671875 0.6375 0.997222221875 0.634375 0.9986111109375001 0.61953125 0.997222221875 0.61484375 0.9888888890624999 0.6109375 0.9888888890624999 0.60859375 0.977777778125 0.60546875 0.9458333328125 0.60546875 0.94305555625 0.60703125 0.94305555625 0.6296875 0.9541666671875 0.6375 0.9611111109375001 0.6375
0 0.030555556249999997 0.584375 0.0361111109375 0.578125 0.0333333328125 0.56953125 0.030555556249999997 0.56796875 0.0125 0.56796875 0.009722221875000001 0.56953125 0.009722221875000001 0.5859375 0.022222221875 0.5875 0.030555556249999997 0.584375
0 0.6083333328125 0.5125 0.6111111109375 0.50859375 0.61944444375 0.5046875 0.61944444375 0.49296875 0.6166666671875001 0.48984375 0.6083333328125 0.48671875 0.58194444375 0.48671875 0.5763888890625 0.48984375 0.5763888890625 0.5109375 0.5791666671875 0.5125 0.6083333328125 0.5125
0 0.8833333328125 0.2890625 0.897222221875 0.2828125 0.897222221875 0.28046875 0.902777778125 0.2765625 0.902777778125 0.26484375 0.897222221875 0.26171875 0.8680555562500001 0.26171875 0.8652777781250001 0.26328125 0.8652777781250001 0.2859375 0.8708333328125001 0.2890625 0.8833333328125 0.2890625
0 0.5763888890625 0.5625 0.5916666671875 0.5609375 0.6 0.5546875 0.6 0.54609375 0.5944444437499999 0.54296875 0.56805555625 0.54296875 0.565277778125 0.54453125 0.565277778125 0.55625 0.56805555625 0.559375 0.5763888890625 0.5625
0 0.6791666671875001 0.79375 0.6944444437499999 0.7921875 0.7013888890625 0.7875 0.70555555625 0.7875 0.7111111109375 0.7828125 0.7111111109375 0.76953125 0.7083333328125 0.76796875 0.6569444437499999 0.76796875 0.6541666671875 0.76953125 0.6541666671875 0.784375 0.6708333328125 0.7921875 0.6777777781250001 0.7921875 0.6791666671875001 0.79375
0 0.6861111109375 0.2875 0.6972222218749999 0.2828125 0.7 0.2796875 0.6972222218749999 0.26796875 0.6763888890625 0.26953125 0.6763888890625 0.2859375 0.6791666671875001 0.2875 0.6861111109375 0.2875
0 0.9861111109375 0.3859375 0.9861111109375 0.37578125 0.977777778125 0.371875 0.977777778125 0.36953125 0.9736111109375001 0.36953125 0.972222221875 0.36796875 0.9375 0.36796875 0.93194444375 0.37109375 0.93194444375 0.3921875 0.934722221875 0.39375 0.9694444437499999 0.3921875 0.9861111109375 0.3859375
0 0.752777778125 0.3671875 0.7583333328124999 0.3609375 0.75555555625 0.35078125 0.752777778125 0.34921875 0.734722221875 0.34921875 0.73194444375 0.35078125 0.734722221875 0.3640625 0.7430555562500001 0.3671875 0.752777778125 0.3671875
0 0.015277778124999999 0.6875 0.019444443750000002 0.6875 0.025 0.684375 0.025 0.68203125 0.030555556249999997 0.6796875 0.0333333328125 0.66484375 0.027777778125000003 0.66171875 0.0125 0.66171875 0.009722221875000001 0.66328125 0.009722221875000001 0.684375 0.015277778124999999 0.6875
0 0.46388888906250003 0.73125 0.46944444374999994 0.7265625 0.46666666718750005 0.71328125 0.46388888906250003 0.71171875 0.434722221875 0.71171875 0.43194444374999996 0.71328125 0.434722221875 0.7265625 0.4458333328125 0.73125 0.46388888906250003 0.73125
0 0.9375 0.3140625 0.95 0.3140625 0.9611111109375001 0.309375 0.9666666671874999 0.303125 0.9666666671874999 0.29453125 0.9694444437499999 0.29375 0.9694444437499999 0.28984375 0.9638888890624999 0.28671875 0.9375 0.28671875 0.93194444375 0.28984375 0.93194444375 0.3109375 0.9375 0.3140625
0 0.7888888890625 0.371875 0.790277778125 0.3734375 0.8 0.3734375 0.8083333328125001 0.36875 0.8083333328125001 0.36640625 0.8111111109375001 0.365625 0.8083333328125001 0.35703125 0.8041666671875 0.35703125 0.8027777781250001 0.35546875 0.7791666671875 0.35546875 0.7763888890625 0.35703125 0.7763888890625 0.3671875 0.784722221875 0.371875 0.7888888890625 0.371875
0 0.9333333328125001 0.49375 0.934722221875 0.4921875 0.9416666671874999 0.4921875 0.952777778125 0.4796875 0.95 0.47265625 0.9416666671874999 0.46796875 0.9125 0.46796875 0.909722221875 0.46953125 0.909722221875 0.4921875 0.9125 0.49375 0.9333333328125001 0.49375
0 0.997222221875 0.3 0.9986111109375001 0.26953125 0.9791666671874999 0.26796875 0.9763888890624999 0.26953125 0.9763888890624999 0.29375 0.98194444375 0.2984375 0.997222221875 0.3
0 0.9791666671874999 0.4421875 0.99444444375 0.4390625 0.9986111109375001 0.43125 0.997222221875 0.41953125 0.9916666671875 0.41796875 0.9680555562500001 0.41796875 0.965277778125 0.41953125 0.965277778125 0.4359375 0.9680555562500001 0.4390625 0.9791666671874999 0.4421875
0 0.8861111109375001 0.4734375 0.8861111109375001 0.46484375 0.877777778125 0.46171875 0.85694444375 0.46171875 0.8541666671874999 0.4796875 0.85694444375 0.48125 0.88055555625 0.4796875 0.8861111109375001 0.4734375
0 0.66944444375 0.3421875 0.672222221875 0.33359375 0.6638888890625 0.33046875 0.6347222218749999 0.33046875 0.6319444437499999 0.33203125 0.6347222218749999 0.34375 0.6555555562500001 0.34375 0.6611111109375 0.3453125 0.66944444375 0.3421875
0 0.8666666671875 0.6171875 0.86944444375 0.60703125 0.8638888890624999 0.60546875 0.834722221875 0.60546875 0.83194444375 0.60703125 0.83194444375 0.6203125 0.834722221875 0.6234375 0.852777778125 0.6234375 0.8666666671875 0.6171875
0 0.45277777812500003 0.73046875 0.4236111109375 0.73046875 0.42083333281249996 0.73203125 0.4236111109375 0.7421875 0.4388888890625 0.7421875 0.45555555625000005 0.7375 0.45277777812500003 0.73046875
0 0.7013888890625 0.446875 0.7194444437499999 0.446875 0.725 0.43984375 0.7361111109375 0.434375 0.7388888890625 0.42734375 0.73055555625 0.42421875 0.7013888890625 0.42421875 0.6986111109375 0.42578125 0.6986111109375 0.44375 0.7013888890625 0.44453125 0.7013888890625 0.446875
0 0.9736111109375001 0.7796875 0.9611111109375001 0.78671875 0.9541666671875 0.78828125 0.9541666671875 0.796875 0.959722221875 0.8015625 0.99444444375 0.8015625 0.997222221875 0.8 0.9986111109375001 0.77109375 0.99444444375 0.76796875 0.9791666671874999 0.76796875 0.9763888890624999 0.76953125 0.9763888890624999 0.7765625 0.9736111109375001 0.7796875
0 0.9458333328125 0.828125 0.9680555562500001 0.8359375 0.9833333328125 0.834375 0.9888888890624999 0.8296875 0.9888888890624999 0.82578125 0.9916666671875 0.825 0.9916666671875 0.81953125 0.9888888890624999 0.81875 0.9861111109375 0.81328125 0.98194444375 0.81328125 0.98055555625 0.81171875 0.9458333328125 0.81171875 0.94305555625 0.81328125 0.94305555625 0.825 0.9458333328125 0.82578125 0.9458333328125 0.828125
0 0.9986111109375001 0.5859375 0.9986111109375001 0.56953125 0.9791666671874999 0.56796875 0.9763888890624999 0.584375 0.98194444375 0.5890625 0.99444444375 0.590625 0.9986111109375001 0.5859375
0 0.04444444375 0.4046875 0.04444444375 0.39453125 0.0416666671875 0.39296875 0.0125 0.39296875 0.009722221875000001 0.39453125 0.009722221875000001 0.40625 0.015277778124999999 0.4109375 0.030555556249999997 0.4109375 0.04444444375 0.4046875
0 0.7486111109375 0.5484375 0.7611111109375 0.5484375 0.772222221875 0.540625 0.772222221875 0.53828125 0.7611111109375 0.53203125 0.7569444437499999 0.53203125 0.75555555625 0.53046875 0.734722221875 0.53046875 0.73194444375 0.53203125 0.73194444375 0.5421875 0.7375 0.5453125 0.74444444375 0.5453125 0.7486111109375 0.5484375
0 0.8888888890625 0.375 0.890277778125 0.3734375 0.902777778125 0.3734375 0.9055555562500001 0.371875 0.902777778125 0.36640625 0.9111111109375001 0.3609375 0.9138888890624999 0.35234375 0.9083333328125001 0.34921875 0.8819444437499999 0.34921875 0.8763888890624999 0.35234375 0.8763888890624999 0.371875 0.8819444437499999 0.375 0.8888888890625 0.375
0 0.0013888890625 0.51796875 0 0.5390625 0.0083333328125 0.5421875 0.0111111109375 0.51953125 0.0013888890625 0.51796875
0 0.9986111109375001 0.34453125 0.9791666671874999 0.34296875 0.9763888890624999 0.3734375 0.98194444375 0.3796875 0.997222221875 0.3796875 0.9986111109375001 0.34453125
0 0.665277778125 0.284375 0.6708333328125 0.2875 0.6916666671875 0.2859375 0.7 0.2796875 0.7 0.26953125 0.6972222218749999 0.26796875 0.6708333328125 0.26796875 0.665277778125 0.27109375 0.665277778125 0.2765625 0.66805555625 0.27734375 0.665277778125 0.284375