0 0.9416666671874999 0.30625 0.9472222218749999 0.3 0.9444444437499999 0.28828125 0.9416666671874999 0.28671875 0.9125 0.28671875 0.909722221875 0.28828125 0.909722221875 0.3046875 0.9125 0.30625 0.9416666671874999 0.30625
0 0.4861111109375 0.44375 0.4916666671875 0.4375 0.4888888890625 0.42578125 0.4861111109375 0.42421875 0.45694444375 0.42421875 0.45416666718750004 0.42578125 0.45416666718750004 0.4421875 0.46527777812500004 0.4453125 0.4861111109375 0.44375
0 0.909722221875 0.7515625 0.915277778125 0.75625 0.925 0.7578125 0.934722221875 0.7625 0.9611111109375001 0.7640625 0.9638888890624999 0.7625 0.9638888890624999 0.75859375 0.975 0.7484375 0.975 0.74453125 0.977777778125 0.74375 0.977777778125 0.73671875 0.98055555625 0.7359375 0.977777778125 0.72578125 0.9708333328125001 0.72421875 0.9638888890624999 0.71796875 0.9236111109375 0.71796875 0.922222221875 0.71953125 0.91805555625 0.71953125 0.909722221875 0.72578125 0.909722221875 0.7515625
0 0.025 0.2984375 0.025 0.29609375 0.0333333328125 0.2921875 0.030555556249999997 0.28046875 0.009722221875000001 0.28203125 0.009722221875000001 0.2984375 0.0125 0.3 0.025 0.2984375
0 0.9763888890624999 0.4296875 0.99444444375 0.4296875 0.9986111109375001 0.425 0.997222221875 0.40546875 0.95694444375 0.40546875 0.9541666671875 0.40703125 0.9541666671875 0.4203125 0.95694444375 0.4234375 0.9763888890624999 0.4296875
0 0.3861111109375 0.45703125 0.397222221875 0.45 0.397222221875 0.44453125 0.36805555624999997 0.44296875 0.365277778125 0.44453125 0.36805555624999997 0.459375 0.3861111109375 0.459375 0.3861111109375 0.45703125
0 0.13055555624999998 0.31875 0.14444444375 0.3109375 0.14444444375 0.30234375 0.13888888906250002 0.29921875 0.11805555625 0.29921875 0.109722221875 0.30390625 0.109722221875 0.3171875 0.1125 0.31875 0.13055555624999998 0.31875
0 0.897222221875 0.30625 0.9055555562500001 0.296875 0.9055555562500001 0.28828125 0.8708333328125001 0.28671875 0.8652777781250001 0.28984375 0.8652777781250001 0.3046875 0.8680555562500001 0.30625 0.897222221875 0.30625
0 0.7375 0.4296875 0.7416666671875001 0.4296875 0.752777778125 0.4234375 0.752777778125 0.41953125 0.747222221875 0.4171875 0.747222221875 0.41484375 0.7416666671875001 0.41171875 0.7125 0.41171875 0.709722221875 0.41328125 0.709722221875 0.428125 0.715277778125 0.43125 0.7361111109375 0.43125 0.7375 0.4296875
0 0.9541666671875 0.346875 0.95555555625 0.346875 0.959722221875 0.35 0.9638888890624999 0.35 0.9638888890624999 0.34921875 0.977777778125 0.3421875 0.977777778125 0.33984375 0.98055555625 0.3390625 0.98194444375 0.3375 0.9861111109375 0.3375 0.9861111109375 0.33671875 0.997222221875 0.33125 0.997222221875 0.32578125 0.9958333328125001 0.32578125 0.99444444375 0.32421875 0.95694444375 0.32421875 0.95694444375 0.325 0.9541666671875 0.32578125 0.9541666671875 0.346875
0 0.897222221875 0.30625 0.9055555562500001 0.296875 0.9055555562500001 0.28828125 0.897222221875 0.28046875 0.8625 0.28046875 0.8541666671874999 0.28359375 0.8541666671874999 0.3015625 0.85694444375 0.3046875 0.8625 0.30625 0.897222221875 0.30625
0 0.1888888890625 0.40703125 0.15694444375 0.40546875 0.1541666671875 0.421875 0.15972222187500001 0.425 0.1861111109375 0.425 0.1888888890625 0.40703125
0 0.302777778125 0.42109375 0.29722222187499997 0.41796875 0.290277778125 0.41796875 0.2875 0.434375 0.29722222187499997 0.4359375 0.302777778125 0.43125 0.302777778125 0.42109375
0 0.14305555625 0.303125 0.1458333328125 0.30625 0.1541666671875 0.3078125 0.16944444375 0.30625 0.177777778125 0.3 0.175 0.28828125 0.16944444375 0.28671875 0.1458333328125 0.28671875 0.14305555625 0.28828125 0.14305555625 0.2953125 0.1458333328125 0.29609375 0.14305555625 0.303125
0 0.8958333328125001 0.4921875 0.9111111109375001 0.4921875 0.922222221875 0.4859375 0.922222221875 0.47578125 0.91944444375 0.47421875 0.8791666671874999 0.47421875 0.8763888890624999 0.47578125 0.8763888890624999 0.4828125 0.8791666671874999 0.48359375 0.8791666671874999 0.4859375 0.8958333328125001 0.4921875
0 0.5361111109375 0.4359375 0.5361111109375 0.42578125 0.5125 0.42421875 0.5097222218749999 0.4359375 0.515277778125 0.4390625 0.5305555562500001 0.4390625 0.5361111109375 0.4359375
0 0.965277778125 0.7671875 0.9736111109375001 0.771875 0.99444444375 0.771875 0.9986111109375001 0.7671875 0.9986111109375001 0.73203125 0.98194444375 0.73046875 0.9763888890624999 0.73203125 0.9763888890624999 0.7390625 0.965277778125 0.74921875 0.965277778125 0.7671875
0 0.66805555625 0.56875 0.675 0.56875 0.6861111109375 0.5609375 0.6833333328125 0.55546875 0.66805555625 0.55546875 0.665277778125 0.55703125 0.665277778125 0.5671875 0.66805555625 0.56875
0 0.9236111109375 0.40625 0.9333333328125001 0.40625 0.934722221875 0.4046875 0.9416666671874999 0.4046875 0.952777778125 0.3984375 0.95555555625 0.38984375 0.95 0.38671875 0.9263888890624999 0.38671875 0.9208333328125 0.38984375 0.9208333328125 0.4046875 0.9236111109375 0.40625
0 0.897222221875 0.4421875 0.9083333328125001 0.4359375 0.9055555562500001 0.42734375 0.897222221875 0.42421875 0.8791666671874999 0.42421875 0.8763888890624999 0.42578125 0.8763888890624999 0.440625 0.8791666671874999 0.4421875 0.897222221875 0.4421875
0 0.9680555562500001 0.7234375 0.9861111109375 0.721875 0.9861111109375 0.70859375 0.975 0.70078125 0.9666666671874999 0.69921875 0.934722221875 0.69921875 0.93194444375 0.70078125 0.93194444375 0.715625 0.9375 0.71875 0.9611111109375001 0.71875 0.9680555562500001 0.7234375
0 0.225 0.41484375 0.21944444375 0.41171875 0.20138888906250002 0.41171875 0.1986111109375 0.41328125 0.1986111109375 0.4234375 0.20138888906250002 0.425 0.222222221875 0.4234375 0.225 0.41484375
0 0.4361111109375 0.45078125 0.4236111109375 0.44921875 0.42083333281249996 0.4546875 0.4236111109375 0.45625 0.43333333281249997 0.45625 0.4361111109375 0.45078125
0 0.9263888890624999 0.4078125 0.9305555562500001 0.4078125 0.93194444375 0.40625 0.9416666671874999 0.4046875 0.9416666671874999 0.40234375 0.95555555625 0.396875 0.95555555625 0.38828125 0.952777778125 0.38671875 0.9263888890624999 0.38671875 0.9208333328125 0.38984375 0.9208333328125 0.4046875 0.9263888890624999 0.4078125
0 0.977777778125 0.43203125 0.95694444375 0.43046875 0.95694444375 0.45 0.972222221875 0.45 0.977777778125 0.446875 0.977777778125 0.43203125
0 0.2416666671875 0.4671875 0.25 0.4609375 0.25 0.45234375 0.2416666671875 0.44921875 0.2236111109375 0.44921875 0.2208333328125 0.45078125 0.2236111109375 0.465625 0.22638888906250001 0.4671875 0.2416666671875 0.4671875
0 0.9 0.303125 0.9 0.28828125 0.897222221875 0.28671875 0.8736111109375001 0.28671875 0.872222221875 0.28828125 0.8458333328125001 0.28671875 0.8430555562500001 0.28828125 0.8430555562500001 0.2984375 0.85694444375 0.3046875 0.89444444375 0.30625 0.9 0.303125