0 0.45659722187499996 0.181640625 0.44444444375 0.1904296875 0.44444444375 0.1982421875 0.45659722187499996 0.20703125 0.47222222187499996 0.2080078125 0.4791666671875 0.2041015625 0.4791666671875 0.1904296875 0.4704861109375 0.18359375 0.45659722187499996 0.181640625
0 0.5572916671875 0.162109375 0.5364583328125 0.162109375 0.5208333328125 0.1708984375 0.5243055562500001 0.1826171875 0.5329861109375 0.1875 0.5451388890625 0.1865234375 0.5607638890625 0.18359375 0.5694444437499999 0.1767578125 0.5694444437499999 0.1689453125 0.5572916671875 0.162109375
0 0.42881944375 0.427734375 0.41319444375 0.4365234375 0.41319444375 0.4443359375 0.42534722187499996 0.453125 0.4479166671875 0.4521484375 0.46180555625 0.4462890625 0.46180555625 0.4365234375 0.44965277812500004 0.4296875 0.42881944375 0.427734375
0 0.4982638890625 0.37109375 0.4826388890625 0.3759765625 0.47222222187499996 0.3857421875 0.47222222187499996 0.3916015625 0.48784722187499996 0.40234375 0.5104166671875 0.4013671875 0.5243055562500001 0.3935546875 0.527777778125 0.3857421875 0.512152778125 0.373046875 0.4982638890625 0.37109375
0 0.53125 0.2939453125 0.527777778125 0.3095703125 0.5399305562500001 0.31640625 0.559027778125 0.3154296875 0.5729166671875 0.2998046875 0.5607638890625 0.2890625 0.546875 0.287109375 0.53125 0.2939453125
0 0.3697916671875 0.2890625 0.3541666671875 0.2958984375 0.35069444375000003 0.3017578125 0.36631944375000003 0.31640625 0.3854166671875 0.3154296875 0.3923611109375 0.3115234375 0.3958333328125 0.2978515625 0.3802083328125 0.2890625 0.3697916671875 0.2890625
0 0.4357638890625 0.28515625 0.4201388890625 0.2958984375 0.4201388890625 0.3076171875 0.4357638890625 0.314453125 0.4548611109375 0.3134765625 0.46875 0.3056640625 0.46875 0.2958984375 0.453125 0.28515625 0.4357638890625 0.28515625
0 0.5399305562500001 0.447265625 0.527777778125 0.4541015625 0.5243055562500001 0.4638671875 0.5399305562500001 0.470703125 0.5625 0.4697265625 0.5694444437499999 0.4658203125 0.565972221875 0.4541015625 0.5538194437499999 0.447265625 0.5399305562500001 0.447265625
0 0.5989583328125 0.412109375 0.5868055562500001 0.4189453125 0.590277778125 0.4345703125 0.6076388890625 0.4384765625 0.6319444437499999 0.4306640625 0.628472221875 0.4150390625 0.612847221875 0.41015625 0.5989583328125 0.412109375
0 0.390625 0.685546875 0.37847222187499996 0.6982421875 0.37847222187499996 0.7099609375 0.39930555624999997 0.7099609375 0.4114583328125 0.708984375 0.4166666671875 0.7001953125 0.40277777812500004 0.6865234375 0.390625 0.685546875
0 0.3958333328125 0.3623046875 0.3732638890625 0.353515625 0.359375 0.353515625 0.34375 0.3642578125 0.34722222187499996 0.3759765625 0.35243055624999997 0.37890625 0.3611111109375 0.3779296875 0.3697916671875 0.373046875 0.38715277812500004 0.373046875 0.3958333328125 0.3681640625 0.3958333328125 0.3623046875
0 0.3177083328125 0.369140625 0.3020833328125 0.3759765625 0.2986111109375 0.3876953125 0.3072916671875 0.392578125 0.3263888890625 0.3916015625 0.3385416671875 0.390625 0.34722222187499996 0.3798828125 0.3385416671875 0.37109375 0.3177083328125 0.369140625
0 0.5364583328125 0.2421875 0.53125 0.2490234375 0.5138888890625 0.2568359375 0.519097221875 0.26171875 0.5416666671875 0.2607421875 0.5520833328125 0.2548828125 0.5520833328125 0.2431640625 0.546875 0.240234375 0.5364583328125 0.2421875
0 0.42534722187499996 0.49609375 0.4166666671875 0.4990234375 0.41319444375 0.5068359375 0.42534722187499996 0.515625 0.4479166671875 0.5146484375 0.4548611109375 0.5107421875 0.4548611109375 0.5029296875 0.44618055625 0.498046875 0.42534722187499996 0.49609375
0 0.49131944375 0.40234375 0.4861111109375 0.4072265625 0.4895833328125 0.4208984375 0.4947916671875 0.423828125 0.5138888890625 0.4228515625 0.5243055562500001 0.4150390625 0.5243055562500001 0.4072265625 0.5086805562500001 0.40234375 0.49131944375 0.40234375
0 0.4375 0.2490234375 0.4375 0.2587890625 0.453125 0.26953125 0.46527777812500004 0.2685546875 0.46875 0.2607421875 0.46180555625 0.2451171875 0.453125 0.2421875 0.4375 0.2490234375
0 0.6197916671875 0.5703125 0.6145833328125 0.5732421875 0.6145833328125 0.5830078125 0.6232638890625 0.587890625 0.6493055562500001 0.5888671875 0.659722221875 0.5830078125 0.659722221875 0.5771484375 0.6510416671875 0.572265625 0.6197916671875 0.5703125
0 0.6927083328125 0.59765625 0.6770833328125 0.6044921875 0.6805555562500001 0.6103515625 0.6944444437499999 0.6142578125 0.715277778125 0.6103515625 0.715277778125 0.6025390625 0.7100694437499999 0.599609375 0.6927083328125 0.59765625
0 0.703125 0.501953125 0.6979166671875 0.5068359375 0.7013888890625 0.5166015625 0.7100694437499999 0.521484375 0.7256944437499999 0.5205078125 0.7395833328125 0.5146484375 0.7395833328125 0.5087890625 0.7274305562500001 0.501953125 0.703125 0.501953125
0 0.4236111109375 0.5185546875 0.43402777812500004 0.5302734375 0.44618055625 0.53515625 0.4513888890625 0.5341796875 0.4583333328125 0.5302734375 0.4583333328125 0.5146484375 0.453125 0.51171875 0.4236111109375 0.5185546875
0 0.49652777812500004 0.4716796875 0.5052083328125 0.4765625 0.5208333328125 0.4755859375 0.5243055562500001 0.4638671875 0.5086805562500001 0.45703125 0.49652777812500004 0.4638671875 0.49652777812500004 0.4716796875
0 0.699652778125 0.541015625 0.690972221875 0.5458984375 0.6944444437499999 0.5537109375 0.703125 0.55859375 0.71875 0.5576171875 0.7256944437499999 0.5556640625 0.7291666671875 0.5458984375 0.7204861109375 0.541015625 0.699652778125 0.541015625
0 0.3072916671875 0.451171875 0.2916666671875 0.4638671875 0.2916666671875 0.4755859375 0.3072916671875 0.48046875 0.31944444375000003 0.4794921875 0.3298611109375 0.4736328125 0.3333333328125 0.4619140625 0.32465277812500004 0.453125 0.3072916671875 0.451171875
0 0.42881944375 0.2578125 0.41840277812500004 0.248046875 0.4114583328125 0.248046875 0.40625 0.2509765625 0.40625 0.2666015625 0.42534722187499996 0.271484375 0.42881944375 0.275390625 0.44097222187499996 0.2744140625 0.4513888890625 0.2705078125 0.4479166671875 0.2646484375 0.4357638890625 0.2578125 0.42881944375 0.2578125
0 0.8072916671874999 0.59375 0.7951388890625 0.6005859375 0.7986111109375 0.6162109375 0.8038194437499999 0.619140625 0.8298611109375 0.6181640625 0.840277778125 0.6123046875 0.8368055562500001 0.5966796875 0.831597221875 0.59375 0.8072916671874999 0.59375
0 0.44618055625 0.53515625 0.43055555625 0.5458984375 0.43055555625 0.5537109375 0.4427083328125 0.560546875 0.4583333328125 0.5595703125 0.46875 0.5517578125 0.47222222187499996 0.5419921875 0.46006944375 0.53515625 0.44618055625 0.53515625
0 0.38368055624999997 0.326171875 0.37847222187499996 0.3310546875 0.38194444375000003 0.3408203125 0.39409722187499996 0.34765625 0.40625 0.3466796875 0.41319444375 0.3427734375 0.4166666671875 0.3330078125 0.4010416671875 0.326171875 0.38368055624999997 0.326171875
0 0.6388888890625 0.5400390625 0.6354166671875 0.5458984375 0.6475694437499999 0.552734375 0.6631944437499999 0.5517578125 0.6701388890625 0.5458984375 0.6701388890625 0.5380859375 0.6545138890625 0.533203125 0.6388888890625 0.5400390625
0 0.3333333328125 0.3994140625 0.3385416671875 0.404296875 0.3541666671875 0.4033203125 0.3611111109375 0.3935546875 0.35590277812500004 0.388671875 0.3454861109375 0.390625 0.3333333328125 0.3994140625
0 0.519097221875 0.318359375 0.5069444437499999 0.3232421875 0.5069444437499999 0.3330078125 0.5243055562500001 0.3388671875 0.5416666671875 0.3310546875 0.5381944437499999 0.3212890625 0.5295138890625 0.318359375 0.519097221875 0.318359375
0 0.6267361109375 0.515625 0.6076388890625 0.5205078125 0.6163194437499999 0.52734375 0.6388888890625 0.5302734375 0.6458333328125 0.5283203125 0.6458333328125 0.5185546875 0.640625 0.515625 0.6267361109375 0.515625
0 0.5694444437499999 0.8134765625 0.5850694437499999 0.818359375 0.6041666671875 0.8173828125 0.6076388890625 0.7998046875 0.574652778125 0.791015625 0.565972221875 0.7978515625 0.5694444437499999 0.8134765625
0 0.3958333328125 0.7197265625 0.3958333328125 0.7333984375 0.4010416671875 0.736328125 0.40972222187499996 0.7353515625 0.4166666671875 0.7275390625 0.4166666671875 0.7177734375 0.4079861109375 0.71484375 0.3958333328125 0.7197265625
0 0.390625 0.4609375 0.3802083328125 0.462890625 0.37152777812500004 0.4697265625 0.37847222187499996 0.4794921875 0.3888888890625 0.4814453125 0.41319444375 0.4755859375 0.41319444375 0.4716796875 0.4010416671875 0.46875 0.390625 0.4609375
0 0.4982638890625 0.701171875 0.5138888890625 0.7001953125 0.5173611109375 0.6943359375 0.5086805562500001 0.689453125 0.49305555625 0.6923828125 0.4982638890625 0.701171875
0 0.30555555624999997 0.4345703125 0.3020833328125 0.4404296875 0.3072916671875 0.4453125 0.3298611109375 0.4462890625 0.34722222187499996 0.4345703125 0.3420138890625 0.427734375 0.32465277812500004 0.427734375 0.30555555624999997 0.4345703125
0 0.6944444437499999 0.5283203125 0.6944444437499999 0.5361328125 0.699652778125 0.5390625 0.722222221875 0.5380859375 0.7256944437499999 0.5283203125 0.7204861109375 0.5234375 0.703125 0.5234375 0.6944444437499999 0.5283203125
0 0.5798611109375 0.7333984375 0.5798611109375 0.7412109375 0.590277778125 0.7431640625 0.6076388890625 0.7373046875 0.5989583328125 0.73046875 0.5850694437499999 0.73046875 0.5798611109375 0.7333984375
0 0.40972222187499996 0.2197265625 0.4236111109375 0.2216796875 0.43055555625 0.2138671875 0.41840277812500004 0.20703125 0.40972222187499996 0.2099609375 0.40972222187499996 0.2197265625
0 0.4739583328125 0.576171875 0.46527777812500004 0.5791015625 0.46527777812500004 0.5869140625 0.4826388890625 0.5927734375 0.4895833328125 0.5908203125 0.49305555625 0.5830078125 0.484375 0.576171875 0.4739583328125 0.576171875
0 0.5138888890625 0.6005859375 0.534722221875 0.6103515625 0.5364583328125 0.615234375 0.5520833328125 0.6142578125 0.5625 0.6064453125 0.5399305562500001 0.591796875 0.5225694437499999 0.591796875 0.5138888890625 0.6005859375
0 0.5208333328125 0.7841796875 0.5260416671875 0.791015625 0.534722221875 0.7900390625 0.5451388890625 0.7744140625 0.5399305562500001 0.76953125 0.5243055562500001 0.7724609375 0.5208333328125 0.7841796875
0 0.4201388890625 0.3408203125 0.42534722187499996 0.34765625 0.43402777812500004 0.3466796875 0.44444444375 0.3388671875 0.4427083328125 0.3359375 0.42534722187499996 0.3359375 0.4201388890625 0.3408203125
0 0.3020833328125 0.4384765625 0.3072916671875 0.447265625 0.3263888890625 0.4482421875 0.34722222187499996 0.4345703125 0.3385416671875 0.427734375 0.3107638890625 0.431640625 0.3020833328125 0.4384765625
0 0.6822916671875 0.48828125 0.6666666671875 0.4931640625 0.6666666671875 0.5009765625 0.6788194437499999 0.5078125 0.6979166671875 0.5068359375 0.7048611109375 0.5009765625 0.7048611109375 0.4931640625 0.6961805562500001 0.48828125 0.6822916671875 0.48828125
0 0.21875 0.5263671875 0.21875 0.5341796875 0.22395833281250002 0.5390625 0.23611111093749998 0.5380859375 0.24305555625 0.5283203125 0.234375 0.5234375 0.22395833281250002 0.5234375 0.21875 0.5263671875
0 0.453125 0.337890625 0.4548611109375 0.3544921875 0.46527777812500004 0.3564453125 0.4791666671875 0.3505859375 0.4791666671875 0.3466796875 0.4739583328125 0.341796875 0.453125 0.337890625
0 0.6458333328125 0.6337890625 0.6545138890625 0.638671875 0.6631944437499999 0.6376953125 0.6666666671875 0.6259765625 0.6510416671875 0.623046875 0.6458333328125 0.6259765625 0.6458333328125 0.6337890625
0 0.3125 0.6279296875 0.31597222187499996 0.6396484375 0.33159722187499996 0.6484375 0.34027777812500004 0.6474609375 0.34027777812500004 0.6298828125 0.328125 0.62109375 0.32118055624999997 0.62109375 0.3125 0.6279296875
0 0.42881944375 0.21484375 0.4479166671875 0.2138671875 0.4513888890625 0.2119140625 0.4427083328125 0.205078125 0.4270833328125 0.2099609375 0.42881944375 0.21484375
0 0.484375 0.19921875 0.47569444375 0.2080078125 0.4791666671875 0.2177734375 0.49652777812500004 0.2177734375 0.49652777812500004 0.2119140625 0.503472221875 0.2099609375 0.5069444437499999 0.2021484375 0.484375 0.19921875
0 0.3611111109375 0.4833984375 0.3697916671875 0.48828125 0.37847222187499996 0.4873046875 0.3854166671875 0.4794921875 0.3697916671875 0.466796875 0.3645833328125 0.4697265625 0.3611111109375 0.4833984375
0 0.7361111109375 0.5048828125 0.7447916671875 0.5078125 0.7638888890625 0.5068359375 0.7586805562500001 0.49609375 0.7482638890625 0.49609375 0.7361111109375 0.5009765625 0.7361111109375 0.5048828125
0 0.652777778125 0.7119140625 0.6579861109375 0.716796875 0.6736111109375 0.7177734375 0.6805555562500001 0.7119140625 0.6736111109375 0.7041015625 0.6614583328125 0.701171875 0.652777778125 0.7119140625
0 0.47569444375 0.2158203125 0.48090277812500004 0.21875 0.49305555625 0.2177734375 0.5 0.2041015625 0.484375 0.201171875 0.47569444375 0.2080078125 0.47569444375 0.2158203125
0 0.512152778125 0.353515625 0.5069444437499999 0.3564453125 0.5069444437499999 0.3662109375 0.512152778125 0.369140625 0.5208333328125 0.3681640625 0.5486111109375 0.3564453125 0.543402778125 0.3515625 0.5225694437499999 0.35546875 0.512152778125 0.353515625
0 1 0.4951171875 0.9774305562500001 0.494140625 0.9756944437499999 0.5029296875 0.9826388890625 0.5107421875 0.987847221875 0.513671875 1 0.5126953125 1 0.4951171875