0 0.8038194437499999 0.43359375 0.7951388890625 0.4404296875 0.7951388890625 0.4501953125 0.8177083328125001 0.458984375 0.8333333328125001 0.4580078125 0.8333333328125001 0.4482421875 0.8229166671874999 0.4384765625 0.8142361109375 0.43359375 0.8038194437499999 0.43359375
0 0.824652778125 0.572265625 0.8194444437499999 0.5751953125 0.815972221875 0.5849609375 0.828125 0.595703125 0.8645833328125001 0.5966796875 0.875 0.5908203125 0.8663194437499999 0.576171875 0.8489583328125001 0.572265625 0.824652778125 0.572265625
0 0.8576388890625 0.4716796875 0.8576388890625 0.4775390625 0.8697916671874999 0.484375 0.8888888890625 0.4853515625 0.9131944437499999 0.4775390625 0.9010416671874999 0.462890625 0.8767361109375 0.462890625 0.8576388890625 0.4716796875
0 0.71875 0.5615234375 0.71875 0.5673828125 0.730902778125 0.576171875 0.753472221875 0.5751953125 0.7673611109375 0.5693359375 0.765625 0.560546875 0.7239583328125 0.55859375 0.71875 0.5615234375
0 0.8038194437499999 0.470703125 0.7916666671875 0.4794921875 0.800347221875 0.490234375 0.815972221875 0.4892578125 0.8368055562500001 0.4814453125 0.8368055562500001 0.4736328125 0.824652778125 0.46875 0.8038194437499999 0.470703125
0 0.16493055625 0.697265625 0.14930555625 0.7041015625 0.14930555625 0.7138671875 0.15451388906250002 0.720703125 0.17361111093749998 0.7197265625 0.18402777812499999 0.7138671875 0.18402777812499999 0.7001953125 0.17881944375 0.697265625 0.16493055625 0.697265625
0 0.078125 0.451171875 0.059027778125 0.4619140625 0.0625 0.4736328125 0.07118055625 0.478515625 0.097222221875 0.4775390625 0.1076388890625 0.4697265625 0.1076388890625 0.4619140625 0.08506944375 0.451171875 0.078125 0.451171875
0 0.7864583328125 0.494140625 0.7760416671875 0.49609375 0.7604166671875 0.5068359375 0.7638888890625 0.5185546875 0.7743055562500001 0.5185546875 0.7829861109375 0.509765625 0.7986111109375 0.5068359375 0.7986111109375 0.5009765625 0.7864583328125 0.494140625
0 0.21354166718749998 0.751953125 0.20138888906250002 0.7607421875 0.20138888906250002 0.7724609375 0.22916666718749998 0.7802734375 0.246527778125 0.7685546875 0.234375 0.7578125 0.22395833281250002 0.7578125 0.21354166718749998 0.751953125
0 0.25694444375000003 0.7587890625 0.27256944375000003 0.763671875 0.2864583328125 0.7734375 0.2916666671875 0.7724609375 0.2951388890625 0.7529296875 0.265625 0.748046875 0.25694444375000003 0.7529296875 0.25694444375000003 0.7587890625
0 0.1076388890625 0.4755859375 0.1076388890625 0.4833984375 0.112847221875 0.48828125 0.1354166671875 0.4873046875 0.1354166671875 0.4736328125 0.1302083328125 0.46875 0.1197916671875 0.466796875 0.1076388890625 0.4755859375
0 0.105902778125 0.591796875 0.10069444375 0.5947265625 0.10069444375 0.6142578125 0.105902778125 0.6171875 0.1145833328125 0.6162109375 0.1354166671875 0.6103515625 0.1354166671875 0.5986328125 0.1232638890625 0.591796875 0.105902778125 0.591796875
0 0.1232638890625 0.609375 0.1076388890625 0.6162109375 0.1076388890625 0.6259765625 0.11631944375 0.6328125 0.13194444375 0.6318359375 0.13888888906250002 0.6279296875 0.14236111093749998 0.6162109375 0.13715277812499999 0.609375 0.1232638890625 0.609375
0 0.19618055625 0.595703125 0.19097222187500001 0.5986328125 0.19444444375 0.6162109375 0.203125 0.62109375 0.22569444375 0.6201171875 0.23611111093749998 0.6142578125 0.23263888906250002 0.5986328125 0.22743055625 0.595703125 0.19618055625 0.595703125
0 0.046875 0.44140625 0.034722221875 0.4462890625 0.03125 0.4541015625 0.046875 0.46484375 0.055555556250000006 0.4638671875 0.07291666718749999 0.4521484375 0.07291666718749999 0.4482421875 0.05729166718749999 0.44140625 0.046875 0.44140625
0 0.7395833328125 0.6123046875 0.730902778125 0.609375 0.7135416671875 0.611328125 0.7048611109375 0.6162109375 0.7083333328125 0.6298828125 0.7135416671875 0.6328125 0.722222221875 0.6318359375 0.7326388890625 0.6279296875 0.7326388890625 0.6220703125 0.7395833328125 0.6181640625 0.7395833328125 0.6123046875
0 0.059027778125 0.6396484375 0.055555556250000006 0.6474609375 0.06423611093750001 0.65625 0.09375 0.6572265625 0.1076388890625 0.6494140625 0.09548611093750001 0.638671875 0.06770833281250001 0.63671875 0.059027778125 0.6396484375
0 0.0260416671875 0.59375 0.006944443749999999 0.6044921875 0.012152778125 0.619140625 0.03819444375 0.6201171875 0.065972221875 0.6044921875 0.0625 0.5966796875 0.053819443749999994 0.59375 0.0260416671875 0.59375
0 0.8836805562500001 0.615234375 0.8680555562500001 0.6162109375 0.8663194437499999 0.62890625 0.855902778125 0.62890625 0.8489583328125001 0.62109375 0.8368055562500001 0.6220703125 0.840277778125 0.6357421875 0.8454861109375 0.638671875 0.8541666671874999 0.6376953125 0.8732638890625 0.63671875 0.8888888890625 0.6259765625 0.8888888890625 0.6181640625 0.8836805562500001 0.615234375
0 0.10243055625 0.5 0.09375 0.5048828125 0.09375 0.5146484375 0.112847221875 0.521484375 0.125 0.5205078125 0.13888888906250002 0.5166015625 0.14236111093749998 0.5068359375 0.13368055625 0.501953125 0.10243055625 0.5
0 0.48784722187499996 0.779296875 0.4791666671875 0.7841796875 0.4791666671875 0.7958984375 0.49131944375 0.8046875 0.503472221875 0.8037109375 0.5173611109375 0.7919921875 0.5173611109375 0.7822265625 0.5086805562500001 0.779296875 0.48784722187499996 0.779296875
0 0.6354166671875 0.5986328125 0.6423611109375 0.6083984375 0.6510416671875 0.61328125 0.6631944437499999 0.6123046875 0.6631944437499999 0.5947265625 0.6545138890625 0.58984375 0.640625 0.58984375 0.6354166671875 0.5986328125
0 0.918402778125 0.677734375 0.90625 0.6826171875 0.902777778125 0.6884765625 0.9114583328125001 0.6953125 0.9270833328125001 0.6962890625 0.9375 0.6923828125 0.940972221875 0.6845703125 0.9357638890625 0.6796875 0.918402778125 0.677734375
0 0.7986111109375 0.6103515625 0.815972221875 0.6123046875 0.8229166671874999 0.6064453125 0.8194444437499999 0.6025390625 0.8038194437499999 0.6015625 0.7986111109375 0.6103515625
0 0.7569444437499999 0.6123046875 0.762152778125 0.62109375 0.78125 0.6201171875 0.784722221875 0.6142578125 0.7760416671875 0.609375 0.762152778125 0.609375 0.7569444437499999 0.6123046875
0 0 0.5986328125 0.006944443749999999 0.5986328125 0.02430555625 0.5888671875 0.02430555625 0.5791015625 0.019097221875 0.576171875 0 0.5771484375 0 0.5986328125
0 0.7291666671875 0.5986328125 0.7291666671875 0.5908203125 0.7135416671875 0.587890625 0.7118055562500001 0.5966796875 0.7291666671875 0.5986328125
0 0.8819444437499999 0.5498046875 0.8836805562500001 0.556640625 0.8958333328125001 0.5556640625 0.902777778125 0.5517578125 0.8975694437499999 0.537109375 0.8888888890625 0.5400390625 0.8819444437499999 0.5498046875
0 0.0034722218749999997 0.4619140625 0.012152778125 0.47265625 0.02430555625 0.4716796875 0.027777778125000003 0.4482421875 0.00868055625 0.443359375 0.0034722218749999997 0.4482421875 0.0034722218749999997 0.4619140625
0 0.055555556250000006 0.6103515625 0.07638888906249999 0.6103515625 0.07638888906249999 0.5966796875 0.06770833281250001 0.59375 0.053819443749999994 0.595703125 0.055555556250000006 0.6103515625
0 0.878472221875 0.7099609375 0.8923611109375 0.7119140625 0.8923611109375 0.7001953125 0.8836805562500001 0.69921875 0.878472221875 0.7021484375 0.878472221875 0.7099609375
0 0.7986111109375 0.5107421875 0.8038194437499999 0.515625 0.8194444437499999 0.5146484375 0.8263888890625 0.5107421875 0.8211805562500001 0.505859375 0.8072916671874999 0.505859375 0.7986111109375 0.5107421875
0 0.05729166718749999 0.65234375 0.0295138890625 0.654296875 0.0208333328125 0.6650390625 0.0329861109375 0.673828125 0.0451388890625 0.6748046875 0.0607638890625 0.671875 0.065972221875 0.6669921875 0.065972221875 0.6572265625 0.05729166718749999 0.65234375