0 0.5828125 0.0265625 0.015625 0.01015625
0 0.51484375 0.034375 0.040625 0.02421875
0 0.5890625 0.0375 0.01640625 0.01953125
0 0.53359375 0.0453125 0.025 0.015625
0 0.51171875 0.05390625 0.0375 0.0203125
0 0.609375 0.0625 0.04296875 0.0203125
0 0.5859375 0.07265625 0.01640625 0.01875
0 0.54375 0.0796875 0.0375 0.02578125
0 0.609375 0.0859375 0.01953125 0.021875
0 0.55703125 0.0890625 0.0390625 0.01953125
0 0.584375 0.1125 0.0390625 0.02578125
0 0.51484375 0.1265625 0.03203125 0.025
0 0.63984375 0.1328125 0.04609375 0.02578125
0 0.540625 0.1421875 0.04453125 0.0296875
0 0.6140625 0.146875 0.028125 0.01953125
0 0.56953125 0.1703125 0.0359375 0.02265625
0 0.6171875 0.1703125 0.0375 0.02265625
0 0.49296875 0.1765625 0.025 0.01640625
0 0.559375 0.1859375 0.02890625 0.01875
0 0.61875 0.1859375 0.034375 0.01328125
0 0.52109375 0.190625 0.0390625 0.02265625
0 0.50625 0.19765625 0.040625 0.025
0 0.54140625 0.21796875 0.03359375 0.0203125
0 0.43359375 0.22734375 0.0390625 0.021875
0 0.478125 0.2296875 0.0265625 0.0203125
0 0.6375 0.2359375 0.03359375 0.01796875
0 0.65859375 0.24609375 0.03046875 0.01875
0 0.6328125 0.2453125 0.0234375 0.01328125
0 0.3484375 0.2625 0.046875 0.02890625
0 0.3765625 0.259375 0.021875 0.015625
0 0.565625 0.26171875 0.02109375 0.015625
0 0.49453125 0.26875 0.025 0.01015625
0 0.5109375 0.27421875 0.025 0.0140625
0 0.56640625 0.2765625 0.01953125 0.01328125
0 0.78828125 0.31015625 0.0265625 0.0140625
0 0.52421875 0.315625 0.015625 0.01015625
0 0.4671875 0.33203125 0.01796875 0.0171875
0 0.678125 0.3640625 0.04296875 0.025
0 0.421875 0.37265625 0.04453125 0.0203125
0 0.396875 0.37734375 0.01953125 0.0234375
0 0.83359375 0.37265625 0.01640625 0.0140625
0 0.35390625 0.3765625 0.028125 0.0203125
0 0.55234375 0.37421875 0.01796875 0.009375
0 0.68125 0.3828125 0.0375 0.02109375
0 0.553125 0.384375 0.0140625 0.00859375
0 0.734375 0.39375 0.046875 0.02265625
0 0.83046875 0.39140625 0.01953125 0.0125
0 0.7015625 0.39921875 0.03046875 0.0265625
0 0.7515625 0.4015625 0.05 0.02578125
0 0.7703125 0.4109375 0.05390625 0.02109375
0 0.73671875 0.41875 0.0234375 0.01640625
0 0.503125 0.42578125 0.03359375 0.021875
0 0.696875 0.42890625 0.02890625 0.0203125
0 0.78359375 0.4265625 0.03359375 0.01328125
0 0.68984375 0.4484375 0.04296875 0.02265625
0 0.08671875 0.4546875 0.0484375 0.01953125
0 0.509375 0.46875 0.03203125 0.0125
0 0.6484375 0.4703125 0.01640625 0.01484375
0 0.434375 0.4765625 0.04296875 0.025
0 0.465625 0.475 0.02890625 0.01953125
0 0.56953125 0.484375 0.0359375 0.02265625
0 0.59765625 0.484375 0.0234375 0.01953125
0 0.64140625 0.490625 0.01953125 0.01484375
0 0.690625 0.51484375 0.02109375 0.0234375
0 0.66484375 0.51875 0.04609375 0.025
0 0.77578125 0.53125 0.04296875 0.028125
0 0.678125 0.5921875 0.0390625 0.02421875
0 0.47265625 0.6296875 0.034375 0.01796875
0 0.665625 0.6359375 0.05390625 0.02890625
0 0.5578125 0.63984375 0.02890625 0.015625
0 0.4421875 0.67109375 0.02890625 0.0140625
0 0.109375 0.69375 0.03046875 0.0234375
0 0.6828125 0.6953125 0.040625 0.02578125
0 0.646875 0.6984375 0.04609375 0.02578125
0 0.1515625 0.70234375 0.0390625 0.0234375