0 0.47743055625 0.17578125 0.46006944375 0.177734375 0.44097222187499996 0.1884765625 0.44444444375 0.2060546875 0.44965277812500004 0.208984375 0.46180555625 0.2080078125 0.48090277812500004 0.205078125 0.49652777812500004 0.1943359375 0.49305555625 0.1845703125 0.47743055625 0.17578125
0 0.39756944375000003 0.1484375 0.3923611109375 0.1513671875 0.3888888890625 0.1708984375 0.4010416671875 0.17578125 0.4166666671875 0.1748046875 0.43402777812500004 0.1630859375 0.43055555625 0.1572265625 0.41493055625 0.1484375 0.39756944375000003 0.1484375
0 0.3298611109375 0.4638671875 0.3177083328125 0.458984375 0.29340277812500004 0.458984375 0.28125 0.4658203125 0.28125 0.4775390625 0.296875 0.486328125 0.30555555624999997 0.4853515625 0.3177083328125 0.48046875 0.328125 0.48046875 0.3333333328125 0.4755859375 0.3298611109375 0.4638671875
0 0.597222221875 0.2607421875 0.6006944437499999 0.2685546875 0.612847221875 0.275390625 0.625 0.2763671875 0.6354166671875 0.2685546875 0.628472221875 0.2587890625 0.605902778125 0.255859375 0.597222221875 0.2607421875
0 0.3454861109375 0.462890625 0.3298611109375 0.4716796875 0.3298611109375 0.4814453125 0.3489583328125 0.494140625 0.3541666671875 0.4931640625 0.375 0.4853515625 0.37847222187499996 0.4755859375 0.36284722187499996 0.46484375 0.3454861109375 0.462890625
0 0.675347221875 0.283203125 0.65625 0.2939453125 0.65625 0.2998046875 0.6649305562500001 0.3046875 0.6875 0.3037109375 0.7013888890625 0.2978515625 0.7013888890625 0.2919921875 0.6961805562500001 0.287109375 0.675347221875 0.283203125
0 0.49131944375 0.16015625 0.4791666671875 0.1669921875 0.4791666671875 0.1748046875 0.4947916671875 0.1875 0.5069444437499999 0.1865234375 0.5208333328125 0.1806640625 0.5243055562500001 0.1728515625 0.5086805562500001 0.162109375 0.49131944375 0.16015625
0 0.5954861109375 0.79296875 0.5868055562500001 0.7998046875 0.5868055562500001 0.8115234375 0.59375 0.8193359375 0.590277778125 0.8212890625 0.5954861109375 0.82421875 0.6111111109375 0.8232421875 0.625 0.8115234375 0.625 0.8037109375 0.6163194437499999 0.794921875 0.5954861109375 0.79296875
0 0.519097221875 0.451171875 0.5138888890625 0.4541015625 0.5173611109375 0.4658203125 0.5225694437499999 0.46875 0.5416666671875 0.4677734375 0.559027778125 0.4619140625 0.559027778125 0.4521484375 0.546875 0.447265625 0.519097221875 0.451171875
0 0.515625 0.14453125 0.5104166671875 0.1513671875 0.5138888890625 0.1630859375 0.519097221875 0.16796875 0.53125 0.1669921875 0.5416666671875 0.1611328125 0.5451388890625 0.1513671875 0.5329861109375 0.14453125 0.515625 0.14453125
0 0.512152778125 0.673828125 0.49652777812500004 0.6806640625 0.49305555625 0.6884765625 0.5069444437499999 0.6943359375 0.5104166671875 0.7021484375 0.5173611109375 0.7021484375 0.5381944437499999 0.6962890625 0.5416666671875 0.6865234375 0.5260416671875 0.67578125 0.512152778125 0.673828125
0 0.484375 0.33984375 0.47569444375 0.3466796875 0.47569444375 0.3564453125 0.484375 0.361328125 0.503472221875 0.3623046875 0.5243055562500001 0.3505859375 0.5243055562500001 0.3408203125 0.512152778125 0.3359375 0.484375 0.33984375
0 0.3697916671875 0.529296875 0.34375 0.5380859375 0.34375 0.5478515625 0.36284722187499996 0.556640625 0.375 0.5556640625 0.3958333328125 0.5498046875 0.3958333328125 0.5419921875 0.38368055624999997 0.53125 0.3697916671875 0.529296875
0 0.5416666671875 0.5146484375 0.5607638890625 0.525390625 0.5694444437499999 0.5244140625 0.5694444437499999 0.5107421875 0.5572916671875 0.50390625 0.5399305562500001 0.50390625 0.5416666671875 0.5146484375
0 0.5399305562500001 0.716796875 0.53125 0.7216796875 0.534722221875 0.7275390625 0.5243055562500001 0.7392578125 0.5329861109375 0.748046875 0.5451388890625 0.7470703125 0.559027778125 0.7392578125 0.5625 0.7255859375 0.5572916671875 0.720703125 0.5399305562500001 0.716796875
0 0.5399305562500001 0.533203125 0.5329861109375 0.529296875 0.5225694437499999 0.529296875 0.5138888890625 0.5361328125 0.5173611109375 0.5458984375 0.5225694437499999 0.548828125 0.5381944437499999 0.5478515625 0.5520833328125 0.5439453125 0.5520833328125 0.5341796875 0.546875 0.53125 0.5399305562500001 0.533203125
0 0.38715277812500004 0.244140625 0.36631944375000003 0.24609375 0.35069444375000003 0.2587890625 0.35069444375000003 0.2705078125 0.35590277812500004 0.2734375 0.375 0.2724609375 0.38715277812500004 0.26953125 0.40277777812500004 0.2568359375 0.3958333328125 0.2470703125 0.38715277812500004 0.244140625
0 0.512152778125 0.603515625 0.49652777812500004 0.6162109375 0.49652777812500004 0.6220703125 0.515625 0.626953125 0.5416666671875 0.6259765625 0.5520833328125 0.6142578125 0.5486111109375 0.6083984375 0.5364583328125 0.6015625 0.512152778125 0.603515625
0 0.699652778125 0.296875 0.684027778125 0.3037109375 0.684027778125 0.3095703125 0.6770833328125 0.3134765625 0.6822916671875 0.3203125 0.6944444437499999 0.3212890625 0.7083333328125 0.3154296875 0.7118055562500001 0.3095703125 0.7083333328125 0.3017578125 0.699652778125 0.296875
0 0.4583333328125 0.1123046875 0.46527777812500004 0.1201171875 0.48784722187499996 0.130859375 0.5 0.1298828125 0.503472221875 0.1083984375 0.48090277812500004 0.1015625 0.4635416671875 0.10546875 0.4583333328125 0.1123046875
0 0.49131944375 0.0234375 0.47569444375 0.0322265625 0.47569444375 0.0419921875 0.49305555625 0.0478515625 0.5138888890625 0.0361328125 0.5173611109375 0.0283203125 0.5052083328125 0.021484375 0.49131944375 0.0234375
0 0.703125 0.40234375 0.6875 0.4091796875 0.684027778125 0.4169921875 0.6961805562500001 0.42578125 0.715277778125 0.4248046875 0.722222221875 0.4208984375 0.722222221875 0.4091796875 0.7100694437499999 0.40234375 0.703125 0.40234375
0 0.550347221875 0.46484375 0.53125 0.4814453125 0.5364583328125 0.48828125 0.559027778125 0.4873046875 0.5763888890625 0.4775390625 0.5729166671875 0.4677734375 0.5642361109375 0.462890625 0.550347221875 0.46484375
0 0.640625 0.38671875 0.6354166671875 0.3896484375 0.6388888890625 0.4052734375 0.6510416671875 0.41015625 0.659722221875 0.4091796875 0.6736111109375 0.4033203125 0.6736111109375 0.3935546875 0.6614583328125 0.38671875 0.640625 0.38671875
0 0.40277777812500004 0.0830078125 0.39930555624999997 0.0927734375 0.4079861109375 0.1015625 0.4236111109375 0.1025390625 0.4270833328125 0.0810546875 0.421875 0.076171875 0.41493055625 0.076171875 0.40277777812500004 0.0830078125
0 0.956597221875 0.74609375 0.9236111109375 0.7509765625 0.9236111109375 0.7626953125 0.9392361109375 0.771484375 0.9756944437499999 0.7724609375 0.9895833328125001 0.7626953125 0.9895833328125001 0.7568359375 0.980902778125 0.751953125 0.956597221875 0.74609375
0 0.5399305562500001 0.189453125 0.527777778125 0.1943359375 0.527777778125 0.2080078125 0.5364583328125 0.212890625 0.5520833328125 0.2119140625 0.565972221875 0.2060546875 0.5694444437499999 0.1923828125 0.5607638890625 0.189453125 0.5399305562500001 0.189453125
0 0.6302083328125 0.40234375 0.609375 0.404296875 0.6041666671875 0.4169921875 0.6163194437499999 0.419921875 0.6302083328125 0.4296875 0.6423611109375 0.4287109375 0.6423611109375 0.4208984375 0.6493055562500001 0.4150390625 0.6458333328125 0.4091796875 0.6302083328125 0.40234375
0 0.5295138890625 0.03515625 0.5173611109375 0.0380859375 0.5069444437499999 0.0517578125 0.5069444437499999 0.0615234375 0.519097221875 0.06640625 0.5243055562500001 0.0654296875 0.5329861109375 0.064453125 0.5451388890625 0.0556640625 0.5416666671875 0.0439453125 0.5295138890625 0.03515625
0 0.44965277812500004 0.134765625 0.44444444375 0.1396484375 0.44444444375 0.1533203125 0.4583333328125 0.1572265625 0.47222222187499996 0.1513671875 0.47569444375 0.1435546875 0.4635416671875 0.13671875 0.44965277812500004 0.134765625
0 0.44965277812500004 0.05859375 0.44097222187499996 0.0615234375 0.4375 0.0673828125 0.44097222187499996 0.0771484375 0.453125 0.0859375 0.46527777812500004 0.0849609375 0.47569444375 0.0830078125 0.4826388890625 0.0712890625 0.4670138890625 0.060546875 0.44965277812500004 0.05859375
0 0.503472221875 0.2275390625 0.503472221875 0.2373046875 0.512152778125 0.2421875 0.53125 0.2412109375 0.5451388890625 0.2294921875 0.5451388890625 0.2236328125 0.5260416671875 0.21484375 0.503472221875 0.2275390625
0 0.421875 0.123046875 0.4270833328125 0.1220703125 0.4270833328125 0.1064453125 0.41493055625 0.103515625 0.40972222187499996 0.1162109375 0.421875 0.123046875
0 0.44097222187499996 0.1103515625 0.4548611109375 0.1123046875 0.4548611109375 0.0927734375 0.44618055625 0.091796875 0.44097222187499996 0.0947265625 0.44097222187499996 0.1103515625
0 0.4357638890625 0.720703125 0.4236111109375 0.7294921875 0.4236111109375 0.7353515625 0.4322916671875 0.744140625 0.4513888890625 0.7431640625 0.4583333328125 0.7392578125 0.4548611109375 0.7236328125 0.44965277812500004 0.720703125 0.4357638890625 0.720703125
0 0.5555555562500001 0.5986328125 0.559027778125 0.6083984375 0.5642361109375 0.611328125 0.5729166671875 0.6103515625 0.5868055562500001 0.6064453125 0.5868055562500001 0.5986328125 0.578125 0.59375 0.5555555562500001 0.5986328125
0 0.484375 0.0546875 0.4791666671875 0.0595703125 0.4826388890625 0.0712890625 0.49131944375 0.07421875 0.5069444437499999 0.0732421875 0.5173611109375 0.0693359375 0.5173611109375 0.0654296875 0.4947916671875 0.052734375 0.484375 0.0546875
0 0.3767361109375 0.408203125 0.36805555624999997 0.4150390625 0.37152777812500004 0.4228515625 0.38368055624999997 0.427734375 0.40277777812500004 0.4267578125 0.41319444375 0.4189453125 0.4166666671875 0.4091796875 0.4045138890625 0.404296875 0.3767361109375 0.408203125
0 0.640625 0.787109375 0.6302083328125 0.7890625 0.621527778125 0.7978515625 0.628472221875 0.8154296875 0.637152778125 0.8203125 0.6423611109375 0.8193359375 0.6736111109375 0.8076171875 0.6736111109375 0.7998046875 0.6614583328125 0.791015625 0.640625 0.787109375
0 0.39930555624999997 0.2138671875 0.39930555624999997 0.2197265625 0.4114583328125 0.2265625 0.4270833328125 0.2275390625 0.43055555625 0.2119140625 0.42534722187499996 0.20703125 0.4114583328125 0.20703125 0.39930555624999997 0.2138671875
0 0.5329861109375 0.6015625 0.5520833328125 0.6044921875 0.5520833328125 0.5908203125 0.5329861109375 0.5859375 0.5243055562500001 0.5966796875 0.5329861109375 0.6015625
0 0.49652777812500004 0.3095703125 0.5017361109375 0.3125 0.5173611109375 0.3115234375 0.5173611109375 0.3017578125 0.4982638890625 0.296875 0.49305555625 0.2998046875 0.49652777812500004 0.3095703125
0 0.2517361109375 0.53515625 0.246527778125 0.5400390625 0.25 0.5498046875 0.2638888890625 0.5517578125 0.28125 0.5419921875 0.28125 0.5380859375 0.26909722187499996 0.533203125 0.2517361109375 0.53515625
0 0.5173611109375 0.3095703125 0.5260416671875 0.31640625 0.5381944437499999 0.3154296875 0.5520833328125 0.3056640625 0.5520833328125 0.2978515625 0.5260416671875 0.294921875 0.5173611109375 0.3095703125
0 0.3142361109375 0.56640625 0.3020833328125 0.5712890625 0.2986111109375 0.5810546875 0.3107638890625 0.587890625 0.3263888890625 0.5869140625 0.34027777812500004 0.5791015625 0.34027777812500004 0.5732421875 0.33159722187499996 0.56640625 0.3142361109375 0.56640625
0 0.5833333328125 0.4951171875 0.5833333328125 0.5029296875 0.6041666671875 0.5107421875 0.6111111109375 0.5068359375 0.6111111109375 0.4931640625 0.5885416671875 0.4921875 0.5833333328125 0.4951171875
0 0.328125 0.4296875 0.3072916671875 0.4296875 0.2986111109375 0.4345703125 0.3020833328125 0.4423828125 0.3142361109375 0.44921875 0.33680555624999997 0.4501953125 0.35069444375000003 0.4443359375 0.3454861109375 0.435546875 0.33506944375000003 0.435546875 0.328125 0.4296875
0 0.546875 0.2890625 0.527777778125 0.2900390625 0.5260416671875 0.298828125 0.5520833328125 0.2998046875 0.5625 0.2958984375 0.5625 0.2880859375 0.5572916671875 0.28515625 0.546875 0.2890625
0 0.4982638890625 0.626953125 0.5104166671875 0.6259765625 0.5173611109375 0.6240234375 0.512152778125 0.60546875 0.4895833328125 0.6201171875 0.4982638890625 0.626953125
0 0.215277778125 0.3427734375 0.21180555625 0.3505859375 0.22395833281250002 0.361328125 0.23611111093749998 0.3603515625 0.25 0.3466796875 0.24131944375 0.33984375 0.22743055625 0.337890625 0.215277778125 0.3427734375
0 0.36805555624999997 0.5576171875 0.36805555624999997 0.5654296875 0.3802083328125 0.572265625 0.3923611109375 0.5732421875 0.40972222187499996 0.5634765625 0.40972222187499996 0.5556640625 0.39409722187499996 0.55078125 0.36805555624999997 0.5576171875
0 0.6458333328125 0.4150390625 0.6423611109375 0.4248046875 0.6545138890625 0.431640625 0.6701388890625 0.4326171875 0.6805555562500001 0.4267578125 0.6770833328125 0.4150390625 0.6649305562500001 0.408203125 0.6458333328125 0.4150390625
0 0.4947916671875 0.09375 0.4895833328125 0.0966796875 0.503472221875 0.1142578125 0.503472221875 0.1298828125 0.5173611109375 0.1240234375 0.5208333328125 0.1064453125 0.5017361109375 0.09375 0.4947916671875 0.09375
0 0.35069444375000003 0.2587890625 0.35069444375000003 0.2705078125 0.35590277812500004 0.2734375 0.37152777812500004 0.2724609375 0.37847222187499996 0.2705078125 0.375 0.2607421875 0.35590277812500004 0.25390625 0.35069444375000003 0.2587890625
0 0.5295138890625 0.337890625 0.5381944437499999 0.3369140625 0.5381944437499999 0.3271484375 0.5260416671875 0.322265625 0.5173611109375 0.3330078125 0.5295138890625 0.337890625
0 0.3854166671875 0.3955078125 0.38715277812500004 0.40234375 0.40625 0.4033203125 0.41319444375 0.4013671875 0.4079861109375 0.384765625 0.39756944375000003 0.38671875 0.3854166671875 0.3955078125
0 0.6145833328125 0.6748046875 0.6197916671875 0.677734375 0.628472221875 0.6767578125 0.6319444437499999 0.6669921875 0.6163194437499999 0.6640625 0.6111111109375 0.6669921875 0.6145833328125 0.6748046875
0 0.013888889062500001 0.4580078125 0.010416667187500001 0.4677734375 0.0208333328125 0.4716796875 0.0416666671875 0.4677734375 0.0364583328125 0.455078125 0.0260416671875 0.453125 0.013888889062500001 0.4580078125
0 0.38368055624999997 0.40625 0.37152777812500004 0.4150390625 0.375 0.4228515625 0.38715277812500004 0.427734375 0.40277777812500004 0.4267578125 0.41319444375 0.4189453125 0.4166666671875 0.4072265625 0.4079861109375 0.404296875 0.38368055624999997 0.40625
0 0.8368055562500001 0.3935546875 0.8489583328125001 0.3984375 0.8611111109375 0.3974609375 0.8611111109375 0.3857421875 0.8385416671874999 0.376953125 0.8333333328125001 0.3798828125 0.8368055562500001 0.3935546875
0 0.5868055562500001 0.6826171875 0.5868055562500001 0.6904296875 0.5920138890625 0.693359375 0.6006944437499999 0.6923828125 0.6111111109375 0.6865234375 0.605902778125 0.681640625 0.5920138890625 0.6796875 0.5868055562500001 0.6826171875
0 0.2552083328125 0.591796875 0.27430555624999997 0.5908203125 0.27777777812500004 0.5830078125 0.25868055624999997 0.578125 0.25 0.5888671875 0.2552083328125 0.591796875
0 0.4010416671875 0.533203125 0.4201388890625 0.5341796875 0.4236111109375 0.5302734375 0.41493055625 0.525390625 0.3958333328125 0.5244140625 0.4010416671875 0.533203125