0 0.7083333328125 0.3015625 0.7111111109375 0.2984375 0.7083333328125 0.28671875 0.6791666671875001 0.28671875 0.6763888890625 0.28828125 0.6763888890625 0.3046875 0.6791666671875001 0.30625 0.6972222218749999 0.30625 0.7083333328125 0.3015625
0 0.375 0.49375 0.3888888890625 0.4859375 0.3888888890625 0.46953125 0.3861111109375 0.46796875 0.3458333328125 0.46796875 0.34305555625 0.46953125 0.34305555625 0.490625 0.34861111093749997 0.49375 0.375 0.49375
0 0.4875 0.1796875 0.5041666671875 0.1890625 0.51944444375 0.1890625 0.5208333328125 0.1875 0.527777778125 0.1875 0.5333333328125 0.184375 0.5333333328125 0.16953125 0.51944444375 0.16171875 0.4986111109375 0.16171875 0.497222221875 0.16328125 0.49305555625 0.16328125 0.490277778125 0.16484375 0.490277778125 0.1671875 0.4875 0.16796875 0.4875 0.1796875
0 0.5263888890625 0.7046875 0.5388888890625 0.703125 0.540277778125 0.7015625 0.5527777781250001 0.7 0.5555555562500001 0.6984375 0.5555555562500001 0.68359375 0.55 0.68046875 0.5125 0.68046875 0.5097222218749999 0.68203125 0.5097222218749999 0.696875 0.51805555625 0.7015625 0.522222221875 0.7015625 0.5263888890625 0.7046875
0 0.6388888890625 0.28125 0.64444444375 0.278125 0.64444444375 0.26328125 0.6416666671875 0.26171875 0.6125 0.26171875 0.609722221875 0.26328125 0.609722221875 0.2734375 0.6236111109375 0.2796875 0.6388888890625 0.28125
0 0.46805555625000006 0.2078125 0.4888888890625 0.2078125 0.490277778125 0.20625 0.497222221875 0.20625 0.502777778125 0.203125 0.502777778125 0.20078125 0.5083333328124999 0.2 0.5111111109375 0.196875 0.5083333328124999 0.18828125 0.49444444374999996 0.18046875 0.459722221875 0.18046875 0.45416666718750004 0.18359375 0.45416666718750004 0.203125 0.459722221875 0.20625 0.46666666718750005 0.20625 0.46805555625000006 0.2078125
0 0.44444444375 0.15703125 0.4125 0.15546875 0.40972222187499996 0.1734375 0.4125 0.175 0.44166666718750003 0.1734375 0.44444444375 0.15703125
0 0.3416666671875 0.4796875 0.34444444375 0.475 0.34444444375 0.46328125 0.3416666671875 0.46171875 0.3013888890625 0.46171875 0.2986111109375 0.46328125 0.2986111109375 0.484375 0.30416666718749996 0.4875 0.322222221875 0.4875 0.3416666671875 0.4796875
0 0.73055555625 0.425 0.7333333328125 0.4234375 0.7333333328125 0.40703125 0.73055555625 0.40546875 0.7013888890625 0.40546875 0.6986111109375 0.40703125 0.6986111109375 0.4234375 0.70694444375 0.4265625 0.73055555625 0.425
0 0.5722222218749999 0.2125 0.577777778125 0.209375 0.577777778125 0.19609375 0.5722222218749999 0.19296875 0.5458333328125 0.19296875 0.54305555625 0.19453125 0.54305555625 0.2109375 0.5541666671875001 0.2140625 0.5722222218749999 0.2125
0 0.39027777812500003 0.5546875 0.39444444375 0.5546875 0.40138888906250003 0.55 0.40833333281249995 0.5484375 0.40833333281249995 0.53828125 0.4 0.534375 0.397222221875 0.53046875 0.35972222187499997 0.53046875 0.3541666671875 0.53359375 0.3541666671875 0.553125 0.35972222187499997 0.55625 0.3888888890625 0.55625 0.39027777812500003 0.5546875
0 0.627777778125 0.825 0.6333333328124999 0.821875 0.6333333328124999 0.81796875 0.6361111109375 0.8171875 0.6333333328124999 0.79609375 0.627777778125 0.79296875 0.6013888890625 0.79296875 0.5986111109375 0.79453125 0.5986111109375 0.81875 0.60694444375 0.825 0.627777778125 0.825
0 0.5555555562500001 0.46875 0.5694444437499999 0.459375 0.5694444437499999 0.45234375 0.5638888890625 0.44921875 0.534722221875 0.44921875 0.5319444437499999 0.45078125 0.5319444437499999 0.4671875 0.534722221875 0.46875 0.5555555562500001 0.46875
0 0.5333333328125 0.546875 0.5375 0.55 0.5527777781250001 0.55 0.5527777781250001 0.54921875 0.5666666671875 0.5421875 0.5666666671875 0.53359375 0.565277778125 0.53359375 0.5611111109375 0.53046875 0.534722221875 0.53046875 0.534722221875 0.53125 0.5319444437499999 0.53203125 0.5319444437499999 0.546875 0.5333333328125 0.546875
0 0.525 0.3625 0.5305555562500001 0.3609375 0.5388888890625 0.34609375 0.5333333328125 0.34296875 0.5013888890625 0.34296875 0.4986111109375 0.34453125 0.4986111109375 0.3609375 0.5013888890625 0.3625 0.525 0.3625
0 0.6888888890625 0.403125 0.6861111109375 0.39296875 0.6569444437499999 0.39296875 0.6541666671875 0.39453125 0.6569444437499999 0.4109375 0.675 0.4109375 0.6861111109375 0.40625 0.6888888890625 0.403125
0 0.5916666671875 0.6109375 0.6 0.6046875 0.597222221875 0.59921875 0.56805555625 0.59921875 0.565277778125 0.60078125 0.565277778125 0.6078125 0.56805555625 0.6109375 0.5736111109375 0.6125 0.5916666671875 0.6109375
0 0.5208333328125 0.2421875 0.5236111109375 0.24375 0.5416666671875 0.24375 0.547222221875 0.23828125 0.5527777781250001 0.2375 0.5555555562500001 0.234375 0.5555555562500001 0.22109375 0.5527777781250001 0.21953125 0.534722221875 0.21796875 0.5263888890625 0.22265625 0.5208333328125 0.22890625 0.5208333328125 0.2421875
0 0.5458333328125 0.75 0.5555555562500001 0.7484375 0.5583333328125 0.73984375 0.5666666671875 0.7359375 0.5708333328124999 0.73125 0.577777778125 0.7296875 0.575 0.72421875 0.5458333328125 0.72421875 0.54305555625 0.72578125 0.54305555625 0.7484375 0.5458333328125 0.75
0 0.497222221875 0.13125 0.4986111109375 0.1296875 0.502777778125 0.1296875 0.5111111109375 0.1234375 0.5083333328124999 0.10703125 0.5041666671875 0.10703125 0.502777778125 0.10546875 0.4791666671875 0.10546875 0.4763888890625 0.10703125 0.4763888890625 0.1234375 0.48472222187499997 0.1296875 0.497222221875 0.13125
0 0.4875 0.0484375 0.490277778125 0.05 0.51944444375 0.0484375 0.522222221875 0.04296875 0.5305555562500001 0.0375 0.5305555562500001 0.02578125 0.527777778125 0.02421875 0.5013888890625 0.02421875 0.490277778125 0.02890625 0.4875 0.03203125 0.4875 0.0484375
0 0.41111111093749997 0.265625 0.41111111093749997 0.25078125 0.3791666671875 0.24921875 0.3763888890625 0.25078125 0.3791666671875 0.2671875 0.40555555625000006 0.26875 0.41111111093749997 0.265625
0 0.5555555562500001 0.5171875 0.56805555625 0.525 0.5833333328125 0.525 0.5833333328125 0.52421875 0.5888888890625 0.521875 0.5888888890625 0.51328125 0.5875 0.51328125 0.575 0.50546875 0.55694444375 0.50546875 0.55694444375 0.50625 0.5541666671875001 0.50703125 0.5541666671875001 0.5171875 0.5555555562500001 0.5171875
0 0.5555555562500001 0.165625 0.5555555562500001 0.15078125 0.5527777781250001 0.14921875 0.5319444437499999 0.15078125 0.534722221875 0.1703125 0.55 0.16875 0.5555555562500001 0.165625
0 0.45694444375 0.0859375 0.459722221875 0.0875 0.46666666718750005 0.0875 0.46805555625000006 0.0890625 0.477777778125 0.0890625 0.4791666671875 0.0875 0.49444444374999996 0.0859375 0.5 0.08125 0.497222221875 0.06953125 0.48055555625 0.06171875 0.45694444375 0.06171875 0.45416666718750004 0.06328125 0.45416666718750004 0.0828125 0.45694444375 0.08359375 0.45694444375 0.0859375
0 0.5236111109375 0.621875 0.534722221875 0.628125 0.55 0.628125 0.5638888890625 0.6203125 0.5638888890625 0.61796875 0.5666666671875 0.6171875 0.5666666671875 0.61328125 0.5638888890625 0.6125 0.5638888890625 0.61015625 0.5555555562500001 0.60546875 0.5236111109375 0.60546875 0.5208333328125 0.60703125 0.5208333328125 0.6171875 0.5236111109375 0.61796875 0.5236111109375 0.621875
0 0.5111111109375 0.075 0.5125 0.0765625 0.5305555562500001 0.075 0.5333333328125 0.0734375 0.5333333328125 0.06328125 0.5166666671875 0.05546875 0.5013888890625 0.05546875 0.4986111109375 0.05703125 0.4986111109375 0.0734375 0.5013888890625 0.075 0.5111111109375 0.075
0 0.7083333328125 0.325 0.7111111109375 0.32109375 0.722222221875 0.3171875 0.722222221875 0.30703125 0.7194444437499999 0.30546875 0.690277778125 0.30546875 0.6875 0.30703125 0.6875 0.321875 0.69305555625 0.325 0.7083333328125 0.325
0 0.44166666718750003 0.1046875 0.44444444375 0.10078125 0.45 0.0984375 0.45 0.08671875 0.44166666718750003 0.08046875 0.4236111109375 0.08046875 0.42083333281249996 0.08203125 0.42083333281249996 0.103125 0.4263888890625 0.10625 0.44166666718750003 0.1046875
0 0.6861111109375 0.43125 0.6861111109375 0.42265625 0.6805555562500001 0.41328125 0.66805555625 0.41171875 0.665277778125 0.41328125 0.665277778125 0.434375 0.6777777781250001 0.4359375 0.6861111109375 0.43125
0 0.39027777812500003 0.5734375 0.40277777812500004 0.5734375 0.40416666718750005 0.571875 0.40833333281249995 0.571875 0.42222222187499997 0.5625 0.42222222187499997 0.55703125 0.41944444374999995 0.55546875 0.3791666671875 0.55546875 0.3763888890625 0.55703125 0.3763888890625 0.5671875 0.38194444375000003 0.5703125 0.3861111109375 0.5703125 0.39027777812500003 0.5734375
0 0.575 0.4875 0.5888888890625 0.4796875 0.5888888890625 0.46953125 0.5861111109375 0.46796875 0.5541666671875001 0.46796875 0.5458333328125 0.47109375 0.5458333328125 0.475 0.54305555625 0.47578125 0.5458333328125 0.4890625 0.575 0.4875
0 0.27777777812500004 0.5546875 0.27777777812500004 0.55234375 0.2888888890625 0.546875 0.2888888890625 0.53828125 0.25694444375000003 0.53671875 0.2541666671875 0.53828125 0.25694444375000003 0.5546875 0.26527777812500003 0.55625 0.27777777812500004 0.5546875
0 0.44444444375 0.21328125 0.4236111109375 0.21171875 0.42083333281249996 0.2265625 0.4236111109375 0.2296875 0.4388888890625 0.2296875 0.44444444375 0.21328125
0 0.5236111109375 0.0625 0.5319444437499999 0.06484375 0.5319444437499999 0.0671875 0.55 0.06875 0.5583333328125 0.0609375 0.5555555562500001 0.03828125 0.55 0.03671875 0.5319444437499999 0.03671875 0.5263888890625 0.03828125 0.5208333328125 0.04453125 0.5208333328125 0.059375 0.5236111109375 0.0625
0 0.3416666671875 0.5875 0.34722222187499996 0.58125 0.34722222187499996 0.56953125 0.3416666671875 0.56796875 0.31805555625 0.56796875 0.3125 0.56953125 0.309722221875 0.57265625 0.309722221875 0.5859375 0.3236111109375 0.5890625 0.3416666671875 0.5875
0 0.4166666671875 0.4296875 0.42222222187499997 0.425 0.42222222187499997 0.41328125 0.4166666671875 0.41171875 0.39027777812500003 0.41171875 0.3875 0.41328125 0.39027777812500003 0.428125 0.3986111109375 0.43125 0.4166666671875 0.4296875
0 0.9763888890624999 0.7734375 0.98055555625 0.7734375 0.99444444375 0.765625 0.9916666671875 0.75703125 0.9875 0.75703125 0.98055555625 0.75390625 0.9708333328125001 0.75390625 0.9694444437499999 0.75234375 0.9625 0.75234375 0.95555555625 0.74921875 0.9458333328125 0.74921875 0.94305555625 0.75078125 0.94305555625 0.771875 0.9486111109375001 0.775 0.975 0.775 0.9763888890624999 0.7734375
0 0.5305555562500001 0.3125 0.5333333328125 0.30234375 0.527777778125 0.29921875 0.5125 0.29921875 0.5097222218749999 0.30078125 0.5097222218749999 0.3109375 0.515277778125 0.3140625 0.5305555562500001 0.3125
0 0.6291666671875 0.428125 0.640277778125 0.4328125 0.652777778125 0.4328125 0.6555555562500001 0.40703125 0.6236111109375 0.40546875 0.6208333328125 0.40703125 0.6236111109375 0.425 0.627777778125 0.425 0.6291666671875 0.428125
0 0.64305555625 0.81875 0.6458333328125 0.821875 0.6555555562500001 0.821875 0.675 0.8171875 0.6861111109375 0.809375 0.6861111109375 0.79921875 0.68194444375 0.79921875 0.675 0.79296875 0.6513888890625 0.79296875 0.6458333328125 0.79453125 0.64305555625 0.79765625 0.64305555625 0.81875
0 0.51944444375 0.628125 0.527777778125 0.6234375 0.527777778125 0.61796875 0.51944444375 0.61171875 0.5125 0.61171875 0.5097222218749999 0.61328125 0.5097222218749999 0.625 0.5125 0.628125 0.51944444375 0.628125
0 0.475 0.15859375 0.4888888890625 0.153125 0.4888888890625 0.14453125 0.4861111109375 0.14296875 0.45694444375 0.14296875 0.45416666718750004 0.14453125 0.45694444375 0.159375 0.475 0.1609375 0.475 0.15859375
0 0.43194444374999996 0.10546875 0.43194444374999996 0.125 0.434722221875 0.12578125 0.434722221875 0.128125 0.45 0.128125 0.45416666718750004 0.125 0.4583333328125 0.125 0.46527777812500004 0.1203125 0.46944444374999994 0.1203125 0.475 0.1171875 0.475 0.11171875 0.477777778125 0.1109375 0.475 0.10078125 0.46805555625000006 0.10078125 0.46666666718750005 0.09921875 0.4458333328125 0.09921875 0.43194444374999996 0.10546875
0 0.2416666671875 0.359375 0.24722222187499998 0.35234375 0.25555555625 0.35 0.252777778125 0.34296875 0.23472222187499997 0.34296875 0.23194444375 0.34453125 0.23472222187499997 0.359375 0.2416666671875 0.359375
0 0.45555555625000005 0.73984375 0.46666666718750005 0.7359375 0.46944444374999994 0.72734375 0.46388888906250003 0.72421875 0.4458333328125 0.72421875 0.44305555625000004 0.72578125 0.44305555625000004 0.740625 0.45555555625000005 0.7421875 0.45555555625000005 0.73984375
0 0.575 0.28671875 0.5319444437499999 0.28828125 0.534722221875 0.3 0.5722222218749999 0.3 0.577777778125 0.296875 0.575 0.28671875
0 0.5666666671875 0.59453125 0.5458333328125 0.59296875 0.54305555625 0.59453125 0.5458333328125 0.603125 0.5638888890625 0.6046875 0.5666666671875 0.59453125
0 0.375 0.2765625 0.3861111109375 0.2734375 0.3861111109375 0.26796875 0.375 0.26171875 0.3708333328125 0.26171875 0.365277778125 0.26484375 0.365277778125 0.2734375 0.36805555624999997 0.2765625 0.375 0.2765625
0 0.5527777781250001 0.31875 0.5638888890625 0.309375 0.5638888890625 0.30078125 0.5611111109375 0.29921875 0.5375 0.29921875 0.5319444437499999 0.30234375 0.5319444437499999 0.315625 0.534722221875 0.31875 0.5527777781250001 0.31875
0 0.522222221875 0.13125 0.5333333328125 0.1234375 0.5333333328125 0.10859375 0.527777778125 0.10546875 0.5125 0.10546875 0.5097222218749999 0.10703125 0.5097222218749999 0.1296875 0.5125 0.13125 0.522222221875 0.13125
0 0.35555555625 0.43828125 0.34722222187499996 0.43671875 0.3236111109375 0.43671875 0.32083333281250004 0.43828125 0.3236111109375 0.45 0.34444444375 0.4515625 0.3583333328125 0.4484375 0.35555555625 0.43828125
0 0.61944444375 0.5125 0.622222221875 0.5109375 0.622222221875 0.49453125 0.6013888890625 0.49296875 0.5986111109375 0.49453125 0.6013888890625 0.5078125 0.6125 0.5125 0.61944444375 0.5125
0 0.61944444375 0.68671875 0.6013888890625 0.68671875 0.5986111109375 0.68828125 0.6013888890625 0.69375 0.61944444375 0.69375 0.622222221875 0.6921875 0.61944444375 0.68671875
0 0.5555555562500001 0.3390625 0.5527777781250001 0.32734375 0.54444444375 0.32421875 0.534722221875 0.32421875 0.5319444437499999 0.32578125 0.534722221875 0.3421875 0.5527777781250001 0.3421875 0.5555555562500001 0.3390625
0 0.43055555625 0.4109375 0.427777778125 0.40546875 0.3986111109375 0.40703125 0.3986111109375 0.4109375 0.40972222187499996 0.4140625 0.42222222187499997 0.4140625 0.43055555625 0.4109375
0 0.61944444375 0.59375 0.622222221875 0.58203125 0.61944444375 0.58046875 0.6013888890625 0.58046875 0.5986111109375 0.58203125 0.5986111109375 0.5921875 0.6041666671875 0.5953125 0.61944444375 0.59375
0 0.055555556250000006 0.45703125 0.052777778124999994 0.45546875 0.0236111109375 0.45546875 0.0208333328125 0.45703125 0.0236111109375 0.4703125 0.0416666671875 0.471875 0.055555556250000006 0.4671875 0.055555556250000006 0.45703125
0 0.64444444375 0.66953125 0.6347222218749999 0.66796875 0.6319444437499999 0.6765625 0.6347222218749999 0.6796875 0.6416666671875 0.6796875 0.64444444375 0.66953125
0 0.577777778125 0.7203125 0.577777778125 0.71328125 0.55694444375 0.71171875 0.5541666671875001 0.71328125 0.55694444375 0.721875 0.5722222218749999 0.7234375 0.577777778125 0.7203125
0 0.2888888890625 0.58203125 0.26805555625 0.58046875 0.26527777812500003 0.5921875 0.26805555625 0.59375 0.28611111093749997 0.5921875 0.2888888890625 0.58203125
0 0.43055555625 0.5375 0.4388888890625 0.5296875 0.4388888890625 0.52578125 0.4125 0.52421875 0.40972222187499996 0.52578125 0.40972222187499996 0.5359375 0.4125 0.5375 0.43055555625 0.5375
0 0.04444444375 0.47578125 0.0236111109375 0.47421875 0.0208333328125 0.47578125 0.0236111109375 0.4890625 0.0416666671875 0.4875 0.04444444375 0.47578125
0 0.5527777781250001 0.3375 0.5555555562500001 0.33203125 0.55 0.32578125 0.5416666671875 0.32109375 0.534722221875 0.32109375 0.5319444437499999 0.32421875 0.5319444437499999 0.3359375 0.534722221875 0.3375 0.5527777781250001 0.3375
0 0.5611111109375 0.3015625 0.575 0.2984375 0.577777778125 0.2953125 0.575 0.28671875 0.5319444437499999 0.28828125 0.5319444437499999 0.2984375 0.5375 0.3015625 0.54305555625 0.3 0.5611111109375 0.3015625