0 0.477777778125 0.1953125 0.4791666671875 0.196875 0.4861111109375 0.196875 0.4875 0.1953125 0.4916666671875 0.1953125 0.49305555625 0.19375 0.5 0.19375 0.5083333328124999 0.1890625 0.5083333328124999 0.18671875 0.5111111109375 0.1859375 0.5111111109375 0.17578125 0.497222221875 0.16796875 0.46805555625000006 0.16796875 0.46527777812500004 0.16953125 0.46527777812500004 0.1921875 0.47083333281249995 0.1953125 0.477777778125 0.1953125
0 0.44166666718750003 0.1625 0.45 0.1546875 0.45 0.14609375 0.4388888890625 0.13671875 0.4125 0.13671875 0.40972222187499996 0.13828125 0.40972222187499996 0.1609375 0.4125 0.1625 0.44166666718750003 0.1625
0 0.725 0.4171875 0.7361111109375 0.4109375 0.7361111109375 0.40234375 0.73055555625 0.39921875 0.7125 0.39921875 0.709722221875 0.40078125 0.709722221875 0.415625 0.7125 0.4171875 0.725 0.4171875
0 0.34444444375 0.4671875 0.34444444375 0.45078125 0.3416666671875 0.44921875 0.3013888890625 0.44921875 0.2986111109375 0.45078125 0.2986111109375 0.4734375 0.3013888890625 0.475 0.325 0.475 0.34444444375 0.4671875
0 0.5125 0.6890625 0.5236111109375 0.69375 0.5388888890625 0.6921875 0.5527777781250001 0.684375 0.5527777781250001 0.68203125 0.5555555562500001 0.68125 0.5555555562500001 0.67578125 0.5527777781250001 0.675 0.5527777781250001 0.67265625 0.5416666671875 0.66796875 0.5125 0.66796875 0.5097222218749999 0.66953125 0.5097222218749999 0.6859375 0.5125 0.68671875 0.5125 0.6890625
0 0.6416666671875 0.26875 0.652777778125 0.2609375 0.652777778125 0.25234375 0.64444444375 0.24921875 0.6236111109375 0.24921875 0.6208333328125 0.25078125 0.6208333328125 0.2640625 0.6236111109375 0.2671875 0.6416666671875 0.26875
0 0.7111111109375 0.28984375 0.7194444437499999 0.2859375 0.7194444437499999 0.28203125 0.715277778125 0.28203125 0.7138888890625 0.28046875 0.6791666671875001 0.28046875 0.6763888890625 0.28203125 0.6763888890625 0.2921875 0.68194444375 0.296875 0.6944444437499999 0.2984375 0.7111111109375 0.2921875 0.7111111109375 0.28984375
0 0.5236111109375 0.6171875 0.5527777781250001 0.61875 0.5611111109375 0.609375 0.5611111109375 0.60078125 0.5527777781250001 0.59296875 0.5236111109375 0.59296875 0.5208333328125 0.59453125 0.5208333328125 0.6125 0.5236111109375 0.61328125 0.5236111109375 0.6171875
0 0.39444444375 0.54375 0.40416666718750005 0.5375 0.40833333281249995 0.5375 0.41111111093749997 0.52734375 0.40833333281249995 0.52421875 0.40277777812500004 0.5234375 0.40277777812500004 0.52109375 0.397222221875 0.51796875 0.3708333328125 0.51796875 0.35972222187499997 0.52109375 0.3541666671875 0.52578125 0.3541666671875 0.5421875 0.35694444375 0.54375 0.39444444375 0.54375
0 0.35972222187499997 0.4828125 0.3861111109375 0.4796875 0.3888888890625 0.45703125 0.3861111109375 0.45546875 0.3458333328125 0.45546875 0.34305555625 0.45703125 0.34305555625 0.478125 0.34861111093749997 0.48125 0.35972222187499997 0.4828125
0 0.5013888890625 0.0375 0.51944444375 0.0359375 0.5305555562500001 0.028125 0.5333333328125 0.0234375 0.5305555562500001 0.01171875 0.5013888890625 0.01171875 0.4986111109375 0.01328125 0.4986111109375 0.0359375 0.5013888890625 0.0375
0 0.597222221875 0.5984375 0.6 0.58984375 0.5944444437499999 0.58671875 0.5791666671875 0.58671875 0.5763888890625 0.5984375 0.5791666671875 0.6015625 0.5888888890625 0.6015625 0.597222221875 0.5984375
0 0.575 0.2 0.58055555625 0.19375 0.577777778125 0.18203125 0.575 0.18046875 0.5458333328125 0.18046875 0.54305555625 0.18203125 0.54305555625 0.1984375 0.5513888890625 0.2015625 0.575 0.2
0 0.3361111109375 0.5765625 0.352777778125 0.5671875 0.352777778125 0.55859375 0.34444444375 0.55546875 0.3236111109375 0.55546875 0.32083333281250004 0.55703125 0.32083333281250004 0.5734375 0.3236111109375 0.5765625 0.3361111109375 0.5765625
0 0.7166666671875 0.3125 0.725 0.3046875 0.725 0.29453125 0.70694444375 0.29296875 0.7013888890625 0.29453125 0.6986111109375 0.29921875 0.6986111109375 0.3109375 0.7166666671875 0.3125
0 0.5305555562500001 0.3484375 0.5361111109375 0.3421875 0.5361111109375 0.33359375 0.5305555562500001 0.33046875 0.49305555625 0.33046875 0.4875 0.33359375 0.4875 0.3484375 0.4986111109375 0.3515625 0.51944444375 0.3515625 0.5305555562500001 0.3484375
0 0.5305555562500001 0.175 0.5333333328125 0.17109375 0.5416666671875 0.1671875 0.5416666671875 0.16015625 0.5388888890625 0.15703125 0.534722221875 0.15703125 0.5333333328125 0.15390625 0.522222221875 0.14921875 0.5013888890625 0.14921875 0.4986111109375 0.15078125 0.4986111109375 0.171875 0.5097222218749999 0.1765625 0.5305555562500001 0.175
0 0.4861111109375 0.075 0.4916666671875 0.0734375 0.5 0.0671875 0.5 0.05546875 0.497222221875 0.05234375 0.4888888890625 0.04921875 0.46805555625000006 0.04921875 0.46527777812500004 0.05078125 0.46527777812500004 0.071875 0.47083333281249995 0.075 0.4861111109375 0.075
0 0.627777778125 0.8109375 0.6333333328124999 0.80625 0.6333333328124999 0.79296875 0.625 0.78671875 0.6013888890625 0.78671875 0.5986111109375 0.8109375 0.6013888890625 0.8140625 0.6166666671875001 0.8140625 0.627777778125 0.8109375
0 0.6888888890625 0.39375 0.6888888890625 0.38359375 0.6833333328125 0.38046875 0.6569444437499999 0.38046875 0.6541666671875 0.3984375 0.6569444437499999 0.4 0.6833333328125 0.3984375 0.6888888890625 0.39375
0 0.5458333328125 0.7390625 0.5527777781250001 0.7390625 0.5583333328125 0.72578125 0.5638888890625 0.725 0.575 0.7171875 0.575 0.71328125 0.5694444437499999 0.71171875 0.5458333328125 0.71171875 0.54305555625 0.71328125 0.54305555625 0.7359375 0.5458333328125 0.7390625
0 0.5083333328124999 0.11875 0.5166666671875 0.1109375 0.5166666671875 0.10546875 0.51944444375 0.1046875 0.5138888890625 0.09453125 0.5083333328124999 0.09296875 0.490277778125 0.09296875 0.4875 0.09453125 0.4875 0.115625 0.49305555625 0.11875 0.5083333328124999 0.11875
0 0.56805555625 0.5171875 0.575 0.5171875 0.5888888890625 0.5109375 0.5861111109375 0.50078125 0.58055555625 0.49921875 0.55694444375 0.49921875 0.5541666671875001 0.50078125 0.5541666671875001 0.509375 0.55694444375 0.5125 0.5611111109375 0.5125 0.56805555625 0.5171875
0 0.44444444375 0.20078125 0.4236111109375 0.19921875 0.4236111109375 0.215625 0.4388888890625 0.215625 0.44444444375 0.2125 0.44444444375 0.20078125
0 0.5611111109375 0.5375 0.5666666671875 0.534375 0.5666666671875 0.52578125 0.5555555562500001 0.52265625 0.5486111109375 0.52265625 0.5416666671875 0.51796875 0.534722221875 0.51796875 0.5319444437499999 0.51953125 0.5319444437499999 0.5359375 0.5375 0.5390625 0.5611111109375 0.5375
0 0.975 0.76875 0.9763888890624999 0.7671875 0.9833333328125 0.7671875 0.997222221875 0.759375 0.997222221875 0.75078125 0.9888888890624999 0.74765625 0.9791666671874999 0.74765625 0.977777778125 0.74609375 0.959722221875 0.74609375 0.952777778125 0.74296875 0.934722221875 0.74296875 0.93194444375 0.74453125 0.93194444375 0.7609375 0.9388888890624999 0.7625 0.9486111109375001 0.76875 0.975 0.76875
0 0.45277777812500003 0.73125 0.46388888906250003 0.7265625 0.46666666718750005 0.7234375 0.46388888906250003 0.71171875 0.44305555625000004 0.71328125 0.44305555625000004 0.7296875 0.4458333328125 0.73125 0.45277777812500003 0.73125
0 0.40555555625000006 0.25625 0.41111111093749997 0.253125 0.41111111093749997 0.24921875 0.4138888890625 0.2484375 0.4138888890625 0.24140625 0.40833333281249995 0.23671875 0.3791666671875 0.23671875 0.3763888890625 0.23828125 0.3763888890625 0.2484375 0.3875 0.25625 0.40555555625000006 0.25625
0 0.26805555625 0.5421875 0.27777777812500004 0.5421875 0.2888888890625 0.5359375 0.29444444375 0.5296875 0.29444444375 0.52734375 0.2888888890625 0.52421875 0.26805555625 0.52421875 0.26527777812500003 0.52578125 0.26527777812500003 0.540625 0.26805555625 0.5421875
0 0.534722221875 0.43984375 0.534722221875 0.4421875 0.5319444437499999 0.44296875 0.5319444437499999 0.45625 0.534722221875 0.45703125 0.534722221875 0.459375 0.5375 0.4609375 0.55 0.459375 0.5513888890625 0.4578125 0.5611111109375 0.45625 0.5666666671875 0.453125 0.5666666671875 0.45078125 0.5722222218749999 0.4484375 0.5722222218749999 0.44296875 0.5638888890625 0.43671875 0.54305555625 0.43671875 0.5416666671875 0.43828125 0.5375 0.43828125 0.534722221875 0.43984375
0 0.4888888890625 0.1421875 0.4888888890625 0.12578125 0.4861111109375 0.12421875 0.46527777812500004 0.12578125 0.46805555625000006 0.146875 0.475 0.146875 0.4888888890625 0.1421875
0 0.5236111109375 0.046875 0.5263888890625 0.0484375 0.5305555562500001 0.0484375 0.5375 0.053125 0.5416666671875 0.053125 0.54305555625 0.0546875 0.5527777781250001 0.0546875 0.559722221875 0.05 0.5638888890625 0.05 0.5638888890625 0.04765625 0.5666666671875 0.046875 0.5666666671875 0.03359375 0.5527777781250001 0.02421875 0.534722221875 0.02421875 0.5208333328125 0.03359375 0.5208333328125 0.0421875 0.5236111109375 0.04296875 0.5236111109375 0.046875
0 0.4388888890625 0.090625 0.447222221875 0.0859375 0.447222221875 0.07109375 0.44166666718750003 0.06796875 0.4236111109375 0.06796875 0.42083333281249996 0.06953125 0.42083333281249996 0.0859375 0.4291666671875 0.090625 0.4388888890625 0.090625
0 0.40833333281249995 0.5609375 0.42222222187499997 0.553125 0.42222222187499997 0.54453125 0.41944444374999995 0.54296875 0.39027777812500003 0.54296875 0.3875 0.54453125 0.3875 0.5578125 0.39027777812500003 0.5609375 0.40833333281249995 0.5609375
0 0.4166666671875 0.41875 0.425 0.409375 0.42222222187499997 0.40078125 0.41944444374999995 0.39921875 0.39027777812500003 0.39921875 0.3875 0.40078125 0.39027777812500003 0.415625 0.3986111109375 0.41875 0.4166666671875 0.41875
0 0.64305555625 0.79296875 0.64305555625 0.8109375 0.6458333328125 0.8125 0.6638888890625 0.8109375 0.6777777781250001 0.803125 0.6777777781250001 0.79921875 0.6805555562500001 0.7984375 0.6805555562500001 0.78984375 0.675 0.78671875 0.6541666671875 0.78671875 0.6458333328125 0.78984375 0.6458333328125 0.7921875 0.64305555625 0.79296875
0 0.5527777781250001 0.15625 0.5583333328125 0.14921875 0.5638888890625 0.146875 0.5638888890625 0.13984375 0.5555555562500001 0.13671875 0.534722221875 0.13671875 0.5319444437499999 0.13828125 0.5319444437499999 0.1546875 0.5375 0.1578125 0.5527777781250001 0.15625
0 0.5388888890625 0.059375 0.5305555562500001 0.04453125 0.522222221875 0.04296875 0.5013888890625 0.04296875 0.4986111109375 0.04453125 0.4986111109375 0.0609375 0.5013888890625 0.0625 0.5333333328125 0.0625 0.5388888890625 0.059375
0 0.36666666718749996 0.4359375 0.36666666718749996 0.42578125 0.3638888890625 0.42421875 0.35555555625 0.42578125 0.3236111109375 0.42421875 0.32083333281250004 0.42578125 0.32083333281250004 0.4359375 0.334722221875 0.440625 0.352777778125 0.440625 0.36666666718749996 0.4359375
0 0.55694444375 0.46328125 0.5541666671875001 0.478125 0.55694444375 0.4796875 0.5694444437499999 0.4796875 0.5888888890625 0.471875 0.5888888890625 0.45703125 0.5861111109375 0.45546875 0.559722221875 0.45546875 0.5541666671875001 0.45859375 0.5541666671875001 0.4625 0.55694444375 0.46328125
0 0.434722221875 0.1125 0.45277777812500003 0.1125 0.46527777812500004 0.10625 0.47222222187499996 0.10625 0.477777778125 0.1015625 0.477777778125 0.08828125 0.47222222187499996 0.08671875 0.434722221875 0.08828125 0.43194444374999996 0.1109375 0.434722221875 0.1125
0 0.5041666671875 0.61875 0.51944444375 0.61875 0.522222221875 0.6171875 0.522222221875 0.60078125 0.51944444375 0.59921875 0.5069444437499999 0.60078125 0.4986111109375 0.60546875 0.4986111109375 0.615625 0.5041666671875 0.61875
0 0.5236111109375 0.23125 0.5333333328125 0.23125 0.534722221875 0.2328125 0.5416666671875 0.2328125 0.5527777781250001 0.2296875 0.5555555562500001 0.22265625 0.5638888890625 0.2171875 0.5638888890625 0.21328125 0.534722221875 0.21171875 0.5208333328125 0.21953125 0.5208333328125 0.2296875 0.5236111109375 0.23125
0 0.6888888890625 0.421875 0.6861111109375 0.40859375 0.6777777781250001 0.40546875 0.66805555625 0.40546875 0.665277778125 0.40703125 0.665277778125 0.4234375 0.6833333328125 0.425 0.6888888890625 0.421875
0 0.5666666671875 0.2890625 0.5861111109375 0.2796875 0.5861111109375 0.27578125 0.5791666671875 0.27578125 0.577777778125 0.27421875 0.5458333328125 0.27421875 0.54305555625 0.27578125 0.54305555625 0.2859375 0.5458333328125 0.28671875 0.5458333328125 0.2890625 0.5486111109375 0.290625 0.5666666671875 0.2890625
0 0.6458333328125 0.42109375 0.6458333328125 0.4234375 0.652777778125 0.4234375 0.652777778125 0.41484375 0.6583333328125 0.4046875 0.6555555562500001 0.39609375 0.65 0.39296875 0.6236111109375 0.39296875 0.6208333328125 0.39453125 0.6208333328125 0.4109375 0.6333333328124999 0.4140625 0.6458333328125 0.42109375
0 0.24722222187499998 0.3484375 0.24722222187499998 0.33984375 0.25555555625 0.3375 0.252777778125 0.33046875 0.23194444375 0.33203125 0.23194444375 0.346875 0.2375 0.35 0.24722222187499998 0.3484375
0 0.5638888890625 0.29453125 0.5611111109375 0.29296875 0.5375 0.29296875 0.5319444437499999 0.29609375 0.5319444437499999 0.3046875 0.534722221875 0.30625 0.5527777781250001 0.30625 0.5638888890625 0.3 0.5638888890625 0.29453125
0 0.5638888890625 0.5953125 0.5666666671875 0.58203125 0.5638888890625 0.58046875 0.5458333328125 0.58046875 0.54305555625 0.58203125 0.5458333328125 0.590625 0.5541666671875001 0.5953125 0.5638888890625 0.5953125
0 0.5333333328125 0.28984375 0.527777778125 0.28671875 0.5125 0.28671875 0.5097222218749999 0.2984375 0.515277778125 0.3015625 0.5305555562500001 0.3015625 0.5333333328125 0.28984375
0 0.61944444375 0.5015625 0.625 0.49375 0.625 0.48828125 0.61944444375 0.48671875 0.6013888890625 0.48671875 0.5986111109375 0.48828125 0.6013888890625 0.496875 0.6125 0.5015625 0.61944444375 0.5015625
0 0.3916666671875 0.25703125 0.38333333281250004 0.25078125 0.377777778125 0.24921875 0.365277778125 0.25078125 0.365277778125 0.2609375 0.36805555624999997 0.2625 0.3916666671875 0.2609375 0.3916666671875 0.25703125
0 0.61944444375 0.67421875 0.5986111109375 0.67578125 0.6013888890625 0.6828125 0.6111111109375 0.6828125 0.622222221875 0.6796875 0.61944444375 0.67421875
0 0.5555555562500001 0.325 0.5555555562500001 0.31953125 0.5527777781250001 0.31796875 0.534722221875 0.31796875 0.5319444437499999 0.31953125 0.534722221875 0.3265625 0.55 0.3296875 0.5555555562500001 0.325
0 0.5097222218749999 0.115625 0.515277778125 0.11875 0.527777778125 0.11875 0.5333333328125 0.115625 0.5361111109375 0.09453125 0.51805555625 0.09296875 0.5125 0.09453125 0.5125 0.1109375 0.5097222218749999 0.11171875 0.5097222218749999 0.115625
0 0.43055555625 0.38984375 0.42222222187499997 0.38671875 0.4125 0.38671875 0.40972222187499996 0.3984375 0.43055555625 0.4 0.43333333281249997 0.3984375 0.43055555625 0.38984375
0 0.5361111109375 0.109375 0.5361111109375 0.10390625 0.5388888890625 0.103125 0.5388888890625 0.09453125 0.5305555562500001 0.08671875 0.5236111109375 0.08671875 0.5208333328125 0.08828125 0.5208333328125 0.115625 0.5305555562500001 0.1171875 0.5361111109375 0.109375
0 0.5361111109375 0.09296875 0.5305555562500001 0.08671875 0.5236111109375 0.08671875 0.5208333328125 0.115625 0.5305555562500001 0.1171875 0.5361111109375 0.1078125 0.5361111109375 0.09296875
0 0.54305555625 0.4796875 0.5458333328125 0.48125 0.5722222218749999 0.4796875 0.5791666671875 0.475 0.5833333328125 0.475 0.5888888890625 0.471875 0.5888888890625 0.46328125 0.5861111109375 0.46171875 0.5458333328125 0.46328125 0.54305555625 0.46484375 0.54305555625 0.4796875
0 0.534722221875 0.3296875 0.55 0.3296875 0.5555555562500001 0.325 0.5555555562500001 0.31953125 0.5416666671875 0.31171875 0.534722221875 0.31171875 0.5319444437499999 0.31328125 0.5319444437499999 0.325 0.534722221875 0.32578125 0.534722221875 0.3296875
0 0.5388888890625 0.296875 0.5388888890625 0.28984375 0.5236111109375 0.28671875 0.5208333328125 0.2984375 0.5236111109375 0.3015625 0.5333333328125 0.3015625 0.5388888890625 0.296875
0 0.43055555625 0.525 0.44166666718750003 0.5171875 0.44166666718750003 0.51328125 0.4361111109375 0.51171875 0.4236111109375 0.51171875 0.42083333281249996 0.51328125 0.42083333281249996 0.5234375 0.4236111109375 0.525 0.43055555625 0.525
0 0.2916666671875 0.57109375 0.28611111093749997 0.56796875 0.26805555625 0.56796875 0.26527777812500003 0.5796875 0.28611111093749997 0.58125 0.2916666671875 0.578125 0.2916666671875 0.57109375
0 0.527777778125 0.6125 0.534722221875 0.61875 0.55 0.61875 0.5555555562500001 0.615625 0.5555555562500001 0.59453125 0.5527777781250001 0.59296875 0.5236111109375 0.59296875 0.51805555625 0.59453125 0.5097222218749999 0.60078125 0.5097222218749999 0.615625 0.522222221875 0.6171875 0.527777778125 0.6125