0 0.88671875 0.0703125 0.040625 0.01796875
0 0.86328125 0.0953125 0.040625 0.0265625
0 0.79375 0.09375 0.01796875 0.01015625
0 0.825 0.10234375 0.0390625 0.021875
0 0.95546875 0.103125 0.0359375 0.0140625
0 0.72578125 0.11640625 0.0375 0.021875
0 0.86640625 0.11875 0.03359375 0.01875
0 0.98515625 0.12265625 0.0265625 0.025
0 0.9546875 0.121875 0.0375 0.02109375
0 0.75703125 0.121875 0.0390625 0.01953125
0 0.88984375 0.1234375 0.03203125 0.01875
0 0.78046875 0.12265625 0.01953125 0.0125
0 0.79765625 0.12578125 0.0265625 0.01875
0 0.909375 0.1453125 0.040625 0.02421875
0 0.97421875 0.1609375 0.0234375 0.01484375
0 0.8671875 0.17109375 0.034375 0.01875
0 0.1171875 0.2265625 0.02890625 0.0203125
0 0.1375 0.23359375 0.021875 0.0125
0 0.03046875 0.2421875 0.0359375 0.021875
0 0.0796875 0.24375 0.01796875 0.01328125
0 0.98203125 0.25078125 0.03359375 0.015625
0 0.19765625 0.265625 0.0515625 0.03828125
0 0.028125 0.2546875 0.03203125 0.01484375
0 0.80625 0.2625 0.0484375 0.0234375
0 0.915625 0.26484375 0.04296875 0.0203125
0 0.0265625 0.265625 0.021875 0.0109375
0 0.075 0.2671875 0.01953125 0.01015625
0 0.7515625 0.278125 0.021875 0.0234375
0 0.775 0.278125 0.04140625 0.02265625
0 0.05859375 0.27265625 0.03359375 0.0109375
0 0.821875 0.2796875 0.0359375 0.01875
0 0.90234375 0.2796875 0.0375 0.01875
0 0.246875 0.29140625 0.05703125 0.0359375
0 0.85390625 0.2859375 0.0359375 0.01796875
0 0.0171875 0.2859375 0.02109375 0.01484375
0 0.971875 0.2953125 0.0390625 0.02265625
0 0.9359375 0.296875 0.03046875 0.01796875
0 0.3734375 0.30625 0.03046875 0.02109375
0 0.490625 0.309375 0.05 0.01328125
0 0.96171875 0.31640625 0.040625 0.0203125
0 0.2359375 0.321875 0.05859375 0.0296875
0 0.1359375 0.3234375 0.021875 0.01875
0 0.1078125 0.32578125 0.034375 0.01875
0 0.41640625 0.3359375 0.01640625 0.01796875
0 0.584375 0.334375 0.03203125 0.01015625
0 0.309375 0.3453125 0.0265625 0.01640625
0 0.20625 0.34609375 0.0265625 0.015625
0 0.696875 0.35625 0.04140625 0.02578125
0 0.2203125 0.35625 0.02109375 0.0109375
0 0.32265625 0.371875 0.05703125 0.0359375
0 0.28671875 0.36875 0.0125 0.01328125
0 0.8078125 0.3875 0.04609375 0.01953125
0 0.6984375 0.3953125 0.028125 0.02109375
0 0.721875 0.3984375 0.04140625 0.02109375
0 0.596875 0.39453125 0.03046875 0.009375
0 0.753125 0.4140625 0.0375 0.0203125
0 0.54765625 0.421875 0.02890625 0.02421875
0 0.34765625 0.4203125 0.02109375 0.0140625
0 0.959375 0.428125 0.05390625 0.0296875
0 0.784375 0.42421875 0.05 0.01875
0 0.328125 0.4234375 0.01953125 0.01015625
0 0.36171875 0.42421875 0.015625 0.0109375
0 0.58203125 0.4359375 0.05 0.02890625
0 0.3265625 0.43125 0.021875 0.0109375
0 0.00859375 0.43359375 0.01640625 0.0140625
0 0.52578125 0.44375 0.034375 0.015625
0 0.6421875 0.4515625 0.0515625 0.02578125
0 0.5375 0.4609375 0.046875 0.0234375
0 0.728125 0.465625 0.046875 0.03125
0 0.91953125 0.475 0.05546875 0.034375
0 0.20078125 0.4703125 0.04296875 0.02109375
0 0.853125 0.4875 0.05390625 0.02421875
0 0.8078125 0.49375 0.0515625 0.02890625
0 0.203125 0.48828125 0.028125 0.0125
0 0.2984375 0.4875 0.025 0.009375
0 0.12109375 0.49921875 0.028125 0.0125
0 0.0328125 0.5078125 0.0515625 0.02578125
0 0.090625 0.509375 0.0265625 0.015625
0 0.565625 0.525 0.05546875 0.0328125
0 0.421875 0.5265625 0.0265625 0.01640625
0 0.39765625 0.5265625 0.0265625 0.01640625
0 0.35078125 0.53125 0.02890625 0.01640625
0 0.04296875 0.53125 0.028125 0.01484375
0 0.81484375 0.5328125 0.034375 0.01796875
0 0.3265625 0.5359375 0.03046875 0.01796875
0 0.16171875 0.53828125 0.03203125 0.021875
0 0.21171875 0.53671875 0.0265625 0.0125
0 0.29765625 0.5390625 0.02890625 0.01796875
0 0.6046875 0.54765625 0.0484375 0.0265625
0 0.48671875 0.54609375 0.015625 0.0140625
0 0.65234375 0.55625 0.034375 0.0203125
0 0.53515625 0.5546875 0.02890625 0.01328125
0 0.40546875 0.55625 0.025 0.01328125
0 0.84453125 0.56796875 0.0390625 0.0203125
0 0.690625 0.5796875 0.0359375 0.01953125
0 0.11796875 0.58828125 0.03359375 0.01875
0 0.425 0.590625 0.028125 0.015625
0 0.028125 0.6046875 0.03046875 0.01484375
0 0.58671875 0.6296875 0.02109375 0.01015625
0 0.015625 0.64296875 0.02890625 0.0234375
0 0.16015625 0.646875 0.01796875 0.0140625