0 0.16484375 0.50625 0.0515625 0.02578125
0 0.01953125 0.4171875 0.025 0.01796875
0 0.0421875 0.44609375 0.0234375 0.0140625
0 0.09609375 0.4796875 0.0359375 0.025
0 0.803125 0.5890625 0.01796875 0.01328125
0 0.11328125 0.48984375 0.03203125 0.0171875
0 0.134375 0.4984375 0.03046875 0.01875
0 0.98671875 0.6140625 0.0234375 0.01640625
0 0.26171875 0.759375 0.0375 0.015625
0 0.24826388906250002 0.818359375 0.23958333281250002 0.8291015625 0.246527778125 0.8427734375 0.25868055624999997 0.84765625 0.28472222187499996 0.8466796875 0.2986111109375 0.8330078125 0.2916666671875 0.8193359375 0.2829861109375 0.81640625 0.24826388906250002 0.818359375
0 0.2795138890625 0.71875 0.26909722187499996 0.71875 0.23958333281250002 0.7412109375 0.265625 0.755859375 0.27777777812500004 0.7548828125 0.28993055624999997 0.751953125 0.2986111109375 0.7451171875 0.2986111109375 0.7314453125 0.2795138890625 0.71875
0 0.96875 0.4052734375 0.9739583328125001 0.408203125 0.996527778125 0.4072265625 1 0.3857421875 0.9739583328125001 0.38671875 0.965277778125 0.3916015625 0.96875 0.4052734375
0 0.08854166718749999 0.427734375 0.07638888906249999 0.4345703125 0.07638888906249999 0.4443359375 0.08506944375 0.451171875 0.1041666671875 0.4541015625 0.1145833328125 0.4501953125 0.11805555625 0.4345703125 0.105902778125 0.427734375 0.08854166718749999 0.427734375
0 0.14756944375 0.53125 0.14236111093749998 0.5341796875 0.14236111093749998 0.5458984375 0.15451388906250002 0.552734375 0.17361111093749998 0.5517578125 0.18402777812499999 0.5439453125 0.18402777812499999 0.5361328125 0.16493055625 0.529296875 0.14756944375 0.53125
0 0.972222221875 0.5927734375 0.980902778125 0.599609375 0.996527778125 0.6005859375 1 0.5810546875 0.980902778125 0.580078125 0.972222221875 0.5869140625 0.972222221875 0.5927734375
0 0.8385416671874999 0.46875 0.8368055562500001 0.4833984375 0.8489583328125001 0.48828125 0.8680555562500001 0.4873046875 0.875 0.4853515625 0.875 0.4736328125 0.862847221875 0.466796875 0.8385416671874999 0.46875
0 0.1510416671875 0.458984375 0.14236111093749998 0.4619140625 0.1354166671875 0.4716796875 0.14756944375 0.478515625 0.16319444375 0.4775390625 0.17361111093749998 0.4716796875 0.17361111093749998 0.4638671875 0.16840277812499999 0.458984375 0.1510416671875 0.458984375