0 0.115277778125 0.5015625 0.127777778125 0.5 0.13333333281249998 0.4953125 0.13333333281249998 0.48828125 0.13055555624999998 0.48671875 0.090277778125 0.48671875 0.0875 0.48828125 0.0875 0.4984375 0.0986111109375 0.5046875 0.1111111109375 0.5046875 0.115277778125 0.5015625
0 0.1111111109375 0.30703125 0.0791666671875 0.30546875 0.07638888906249999 0.3234375 0.10555555624999999 0.325 0.1111111109375 0.321875 0.1111111109375 0.30703125
0 0.0125 0.4484375 0.019444443750000002 0.4484375 0.0333333328125 0.440625 0.0333333328125 0.42578125 0.030555556249999997 0.42421875 0.0125 0.42421875 0.009722221875000001 0.42578125 0.009722221875000001 0.446875 0.0125 0.4484375
0 0.5861111109375 0.33125 0.6 0.3203125 0.597222221875 0.30703125 0.590277778125 0.30703125 0.5888888890625 0.30546875 0.56805555625 0.30546875 0.565277778125 0.30703125 0.565277778125 0.328125 0.5708333328124999 0.33125 0.5861111109375 0.33125
0 0.3638888890625 0.2125 0.36944444375 0.19609375 0.3638888890625 0.19296875 0.334722221875 0.19296875 0.33194444375 0.19453125 0.33194444375 0.209375 0.3375 0.2125 0.3638888890625 0.2125
0 0.61944444375 0.3375 0.6333333328124999 0.3296875 0.6333333328124999 0.32734375 0.6388888890625 0.3234375 0.6388888890625 0.31484375 0.6361111109375 0.31328125 0.6319444437499999 0.31328125 0.63055555625 0.31171875 0.6013888890625 0.31171875 0.5986111109375 0.31328125 0.5986111109375 0.334375 0.6041666671875 0.3375 0.61944444375 0.3375
0 0.0125 0.4015625 0.030555556249999997 0.4 0.04444444375 0.390625 0.0416666671875 0.38203125 0.0375 0.38203125 0.0361111109375 0.38046875 0.0125 0.38046875 0.009722221875000001 0.38203125 0.009722221875000001 0.3984375 0.0125 0.39921875 0.0125 0.4015625
0 0.425 0.1984375 0.4263888890625 0.196875 0.43055555625 0.196875 0.43055555625 0.19453125 0.43333333281249997 0.19375 0.43333333281249997 0.17578125 0.41944444374999995 0.16796875 0.39027777812500003 0.16796875 0.3875 0.16953125 0.3875 0.190625 0.40972222187499996 0.1984375 0.425 0.1984375
0 0.0861111109375 0.5921875 0.0861111109375 0.58671875 0.08194444375 0.58671875 0.075 0.58046875 0.05694444375 0.58046875 0.054166667187499996 0.58203125 0.054166667187499996 0.5984375 0.075 0.6 0.0861111109375 0.5921875
0 0.11944444375 0.4578125 0.12222222187500001 0.4546875 0.11944444375 0.44296875 0.090277778125 0.44296875 0.0875 0.44453125 0.0875 0.45625 0.09305555625 0.4609375 0.10555555624999999 0.4625 0.11944444375 0.4578125
0 0.097222221875 0.425 0.1 0.42109375 0.1111111109375 0.4171875 0.1111111109375 0.40703125 0.10833333281249999 0.40546875 0.0791666671875 0.40546875 0.07638888906249999 0.40703125 0.07638888906249999 0.421875 0.08194444375 0.425 0.097222221875 0.425
0 0.058333332812500006 0.41328125 0.034722221875 0.41171875 0.03194444375 0.4234375 0.052777778124999994 0.425 0.058333332812500006 0.4203125 0.058333332812500006 0.41328125
0 0.375 0.1796875 0.377777778125 0.1765625 0.377777778125 0.16328125 0.375 0.16171875 0.3458333328125 0.16171875 0.34305555625 0.16328125 0.3458333328125 0.1765625 0.3541666671875 0.18125 0.375 0.1796875
0 0.31805555625 0.803125 0.3333333328125 0.803125 0.3416666671875 0.8 0.34444444375 0.79453125 0.33888888906250003 0.7921875 0.33055555625 0.78046875 0.3013888890625 0.78046875 0.2986111109375 0.78203125 0.2986111109375 0.796875 0.30416666718749996 0.8 0.3111111109375 0.8 0.31805555625 0.803125
0 0.40416666718750005 0.20625 0.4138888890625 0.2046875 0.4138888890625 0.20078125 0.40277777812500004 0.19453125 0.39444444375 0.19296875 0.3791666671875 0.19296875 0.3763888890625 0.19453125 0.3763888890625 0.2109375 0.3791666671875 0.2125 0.397222221875 0.2125 0.40416666718750005 0.20625
0 0.3791666671875 0.2390625 0.39027777812500003 0.24375 0.40555555625000006 0.2421875 0.4138888890625 0.234375 0.4138888890625 0.22734375 0.40833333281249995 0.22421875 0.3791666671875 0.22421875 0.3763888890625 0.22578125 0.3763888890625 0.2359375 0.3791666671875 0.23671875 0.3791666671875 0.2390625
0 0.0416666671875 0.3671875 0.0416666671875 0.36328125 0.0361111109375 0.36171875 0.009722221875000001 0.36328125 0.0125 0.3734375 0.022222221875 0.3734375 0.026388889062499997 0.3703125 0.0416666671875 0.3671875
0 0.11944444375 0.75 0.12222222187500001 0.7484375 0.12222222187500001 0.73828125 0.11944444375 0.73671875 0.10138888906250001 0.73671875 0.0986111109375 0.73828125 0.0986111109375 0.7484375 0.10138888906250001 0.75 0.11944444375 0.75
0 0.15694444375 0.8359375 0.1666666671875 0.8359375 0.1861111109375 0.8296875 0.1861111109375 0.82265625 0.1833333328125 0.81953125 0.1763888890625 0.81796875 0.16944444375 0.81328125 0.16388888906250001 0.81171875 0.1458333328125 0.81171875 0.14305555625 0.81328125 0.14305555625 0.828125 0.1458333328125 0.83125 0.15 0.83125 0.15694444375 0.8359375
0 0.06527777812499999 0.43203125 0.06527777812499999 0.4421875 0.06805555625000001 0.44296875 0.06805555625000001 0.4453125 0.077777778125 0.4453125 0.0791666671875 0.44375 0.0861111109375 0.44375 0.0888888890625 0.4421875 0.0888888890625 0.43984375 0.09444444375 0.4359375 0.09444444375 0.42734375 0.0916666671875 0.42578125 0.07638888906249999 0.42421875 0.06805555625000001 0.42890625 0.06805555625000001 0.43125 0.06527777812499999 0.43203125
0 0.55694444375 0.25625 0.5666666671875 0.2546875 0.5666666671875 0.25078125 0.577777778125 0.2421875 0.575 0.23671875 0.55694444375 0.23671875 0.5541666671875001 0.23828125 0.5541666671875001 0.2546875 0.55694444375 0.25625
0 0.997222221875 0.734375 0.997222221875 0.71796875 0.9791666671874999 0.71796875 0.9763888890624999 0.71953125 0.9763888890624999 0.7296875 0.9875 0.734375 0.997222221875 0.734375
0 0.15277777812499999 0.7375 0.15555555625 0.73359375 0.16388888906250001 0.7296875 0.16388888906250001 0.72265625 0.15555555625 0.71796875 0.14305555625 0.71796875 0.13194444375 0.72421875 0.13194444375 0.7359375 0.134722221875 0.7375 0.15277777812499999 0.7375
0 0.054166667187499996 0.4046875 0.055555556250000006 0.4046875 0.05694444375 0.40625 0.072222221875 0.40625 0.0791666671875 0.4015625 0.08333333281250001 0.4015625 0.08333333281250001 0.40078125 0.0888888890625 0.3984375 0.0888888890625 0.38828125 0.0875 0.38828125 0.0861111109375 0.38671875 0.06805555625000001 0.38671875 0.06805555625000001 0.3875 0.054166667187499996 0.39453125 0.054166667187499996 0.4046875
0 0.022222221875 0.278125 0.022222221875 0.26328125 0.0125 0.26171875 0.009722221875000001 0.26328125 0.009722221875000001 0.278125 0.019444443750000002 0.2796875 0.022222221875 0.278125
0 0.11944444375 0.42421875 0.0986111109375 0.42578125 0.10138888906250001 0.4328125 0.11944444375 0.4328125 0.125 0.4296875 0.11944444375 0.42421875
0 0.6083333328125 0.55625 0.60555555625 0.54921875 0.5791666671875 0.54921875 0.5763888890625 0.55078125 0.5763888890625 0.559375 0.58194444375 0.5625 0.597222221875 0.5625 0.6083333328125 0.55625
0 0.0861111109375 0.5109375 0.0861111109375 0.50859375 0.09444444375 0.5046875 0.09444444375 0.50078125 0.0861111109375 0.49296875 0.0791666671875 0.49296875 0.07638888906249999 0.49453125 0.07638888906249999 0.50625 0.0791666671875 0.5109375 0.0861111109375 0.5109375
0 0.29722222187499997 0.7359375 0.29722222187499997 0.73203125 0.2888888890625 0.73046875 0.26805555625 0.73046875 0.26527777812500003 0.73203125 0.26527777812500003 0.7359375 0.2736111109375 0.7421875 0.2888888890625 0.7421875 0.29722222187499997 0.7359375
0 0.13333333281249998 0.40703125 0.13055555624999998 0.40546875 0.1125 0.40703125 0.109722221875 0.41015625 0.1125 0.41875 0.13055555624999998 0.41875 0.13333333281249998 0.40703125
0 0.5722222218749999 0.54296875 0.5541666671875001 0.54453125 0.5541666671875001 0.5484375 0.559722221875 0.5515625 0.575 0.55 0.5722222218749999 0.54296875
0 0.584722221875 0.5609375 0.597222221875 0.5609375 0.597222221875 0.55703125 0.58055555625 0.55546875 0.565277778125 0.55703125 0.565277778125 0.5625 0.5708333328124999 0.5671875 0.575 0.5671875 0.584722221875 0.5609375
0 0.28611111093749997 0.45 0.2888888890625 0.4484375 0.2888888890625 0.43828125 0.28611111093749997 0.43671875 0.26805555625 0.43671875 0.26527777812500003 0.43828125 0.26527777812500003 0.4484375 0.26805555625 0.45 0.28611111093749997 0.45
0 0.015277778124999999 0.58125 0.019444443750000002 0.58125 0.022222221875 0.57734375 0.0333333328125 0.5734375 0.027777778125000003 0.56796875 0.0125 0.56796875 0.009722221875000001 0.56953125 0.009722221875000001 0.578125 0.015277778124999999 0.58125
0 0.025 0.57578125 0.030555556249999997 0.575 0.027777778125000003 0.56796875 0.009722221875000001 0.56953125 0.0125 0.58125 0.019444443750000002 0.58125 0.025 0.57578125
0 0.6916666671875 0.60703125 0.66805555625 0.60546875 0.665277778125 0.615625 0.6861111109375 0.6171875 0.6916666671875 0.6125 0.6916666671875 0.60703125
0 0.70555555625 0.61796875 0.6763888890625 0.61953125 0.6791666671875001 0.625 0.7111111109375 0.6234375 0.7111111109375 0.61953125 0.70555555625 0.61796875