0 0.12222222187500001 0.51875 0.12222222187500001 0.50078125 0.0791666671875 0.49921875 0.07638888906249999 0.5234375 0.0791666671875 0.525 0.1166666671875 0.5234375 0.12222222187500001 0.51875
0 0.5611111109375 0.45625 0.5694444437499999 0.4515625 0.5694444437499999 0.44921875 0.575 0.4484375 0.575 0.44453125 0.577777778125 0.44375 0.575 0.43203125 0.5708333328124999 0.43203125 0.5666666671875 0.42578125 0.5611111109375 0.42421875 0.5263888890625 0.42421875 0.5208333328125 0.42734375 0.5208333328125 0.4484375 0.54305555625 0.45625 0.5611111109375 0.45625
0 0.590277778125 0.5484375 0.602777778125 0.5484375 0.6041666671875 0.546875 0.61944444375 0.54375 0.63055555625 0.5359375 0.63055555625 0.52578125 0.622222221875 0.521875 0.622222221875 0.51953125 0.61944444375 0.51796875 0.5791666671875 0.51796875 0.5763888890625 0.51953125 0.5763888890625 0.5421875 0.5888888890625 0.5453125 0.590277778125 0.5484375
0 0.7388888890625 0.571875 0.7402777781250001 0.5703125 0.747222221875 0.5703125 0.75555555625 0.5671875 0.7583333328124999 0.55703125 0.75555555625 0.55625 0.75555555625 0.55234375 0.752777778125 0.55078125 0.7486111109375 0.55078125 0.747222221875 0.54921875 0.7125 0.54921875 0.709722221875 0.55078125 0.709722221875 0.565625 0.7125 0.56640625 0.7125 0.56875 0.7388888890625 0.571875
0 0.9166666671874999 0.2796875 0.91805555625 0.28125 0.9388888890624999 0.2796875 0.9472222218749999 0.26875 0.9444444437499999 0.25703125 0.9416666671874999 0.25546875 0.9013888890624999 0.25546875 0.8986111109375001 0.25703125 0.8986111109375001 0.275 0.9069444437499999 0.2796875 0.9166666671874999 0.2796875
0 0.622222221875 0.1875 0.6333333328124999 0.1796875 0.6333333328124999 0.16484375 0.627777778125 0.16171875 0.590277778125 0.16171875 0.5875 0.16328125 0.5875 0.1859375 0.590277778125 0.1875 0.622222221875 0.1875
0 0.8638888890624999 0.5328125 0.8652777781250001 0.534375 0.875 0.534375 0.8861111109375001 0.53125 0.89444444375 0.5234375 0.89444444375 0.51796875 0.8916666671875 0.5171875 0.8888888890625 0.50859375 0.8833333328125 0.50546875 0.8486111109375001 0.50546875 0.8430555562500001 0.50859375 0.8430555562500001 0.5296875 0.8458333328125001 0.53125 0.8638888890624999 0.5328125
0 0.252777778125 0.36875 0.2666666671875 0.3609375 0.2666666671875 0.35078125 0.2638888890625 0.34921875 0.23472222187499997 0.34921875 0.23194444375 0.35078125 0.23194444375 0.365625 0.2375 0.36875 0.252777778125 0.36875
0 0.6972222218749999 0.33125 0.7 0.32734375 0.7083333328125 0.3234375 0.7111111109375 0.31484375 0.70555555625 0.31171875 0.66805555625 0.31171875 0.665277778125 0.31328125 0.665277778125 0.328125 0.6708333328125 0.33125 0.6972222218749999 0.33125
0 0.58194444375 0.2875 0.597222221875 0.2859375 0.6041666671875 0.28125 0.6083333328125 0.28125 0.6111111109375 0.26484375 0.60555555625 0.26171875 0.5791666671875 0.26171875 0.5763888890625 0.26328125 0.5763888890625 0.284375 0.58194444375 0.2875
0 0.5111111109375 0.5203125 0.5083333328124999 0.50546875 0.46527777812500004 0.50703125 0.46527777812500004 0.521875 0.47083333281249995 0.525 0.5083333328124999 0.5234375 0.5111111109375 0.5203125
0 0.38333333281250004 0.4734375 0.3875 0.4703125 0.397222221875 0.46875 0.4 0.4671875 0.4 0.46328125 0.40277777812500004 0.4625 0.4 0.44453125 0.397222221875 0.44296875 0.35972222187499997 0.44296875 0.3541666671875 0.44609375 0.3541666671875 0.4671875 0.36805555624999997 0.4734375 0.38333333281250004 0.4734375
0 0.49305555625 0.4125 0.5041666671875 0.4109375 0.527777778125 0.4125 0.5305555562500001 0.4109375 0.527777778125 0.40234375 0.51944444375 0.39921875 0.4791666671875 0.39921875 0.4763888890625 0.40078125 0.4791666671875 0.4234375 0.4861111109375 0.4234375 0.4888888890625 0.41484375 0.49305555625 0.4125
0 0.6083333328125 0.2609375 0.625 0.2515625 0.625 0.23828125 0.61944444375 0.23671875 0.590277778125 0.23671875 0.5875 0.23828125 0.5875 0.2578125 0.590277778125 0.2609375 0.6083333328125 0.2609375
0 0.9444444437499999 0.6453125 0.9416666671874999 0.63046875 0.9013888890624999 0.63046875 0.8986111109375001 0.63203125 0.9013888890624999 0.65 0.925 0.6515625 0.9416666671874999 0.6484375 0.9444444437499999 0.6453125
0 0.7541666671875 0.18828125 0.7541666671875 0.2109375 0.76805555625 0.2171875 0.777777778125 0.2171875 0.7791666671875 0.215625 0.7861111109375 0.215625 0.7875 0.2140625 0.797222221875 0.2125 0.8 0.2109375 0.8 0.20703125 0.8083333328125001 0.2015625 0.8083333328125001 0.18984375 0.8027777781250001 0.1875 0.797222221875 0.18046875 0.76805555625 0.18046875 0.7666666671875 0.18203125 0.7625 0.18203125 0.7541666671875 0.18828125
0 0.14444444375 0.54375 0.1666666671875 0.534375 0.1666666671875 0.52578125 0.1583333328125 0.521875 0.1583333328125 0.51953125 0.1541666671875 0.51953125 0.15277777812499999 0.51796875 0.12361111093749999 0.51796875 0.1208333328125 0.51953125 0.1208333328125 0.5390625 0.12361111093749999 0.53984375 0.12361111093749999 0.5421875 0.14444444375 0.54375
0 0.3083333328125 0.4875 0.3111111109375 0.48203125 0.30555555624999997 0.47578125 0.3 0.4734375 0.3 0.47109375 0.29444444375 0.46796875 0.2791666671875 0.46796875 0.27638888906250003 0.46953125 0.27638888906250003 0.4859375 0.28194444375 0.4890625 0.3083333328125 0.4875
0 0.5888888890625 0.046875 0.5916666671875 0.03984375 0.5861111109375 0.03671875 0.56805555625 0.03671875 0.565277778125 0.03828125 0.565277778125 0.0484375 0.5833333328125 0.05 0.5888888890625 0.046875
0 0.41111111093749997 0.53828125 0.3791666671875 0.53671875 0.3763888890625 0.5546875 0.40555555625000006 0.55625 0.41111111093749997 0.553125 0.41111111093749997 0.53828125
0 0.5555555562500001 0.2625 0.5694444437499999 0.2546875 0.5694444437499999 0.25234375 0.5722222218749999 0.2515625 0.5722222218749999 0.24921875 0.575 0.2484375 0.575 0.24453125 0.5722222218749999 0.24375 0.5722222218749999 0.24140625 0.5638888890625 0.23671875 0.534722221875 0.23671875 0.5319444437499999 0.23828125 0.5319444437499999 0.2609375 0.534722221875 0.2625 0.5555555562500001 0.2625
0 0.6777777781250001 0.2546875 0.6777777781250001 0.24453125 0.675 0.24296875 0.6347222218749999 0.24296875 0.6319444437499999 0.24453125 0.6319444437499999 0.2609375 0.6347222218749999 0.2625 0.6611111109375 0.2625 0.6777777781250001 0.2546875
0 0.7083333328125 0.5296875 0.7083333328125 0.52421875 0.70555555625 0.5234375 0.70555555625 0.52109375 0.6972222218749999 0.51796875 0.6569444437499999 0.51796875 0.6541666671875 0.51953125 0.6541666671875 0.534375 0.659722221875 0.5375 0.6972222218749999 0.5375 0.7083333328125 0.5296875
0 0.6416666671875 0.3078125 0.6458333328125 0.3109375 0.6555555562500001 0.3109375 0.6666666671875 0.3046875 0.6666666671875 0.28984375 0.6611111109375 0.28671875 0.6347222218749999 0.28671875 0.6319444437499999 0.28828125 0.6319444437499999 0.3046875 0.6375 0.3078125 0.6416666671875 0.3078125
0 0.17361111093749998 0.4515625 0.1861111109375 0.4484375 0.1888888890625 0.4453125 0.1861111109375 0.43515625 0.17361111093749998 0.43515625 0.16388888906250001 0.43046875 0.1458333328125 0.43046875 0.14305555625 0.43203125 0.14305555625 0.4484375 0.14861111093749999 0.453125 0.16944444375 0.4546875 0.17361111093749998 0.4515625
0 0.5166666671875 0.25625 0.522222221875 0.253125 0.522222221875 0.23671875 0.51944444375 0.2359375 0.51944444375 0.23359375 0.5111111109375 0.23046875 0.4791666671875 0.23046875 0.4763888890625 0.23203125 0.4763888890625 0.2484375 0.48194444374999995 0.2515625 0.5166666671875 0.25625
0 0.9986111109375001 0.3484375 0.997222221875 0.32421875 0.9680555562500001 0.32421875 0.965277778125 0.346875 0.9791666671874999 0.3515625 0.99444444375 0.3515625 0.9986111109375001 0.3484375
0 0.027777778125000003 0.53671875 0.0125 0.53671875 0.009722221875000001 0.5546875 0.030555556249999997 0.55625 0.0333333328125 0.53984375 0.027777778125000003 0.53671875
0 0.997222221875 0.2671875 0.997222221875 0.23671875 0.9680555562500001 0.23671875 0.965277778125 0.23828125 0.9680555562500001 0.2640625 0.9763888890624999 0.2671875 0.997222221875 0.2671875
0 0.3125 0.48125 0.33888888906250003 0.48125 0.34444444375 0.478125 0.34722222187499996 0.46484375 0.3416666671875 0.46171875 0.3236111109375 0.46171875 0.32083333281250004 0.465625 0.309722221875 0.46953125 0.309722221875 0.4796875 0.3125 0.48125
0 0.23194444375 0.4609375 0.24444444375000002 0.4625 0.252777778125 0.4578125 0.252777778125 0.45390625 0.2638888890625 0.4484375 0.2638888890625 0.44453125 0.25833333281250004 0.44296875 0.23472222187499997 0.44296875 0.23194444375 0.44453125 0.23194444375 0.4609375
0 0.8430555562500001 0.5734375 0.8583333328125 0.5734375 0.8625 0.5703125 0.877777778125 0.5671875 0.877777778125 0.55078125 0.875 0.54921875 0.8458333328125001 0.54921875 0.83194444375 0.55703125 0.83194444375 0.5671875 0.834722221875 0.56796875 0.834722221875 0.5703125 0.8430555562500001 0.5734375
0 0.8708333328125001 0.325 0.88055555625 0.325 0.890277778125 0.3296875 0.89444444375 0.3296875 0.8986111109375001 0.3265625 0.9083333328125001 0.325 0.9111111109375001 0.32109375 0.91944444375 0.3171875 0.91944444375 0.30703125 0.9111111109375001 0.303125 0.9083333328125001 0.29921875 0.8736111109375001 0.29921875 0.8680555562500001 0.30078125 0.8652777781250001 0.30390625 0.8652777781250001 0.321875 0.8708333328125001 0.325
0 0.4138888890625 0.28359375 0.40833333281249995 0.28046875 0.39027777812500003 0.28046875 0.3875 0.28203125 0.3875 0.2984375 0.40833333281249995 0.3 0.4138888890625 0.28359375
0 0.54305555625 0.1984375 0.5458333328125 0.2 0.575 0.2 0.5861111109375 0.1859375 0.58055555625 0.17578125 0.575 0.17421875 0.5486111109375 0.17421875 0.5458333328125 0.17578125 0.5458333328125 0.184375 0.54305555625 0.18515625 0.54305555625 0.1984375
0 0.46388888906250003 0.278125 0.46388888906250003 0.27109375 0.45555555625000005 0.26796875 0.4236111109375 0.26796875 0.42083333281249996 0.26953125 0.42083333281249996 0.278125 0.4263888890625 0.28125 0.45277777812500003 0.2828125 0.46388888906250003 0.278125
0 0.45277777812500003 0.175 0.45416666718750004 0.1765625 0.4611111109375 0.1765625 0.4625 0.175 0.47222222187499996 0.1734375 0.475 0.171875 0.475 0.16796875 0.477777778125 0.1671875 0.475 0.16015625 0.46388888906250003 0.15546875 0.4458333328125 0.15546875 0.44305555625000004 0.15703125 0.44305555625000004 0.1734375 0.4458333328125 0.175 0.45277777812500003 0.175
0 0.6944444437499999 0.1953125 0.7 0.1921875 0.702777778125 0.184375 0.7 0.17578125 0.6972222218749999 0.17421875 0.66805555625 0.17421875 0.665277778125 0.17578125 0.665277778125 0.1921875 0.6763888890625 0.196875 0.6944444437499999 0.1953125
0 0.10555555624999999 0.4171875 0.10555555624999999 0.41328125 0.1 0.41171875 0.0791666671875 0.41171875 0.07638888906249999 0.41328125 0.0791666671875 0.4265625 0.09444444375 0.4265625 0.10555555624999999 0.4171875
0 0.4375 0.10625 0.447222221875 0.1046875 0.45555555625000005 0.1 0.45555555625000005 0.09453125 0.45277777812500003 0.09296875 0.434722221875 0.09296875 0.43194444374999996 0.09453125 0.43194444374999996 0.103125 0.4375 0.10625
0 0.8666666671875 0.45703125 0.8458333328125001 0.45546875 0.8430555562500001 0.45703125 0.8458333328125001 0.471875 0.8638888890624999 0.4703125 0.8666666671875 0.45703125
0 0.30555555624999997 0.14375 0.3111111109375 0.140625 0.3111111109375 0.12578125 0.2791666671875 0.12421875 0.27638888906250003 0.12578125 0.2791666671875 0.14375 0.2875 0.1453125 0.30555555624999997 0.14375
0 0.8 0.73828125 0.7791666671875 0.73671875 0.7763888890625 0.73828125 0.7791666671875 0.7515625 0.797222221875 0.75 0.8 0.73828125
0 0.5861111109375 0.0625 0.5916666671875 0.05234375 0.5861111109375 0.04921875 0.56805555625 0.04921875 0.565277778125 0.05078125 0.565277778125 0.0609375 0.56805555625 0.0625 0.5861111109375 0.0625
0 0.6916666671875 0.4484375 0.6916666671875 0.43984375 0.6861111109375 0.43671875 0.66805555625 0.43671875 0.665277778125 0.4546875 0.6805555562500001 0.45625 0.6861111109375 0.4546875 0.6916666671875 0.4484375
0 0.375 0.15625 0.377777778125 0.1546875 0.377777778125 0.14453125 0.375 0.14296875 0.35694444375 0.14296875 0.3541666671875 0.14453125 0.3541666671875 0.1546875 0.35694444375 0.15625 0.375 0.15625
0 0.41944444374999995 0.13125 0.43333333281249997 0.121875 0.43055555625 0.11484375 0.427777778125 0.11328125 0.4236111109375 0.11328125 0.42222222187499997 0.11171875 0.40138888906250003 0.11171875 0.3986111109375 0.11328125 0.3986111109375 0.128125 0.40416666718750005 0.13125 0.41944444374999995 0.13125
0 0.9986111109375001 0.21328125 0.9791666671874999 0.21171875 0.9763888890624999 0.2296875 0.98194444375 0.2328125 0.997222221875 0.2328125 0.9986111109375001 0.21328125
0 0.8416666671874999 0.5546875 0.8416666671874999 0.55234375 0.852777778125 0.546875 0.852777778125 0.53828125 0.847222221875 0.53671875 0.815277778125 0.53671875 0.809722221875 0.53984375 0.809722221875 0.553125 0.815277778125 0.55625 0.8361111109375001 0.55625 0.8416666671874999 0.5546875
0 0.6166666671875001 0.2171875 0.61944444375 0.215625 0.61944444375 0.20546875 0.6138888890625 0.203125 0.6111111109375 0.19453125 0.6083333328125 0.19296875 0.5791666671875 0.19296875 0.5763888890625 0.19453125 0.5791666671875 0.2140625 0.590277778125 0.21875 0.6166666671875001 0.2171875
0 0.497222221875 0.3125 0.5111111109375 0.3046875 0.5111111109375 0.29453125 0.5083333328124999 0.29296875 0.4791666671875 0.29296875 0.4763888890625 0.29453125 0.4763888890625 0.3109375 0.4791666671875 0.3125 0.497222221875 0.3125
0 0.6638888890625 0.13125 0.6777777781250001 0.1234375 0.675 0.11328125 0.66944444375 0.11171875 0.6513888890625 0.11171875 0.64305555625 0.11640625 0.64305555625 0.1296875 0.6458333328125 0.13125 0.6638888890625 0.13125
0 0.4361111109375 0.1921875 0.43333333281249997 0.18203125 0.43055555625 0.18046875 0.4125 0.18046875 0.40972222187499996 0.18203125 0.4125 0.1953125 0.43055555625 0.196875 0.4361111109375 0.1921875
0 0.8888888890625 0.3390625 0.8916666671875 0.33203125 0.8833333328125 0.32578125 0.877777778125 0.32421875 0.85694444375 0.32421875 0.8541666671874999 0.32578125 0.8541666671874999 0.3421875 0.85694444375 0.34375 0.875 0.34375 0.8888888890625 0.3390625
0 0.76944444375 0.5984375 0.777777778125 0.5921875 0.775 0.58359375 0.7666666671875 0.58046875 0.734722221875 0.58046875 0.73194444375 0.58203125 0.73194444375 0.596875 0.7375 0.6 0.7638888890625 0.6 0.76944444375 0.5984375
0 0.7638888890625 0.09375 0.765277778125 0.0953125 0.7805555562500001 0.09375 0.7888888890625 0.0875 0.7861111109375 0.07890625 0.777777778125 0.07421875 0.7569444437499999 0.07421875 0.7541666671875 0.07578125 0.7541666671875 0.0921875 0.7569444437499999 0.09375 0.7638888890625 0.09375
0 0.252777778125 0.53671875 0.2208333328125 0.53828125 0.2236111109375 0.55 0.25 0.55 0.25555555625 0.5453125 0.252777778125 0.53671875
0 0.055555556250000006 0.57578125 0.034722221875 0.57421875 0.03194444375 0.57578125 0.034722221875 0.5890625 0.052777778124999994 0.5875 0.055555556250000006 0.57578125
0 0.21944444375 0.5375 0.225 0.52734375 0.21944444375 0.52421875 0.20138888906250002 0.52421875 0.1986111109375 0.52578125 0.1986111109375 0.5359375 0.20138888906250002 0.5390625 0.21944444375 0.5375
0 0.64444444375 0.0609375 0.64444444375 0.05078125 0.6236111109375 0.04921875 0.6208333328125 0.0625 0.6236111109375 0.065625 0.6333333328124999 0.065625 0.64444444375 0.0609375
0 0.4791666671875 0.153125 0.48194444374999995 0.1546875 0.497222221875 0.1546875 0.5111111109375 0.146875 0.5111111109375 0.13984375 0.50555555625 0.13671875 0.4791666671875 0.13671875 0.4763888890625 0.13828125 0.4763888890625 0.15 0.4791666671875 0.15078125 0.4791666671875 0.153125
0 0.29444444375 0.4203125 0.3013888890625 0.4265625 0.3083333328125 0.4265625 0.3138888890625 0.421875 0.3138888890625 0.41796875 0.322222221875 0.4109375 0.322222221875 0.40703125 0.31944444375000003 0.40546875 0.2791666671875 0.40546875 0.27638888906250003 0.40703125 0.27638888906250003 0.41875 0.28194444375 0.421875 0.29444444375 0.4203125
0 0.5875 0.28828125 0.5875 0.3015625 0.590277778125 0.30234375 0.590277778125 0.3046875 0.6111111109375 0.3046875 0.6152777781250001 0.3015625 0.61944444375 0.3015625 0.622222221875 0.29609375 0.63055555625 0.2921875 0.63055555625 0.28828125 0.61944444375 0.28046875 0.6013888890625 0.28046875 0.590277778125 0.28515625 0.590277778125 0.2875 0.5875 0.28828125
0 0.797222221875 0.115625 0.8083333328125001 0.10625 0.8083333328125001 0.10078125 0.8055555562500001 0.1 0.8027777781250001 0.09453125 0.7986111109375 0.09453125 0.797222221875 0.09296875 0.7791666671875 0.09296875 0.7763888890625 0.09453125 0.7763888890625 0.1109375 0.7819444437499999 0.1140625 0.797222221875 0.115625
0 0.375 0.3 0.38055555625 0.29296875 0.3861111109375 0.290625 0.3861111109375 0.28203125 0.36805555624999997 0.28046875 0.365277778125 0.28203125 0.365277778125 0.296875 0.3708333328125 0.3 0.375 0.3
0 0.04444444375 0.521875 0.04444444375 0.51328125 0.0236111109375 0.51171875 0.0208333328125 0.5234375 0.0236111109375 0.5265625 0.0333333328125 0.5265625 0.04444444375 0.521875
0 0.8638888890624999 0.7375 0.8666666671875 0.72734375 0.8611111109375 0.72421875 0.8458333328125001 0.72421875 0.8430555562500001 0.72578125 0.8430555562500001 0.7359375 0.8486111109375001 0.7390625 0.8638888890624999 0.7375
0 0.8083333328125001 0.7671875 0.8138888890624999 0.759375 0.8111111109375001 0.75078125 0.8083333328125001 0.74921875 0.790277778125 0.74921875 0.7875 0.75078125 0.7875 0.765625 0.79305555625 0.76875 0.8083333328125001 0.7671875
0 0.29722222187499997 0.55546875 0.26805555625 0.55546875 0.26527777812500003 0.55703125 0.26805555625 0.56875 0.2888888890625 0.5703125 0.3 0.5671875 0.29722222187499997 0.55546875
0 0.3861111109375 0.1359375 0.4 0.1296875 0.4 0.11953125 0.397222221875 0.11796875 0.3791666671875 0.11796875 0.3763888890625 0.11953125 0.3791666671875 0.1359375 0.3861111109375 0.1359375
0 0.33055555625 0.15 0.33888888906250003 0.1421875 0.3361111109375 0.13203125 0.33055555625 0.13046875 0.3125 0.13046875 0.309722221875 0.13203125 0.309722221875 0.146875 0.315277778125 0.15 0.33055555625 0.15
0 0.3416666671875 0.27734375 0.3333333328125 0.27421875 0.3236111109375 0.27421875 0.32083333281250004 0.2921875 0.3416666671875 0.29375 0.34444444375 0.2921875 0.3416666671875 0.27734375
0 0.6083333328125 0.625 0.6166666671875001 0.6171875 0.6166666671875001 0.61328125 0.6111111109375 0.61171875 0.5930555562500001 0.61328125 0.5875 0.61796875 0.5875 0.6234375 0.590277778125 0.625 0.6083333328125 0.625
0 0.06805555625000001 0.346875 0.0736111109375 0.35 0.09444444375 0.35 0.1 0.3453125 0.1 0.33828125 0.0861111109375 0.33046875 0.06805555625000001 0.33046875 0.06527777812499999 0.33203125 0.06527777812499999 0.3421875 0.06805555625000001 0.34296875 0.06805555625000001 0.346875
0 0.275 0.4 0.27777777812500004 0.3984375 0.27777777812500004 0.38828125 0.275 0.38671875 0.25694444375000003 0.38671875 0.2541666671875 0.38828125 0.2541666671875 0.3984375 0.259722221875 0.4015625 0.275 0.4
0 0.575 0.2859375 0.575 0.27890625 0.5666666671875 0.27421875 0.55694444375 0.27421875 0.5541666671875001 0.2890625 0.55694444375 0.2921875 0.5666666671875 0.2921875 0.575 0.2859375
0 0.10138888906250001 0.43359375 0.10138888906250001 0.4359375 0.1111111109375 0.4359375 0.127777778125 0.428125 0.13055555624999998 0.42109375 0.12222222187500001 0.41796875 0.10138888906250001 0.41796875 0.0986111109375 0.41953125 0.0986111109375 0.4328125 0.10138888906250001 0.43359375
0 0.7083333328125 0.6640625 0.7166666671875 0.659375 0.7166666671875 0.65078125 0.7111111109375 0.64921875 0.69305555625 0.64921875 0.6875 0.65234375 0.690277778125 0.6640625 0.69305555625 0.665625 0.7083333328125 0.6640625
0 0.43055555625 0.1453125 0.43055555625 0.13359375 0.42222222187499997 0.13046875 0.4125 0.13046875 0.40972222187499996 0.13203125 0.40972222187499996 0.1484375 0.41944444374999995 0.15 0.43055555625 0.1453125
0 0.352777778125 0.3921875 0.35555555625 0.3890625 0.352777778125 0.37578125 0.3236111109375 0.37421875 0.32083333281250004 0.37578125 0.3236111109375 0.3921875 0.3291666671875 0.39375 0.352777778125 0.3921875
0 0.0861111109375 0.375 0.09444444375 0.3671875 0.09444444375 0.36328125 0.0888888890625 0.36171875 0.06805555625000001 0.36171875 0.06527777812499999 0.36328125 0.06805555625000001 0.3703125 0.07638888906249999 0.375 0.0861111109375 0.375
0 0.997222221875 0.675 0.997222221875 0.66796875 0.98194444375 0.66796875 0.975 0.66484375 0.9680555562500001 0.66484375 0.965277778125 0.66796875 0.9680555562500001 0.68125 0.9833333328125 0.68125 0.997222221875 0.675
0 0.1 0.31953125 0.10555555624999999 0.31875 0.10833333281249999 0.315625 0.102777778125 0.30703125 0.0958333328125 0.30703125 0.09444444375 0.30546875 0.06805555625000001 0.30546875 0.06527777812499999 0.30703125 0.06527777812499999 0.3234375 0.07083333281250001 0.3265625 0.097222221875 0.3234375 0.1 0.31953125
0 0.4611111109375 0.146875 0.4611111109375 0.13828125 0.45555555625000005 0.13671875 0.43194444374999996 0.13828125 0.43194444374999996 0.1484375 0.4375 0.1515625 0.45 0.1515625 0.4611111109375 0.146875
0 0.5208333328125 0.2234375 0.5236111109375 0.225 0.5333333328125 0.225 0.5416666671875 0.2203125 0.547222221875 0.2125 0.547222221875 0.20703125 0.55 0.20625 0.55 0.20078125 0.54444444375 0.19921875 0.5263888890625 0.20078125 0.5208333328125 0.20859375 0.5208333328125 0.2234375
0 0.7416666671875001 0.090625 0.75 0.0859375 0.752777778125 0.07734375 0.74444444375 0.07421875 0.734722221875 0.07421875 0.73194444375 0.07578125 0.73194444375 0.0875 0.734722221875 0.090625 0.7416666671875001 0.090625
0 0.7416666671875001 0.6125 0.7416666671875001 0.60703125 0.7236111109375 0.60546875 0.7208333328125 0.60703125 0.7208333328125 0.6171875 0.7333333328125 0.61875 0.7416666671875001 0.6125
0 0.45277777812500003 0.2921875 0.45277777812500003 0.28671875 0.447222221875 0.28203125 0.4361111109375 0.28046875 0.42083333281249996 0.28203125 0.42083333281249996 0.2921875 0.4263888890625 0.2953125 0.44166666718750003 0.2953125 0.45277777812500003 0.2921875
0 0.6138888890625 0.63203125 0.6013888890625 0.63046875 0.5986111109375 0.6390625 0.6013888890625 0.6421875 0.6083333328125 0.6421875 0.6138888890625 0.63203125
0 0.75 0.1078125 0.7611111109375 0.1 0.7611111109375 0.09453125 0.75555555625 0.09296875 0.734722221875 0.09296875 0.73194444375 0.09453125 0.734722221875 0.1078125 0.7375 0.109375 0.75 0.1078125
0 0.490277778125 0.328125 0.49305555625 0.3296875 0.5083333328124999 0.328125 0.51944444375 0.321875 0.522222221875 0.31484375 0.5166666671875 0.31171875 0.490277778125 0.31171875 0.4875 0.31328125 0.4875 0.325 0.490277778125 0.32578125 0.490277778125 0.328125
0 0.6416666671875 0.2828125 0.65 0.278125 0.65 0.27578125 0.6416666671875 0.26796875 0.6347222218749999 0.26796875 0.6319444437499999 0.26953125 0.6319444437499999 0.2796875 0.6347222218749999 0.2828125 0.6416666671875 0.2828125
0 0.5125 0.21328125 0.5125 0.2171875 0.5097222218749999 0.21796875 0.5125 0.2265625 0.5305555562500001 0.225 0.5416666671875 0.2203125 0.54444444375 0.21328125 0.547222221875 0.2125 0.547222221875 0.20546875 0.55 0.2046875 0.55 0.20234375 0.54444444375 0.19921875 0.5319444437499999 0.19921875 0.5236111109375 0.20390625 0.5208333328125 0.209375 0.5125 0.21328125
0 0.2166666671875 0.41796875 0.20138888906250002 0.41796875 0.1986111109375 0.4296875 0.21944444375 0.43125 0.222222221875 0.42109375 0.2166666671875 0.41796875
0 0.1861111109375 0.3359375 0.1861111109375 0.33203125 0.16805555625 0.33046875 0.165277778125 0.33203125 0.165277778125 0.340625 0.177777778125 0.3421875 0.1861111109375 0.3359375
0 0.5583333328125 0.51171875 0.5527777781250001 0.50546875 0.5458333328125 0.50546875 0.54305555625 0.5171875 0.5458333328125 0.5203125 0.5527777781250001 0.5203125 0.5583333328125 0.51171875
0 0.147222221875 0.378125 0.15 0.37109375 0.14444444375 0.36796875 0.134722221875 0.36796875 0.13194444375 0.36953125 0.13194444375 0.3796875 0.1416666671875 0.38125 0.147222221875 0.378125
0 0.5416666671875 0.146875 0.5416666671875 0.14453125 0.5361111109375 0.1421875 0.5361111109375 0.13984375 0.5305555562500001 0.13671875 0.5125 0.13671875 0.5097222218749999 0.13828125 0.5097222218749999 0.1484375 0.515277778125 0.1515625 0.5305555562500001 0.1515625 0.5416666671875 0.146875
0 0.9986111109375001 0.3015625 0.9986111109375001 0.28203125 0.9791666671874999 0.28046875 0.9763888890624999 0.303125 0.98194444375 0.30625 0.9916666671875 0.30625 0.9986111109375001 0.3015625
0 0.35555555625 0.13359375 0.3458333328125 0.13203125 0.34305555625 0.13359375 0.3458333328125 0.140625 0.352777778125 0.140625 0.35555555625 0.13359375
0 0.43055555625 0.4125 0.43055555625 0.40703125 0.425 0.40546875 0.3986111109375 0.40703125 0.3986111109375 0.4109375 0.40972222187499996 0.415625 0.42222222187499997 0.415625 0.43055555625 0.4125
0 0.652777778125 0.0734375 0.652777778125 0.06953125 0.6347222218749999 0.06796875 0.6319444437499999 0.078125 0.64444444375 0.0796875 0.64444444375 0.07734375 0.652777778125 0.0734375
0 0.76944444375 0.45859375 0.7638888890625 0.45546875 0.7458333328125 0.45546875 0.7430555562500001 0.4671875 0.7638888890625 0.46875 0.76944444375 0.465625 0.76944444375 0.45859375
0 0.6013888890625 0.4875 0.6083333328125 0.4875 0.61944444375 0.4828125 0.622222221875 0.47734375 0.6166666671875001 0.47421875 0.6013888890625 0.47421875 0.5986111109375 0.47578125 0.5986111109375 0.4859375 0.6013888890625 0.4875
0 0.08194444375 0.446875 0.1 0.4421875 0.1 0.43203125 0.097222221875 0.43046875 0.0791666671875 0.43046875 0.07638888906249999 0.43203125 0.07638888906249999 0.4421875 0.08194444375 0.446875
0 0.24722222187499998 0.61796875 0.2416666671875 0.61171875 0.23472222187499997 0.61171875 0.23194444375 0.6234375 0.2416666671875 0.625 0.24722222187499998 0.621875 0.24722222187499998 0.61796875
0 0.8 0.465625 0.8 0.45703125 0.7791666671875 0.45546875 0.7763888890625 0.465625 0.7819444437499999 0.46875 0.79444444375 0.46875 0.8 0.465625
0 0.490277778125 0.26875 0.5083333328124999 0.2671875 0.5083333328124999 0.26484375 0.522222221875 0.25625 0.522222221875 0.25078125 0.51944444375 0.24921875 0.49305555625 0.24921875 0.4875 0.25234375 0.4875 0.2671875 0.490277778125 0.26875
0 0.0333333328125 0.5234375 0.0333333328125 0.51640625 0.030555556249999997 0.51328125 0.01805555625 0.51328125 0.0125 0.51796875 0.0125 0.5234375 0.027777778125000003 0.5265625 0.0333333328125 0.5234375
0 0.6555555562500001 0.16875 0.6555555562500001 0.16328125 0.6347222218749999 0.16171875 0.6319444437499999 0.16328125 0.6347222218749999 0.171875 0.65 0.1734375 0.6555555562500001 0.16875
0 0.9111111109375001 0.14375 0.91944444375 0.1375 0.91944444375 0.13203125 0.9138888890624999 0.13046875 0.8763888890624999 0.13203125 0.8763888890624999 0.140625 0.8791666671874999 0.14375 0.8875 0.1453125 0.9111111109375001 0.14375
0 0.28611111093749997 0.303125 0.28611111093749997 0.29296875 0.28055555625 0.28828125 0.26805555625 0.28671875 0.26527777812500003 0.28828125 0.26527777812500003 0.3046875 0.27777777812500004 0.30625 0.28611111093749997 0.303125