0 0.397222221875 0.15625 0.4 0.1546875 0.4 0.13828125 0.397222221875 0.13671875 0.36805555624999997 0.13671875 0.365277778125 0.13828125 0.365277778125 0.1546875 0.36805555624999997 0.15625 0.397222221875 0.15625
0 0.48194444374999995 0.31875 0.4916666671875 0.3171875 0.5 0.3109375 0.5 0.30078125 0.497222221875 0.29921875 0.4791666671875 0.29921875 0.4763888890625 0.30078125 0.4763888890625 0.315625 0.48194444374999995 0.31875
0 0.51944444375 0.1671875 0.522222221875 0.15078125 0.51944444375 0.14921875 0.490277778125 0.14921875 0.4875 0.15078125 0.4875 0.165625 0.49305555625 0.16875 0.51944444375 0.1671875
0 0.45555555625000005 0.1625 0.45555555625000005 0.15234375 0.45 0.14921875 0.4236111109375 0.14921875 0.42083333281249996 0.1671875 0.4236111109375 0.16875 0.45 0.1671875 0.45555555625000005 0.1625
0 0.4166666671875 0.275 0.425 0.2671875 0.425 0.25859375 0.41944444374999995 0.25546875 0.39027777812500003 0.25546875 0.3875 0.25703125 0.3875 0.271875 0.39305555625 0.275 0.4166666671875 0.275
0 0.022222221875 0.1921875 0.030555556249999997 0.1875 0.0333333328125 0.18203125 0.027777778125000003 0.17578125 0.0125 0.17421875 0.009722221875000001 0.17578125 0.009722221875000001 0.190625 0.0125 0.1921875 0.022222221875 0.1921875
0 0.16944444375 0.4421875 0.1666666671875 0.43203125 0.1458333328125 0.43046875 0.14305555625 0.43203125 0.14305555625 0.4484375 0.16388888906250001 0.45 0.16944444375 0.4421875
0 0.8166666671874999 0.4625 0.8222222218749999 0.45625 0.8194444437499999 0.44609375 0.8111111109375001 0.44296875 0.790277778125 0.44296875 0.7875 0.44453125 0.7875 0.4609375 0.790277778125 0.4625 0.8166666671874999 0.4625
0 0.51944444375 0.5015625 0.5208333328125 0.5 0.527777778125 0.5 0.5333333328125 0.496875 0.5333333328125 0.48203125 0.51944444375 0.47421875 0.5013888890625 0.47421875 0.4986111109375 0.47578125 0.4986111109375 0.4984375 0.5069444437499999 0.5015625 0.51944444375 0.5015625
0 0.36805555624999997 0.2875 0.38055555625 0.2859375 0.3888888890625 0.28125 0.3861111109375 0.27421875 0.36805555624999997 0.27421875 0.365277778125 0.27578125 0.365277778125 0.2859375 0.36805555624999997 0.2875
0 0.83194444375 0.734375 0.8458333328125001 0.7421875 0.852777778125 0.7421875 0.852777778125 0.73984375 0.8583333328125 0.7390625 0.8666666671875 0.734375 0.8666666671875 0.72265625 0.8638888890624999 0.721875 0.8638888890624999 0.71953125 0.859722221875 0.71953125 0.8583333328125 0.71796875 0.8236111109375001 0.71796875 0.8208333328125 0.71953125 0.8208333328125 0.725 0.8263888890625 0.72734375 0.83194444375 0.734375
0 0.4791666671875 0.3359375 0.49444444374999996 0.3375 0.5083333328124999 0.3296875 0.5083333328124999 0.32109375 0.5 0.31796875 0.4791666671875 0.31796875 0.4763888890625 0.31953125 0.4763888890625 0.3328125 0.4791666671875 0.33359375 0.4791666671875 0.3359375
0 0.5111111109375 0.20625 0.5111111109375 0.19453125 0.490277778125 0.19296875 0.4875 0.19453125 0.4875 0.2109375 0.5 0.2125 0.5111111109375 0.20625
0 0.39444444375 0.65 0.4 0.646875 0.397222221875 0.63359375 0.3888888890625 0.63046875 0.3708333328125 0.63046875 0.365277778125 0.63359375 0.365277778125 0.6484375 0.36805555624999997 0.65 0.39444444375 0.65
0 0.397222221875 0.253125 0.40833333281249995 0.246875 0.40833333281249995 0.23828125 0.3791666671875 0.23671875 0.3763888890625 0.23828125 0.3763888890625 0.25 0.3791666671875 0.253125 0.397222221875 0.253125
0 0.4888888890625 0.15859375 0.48333333281249996 0.15546875 0.45694444375 0.15546875 0.45416666718750004 0.15703125 0.45694444375 0.16875 0.477777778125 0.1703125 0.4888888890625 0.1671875 0.4888888890625 0.15859375
0 0.15555555625 0.578125 0.15277777812499999 0.56796875 0.1208333328125 0.56953125 0.12361111093749999 0.58125 0.134722221875 0.5828125 0.15277777812499999 0.58125 0.15555555625 0.578125
0 0.8666666671875 0.546875 0.8666666671875 0.53203125 0.834722221875 0.53046875 0.83194444375 0.546875 0.8375 0.55 0.8611111109375 0.55 0.8666666671875 0.546875
0 0.83055555625 0.4375 0.8444444437499999 0.428125 0.8416666671874999 0.42109375 0.8388888890624999 0.41953125 0.834722221875 0.41953125 0.8333333328125001 0.41796875 0.8125 0.41796875 0.809722221875 0.41953125 0.809722221875 0.4359375 0.8125 0.4375 0.83055555625 0.4375
0 0.6333333328124999 0.63984375 0.6416666671875 0.6359375 0.6416666671875 0.63046875 0.6361111109375 0.62578125 0.6236111109375 0.62421875 0.6208333328125 0.62578125 0.6208333328125 0.640625 0.6333333328124999 0.6421875 0.6333333328124999 0.63984375
0 0.097222221875 0.5453125 0.1 0.5421875 0.097222221875 0.53046875 0.06805555625000001 0.53046875 0.06527777812499999 0.53203125 0.06527777812499999 0.5421875 0.07083333281250001 0.546875 0.0888888890625 0.5484375 0.097222221875 0.5453125
0 0.4611111109375 0.55 0.46666666718750005 0.5484375 0.475 0.540625 0.475 0.53828125 0.46944444374999994 0.5359375 0.46666666718750005 0.52734375 0.4583333328125 0.52421875 0.4375 0.52421875 0.43194444374999996 0.52734375 0.43194444374999996 0.5484375 0.434722221875 0.55 0.4611111109375 0.55
0 0.997222221875 0.44921875 0.9791666671874999 0.44921875 0.9763888890624999 0.465625 0.98194444375 0.46875 0.997222221875 0.46875 0.997222221875 0.44921875
0 0.447222221875 0.28828125 0.4236111109375 0.28671875 0.42083333281249996 0.2984375 0.44166666718750003 0.3 0.447222221875 0.2953125 0.447222221875 0.28828125
0 0.0333333328125 0.265625 0.0333333328125 0.25703125 0.030555556249999997 0.25546875 0.0125 0.25546875 0.009722221875000001 0.25703125 0.0125 0.265625 0.027777778125000003 0.26875 0.0333333328125 0.265625
0 0.477777778125 0.43671875 0.44305555625000004 0.43828125 0.4458333328125 0.4515625 0.4861111109375 0.453125 0.4861111109375 0.43828125 0.477777778125 0.43671875
0 0.5361111109375 0.3109375 0.5361111109375 0.30390625 0.5305555562500001 0.29921875 0.5125 0.29921875 0.5097222218749999 0.30078125 0.5097222218749999 0.3171875 0.527777778125 0.31875 0.5361111109375 0.3109375
0 0.9375 0.2546875 0.9583333328125001 0.2546875 0.972222221875 0.2484375 0.972222221875 0.24296875 0.9638888890624999 0.23671875 0.934722221875 0.23671875 0.93194444375 0.23828125 0.93194444375 0.2484375 0.934722221875 0.24921875 0.934722221875 0.253125 0.9375 0.2546875
0 0.752777778125 0.4734375 0.7583333328124999 0.46328125 0.734722221875 0.46171875 0.73194444375 0.46328125 0.73194444375 0.4734375 0.734722221875 0.475 0.752777778125 0.4734375
0 0.5208333328125 0.275 0.5361111109375 0.2734375 0.5388888890625 0.26640625 0.5361111109375 0.265625 0.5333333328125 0.25703125 0.5305555562500001 0.25546875 0.5125 0.25546875 0.5097222218749999 0.25703125 0.5097222218749999 0.26875 0.5125 0.271875 0.5208333328125 0.275
0 0.13333333281249998 0.596875 0.13333333281249998 0.58828125 0.1125 0.58671875 0.109722221875 0.58828125 0.1125 0.6015625 0.13055555624999998 0.5984375 0.13333333281249998 0.596875
0 0.675 0.38828125 0.6569444437499999 0.38671875 0.6541666671875 0.3984375 0.6569444437499999 0.4 0.675 0.3984375 0.675 0.38828125
0 0.13055555624999998 0.6921875 0.13055555624999998 0.68984375 0.1416666671875 0.6859375 0.14444444375 0.67734375 0.13888888906250002 0.67421875 0.1125 0.67421875 0.109722221875 0.67578125 0.109722221875 0.690625 0.115277778125 0.69375 0.13055555624999998 0.6921875
0 0.29722222187499997 0.49375 0.2986111109375 0.4921875 0.302777778125 0.4921875 0.3083333328125 0.4890625 0.3083333328125 0.48671875 0.3111111109375 0.4859375 0.3166666671875 0.47734375 0.3138888890625 0.47578125 0.309722221875 0.47578125 0.3083333328125 0.47421875 0.28194444375 0.47421875 0.27638888906250003 0.47734375 0.27638888906250003 0.490625 0.28194444375 0.49375 0.29722222187499997 0.49375
0 0.7833333328125 0.44453125 0.76805555625 0.44296875 0.765277778125 0.4546875 0.777777778125 0.45625 0.7833333328125 0.453125 0.7833333328125 0.44453125
0 0.27777777812500004 0.47109375 0.272222221875 0.46796875 0.25694444375000003 0.46796875 0.2541666671875 0.46953125 0.25694444375000003 0.484375 0.275 0.4828125 0.27777777812500004 0.47109375
0 0.43333333281249997 0.52578125 0.427777778125 0.52421875 0.40972222187499996 0.52578125 0.4125 0.534375 0.41944444374999995 0.534375 0.43333333281249997 0.5296875 0.43333333281249997 0.52578125
0 0.18194444375000002 0.45 0.19444444375 0.4484375 0.2 0.4453125 0.2 0.44140625 0.20555555625 0.4359375 0.2 0.43046875 0.17916666718750002 0.43046875 0.1763888890625 0.43203125 0.1763888890625 0.446875 0.18194444375000002 0.45
0 0.6861111109375 0.41796875 0.6569444437499999 0.41796875 0.6541666671875 0.41953125 0.6569444437499999 0.43125 0.6861111109375 0.43125 0.6888888890625 0.4296875 0.6861111109375 0.41796875
0 0.972222221875 0.2609375 0.975 0.25234375 0.972222221875 0.25078125 0.9583333328125001 0.25234375 0.934722221875 0.25078125 0.93194444375 0.2671875 0.9638888890624999 0.26875 0.9666666671874999 0.26328125 0.972222221875 0.2609375
0 0.7083333328125 0.60546875 0.690277778125 0.60546875 0.6875 0.60703125 0.690277778125 0.6171875 0.7 0.6171875 0.7111111109375 0.6125 0.7083333328125 0.60546875
0 0.9638888890624999 0.41953125 0.9583333328125001 0.41796875 0.934722221875 0.41796875 0.93194444375 0.41953125 0.93194444375 0.428125 0.9375 0.43125 0.952777778125 0.4296875 0.9638888890624999 0.4234375 0.9638888890624999 0.41953125
0 0.3361111109375 0.4421875 0.3361111109375 0.43359375 0.33055555625 0.43046875 0.3125 0.43046875 0.309722221875 0.446875 0.3125 0.45 0.325 0.45 0.3361111109375 0.4421875
0 0.752777778125 0.39453125 0.7388888890625 0.39296875 0.7208333328125 0.39453125 0.7236111109375 0.40625 0.75 0.40625 0.75555555625 0.403125 0.752777778125 0.39453125
0 0.022222221875 0.2796875 0.022222221875 0.26953125 0.0125 0.26796875 0.009722221875000001 0.26953125 0.009722221875000001 0.2796875 0.019444443750000002 0.28125 0.022222221875 0.2796875
0 0.39027777812500003 0.253125 0.4 0.253125 0.40972222187499996 0.2484375 0.4138888890625 0.2484375 0.41944444374999995 0.23828125 0.40833333281249995 0.23046875 0.39027777812500003 0.23046875 0.3875 0.23203125 0.3875 0.2484375 0.39027777812500003 0.24921875 0.39027777812500003 0.253125
0 0.85555555625 0.478125 0.852777778125 0.46953125 0.8444444437499999 0.46796875 0.8236111109375001 0.46796875 0.8208333328125 0.46953125 0.8236111109375001 0.4828125 0.8416666671874999 0.484375 0.852777778125 0.48125 0.85555555625 0.478125
0 0.975 0.4109375 0.975 0.40703125 0.95694444375 0.40546875 0.9541666671875 0.415625 0.9666666671874999 0.4171875 0.9666666671874999 0.41484375 0.975 0.4109375
0 0.6458333328125 0.6203125 0.6611111109375 0.61875 0.6666666671875 0.60234375 0.6611111109375 0.59921875 0.6347222218749999 0.59921875 0.6319444437499999 0.60078125 0.6347222218749999 0.61875 0.64444444375 0.61875 0.6458333328125 0.6203125
0 0.91944444375 0.775 0.922222221875 0.77109375 0.9305555562500001 0.7671875 0.9305555562500001 0.76328125 0.922222221875 0.759375 0.922222221875 0.75703125 0.91944444375 0.75546875 0.890277778125 0.75546875 0.8875 0.75703125 0.8875 0.7734375 0.9013888890624999 0.7765625 0.91944444375 0.775
0 0.5305555562500001 0.3171875 0.5333333328125 0.30859375 0.527777778125 0.30546875 0.5013888890625 0.30546875 0.4986111109375 0.30703125 0.5013888890625 0.3203125 0.51944444375 0.321875 0.5263888890625 0.3171875 0.5305555562500001 0.3171875
0 0.8083333328125001 0.46796875 0.790277778125 0.46796875 0.7875 0.46953125 0.790277778125 0.475 0.8083333328125001 0.475 0.8111111109375001 0.4734375 0.8083333328125001 0.46796875
0 0.4388888890625 0.3671875 0.44166666718750003 0.365625 0.44444444375 0.35859375 0.4388888890625 0.35546875 0.4236111109375 0.35546875 0.42083333281249996 0.35703125 0.42083333281249996 0.365625 0.4263888890625 0.36875 0.4388888890625 0.3671875
0 0.5166666671875 0.2875 0.522222221875 0.284375 0.522222221875 0.27265625 0.5111111109375 0.26796875 0.5013888890625 0.26796875 0.4986111109375 0.26953125 0.4986111109375 0.284375 0.5069444437499999 0.2875 0.5166666671875 0.2875
0 0.6333333328124999 0.6421875 0.6333333328124999 0.63984375 0.6416666671875 0.6359375 0.64444444375 0.62734375 0.6263888890625 0.62421875 0.6208333328125 0.62734375 0.6208333328125 0.640625 0.6236111109375 0.6421875 0.6333333328124999 0.6421875
0 0.63055555625 0.61953125 0.625 0.61796875 0.609722221875 0.61953125 0.609722221875 0.6234375 0.6152777781250001 0.6265625 0.63055555625 0.6234375 0.63055555625 0.61953125
0 0.8 0.7296875 0.8 0.71953125 0.797222221875 0.71796875 0.7791666671875 0.71796875 0.7763888890625 0.71953125 0.7763888890625 0.7296875 0.79444444375 0.7328125 0.8 0.7296875
0 0.5013888890625 0.16953125 0.5013888890625 0.1734375 0.5083333328124999 0.1734375 0.5083333328124999 0.16953125 0.5013888890625 0.16953125
0 0.6388888890625 0.615625 0.6361111109375 0.60859375 0.6416666671875 0.60234375 0.6333333328124999 0.59921875 0.6236111109375 0.59921875 0.6208333328125 0.60078125 0.6208333328125 0.6109375 0.6236111109375 0.6140625 0.6388888890625 0.615625
0 0.65 0.62421875 0.6611111109375 0.6171875 0.6611111109375 0.61328125 0.6347222218749999 0.61171875 0.6319444437499999 0.61328125 0.6347222218749999 0.6296875 0.65 0.6296875 0.65 0.62421875
0 0.40277777812500004 0.36328125 0.39027777812500003 0.36171875 0.3875 0.3671875 0.39027777812500003 0.36875 0.4 0.36875 0.40277777812500004 0.36328125
0 0.6972222218749999 0.628125 0.7083333328125 0.61875 0.7083333328125 0.61328125 0.702777778125 0.61171875 0.690277778125 0.61171875 0.6875 0.61328125 0.6875 0.6234375 0.69305555625 0.628125 0.6972222218749999 0.628125
0 0.9986111109375001 0.678125 0.997222221875 0.66328125 0.98194444375 0.66171875 0.9763888890624999 0.66484375 0.9763888890624999 0.6796875 0.99444444375 0.68125 0.9986111109375001 0.678125
0 0.5916666671875 0.6796875 0.6 0.6734375 0.6 0.66328125 0.597222221875 0.66171875 0.56805555625 0.66171875 0.565277778125 0.66328125 0.565277778125 0.6796875 0.56805555625 0.68125 0.5916666671875 0.6796875
0 0.4916666671875 0.34609375 0.4861111109375 0.34296875 0.4791666671875 0.34296875 0.4763888890625 0.35625 0.4791666671875 0.359375 0.4861111109375 0.359375 0.4916666671875 0.34609375
0 0.1611111109375 0.4609375 0.1666666671875 0.45625 0.1666666671875 0.45078125 0.16388888906250001 0.44921875 0.1458333328125 0.44921875 0.14305555625 0.45078125 0.1458333328125 0.4578125 0.1541666671875 0.4609375 0.1611111109375 0.4609375
0 0.98194444375 0.68125 0.997222221875 0.6796875 0.997222221875 0.66484375 0.99444444375 0.66328125 0.984722221875 0.66328125 0.9833333328125 0.66171875 0.9680555562500001 0.66171875 0.965277778125 0.66328125 0.965277778125 0.66875 0.9736111109375001 0.678125 0.98194444375 0.68125