0 0.20972222187499998 0.20625 0.23333333281250002 0.20625 0.24444444375000002 0.2015625 0.24722222187499998 0.19453125 0.25 0.19375 0.25 0.18828125 0.2416666671875 0.18046875 0.20138888906250002 0.18046875 0.1986111109375 0.18203125 0.1986111109375 0.2 0.20138888906250002 0.203125 0.20972222187499998 0.20625
0 0.6888888890625 0.146875 0.7 0.14375 0.7111111109375 0.1359375 0.7111111109375 0.12578125 0.7083333328125 0.12421875 0.6791666671875001 0.12421875 0.6763888890625 0.12578125 0.6791666671875001 0.146875 0.6888888890625 0.146875
0 0.43194444374999996 0.59375 0.45 0.59375 0.4611111109375 0.584375 0.4583333328125 0.57578125 0.45277777812500003 0.57421875 0.4236111109375 0.57421875 0.42083333281249996 0.57578125 0.42083333281249996 0.5875 0.4236111109375 0.590625 0.43194444374999996 0.59375
0 0.590277778125 0.5875 0.6111111109375 0.5859375 0.622222221875 0.5796875 0.622222221875 0.56328125 0.61944444375 0.56171875 0.5791666671875 0.56171875 0.5763888890625 0.56328125 0.5763888890625 0.58125 0.5791666671875 0.584375 0.590277778125 0.5875
0 0.6083333328125 0.1625 0.622222221875 0.1546875 0.622222221875 0.14453125 0.61944444375 0.14296875 0.590277778125 0.14296875 0.5875 0.14453125 0.5875 0.1609375 0.590277778125 0.1625 0.6083333328125 0.1625
0 0.33055555625 0.325 0.3375 0.328125 0.35 0.328125 0.3638888890625 0.3203125 0.3638888890625 0.31796875 0.372222221875 0.3109375 0.372222221875 0.30703125 0.36944444375 0.30625 0.36666666718749996 0.30078125 0.3638888890625 0.29921875 0.3236111109375 0.29921875 0.32083333281250004 0.30078125 0.32083333281250004 0.3234375 0.3236111109375 0.325 0.33055555625 0.325
0 0.7361111109375 0.48125 0.7333333328125 0.46328125 0.7013888890625 0.46171875 0.6986111109375 0.46328125 0.6986111109375 0.4859375 0.73055555625 0.4875 0.7361111109375 0.48125
0 0.44166666718750003 0.56875 0.45555555625000005 0.5609375 0.45555555625000005 0.55078125 0.45277777812500003 0.54921875 0.4236111109375 0.54921875 0.42083333281249996 0.55078125 0.42083333281249996 0.5671875 0.4236111109375 0.56875 0.44166666718750003 0.56875
0 0.7986111109375 0.575 0.8027777781250001 0.575 0.8041666671875 0.5765625 0.8388888890624999 0.575 0.840277778125 0.5734375 0.8444444437499999 0.5734375 0.8444444437499999 0.57109375 0.85555555625 0.565625 0.85555555625 0.55078125 0.8486111109375001 0.54921875 0.8416666671874999 0.54296875 0.7986111109375 0.54296875 0.790277778125 0.54609375 0.790277778125 0.5484375 0.7875 0.54921875 0.7875 0.5671875 0.7986111109375 0.575
0 0.4263888890625 0.60625 0.43333333281249997 0.6046875 0.43333333281249997 0.59609375 0.427777778125 0.59296875 0.40416666718750005 0.59296875 0.3986111109375 0.59609375 0.3986111109375 0.60625 0.40416666718750005 0.6109375 0.41944444374999995 0.6109375 0.4263888890625 0.60625
0 0.752777778125 0.6484375 0.7597222218749999 0.64375 0.7666666671875 0.6421875 0.7666666671875 0.63828125 0.76944444375 0.6375 0.76944444375 0.62734375 0.7666666671875 0.6265625 0.7666666671875 0.62265625 0.75555555625 0.61796875 0.7236111109375 0.61796875 0.7208333328125 0.61953125 0.7208333328125 0.6421875 0.73194444375 0.6484375 0.752777778125 0.6484375
0 0.45277777812500003 0.225 0.45555555625000005 0.20703125 0.4236111109375 0.20546875 0.42083333281249996 0.20703125 0.4236111109375 0.221875 0.43194444374999996 0.225 0.45277777812500003 0.225
0 0.2138888890625 0.37109375 0.20833333281250002 0.36796875 0.17916666718750002 0.36796875 0.1763888890625 0.3859375 0.20833333281250002 0.3875 0.2138888890625 0.38125 0.2138888890625 0.37109375
0 0.5166666671875 0.5875 0.522222221875 0.5859375 0.525 0.58046875 0.5305555562500001 0.5796875 0.5333333328125 0.56953125 0.525 0.56328125 0.51944444375 0.56171875 0.4791666671875 0.56171875 0.4763888890625 0.56328125 0.4763888890625 0.5796875 0.4875 0.5859375 0.49305555625 0.5875 0.5166666671875 0.5875
0 0.5416666671875 0.29296875 0.5097222218749999 0.29453125 0.5125 0.30625 0.5388888890625 0.30625 0.54444444375 0.303125 0.5416666671875 0.29296875
0 0.2611111109375 0.13125 0.26944444375 0.121875 0.2666666671875 0.10703125 0.2638888890625 0.10546875 0.2375 0.10546875 0.23194444375 0.10859375 0.23194444375 0.1296875 0.23472222187499997 0.13125 0.2611111109375 0.13125
0 0.7861111109375 0.2375 0.797222221875 0.228125 0.797222221875 0.22109375 0.7888888890625 0.21796875 0.76805555625 0.21796875 0.765277778125 0.21953125 0.765277778125 0.2359375 0.76805555625 0.2375 0.7861111109375 0.2375
0 0.9055555562500001 0.1875 0.9138888890624999 0.1796875 0.9111111109375001 0.16328125 0.9055555562500001 0.16171875 0.8791666671874999 0.16171875 0.8763888890624999 0.16328125 0.8763888890624999 0.184375 0.8819444437499999 0.1875 0.9055555562500001 0.1875
0 0.11944444375 0.1875 0.1166666671875 0.18046875 0.090277778125 0.18046875 0.0875 0.18203125 0.0875 0.1921875 0.090277778125 0.19375 0.10833333281249999 0.19375 0.11944444375 0.1875
0 0.46388888906250003 0.525 0.475 0.521875 0.48055555625 0.515625 0.48055555625 0.50546875 0.475 0.49921875 0.4486111109375 0.49921875 0.44305555625000004 0.50234375 0.44305555625000004 0.521875 0.4486111109375 0.525 0.46388888906250003 0.525
0 0.6861111109375 0.1828125 0.690277778125 0.1859375 0.7083333328125 0.1859375 0.715277778125 0.18125 0.722222221875 0.1796875 0.722222221875 0.16328125 0.7194444437499999 0.16171875 0.68194444375 0.16328125 0.6763888890625 0.16796875 0.6763888890625 0.1796875 0.68194444375 0.1828125 0.6861111109375 0.1828125
0 0.95555555625 0.46875 0.9666666671874999 0.4609375 0.9638888890624999 0.44609375 0.95555555625 0.44296875 0.9236111109375 0.44296875 0.9208333328125 0.44453125 0.9208333328125 0.4671875 0.9236111109375 0.46875 0.95555555625 0.46875
0 0.7833333328125 0.70625 0.784722221875 0.7046875 0.7916666671875 0.7046875 0.7958333328125 0.7015625 0.8055555562500001 0.7 0.8111111109375001 0.696875 0.8111111109375001 0.68046875 0.8055555562500001 0.67578125 0.8 0.67421875 0.7597222218749999 0.67421875 0.7541666671875 0.67734375 0.7541666671875 0.6984375 0.7611111109375 0.7 0.76805555625 0.7046875 0.7833333328125 0.70625
0 0.797222221875 0.49375 0.8083333328125001 0.484375 0.8083333328125001 0.47578125 0.76805555625 0.47421875 0.765277778125 0.47578125 0.765277778125 0.4921875 0.76805555625 0.49375 0.797222221875 0.49375
0 0.077777778125 0.15625 0.077777778125 0.15078125 0.05694444375 0.14921875 0.054166667187499996 0.1609375 0.05694444375 0.1625 0.072222221875 0.1609375 0.077777778125 0.15625
0 0.22638888906250001 0.2609375 0.2416666671875 0.2625 0.25555555625 0.2546875 0.25555555625 0.25234375 0.2638888890625 0.2484375 0.2638888890625 0.24609375 0.2666666671875 0.2453125 0.2666666671875 0.23828125 0.2638888890625 0.23671875 0.2236111109375 0.23671875 0.2208333328125 0.23828125 0.2208333328125 0.25625 0.22638888906250001 0.2609375
0 0.177777778125 0.1359375 0.1888888890625 0.13125 0.1916666671875 0.1234375 0.1888888890625 0.11328125 0.1861111109375 0.11171875 0.15694444375 0.11171875 0.1541666671875 0.11328125 0.1541666671875 0.1296875 0.165277778125 0.1359375 0.177777778125 0.1359375
0 0.03194444375 0.521875 0.027777778125000003 0.52421875 0.0236111109375 0.52421875 0.0236111109375 0.5265625 0.0208333328125 0.52734375 0.0208333328125 0.534375 0.026388889062499997 0.5375 0.05 0.5375 0.0666666671875 0.528125 0.0666666671875 0.51484375 0.061111110937500004 0.51171875 0.04305555625 0.51171875 0.0416666671875 0.51328125 0.034722221875 0.51328125 0.03194444375 0.521875
0 0.8013888890624999 0.1875 0.8166666671874999 0.1875 0.8222222218749999 0.184375 0.8222222218749999 0.17734375 0.827777778125 0.1734375 0.8222222218749999 0.16328125 0.8194444437499999 0.16171875 0.790277778125 0.16171875 0.7875 0.16328125 0.7875 0.1796875 0.790277778125 0.1828125 0.8013888890624999 0.1875
0 0.0861111109375 0.340625 0.090277778125 0.3375 0.1 0.3359375 0.1 0.32421875 0.09444444375 0.31953125 0.0888888890625 0.31796875 0.05694444375 0.31796875 0.054166667187499996 0.31953125 0.054166667187499996 0.3375 0.059722221875 0.3421875 0.075 0.34375 0.0861111109375 0.340625
0 0.5333333328125 0.40859375 0.527777778125 0.40546875 0.5125 0.40546875 0.5097222218749999 0.4171875 0.527777778125 0.41875 0.5333333328125 0.415625 0.5333333328125 0.40859375
0 0.6888888890625 0.54765625 0.7 0.5421875 0.7 0.53203125 0.6972222218749999 0.53046875 0.6569444437499999 0.53203125 0.6541666671875 0.5546875 0.6569444437499999 0.55625 0.6861111109375 0.55625 0.6888888890625 0.54765625
0 0.46666666718750005 0.25 0.46805555625000006 0.2515625 0.475 0.2515625 0.4861111109375 0.2484375 0.4888888890625 0.23359375 0.48333333281249996 0.23046875 0.45694444375 0.23046875 0.45416666718750004 0.23203125 0.45416666718750004 0.2484375 0.45694444375 0.25 0.46666666718750005 0.25
0 0.030555556249999997 0.14375 0.0333333328125 0.1421875 0.0333333328125 0.13203125 0.030555556249999997 0.13046875 0.0125 0.13046875 0.009722221875000001 0.13203125 0.009722221875000001 0.1421875 0.0125 0.14375 0.030555556249999997 0.14375
0 0.95694444375 0.2859375 0.975 0.2875 0.9763888890624999 0.2859375 0.98055555625 0.2859375 0.9916666671875 0.278125 0.9916666671875 0.26328125 0.9888888890624999 0.2625 0.9888888890624999 0.26015625 0.977777778125 0.25546875 0.95694444375 0.25546875 0.9541666671875 0.25703125 0.9541666671875 0.2828125 0.95694444375 0.28359375 0.95694444375 0.2859375
0 0.0666666671875 0.3734375 0.0666666671875 0.37109375 0.075 0.3671875 0.077777778125 0.35703125 0.0666666671875 0.34921875 0.0236111109375 0.34921875 0.0208333328125 0.35078125 0.0208333328125 0.3734375 0.0236111109375 0.375 0.061111110937500004 0.375 0.0666666671875 0.3734375
0 0.1888888890625 0.3078125 0.190277778125 0.30625 0.197222221875 0.30625 0.2 0.30234375 0.20555555625 0.3 0.20555555625 0.29296875 0.197222221875 0.28671875 0.16805555625 0.28671875 0.165277778125 0.28828125 0.165277778125 0.3046875 0.1708333328125 0.3078125 0.1888888890625 0.3078125
0 0.772222221875 0.6125 0.777777778125 0.609375 0.775 0.58984375 0.7666666671875 0.58671875 0.734722221875 0.58671875 0.73194444375 0.58828125 0.73194444375 0.6109375 0.7458333328125 0.6140625 0.772222221875 0.6125
0 0.897222221875 0.54375 0.902777778125 0.5359375 0.9 0.52578125 0.897222221875 0.52421875 0.8736111109375001 0.52578125 0.8652777781250001 0.53203125 0.8652777781250001 0.5421875 0.8680555562500001 0.54375 0.897222221875 0.54375
0 0.8611111109375 0.6546875 0.8666666671875 0.65 0.8666666671875 0.63984375 0.8611111109375 0.63671875 0.834722221875 0.63671875 0.83194444375 0.63828125 0.83194444375 0.653125 0.8375 0.65625 0.8611111109375 0.6546875
0 0.5527777781250001 0.6375 0.5555555562500001 0.6359375 0.5555555562500001 0.62578125 0.5527777781250001 0.62421875 0.534722221875 0.62421875 0.5319444437499999 0.62578125 0.5319444437499999 0.6359375 0.534722221875 0.6375 0.5527777781250001 0.6375
0 0.29722222187499997 0.6 0.3 0.596875 0.29722222187499997 0.58828125 0.2888888890625 0.58671875 0.26805555625 0.58671875 0.26527777812500003 0.58828125 0.26805555625 0.6046875 0.28611111093749997 0.6046875 0.29305555625 0.6 0.29722222187499997 0.6
0 0.7083333328125 0.23125 0.7111111109375 0.22734375 0.7194444437499999 0.2234375 0.7194444437499999 0.21953125 0.7083333328125 0.21171875 0.690277778125 0.21171875 0.6875 0.21328125 0.6875 0.2296875 0.690277778125 0.23125 0.7083333328125 0.23125
0 0.0625 0.1 0.097222221875 0.1 0.10833333281249999 0.0921875 0.10833333281249999 0.08203125 0.1 0.078125 0.097222221875 0.07421875 0.05694444375 0.07421875 0.054166667187499996 0.07578125 0.054166667187499996 0.0953125 0.05694444375 0.0984375 0.0625 0.1
0 0.7583333328124999 0.2 0.7666666671875 0.19375 0.7666666671875 0.18359375 0.7611111109375 0.18046875 0.734722221875 0.18046875 0.73194444375 0.18203125 0.73194444375 0.1984375 0.7402777781250001 0.2015625 0.7583333328124999 0.2
0 0.597222221875 0.2375 0.6111111109375 0.228125 0.6083333328125 0.21953125 0.602777778125 0.21796875 0.5791666671875 0.21796875 0.5763888890625 0.21953125 0.5763888890625 0.2359375 0.5791666671875 0.2375 0.597222221875 0.2375
0 0.5083333328124999 0.36875 0.50555555625 0.36171875 0.4791666671875 0.36171875 0.4763888890625 0.36328125 0.4763888890625 0.3734375 0.4791666671875 0.375 0.497222221875 0.375 0.5083333328124999 0.36875
0 0.1541666671875 0.4 0.175 0.4 0.177777778125 0.3984375 0.177777778125 0.39296875 0.18055555625 0.3921875 0.175 0.37734375 0.1666666671875 0.37421875 0.1458333328125 0.37421875 0.14305555625 0.37578125 0.14305555625 0.3921875 0.1513888890625 0.39609375 0.1541666671875 0.4
0 0.6263888890625 0.1890625 0.6388888890625 0.1859375 0.64444444375 0.1796875 0.64444444375 0.16953125 0.6416666671875 0.16796875 0.6236111109375 0.16796875 0.6208333328125 0.16953125 0.6208333328125 0.1859375 0.6263888890625 0.1890625
0 0.397222221875 0.23125 0.40833333281249995 0.2234375 0.41111111093749997 0.21328125 0.40833333281249995 0.21171875 0.3791666671875 0.21171875 0.3763888890625 0.21328125 0.3763888890625 0.2296875 0.3791666671875 0.23125 0.397222221875 0.23125
0 0.06527777812499999 0.0625 0.0861111109375 0.0625 0.1 0.0515625 0.1 0.04609375 0.09444444375 0.04296875 0.05694444375 0.04296875 0.054166667187499996 0.04453125 0.054166667187499996 0.05625 0.05694444375 0.05703125 0.05694444375 0.059375 0.06527777812499999 0.0625
0 0.875 0.2125 0.8888888890625 0.2046875 0.8888888890625 0.19453125 0.8861111109375001 0.19296875 0.85694444375 0.19296875 0.8541666671874999 0.19453125 0.8541666671874999 0.2109375 0.85694444375 0.2125 0.875 0.2125
0 0.8138888890624999 0.1984375 0.8138888890624999 0.18984375 0.8083333328125001 0.18671875 0.7791666671875 0.18671875 0.7763888890625 0.18828125 0.7763888890625 0.196875 0.7819444437499999 0.2 0.8027777781250001 0.2015625 0.8138888890624999 0.1984375
0 0.0375 0.10625 0.052777778124999994 0.103125 0.052777778124999994 0.10078125 0.058333332812500006 0.0984375 0.055555556250000006 0.08984375 0.05 0.08671875 0.034722221875 0.08671875 0.03194444375 0.08828125 0.03194444375 0.103125 0.0375 0.10625
0 0.352777778125 0.2140625 0.3625 0.2203125 0.372222221875 0.221875 0.377777778125 0.2171875 0.377777778125 0.20703125 0.375 0.20546875 0.3458333328125 0.20546875 0.34305555625 0.20703125 0.34305555625 0.2109375 0.34861111093749997 0.2140625 0.352777778125 0.2140625
0 0.952777778125 0.49375 0.95555555625 0.48984375 0.9638888890624999 0.4859375 0.9638888890624999 0.48046875 0.9611111109375001 0.4796875 0.9611111109375001 0.47734375 0.952777778125 0.47421875 0.9236111109375 0.47421875 0.9208333328125 0.47578125 0.9208333328125 0.4875 0.934722221875 0.49375 0.952777778125 0.49375
0 0.49444444374999996 0.60625 0.50555555625 0.5984375 0.50555555625 0.58828125 0.4791666671875 0.58671875 0.4763888890625 0.58828125 0.4763888890625 0.6046875 0.4791666671875 0.60625 0.49444444374999996 0.60625
0 0.63055555625 0.25 0.6361111109375 0.24296875 0.6416666671875 0.240625 0.6361111109375 0.23203125 0.6125 0.23046875 0.609722221875 0.23203125 0.609722221875 0.2484375 0.6125 0.25 0.63055555625 0.25
0 0.9763888890624999 0.490625 0.965277778125 0.49453125 0.965277778125 0.5046875 0.9680555562500001 0.50625 0.98055555625 0.50625 0.98194444375 0.5078125 0.997222221875 0.50625 0.997222221875 0.48046875 0.984722221875 0.48203125 0.984722221875 0.484375 0.9763888890624999 0.48828125 0.9763888890624999 0.490625
0 0.3416666671875 0.25 0.34722222187499996 0.246875 0.34722222187499996 0.24453125 0.352777778125 0.2421875 0.352777778125 0.23828125 0.34722222187499996 0.2359375 0.34722222187499996 0.23359375 0.3416666671875 0.23046875 0.3236111109375 0.23046875 0.32083333281250004 0.23203125 0.32083333281250004 0.246875 0.3263888890625 0.25 0.3416666671875 0.25
0 0.675 0.425 0.6888888890625 0.4171875 0.6888888890625 0.41328125 0.6861111109375 0.4125 0.6861111109375 0.41015625 0.675 0.40546875 0.6569444437499999 0.40546875 0.6541666671875 0.40703125 0.6541666671875 0.4234375 0.6569444437499999 0.425 0.675 0.425
0 0.425 0.3609375 0.42222222187499997 0.34609375 0.4166666671875 0.34296875 0.39027777812500003 0.34296875 0.3875 0.34453125 0.39027777812500003 0.3609375 0.42222222187499997 0.3625 0.425 0.3609375
0 0.51944444375 0.22421875 0.490277778125 0.22421875 0.4875 0.22578125 0.490277778125 0.2375 0.5111111109375 0.2375 0.522222221875 0.23125 0.51944444375 0.22421875
0 0.95 0.1625 0.9583333328125001 0.153125 0.95555555625 0.13984375 0.95 0.13671875 0.9236111109375 0.13671875 0.9208333328125 0.13828125 0.9236111109375 0.1609375 0.9263888890624999 0.1625 0.95 0.1625
0 0.43333333281249997 0.2484375 0.43333333281249997 0.23984375 0.427777778125 0.23671875 0.40138888906250003 0.23671875 0.3986111109375 0.23828125 0.3986111109375 0.2484375 0.40138888906250003 0.2515625 0.41944444374999995 0.253125 0.43333333281249997 0.2484375
0 0.4888888890625 0.2234375 0.4888888890625 0.20703125 0.46805555625000006 0.20546875 0.46527777812500004 0.20703125 0.46527777812500004 0.2234375 0.4861111109375 0.225 0.4888888890625 0.2234375
0 0.1375 0.0625 0.15 0.0609375 0.1583333328125 0.0546875 0.1583333328125 0.04921875 0.15277777812499999 0.04296875 0.134722221875 0.04296875 0.13194444375 0.04453125 0.13194444375 0.059375 0.1375 0.0625
0 0.20555555625 0.1 0.20694444375 0.0984375 0.21111111093749999 0.0984375 0.222222221875 0.090625 0.222222221875 0.07734375 0.2138888890625 0.07421875 0.190277778125 0.07421875 0.1875 0.07578125 0.1875 0.09375 0.19305555624999998 0.0984375 0.20555555625 0.1
0 0.2236111109375 0.10703125 0.2236111109375 0.109375 0.23055555625 0.109375 0.2375 0.10625 0.24444444375000002 0.10625 0.252777778125 0.1 0.252777778125 0.09296875 0.2416666671875 0.08671875 0.2236111109375 0.08671875 0.2208333328125 0.08828125 0.2208333328125 0.10625 0.2236111109375 0.10703125
0 0.9416666671874999 0.3484375 0.952777778125 0.3421875 0.952777778125 0.33359375 0.9444444437499999 0.33046875 0.9236111109375 0.33046875 0.9208333328125 0.33203125 0.9208333328125 0.346875 0.9236111109375 0.3484375 0.9416666671874999 0.3484375
0 0.1666666671875 0.471875 0.16388888906250001 0.46171875 0.134722221875 0.46171875 0.13194444375 0.46328125 0.13194444375 0.4734375 0.140277778125 0.4765625 0.15277777812499999 0.4765625 0.1666666671875 0.471875
0 0.64444444375 0.45234375 0.6388888890625 0.44921875 0.6125 0.44921875 0.609722221875 0.45078125 0.6125 0.4625 0.6388888890625 0.4625 0.6416666671875 0.4609375 0.64444444375 0.45234375
0 0.8416666671874999 0.19375 0.8444444437499999 0.18984375 0.85555555625 0.1828125 0.85555555625 0.17734375 0.85 0.17421875 0.8263888890625 0.17421875 0.8208333328125 0.17734375 0.8208333328125 0.1921875 0.8236111109375001 0.19375 0.8416666671874999 0.19375
0 0.877777778125 0.4125 0.877777778125 0.40078125 0.85694444375 0.39921875 0.8541666671874999 0.4140625 0.85694444375 0.4171875 0.8666666671875 0.4171875 0.877777778125 0.4125
0 0.652777778125 0.41171875 0.6319444437499999 0.41328125 0.6319444437499999 0.421875 0.6375 0.425 0.6555555562500001 0.4234375 0.652777778125 0.41171875
0 0.177777778125 0.0734375 0.177777778125 0.05703125 0.15694444375 0.05546875 0.1541666671875 0.05703125 0.1541666671875 0.0734375 0.175 0.075 0.177777778125 0.0734375
0 0.397222221875 0.3265625 0.39444444375 0.31953125 0.3888888890625 0.31796875 0.36805555624999997 0.31796875 0.365277778125 0.31953125 0.36805555624999997 0.3359375 0.377777778125 0.3359375 0.39444444375 0.3296875 0.397222221875 0.3265625
0 0.702777778125 0.40078125 0.690277778125 0.39921875 0.6875 0.4109375 0.6972222218749999 0.4125 0.702777778125 0.409375 0.702777778125 0.40078125
0 0.8416666671874999 0.2171875 0.8444444437499999 0.20859375 0.8388888890624999 0.20546875 0.8125 0.20546875 0.809722221875 0.20703125 0.8125 0.2234375 0.825 0.2234375 0.8375 0.2171875 0.8416666671874999 0.2171875
0 0.055555556250000006 0.18828125 0.034722221875 0.18671875 0.03194444375 0.1984375 0.034722221875 0.2 0.052777778124999994 0.1984375 0.055555556250000006 0.18828125
0 0.26527777812500003 0.3625 0.2833333328125 0.3625 0.29722222187499997 0.3546875 0.29722222187499997 0.34921875 0.29444444375 0.3484375 0.29444444375 0.34609375 0.28611111093749997 0.34296875 0.25694444375000003 0.34296875 0.2541666671875 0.34453125 0.2541666671875 0.35625 0.25694444375000003 0.35703125 0.25694444375000003 0.359375 0.26527777812500003 0.3625
0 0.0888888890625 0.20703125 0.0861111109375 0.20546875 0.06805555625000001 0.20546875 0.06527777812499999 0.215625 0.07083333281250001 0.21875 0.0861111109375 0.2171875 0.0888888890625 0.20703125
0 0.8708333328125001 0.4859375 0.8861111109375001 0.4828125 0.8916666671875 0.4796875 0.8916666671875 0.46953125 0.8861111109375001 0.46796875 0.8680555562500001 0.46796875 0.8652777781250001 0.46953125 0.8652777781250001 0.48125 0.8708333328125001 0.4859375
0 0.5527777781250001 0.60703125 0.54444444375 0.60546875 0.5236111109375 0.60546875 0.5208333328125 0.60703125 0.5236111109375 0.621875 0.5361111109375 0.621875 0.55 0.6171875 0.5527777781250001 0.60703125
0 0.952777778125 0.1765625 0.95 0.16796875 0.9208333328125 0.16953125 0.9236111109375 0.1828125 0.9388888890624999 0.1828125 0.95 0.1796875 0.952777778125 0.1765625
0 0.975 0.178125 0.98194444375 0.1734375 0.9861111109375 0.1734375 0.997222221875 0.16875 0.997222221875 0.16171875 0.99444444375 0.15859375 0.9861111109375 0.15546875 0.95694444375 0.15546875 0.9541666671875 0.15703125 0.9541666671875 0.1703125 0.959722221875 0.1765625 0.965277778125 0.178125 0.975 0.178125
0 0.54444444375 0.353125 0.54444444375 0.34453125 0.5236111109375 0.34296875 0.5208333328125 0.353125 0.5263888890625 0.35625 0.5388888890625 0.35625 0.54444444375 0.353125
0 0.9444444437499999 0.4046875 0.9416666671874999 0.39921875 0.9125 0.39921875 0.909722221875 0.40078125 0.909722221875 0.4046875 0.9236111109375 0.409375 0.9416666671874999 0.4078125 0.9444444437499999 0.4046875
0 0.43333333281249997 0.265625 0.43055555625 0.25546875 0.40138888906250003 0.25546875 0.3986111109375 0.25703125 0.40138888906250003 0.2640625 0.40972222187499996 0.26875 0.43055555625 0.26875 0.43333333281249997 0.265625
0 0.9888888890624999 0.23828125 0.95694444375 0.23671875 0.9541666671875 0.23828125 0.9541666671875 0.246875 0.9666666671874999 0.2484375 0.9708333328125001 0.2453125 0.9861111109375 0.24375 0.9888888890624999 0.23828125
0 0.309722221875 0.62109375 0.309722221875 0.6296875 0.3125 0.63125 0.3333333328125 0.6296875 0.3361111109375 0.62421875 0.3416666671875 0.621875 0.3361111109375 0.61328125 0.32083333281250004 0.61171875 0.3125 0.61484375 0.3125 0.6203125 0.309722221875 0.62109375
0 0.6777777781250001 0.5859375 0.6777777781250001 0.57578125 0.675 0.57421875 0.6569444437499999 0.57421875 0.6541666671875 0.57578125 0.6541666671875 0.590625 0.6666666671875 0.5921875 0.6777777781250001 0.5859375
0 0.0416666671875 0.04921875 0.0236111109375 0.04921875 0.0208333328125 0.05078125 0.0208333328125 0.0546875 0.026388889062499997 0.059375 0.04444444375 0.05625 0.0416666671875 0.04921875
0 0.075 0.3875 0.075 0.37578125 0.072222221875 0.37421875 0.0236111109375 0.37421875 0.0208333328125 0.37578125 0.0208333328125 0.3921875 0.029166667187500002 0.3953125 0.058333332812500006 0.3953125 0.075 0.3875
0 0.6416666671875 0.3890625 0.6416666671875 0.38203125 0.6236111109375 0.38046875 0.6208333328125 0.38203125 0.6208333328125 0.3921875 0.6333333328124999 0.39375 0.6416666671875 0.3890625
0 0.65 0.4046875 0.6555555562500001 0.39453125 0.652777778125 0.39296875 0.6347222218749999 0.39296875 0.6319444437499999 0.39453125 0.6319444437499999 0.4046875 0.6347222218749999 0.40625 0.65 0.4046875
0 0.447222221875 0.50078125 0.434722221875 0.49921875 0.43194444374999996 0.50625 0.434722221875 0.5109375 0.44166666718750003 0.5109375 0.447222221875 0.50078125
0 0.7708333328125 0.2125 0.7805555562500001 0.2109375 0.7861111109375 0.2078125 0.7888888890625 0.20234375 0.7833333328125 0.19921875 0.76805555625 0.19921875 0.765277778125 0.20078125 0.765277778125 0.209375 0.7708333328125 0.2125
0 0.95555555625 0.51328125 0.952777778125 0.51171875 0.9236111109375 0.51171875 0.9208333328125 0.521875 0.9236111109375 0.525 0.9416666671874999 0.525 0.952777778125 0.5203125 0.95555555625 0.51328125
0 0.4916666671875 0.6796875 0.4888888890625 0.66328125 0.46805555625000006 0.66171875 0.46527777812500004 0.66328125 0.46527777812500004 0.678125 0.47083333281249995 0.68125 0.4916666671875 0.6796875
0 0.9277777781250001 0.27578125 0.9125 0.27421875 0.909722221875 0.27578125 0.909722221875 0.2859375 0.922222221875 0.2875 0.9277777781250001 0.27578125
0 0.15555555625 0.1625 0.1583333328125 0.15078125 0.134722221875 0.14921875 0.13194444375 0.15078125 0.134722221875 0.165625 0.14444444375 0.165625 0.15555555625 0.1625
0 0.902777778125 0.29453125 0.890277778125 0.29296875 0.8875 0.3015625 0.890277778125 0.3046875 0.897222221875 0.3046875 0.902777778125 0.29453125
0 0.2166666671875 0.3328125 0.222222221875 0.33125 0.23055555625 0.32109375 0.222222221875 0.31796875 0.20138888906250002 0.31796875 0.1986111109375 0.31953125 0.1986111109375 0.3296875 0.20138888906250002 0.3328125 0.2166666671875 0.3328125
0 0.6555555562500001 0.4046875 0.6555555562500001 0.39453125 0.652777778125 0.39296875 0.6347222218749999 0.39296875 0.6319444437499999 0.39453125 0.6319444437499999 0.4046875 0.65 0.4078125 0.6555555562500001 0.4046875
0 0.747222221875 0.20859375 0.7416666671875001 0.20546875 0.7236111109375 0.20546875 0.7208333328125 0.20703125 0.7208333328125 0.2171875 0.7236111109375 0.21875 0.74444444375 0.2171875 0.747222221875 0.20859375
0 0.5111111109375 0.16953125 0.490277778125 0.16796875 0.4875 0.1796875 0.50555555625 0.18125 0.5111111109375 0.178125 0.5111111109375 0.16953125
0 0.24444444375000002 0.078125 0.24444444375000002 0.06328125 0.2236111109375 0.06171875 0.2208333328125 0.078125 0.22638888906250001 0.08125 0.2388888890625 0.08125 0.24444444375000002 0.078125
0 0.7805555562500001 0.38828125 0.775 0.38671875 0.7541666671875 0.38828125 0.7541666671875 0.396875 0.7597222218749999 0.4 0.777777778125 0.3984375 0.7805555562500001 0.38828125
0 0.25833333281250004 0.33203125 0.252777778125 0.33046875 0.23194444375 0.33203125 0.23194444375 0.340625 0.2375 0.34375 0.25555555625 0.3421875 0.25833333281250004 0.33203125
0 0.7194444437499999 0.4375 0.7194444437499999 0.43046875 0.7138888890625 0.42578125 0.7083333328125 0.42421875 0.6875 0.42578125 0.690277778125 0.4375 0.7013888890625 0.440625 0.7111111109375 0.440625 0.7194444437499999 0.4375
0 0.9111111109375001 0.57578125 0.9013888890624999 0.57421875 0.8986111109375001 0.5828125 0.9013888890624999 0.5859375 0.9083333328125001 0.5859375 0.9111111109375001 0.57578125
0 0.38055555625 0.3359375 0.39444444375 0.3296875 0.397222221875 0.32109375 0.3888888890625 0.31796875 0.36805555624999997 0.31796875 0.365277778125 0.31953125 0.365277778125 0.3328125 0.36805555624999997 0.3359375 0.38055555625 0.3359375
0 0.11944444375 0.32890625 0.1125 0.32890625 0.109722221875 0.3359375 0.11944444375 0.3375 0.12222222187500001 0.33203125 0.11944444375 0.32890625
0 0.147222221875 0.3078125 0.14444444375 0.29921875 0.1375 0.29765625 0.1361111109375 0.29453125 0.12361111093749999 0.29296875 0.1208333328125 0.29453125 0.12361111093749999 0.3109375 0.1416666671875 0.3125 0.147222221875 0.3078125
0 0.6555555562500001 0.51171875 0.6319444437499999 0.51328125 0.6347222218749999 0.51875 0.6638888890625 0.5171875 0.6638888890625 0.51484375 0.6555555562500001 0.51171875
0 0.0166666671875 0.17578125 0.0083333328125 0.16796875 0.0013888890625 0.16796875 0 0.1796875 0.0083333328125 0.18125 0.0166666671875 0.178125 0.0166666671875 0.17578125
0 0.06944444375 0.11484375 0.0638888890625 0.11171875 0.05694444375 0.11171875 0.054166667187499996 0.1234375 0.0638888890625 0.125 0.06944444375 0.121875 0.06944444375 0.11484375