0 0.030555556249999997 0.23125 0.0416666671875 0.2234375 0.0416666671875 0.21484375 0.0333333328125 0.21171875 0.0125 0.21171875 0.009722221875000001 0.21328125 0.009722221875000001 0.2296875 0.0125 0.23125 0.030555556249999997 0.23125
0 0.0861111109375 0.4796875 0.09444444375 0.471875 0.0916666671875 0.46328125 0.0861111109375 0.46171875 0.05694444375 0.46171875 0.054166667187499996 0.46328125 0.054166667187499996 0.4796875 0.05694444375 0.48125 0.0861111109375 0.4796875
0 0.8222222218749999 0.52734375 0.8166666671874999 0.52421875 0.790277778125 0.52421875 0.7875 0.52578125 0.7875 0.5359375 0.790277778125 0.5375 0.8083333328125001 0.5375 0.8222222218749999 0.5296875 0.8222222218749999 0.52734375
0 0.734722221875 0.33125 0.7416666671875001 0.33125 0.75555555625 0.3234375 0.75555555625 0.31953125 0.752777778125 0.31796875 0.734722221875 0.31796875 0.73194444375 0.31953125 0.73194444375 0.3296875 0.734722221875 0.33125
0 0.8638888890624999 0.30703125 0.8611111109375 0.30546875 0.834722221875 0.30546875 0.83194444375 0.30703125 0.83194444375 0.3171875 0.834722221875 0.31875 0.852777778125 0.31875 0.8638888890624999 0.3109375 0.8638888890624999 0.30703125
0 0.6569444437499999 0.6546875 0.6638888890625 0.6546875 0.6777777781250001 0.646875 0.6777777781250001 0.63828125 0.675 0.63671875 0.6569444437499999 0.63671875 0.6541666671875 0.63828125 0.6541666671875 0.6515625 0.6569444437499999 0.6546875
0 0.2125 0.4171875 0.22777777812500002 0.415625 0.23333333281250002 0.4109375 0.23333333281250002 0.40234375 0.22777777812500002 0.39921875 0.20138888906250002 0.39921875 0.1986111109375 0.40078125 0.1986111109375 0.4109375 0.20555555625 0.4125 0.2125 0.4171875
0 0.977777778125 0.221875 0.977777778125 0.20703125 0.975 0.20546875 0.9458333328125 0.20546875 0.94305555625 0.20703125 0.9458333328125 0.228125 0.972222221875 0.225 0.977777778125 0.221875
0 0.7083333328125 0.32578125 0.690277778125 0.32421875 0.6875 0.3359375 0.690277778125 0.3375 0.70555555625 0.3359375 0.7083333328125 0.32578125
0 0.9444444437499999 0.20703125 0.9236111109375 0.20546875 0.9208333328125 0.2234375 0.9388888890624999 0.225 0.9444444437499999 0.221875 0.9444444437499999 0.20703125
0 0.83055555625 0.3625 0.8361111109375001 0.3609375 0.8388888890624999 0.35078125 0.83055555625 0.34296875 0.8125 0.34296875 0.809722221875 0.34453125 0.809722221875 0.359375 0.815277778125 0.3625 0.83055555625 0.3625
0 0.6888888890625 0.62109375 0.6972222218749999 0.6171875 0.6972222218749999 0.61171875 0.6916666671875 0.60703125 0.6791666671875001 0.60546875 0.6763888890625 0.60703125 0.6763888890625 0.621875 0.6888888890625 0.6234375 0.6888888890625 0.62109375
0 0.43333333281249997 0.66328125 0.4125 0.66171875 0.40972222187499996 0.6734375 0.427777778125 0.675 0.43333333281249997 0.671875 0.43333333281249997 0.66328125
0 0.8083333328125001 0.5109375 0.8111111109375001 0.50234375 0.8055555562500001 0.49921875 0.7791666671875 0.49921875 0.7763888890625 0.50078125 0.7763888890625 0.5109375 0.7791666671875 0.5125 0.79444444375 0.5140625 0.8083333328125001 0.5109375
0 0.25 0.453125 0.25833333281250004 0.446875 0.25555555625 0.43203125 0.252777778125 0.43046875 0.23472222187499997 0.43046875 0.23194444375 0.43203125 0.23194444375 0.4484375 0.2375 0.453125 0.25 0.453125
0 0.9583333328125001 0.35234375 0.952777778125 0.34921875 0.9458333328125 0.34921875 0.94305555625 0.35078125 0.94305555625 0.3609375 0.952777778125 0.3625 0.9583333328125001 0.35234375
0 0.85555555625 0.58203125 0.852777778125 0.58046875 0.834722221875 0.58046875 0.83194444375 0.58203125 0.83194444375 0.5921875 0.834722221875 0.59375 0.85555555625 0.5921875 0.85555555625 0.58203125
0 0.9305555562500001 0.30703125 0.925 0.30546875 0.9013888890624999 0.30546875 0.8986111109375001 0.30703125 0.8986111109375001 0.3171875 0.9013888890624999 0.31875 0.9166666671874999 0.31875 0.9305555562500001 0.3109375 0.9305555562500001 0.30703125
0 0.872222221875 0.6078125 0.877777778125 0.6046875 0.877777778125 0.59609375 0.8861111109375001 0.58984375 0.877777778125 0.58671875 0.85694444375 0.58671875 0.8541666671874999 0.58828125 0.8541666671874999 0.6046875 0.8625 0.6078125 0.872222221875 0.6078125
0 0.5416666671875 0.55 0.54444444375 0.5484375 0.54444444375 0.54453125 0.5416666671875 0.54296875 0.534722221875 0.54296875 0.5319444437499999 0.54453125 0.5319444437499999 0.5484375 0.534722221875 0.55 0.5416666671875 0.55
0 0.0458333328125 0.640625 0.058333332812500006 0.640625 0.059722221875 0.6390625 0.0666666671875 0.6390625 0.077777778125 0.6359375 0.077777778125 0.61953125 0.075 0.61796875 0.05694444375 0.61796875 0.04305555625 0.62578125 0.04305555625 0.6375 0.0458333328125 0.640625
0 0.9111111109375001 0.45546875 0.8986111109375001 0.45703125 0.9013888890624999 0.4625 0.91944444375 0.4609375 0.91944444375 0.45703125 0.9111111109375001 0.45546875
0 0.16388888906250001 0.425 0.175 0.4171875 0.175 0.40859375 0.1666666671875 0.40546875 0.15694444375 0.40546875 0.1541666671875 0.40703125 0.1541666671875 0.4234375 0.15694444375 0.425 0.16388888906250001 0.425
0 0.1666666671875 0.6921875 0.1666666671875 0.68203125 0.15694444375 0.68046875 0.1541666671875 0.68203125 0.1541666671875 0.6921875 0.16388888906250001 0.69375 0.1666666671875 0.6921875
0 0.6777777781250001 0.309375 0.6777777781250001 0.30078125 0.66805555625 0.29921875 0.665277778125 0.30078125 0.665277778125 0.309375 0.675 0.3109375 0.6777777781250001 0.309375
0 0.7361111109375 0.3375 0.7361111109375 0.33203125 0.7125 0.33046875 0.709722221875 0.33203125 0.709722221875 0.3421875 0.727777778125 0.34375 0.7361111109375 0.3375
0 0.85 0.4125 0.8583333328125 0.40625 0.8583333328125 0.40078125 0.852777778125 0.39921875 0.834722221875 0.39921875 0.83194444375 0.40078125 0.83194444375 0.4109375 0.8375 0.4140625 0.85 0.4125
0 0.3611111109375 0.6390625 0.36666666718749996 0.6359375 0.36666666718749996 0.63359375 0.375 0.6296875 0.377777778125 0.62109375 0.372222221875 0.61796875 0.3458333328125 0.61796875 0.34305555625 0.61953125 0.34305555625 0.6359375 0.3458333328125 0.6390625 0.3611111109375 0.6390625
0 0.6236111109375 0.58828125 0.6236111109375 0.5953125 0.63055555625 0.5953125 0.63055555625 0.58828125 0.6236111109375 0.58828125
0 0.20555555625 0.43125 0.20833333281250002 0.4296875 0.20555555625 0.42109375 0.197222221875 0.41796875 0.190277778125 0.41796875 0.1875 0.41953125 0.1875 0.4296875 0.19305555624999998 0.4328125 0.20555555625 0.43125
0 0.9416666671874999 0.33046875 0.9236111109375 0.33046875 0.9208333328125 0.33203125 0.9236111109375 0.3375 0.9416666671874999 0.3375 0.9444444437499999 0.3359375 0.9416666671874999 0.33046875
0 0.76805555625 0.54921875 0.765277778125 0.55078125 0.76805555625 0.5578125 0.7888888890625 0.5546875 0.7861111109375 0.54921875 0.76805555625 0.54921875
0 0.897222221875 0.38046875 0.8791666671874999 0.38046875 0.8763888890624999 0.38203125 0.8791666671874999 0.3890625 0.897222221875 0.3890625 0.902777778125 0.3859375 0.897222221875 0.38046875
0 0.8111111109375001 0.47578125 0.8013888890624999 0.47421875 0.7986111109375 0.48125 0.8013888890624999 0.4859375 0.8083333328125001 0.4859375 0.8111111109375001 0.47578125
0 0.48055555625 0.5609375 0.48055555625 0.55703125 0.46805555625000006 0.55546875 0.46527777812500004 0.5609375 0.47083333281249995 0.5640625 0.475 0.5640625 0.48055555625 0.5609375
0 0.07638888906249999 0.7171875 0.0791666671875 0.71875 0.0861111109375 0.71875 0.09305555625 0.7140625 0.097222221875 0.7140625 0.102777778125 0.70078125 0.097222221875 0.69921875 0.0791666671875 0.70078125 0.07638888906249999 0.70390625 0.07638888906249999 0.7171875
0 0.15555555625 0.59609375 0.16388888906250001 0.59375 0.1611111109375 0.58671875 0.14305555625 0.58828125 0.1458333328125 0.6 0.15277777812499999 0.6 0.15555555625 0.59609375
0 0.925 0.425 0.9305555562500001 0.421875 0.9333333328125001 0.41484375 0.9277777781250001 0.41171875 0.9125 0.41171875 0.909722221875 0.41328125 0.909722221875 0.421875 0.915277778125 0.425 0.925 0.425
0 0.977777778125 0.41875 0.9791666671874999 0.4203125 0.9916666671875 0.4171875 0.9916666671875 0.41171875 0.977777778125 0.40546875 0.9680555562500001 0.40546875 0.965277778125 0.40703125 0.965277778125 0.4171875 0.9680555562500001 0.41875 0.977777778125 0.41875
0 0.21805555625 0.6296875 0.23055555625 0.63125 0.23611111093749998 0.628125 0.23611111093749998 0.62421875 0.2416666671875 0.6203125 0.2416666671875 0.61328125 0.2125 0.61171875 0.20972222187499998 0.61328125 0.20972222187499998 0.6234375 0.21805555625 0.62734375 0.21805555625 0.6296875
0 0.83055555625 0.50625 0.8333333328125001 0.5046875 0.8333333328125001 0.50078125 0.83055555625 0.49921875 0.8236111109375001 0.49921875 0.8208333328125 0.50078125 0.8208333328125 0.5046875 0.8236111109375001 0.50625 0.83055555625 0.50625
0 0.1125 0.41875 0.11944444375 0.41875 0.125 0.41328125 0.13333333281249998 0.4109375 0.13055555624999998 0.40546875 0.1125 0.40546875 0.109722221875 0.40703125 0.109722221875 0.4171875 0.1125 0.41875
0 0.7236111109375 0.6359375 0.7416666671875001 0.6359375 0.752777778125 0.6234375 0.752777778125 0.61953125 0.7458333328125 0.61953125 0.74444444375 0.61796875 0.7236111109375 0.61796875 0.7208333328125 0.61953125 0.7208333328125 0.63125 0.7236111109375 0.63203125 0.7236111109375 0.6359375
0 0.790277778125 0.63125 0.797222221875 0.63125 0.8 0.62734375 0.8111111109375001 0.6234375 0.8083333328125001 0.61796875 0.790277778125 0.61796875 0.7875 0.61953125 0.7875 0.6296875 0.790277778125 0.63125
0 0.7791666671875 0.56328125 0.7763888890625 0.5734375 0.7861111109375 0.575 0.7888888890625 0.56328125 0.7791666671875 0.56328125
0 0.49444444374999996 0.6125 0.5 0.609375 0.5 0.60078125 0.497222221875 0.59921875 0.4791666671875 0.59921875 0.4763888890625 0.60078125 0.4791666671875 0.6078125 0.48472222187499997 0.6109375 0.49444444374999996 0.6125
0 0.95555555625 0.1984375 0.95555555625 0.19609375 0.95 0.19296875 0.934722221875 0.19296875 0.93194444375 0.19453125 0.934722221875 0.2046875 0.9416666671874999 0.2046875 0.9486111109375001 0.2 0.95555555625 0.1984375