0 0.49791666718750005 0.21111111093749999 0.521875 0.21111111093749999 0.5296875 0.197222221875 0.5296875 0.1898148140625 0.53125 0.1888888890625 0.53125 0.16851851874999998 0.5265625 0.1490740734375 0.5234375 0.14351851875 0.4947916671875 0.14351851875 0.49322916718750004 0.146296296875 0.49322916718750004 0.20277777812500003 0.4947916671875 0.20833333281250002 0.49791666718750005 0.21111111093749999
0 0.9666666671874999 0.1361111109375 0.9692708328125 0.1361111109375 0.9697916671875 0.13888888906250002 0.9734375 0.13888888906250002 0.9770833328125 0.13333333281249998 0.9859375 0.13333333281249998 0.9875 0.12592592656249998 0.99375 0.11388888906250001 0.99375 0.09074074062500001 0.9859375 0.07685185156249999 0.9651041671874999 0.07685185156249999 0.9619791671875 0.0824074078125 0.9619791671875 0.13055555624999998 0.9661458328125001 0.13333333281249998 0.9666666671874999 0.1361111109375
0 0.6161458328125 0.20277777812500003 0.6213541671875 0.21111111093749999 0.628125 0.21111111093749999 0.64375 0.19444444375 0.64375 0.16851851874999998 0.6421875 0.165740740625 0.6135416671875 0.165740740625 0.6119791671875 0.16851851874999998 0.6119791671875 0.197222221875 0.6135416671875 0.1981481484375 0.6135416671875 0.20277777812500003 0.6161458328125 0.20277777812500003
0 0.3885416671875 0.16388888906250001 0.3984375 0.16388888906250001 0.3984375 0.1546296296875 0.39375 0.15092592656249998 0.396875 0.15 0.3973958328125 0.147222221875 0.4015625 0.147222221875 0.40208333281249997 0.14444444375 0.4109375 0.1416666671875 0.4109375 0.13703703750000001 0.4171875 0.125 0.4171875 0.1129629625 0.4140625 0.109259259375 0.4125 0.09629629687499999 0.40625 0.08796296249999999 0.38229166718749996 0.08796296249999999 0.3807291671875 0.09074074062500001 0.3807291671875 0.1416666671875 0.3885416671875 0.15092592656249998 0.3885416671875 0.16388888906250001
0 0.5442708328125 0.2416666671875 0.5479166671875 0.25 0.5505208328125 0.25 0.5526041671875 0.25555555625 0.5609375 0.25555555625 0.5609375 0.253703703125 0.56875 0.2416666671875 0.56875 0.22407407343750002 0.5677083328125 0.22407407343750002 0.5609375 0.2101851859375 0.5447916671875 0.2101851859375 0.5447916671875 0.21203703749999997 0.5432291671875 0.21296296250000002 0.5432291671875 0.2416666671875 0.5442708328125 0.2416666671875
0 0.2848958328125 0.24444444375000002 0.2901041671875 0.25555555625 0.296875 0.25555555625 0.29739583281250004 0.252777778125 0.3 0.252777778125 0.3 0.24814814843750002 0.303125 0.24722222187499998 0.3125 0.23055555625 0.3125 0.2046296296875 0.309375 0.1990740734375 0.2822916671875 0.1990740734375 0.28072916718749996 0.2018518515625 0.28072916718749996 0.2416666671875 0.2822916671875 0.24444444375000002 0.2848958328125 0.24444444375000002
0 0.5692708328125 0.16388888906250001 0.5734375 0.16388888906250001 0.5734375 0.15925925937500002 0.578125 0.15277777812499999 0.58125 0.1416666671875 0.5796875 0.12407407343750002 0.5739583328125 0.12407407343750002 0.5734375 0.12129629687500001 0.5463541671875001 0.12129629687500001 0.5432291671875 0.1268518515625 0.5432291671875 0.15277777812499999 0.5510416671875 0.1666666671875 0.56875 0.1666666671875 0.5692708328125 0.16388888906250001
0 0.7265625 0.21296296250000002 0.7197916671875 0.2101851859375 0.7182291671875001 0.225 0.7234375 0.23055555625 0.7265625 0.225 0.7265625 0.21296296250000002
0 0.53125 0.25833333281250004 0.5296875 0.21574074062499998 0.5234375 0.2101851859375 0.5072916671875001 0.2101851859375 0.5057291671875 0.2638888890625 0.5072916671875001 0.2666666671875 0.5296875 0.2638888890625 0.53125 0.25833333281250004
0 0.725 0.17962962968750001 0.7135416671875 0.1768518515625 0.7119791671875 0.197222221875 0.721875 0.2 0.725 0.19444444375 0.725 0.17962962968750001
0 0.471875 0.1879629625 0.4635416671875 0.1879629625 0.46197916718750004 0.20833333281250002 0.4734375 0.21111111093749999 0.475 0.19351851874999998 0.471875 0.1879629625
0 0.3484375 0.0240740734375 0.346875 0.021296296875000002 0.3322916671875 0.021296296875000002 0.3307291671875 0.0388888890625 0.3375 0.0416666671875 0.3395833328125 0.0361111109375 0.346875 0.0333333328125 0.3484375 0.0240740734375
0 0.7109375 0.0990740734375 0.7010416671875 0.0990740734375 0.6994791671875 0.10185185156250001 0.7010416671875 0.1166666671875 0.7046875 0.1166666671875 0.7125 0.10833333281249999 0.7109375 0.0990740734375
0 0.0375 0.1574074078125 0.021354167187500002 0.1546296296875 0.0182291671875 0.1601851859375 0.0182291671875 0.1861111109375 0.0359375 0.1888888890625 0.0375 0.1574074078125
0 0.2203125 0.197222221875 0.21875 0.17962962968750001 0.2171875 0.1768518515625 0.2010416671875 0.1768518515625 0.1994791671875 0.20555555625 0.2026041671875 0.21111111093749999 0.2171875 0.21111111093749999 0.2203125 0.197222221875
0 0.1125 0.16388888906250001 0.1125 0.146296296875 0.10729166718750001 0.14351851875 0.1057291671875 0.146296296875 0.1057291671875 0.16388888906250001 0.1109375 0.1666666671875 0.1125 0.16388888906250001
0 0.41875 0.146296296875 0.4171875 0.14351851875 0.40260416718750003 0.14351851875 0.3994791671875 0.1490740734375 0.4010416671875 0.1666666671875 0.4125 0.16944444375 0.41875 0.16388888906250001 0.41875 0.146296296875
0 0.81875 0.746296296875 0.8072916671874999 0.74351851875 0.8057291671875 0.7638888890625 0.8072916671874999 0.7666666671875 0.8171875 0.7638888890625 0.81875 0.746296296875
0 0.1744791671875 0.15 0.1776041671875 0.15555555625 0.1921875 0.15555555625 0.1989583328125 0.14444444375 0.2015625 0.14444444375 0.20625 0.13333333281249998 0.20625 0.1129629625 0.2046875 0.1120370375 0.2046875 0.1046296296875 0.2 0.0990740734375 0.1807291671875 0.0990740734375 0.18020833281249998 0.10185185156250001 0.1776041671875 0.10185185156250001 0.1744791671875 0.1101851859375 0.1744791671875 0.15
0 0.696875 0.12222222187500001 0.696875 0.1129629625 0.6822916671875 0.1101851859375 0.6807291671875 0.1129629625 0.6822916671875 0.13333333281249998 0.6921875 0.13333333281249998 0.696875 0.12222222187500001
0 0.7734375 0.8111111109375001 0.775 0.8083333328125001 0.775 0.790740740625 0.7734375 0.7879629625 0.7635416671875 0.7879629625 0.7619791671875 0.790740740625 0.7619791671875 0.8083333328125001 0.7651041671875001 0.8138888890624999 0.7734375 0.8111111109375001
0 0.7609375 0.8083333328125001 0.7609375 0.790740740625 0.7510416671875 0.7879629625 0.7494791671875001 0.8138888890624999 0.7510416671875 0.8194444437499999 0.7546875 0.8194444437499999 0.7609375 0.8083333328125001
0 0.7203125 0.1546296296875 0.7119791671875 0.1574074078125 0.7135416671875 0.1666666671875 0.7234375 0.16388888906250001 0.7234375 0.1574074078125 0.7203125 0.1546296296875
0 0.5109375 0.13333333281249998 0.5140625 0.127777778125 0.5140625 0.12129629687500001 0.5125 0.1175925921875 0.5171875 0.1111111109375 0.51875 0.10092592656249999 0.5234375 0.0916666671875 0.5234375 0.07962962968750001 0.51875 0.0731481484375 0.5171875 0.065740740625 0.5010416671875 0.065740740625 0.4994791671875 0.06851851875000001 0.4994791671875 0.13055555624999998 0.5010416671875 0.13333333281249998 0.5109375 0.13333333281249998
0 0.4348958328125 0.0666666671875 0.43541666718750005 0.06944444375 0.4380208328125 0.06944444375 0.43854166718750004 0.072222221875 0.440625 0.072222221875 0.44375 0.0666666671875 0.44375 0.0490740734375 0.440625 0.04351851875 0.4322916671875 0.04351851875 0.43072916718750004 0.046296296875 0.43072916718750004 0.0638888890625 0.4322916671875 0.0666666671875 0.4348958328125 0.0666666671875
0 0.0901041671875 0.35 0.1 0.34444444375 0.1046875 0.3361111109375 0.1046875 0.33148148125 0.10625 0.33055555625 0.10625 0.3129629625 0.1046875 0.3101851859375 0.08854166718749999 0.3101851859375 0.0869791671875 0.3129629625 0.0869791671875 0.34444444375 0.0901041671875 0.35
0 0.3796875 0.097222221875 0.3796875 0.0925925921875 0.3859375 0.08333333281250001 0.3859375 0.06851851875000001 0.3697916671875 0.065740740625 0.3682291671875 0.06851851875000001 0.3697916671875 0.09444444375 0.3713541671875 0.097222221875 0.3796875 0.097222221875
0 0.5109375 0.1416666671875 0.5125 0.13148148125 0.5140625 0.13055555624999998 0.5140625 0.1148148140625 0.51875 0.10833333281249999 0.5203125 0.09074074062500001 0.5177083328125 0.09074074062500001 0.5171875 0.08796296249999999 0.5010416671875 0.08796296249999999 0.4994791671875 0.09074074062500001 0.4994791671875 0.13055555624999998 0.5072916671875001 0.1416666671875 0.5109375 0.1416666671875
0 0.1546875 0.3083333328125 0.15625 0.290740740625 0.1447916671875 0.28796296250000003 0.1432291671875 0.290740740625 0.1447916671875 0.302777778125 0.14791666718750002 0.3083333328125 0.1546875 0.3083333328125
0 0.99375 0.17962962968750001 0.9822916671874999 0.1768518515625 0.9807291671874999 0.197222221875 0.990625 0.2 0.99375 0.19444444375 0.99375 0.17962962968750001
0 0.8921875 0.175 0.8921875 0.16851851874999998 0.8760416671875 0.165740740625 0.8744791671875 0.16851851874999998 0.8744791671875 0.1861111109375 0.8760416671875 0.1888888890625 0.8859375 0.1888888890625 0.8875 0.18148148125000002 0.8921875 0.175
0 0.6734375 0.1768518515625 0.6635416671875001 0.1768518515625 0.6619791671875 0.17962962968750001 0.6635416671875001 0.197222221875 0.66875 0.197222221875 0.675 0.1861111109375 0.6734375 0.1768518515625
0 0.2046875 0.055555556250000006 0.2046875 0.046296296875 0.20208333281250002 0.046296296875 0.2015625 0.04351851875 0.1885416671875 0.04351851875 0.18697916718750002 0.046296296875 0.18697916718750002 0.0638888890625 0.1901041671875 0.072222221875 0.1984375 0.0666666671875 0.2046875 0.055555556250000006
0 0.678125 0.2638888890625 0.678125 0.25740740781250004 0.6697916671875 0.2546296296875 0.6682291671875 0.2666666671875 0.6697916671875 0.272222221875 0.6734375 0.272222221875 0.678125 0.2638888890625
0 0.7359375 0.21944444375 0.7359375 0.21296296250000002 0.7260416671875001 0.2101851859375 0.7244791671875 0.21296296250000002 0.7260416671875001 0.22777777812500002 0.73125 0.22777777812500002 0.7359375 0.21944444375
0 0.7385416671875 0.746296296875 0.7385416671875 0.752777778125 0.7421875 0.752777778125 0.7421875 0.746296296875 0.7385416671875 0.746296296875
0 0.49375 0.75 0.49375 0.7351851859375 0.48854166718750003 0.7324074078125 0.4869791671875 0.7351851859375 0.4869791671875 0.75 0.4921875 0.752777778125 0.49375 0.75
0 0.1796875 0.252777778125 0.1828125 0.2388888890625 0.18125 0.21296296250000002 0.1796875 0.2101851859375 0.1697916671875 0.2101851859375 0.1682291671875 0.21296296250000002 0.1682291671875 0.2416666671875 0.17135416718750002 0.25 0.1796875 0.252777778125
0 0.41979166718750005 0.7333333328125 0.4234375 0.7333333328125 0.4296875 0.725 0.43125 0.7194444437499999 0.4296875 0.7101851859375 0.41979166718750005 0.7101851859375 0.41822916718750003 0.7129629625 0.41822916718750003 0.73055555625 0.41979166718750005 0.7333333328125
0 0.3895833328125 0.16388888906250001 0.39010416718749996 0.1666666671875 0.3984375 0.1666666671875 0.4015625 0.1583333328125 0.4015625 0.146296296875 0.3942708328125 0.140740740625 0.3942708328125 0.1361111109375 0.4036458328125 0.1361111109375 0.4057291671875 0.13981481406250001 0.4057291671875 0.15 0.4109375 0.147222221875 0.4125 0.1268518515625 0.409375 0.12129629687500001 0.3838541671875 0.12129629687500001 0.3807291671875 0.1268518515625 0.3807291671875 0.15 0.3869791671875 0.15925925937500002 0.3869791671875 0.16388888906250001 0.3895833328125 0.16388888906250001
0 0.715625 0.12129629687500001 0.7088541671875 0.12129629687500001 0.7057291671875 0.1268518515625 0.7072916671875 0.13888888906250002 0.7171875 0.13333333281249998 0.7171875 0.12407407343750002 0.715625 0.12129629687500001
0 0.36875 0.5101851859375001 0.3619791671875 0.5129629625 0.3635416671875 0.522222221875 0.3734375 0.51944444375 0.3734375 0.515740740625 0.36875 0.5101851859375001
0 0.4390625 0.0416666671875 0.4390625 0.0351851859375 0.4322916671875 0.0324074078125 0.43072916718750004 0.0351851859375 0.43072916718750004 0.04444444375 0.4359375 0.05 0.4390625 0.0416666671875
0 0.3328125 0.22777777812500002 0.33125 0.190740740625 0.31979166718749996 0.1879629625 0.3182291671875 0.190740740625 0.3182291671875 0.23055555625 0.3296875 0.23333333281250002 0.3328125 0.22777777812500002
0 0.3515625 0.578703703125 0.3546875 0.577777778125 0.353125 0.565740740625 0.3369791671875 0.56851851875 0.3369791671875 0.575 0.3416666671875 0.5861111109375 0.35 0.5861111109375 0.3515625 0.578703703125
0 0.6859375 0.097222221875 0.6875 0.0824074078125 0.684375 0.07685185156249999 0.6697916671875 0.07685185156249999 0.6682291671875 0.07962962968750001 0.6682291671875 0.097222221875 0.6713541671875001 0.10555555624999999 0.678125 0.10555555624999999 0.6859375 0.097222221875
0 0.64375 0.2416666671875 0.6421875 0.23240740781250002 0.6244791671875001 0.23518518593749999 0.6244791671875001 0.24444444375000002 0.6276041671875 0.25 0.6421875 0.24722222187499998 0.64375 0.2416666671875
0 0.9109375 0.1888888890625 0.9125 0.1861111109375 0.9125 0.16851851874999998 0.9109375 0.165740740625 0.9010416671874999 0.165740740625 0.8994791671875 0.16851851874999998 0.8994791671875 0.1861111109375 0.9010416671874999 0.1888888890625 0.9109375 0.1888888890625
0 0.6010416671875001 0.3398148140625 0.6010416671875001 0.34444444375 0.6109375 0.34722222187499996 0.621875 0.33055555625 0.621875 0.32592592656249997 0.625 0.322222221875 0.625 0.31759259218749997 0.6265625 0.3166666671875 0.6265625 0.3046296296875 0.6234375 0.29907407343750003 0.6010416671875001 0.29907407343750003 0.5994791671875 0.3018518515625 0.5994791671875 0.33888888906250003 0.6010416671875001 0.3398148140625
0 0.6421875 0.2666666671875 0.6453125 0.2611111109375 0.64375 0.246296296875 0.640625 0.24351851875000002 0.6276041671875 0.246296296875 0.6276041671875 0.252777778125 0.6333333328124999 0.252777778125 0.6385416671875 0.2666666671875 0.6421875 0.2666666671875
0 0.9947916671874999 0.1879629625 0.9932291671875 0.20833333281250002 0.9994791671875 0.21111111093749999 0.9994791671875 0.1879629625 0.9947916671874999 0.1879629625
0 0.4421875 0.825 0.4453125 0.8120370375 0.4484375 0.8083333328125001 0.4484375 0.8018518515625 0.4322916671875 0.7990740734374999 0.43072916718750004 0.8018518515625 0.4322916671875 0.825 0.43385416718750003 0.827777778125 0.4421875 0.825
0 0.6875 0.1879629625 0.6807291671875 0.19351851874999998 0.6822916671875 0.2 0.6921875 0.197222221875 0.6921875 0.190740740625 0.6875 0.1879629625
0 0.05625 0.0703703703125 0.0609375 0.0638888890625 0.0609375 0.0574074078125 0.051041667187499994 0.0546296296875 0.0494791671875 0.0574074078125 0.0494791671875 0.075 0.0546875 0.077777778125 0.05625 0.0703703703125