0 0.0328125 0.52265625 0.05390625 0.078125
0 0.0484375 0.6046875 0.04609375 0.07421875
0 0.4421875 0.603125 0.05546875 0.1046875
0 0.4796875 0.64140625 0.05078125 0.10234375
0 0.54453125 0.47578125 0.05390625 0.09453125
0 0.4953125 0.453125 0.04453125 0.06484375
0 0.7828125 0.32109375 0.05390625 0.090625
0 0.93203125 0.70390625 0.04140625 0.0578125
0 0.44453125 0.9765625 0.071875 0.046875
0 0.7875 0.97265625 0.06875 0.0546875
0 0.55703125 0.62265625 0.03515625 0.0828125
0 0.58984375 0.65546875 0.03671875 0.07265625
0 0.43046875 0.509375 0.0453125 0.0765625
0 0.90859375 0.76484375 0.05703125 0.0734375