0 0.44453125 0.47265625 0.06640625 0.1203125
0 0.45859375 0.38828125 0.05859375 0.0890625
0 0.6421875 0.4890625 0.04609375 0.0984375
0 0.734375 0.42890625 0.05625 0.09453125
0 0.75859375 0.49296875 0.04921875 0.08359375
0 0.478125 0.11328125 0.0421875 0.0890625
0 0.4484375 0.07265625 0.0484375 0.090625
0 0.33671875 0.36171875 0.040625 0.07421875
0 0.478125 0.8859375 0.0640625 0.11015625
0 0.6015625 0.88359375 0.05625 0.1015625
0 0.01875 0.2140625 0.0375 0.075
0 0.0609375 0.0234375 0.05625 0.046875
0 0.19609375 0.5390625 0.040625 0.05078125
0 0.3125 0.48359375 0.0390625 0.0640625
0 0.540625 0.11328125 0.03203125 0.09296875
0 0.5765625 0.14375 0.03515625 0.06640625
0 0.12421875 0.828125 0.0359375 0.0734375
0 0.3453125 0.69296875 0.0515625 0.09609375
0 0.84296875 0.24921875 0.0390625 0.04921875
0 0.86796875 0.21484375 0.03671875 0.065625