0 0.3046875 0.16171875 0.05078125 0.090625
0 0.14296875 0.1796875 0.05390625 0.10078125
0 0.54140625 0.35390625 0.04765625 0.09375
0 0.59609375 0.34453125 0.046875 0.09453125
0 0.41953125 0.50859375 0.05859375 0.1015625
0 0.39375 0.615625 0.05078125 0.1
0 0.9015625 0.15625 0.04921875 0.08828125
0 0.634375 0.83203125 0.05078125 0.065625
0 0.209375 0.91640625 0.05 0.090625
0 0.0625 0.6234375 0.04296875 0.06015625
0 0.271875 0.16953125 0.0265625 0.0875
0 0.18359375 0.1859375 0.03203125 0.05546875
0 0.29765625 0.97109375 0.0484375 0.05703125
0 0.75 0.84765625 0.0421875 0.0796875
0 0.703125 0.82265625 0.04140625 0.0671875