0 0.6197916671875 0.33888888906250003 0.6244791671875001 0.34444444375 0.6421875 0.34444444375 0.6453125 0.3361111109375 0.6453125 0.33148148125 0.65 0.322222221875 0.65 0.3120370375 0.6515625 0.3111111109375 0.65 0.290740740625 0.6484375 0.28796296250000003 0.6260416671875 0.28796296250000003 0.6182291671875 0.30740740781250003 0.6182291671875 0.3333333328125 0.6197916671875 0.334259259375 0.6197916671875 0.33888888906250003
0 0 0.41111111093749997 0.0171875 0.41111111093749997 0.0171875 0.409259259375 0.025 0.397222221875 0.025 0.3925925921875 0.0296875 0.3861111109375 0.0296875 0.3601851859375 0.0286458328125 0.3601851859375 0.028125 0.3574074078125 0.0171875 0.3398148140625 0.0171875 0.3379629625 0.014583332812499999 0.3379629625 0.0140625 0.3351851859375 0.0114583328125 0.3351851859375 0.0109375 0.3324074078125 0 0.3324074078125 0 0.41111111093749997
0 0.5072916671875001 0.23333333281250002 0.5130208328125 0.23333333281250002 0.5135416671875 0.23611111093749998 0.5234375 0.23333333281250002 0.5234375 0.22870370312500002 0.53125 0.2166666671875 0.53125 0.1981481484375 0.5328125 0.197222221875 0.5328125 0.1879629625 0.53125 0.1870370375 0.53125 0.171296296875 0.528125 0.165740740625 0.49791666718750005 0.165740740625 0.4973958328125 0.16851851874999998 0.4947916671875 0.16851851874999998 0.4947916671875 0.17314814843749998 0.49322916718750004 0.1740740734375 0.49322916718750004 0.20833333281250002 0.5072916671875001 0.23333333281250002
0 0.9567708328125001 0.8027777781250001 0.9572916671874999 0.8055555562500001 0.9598958328125 0.8055555562500001 0.9604166671875 0.8083333328125001 0.9671875 0.8083333328125001 0.9692708328125 0.8027777781250001 0.9796875 0.797222221875 0.9848958328125 0.7861111109375 0.9875 0.7861111109375 0.9875 0.7629629625 0.9859375 0.7620370375000001 0.9859375 0.7574074078125 0.98125 0.7509259265625 0.9796875 0.74351851875 0.9572916671874999 0.74351851875 0.9494791671874999 0.7574074078125 0.9494791671874999 0.797222221875 0.9536458328125 0.8 0.9541666671875 0.8027777781250001 0.9567708328125001 0.8027777781250001
0 0.528125 0.9574074078124999 0.525 0.9546296296874999 0.5088541671875 0.9546296296874999 0.5057291671875 0.9601851859374999 0.5057291671875 0.997222221875 0.53125 0.997222221875 0.53125 0.965740740625 0.528125 0.9574074078124999
0 0.2010416671875 0.375 0.2088541671875 0.3888888890625 0.2296875 0.3888888890625 0.23020833281250003 0.3861111109375 0.2328125 0.3861111109375 0.2390625 0.375 0.2390625 0.3703703703125 0.2421875 0.36666666718749996 0.2421875 0.3379629625 0.2390625 0.334259259375 0.2375 0.3240740734375 0.2359375 0.321296296875 0.20729166718749997 0.321296296875 0.20677083281250003 0.3240740734375 0.20416666718749998 0.3240740734375 0.1994791671875 0.3351851859375 0.1994791671875 0.36944444375 0.2010416671875 0.3703703703125 0.2010416671875 0.375
0 0.5963541671875 0.27777777812500004 0.6005208328125 0.27777777812500004 0.6057291671875 0.2833333328125 0.6125 0.2833333328125 0.6130208328125 0.28055555625 0.621875 0.27777777812500004 0.6296875 0.2638888890625 0.6296875 0.25648148125 0.63125 0.25555555625 0.63125 0.22407407343750002 0.6265625 0.2175925921875 0.6265625 0.21296296250000002 0.6234375 0.2101851859375 0.5885416671875 0.2101851859375 0.5869791671875 0.21296296250000002 0.5869791671875 0.25555555625 0.5916666671875 0.26203703749999996 0.5932291671875001 0.272222221875 0.5963541671875 0.27777777812500004
0 0.8947916671874999 0.4861111109375 0.9052083328125 0.4888888890625 0.9057291671875 0.4916666671875 0.9140625 0.4916666671875 0.9145833328125 0.4888888890625 0.9234375 0.4861111109375 0.925 0.46481481406249997 0.9265625 0.46388888906250003 0.925 0.440740740625 0.91875 0.43240740781250003 0.9010416671874999 0.43240740781250003 0.8932291671874999 0.44907407343749994 0.8932291671874999 0.48055555625 0.8947916671874999 0.48148148125 0.8947916671874999 0.4861111109375
0 0.35104166718749996 0.3166666671875 0.3557291671875 0.322222221875 0.375 0.322222221875 0.38125 0.3111111109375 0.38125 0.303703703125 0.3859375 0.2916666671875 0.3859375 0.2796296296875 0.38125 0.2675925921875 0.38125 0.2601851859375 0.378125 0.2546296296875 0.3557291671875 0.2546296296875 0.3552083328125 0.25740740781250004 0.3526041671875 0.25740740781250004 0.3494791671875 0.26574074062499997 0.3494791671875 0.3111111109375 0.35104166718749996 0.3120370375 0.35104166718749996 0.3166666671875
0 0.3135416671875 0.1111111109375 0.3161458328125 0.1111111109375 0.31979166718749996 0.12222222187500001 0.3239583328125 0.12222222187500001 0.3244791671875 0.125 0.34375 0.125 0.34427083281250004 0.12222222187500001 0.3515625 0.11944444375 0.3578125 0.10555555624999999 0.3578125 0.08796296249999999 0.35625 0.0870370375 0.35625 0.071296296875 0.3546875 0.0703703703125 0.35 0.0490740734375 0.3453125 0.04351851875 0.31979166718749996 0.04351851875 0.31197916718749996 0.0574074078125 0.31197916718749996 0.10555555624999999 0.3135416671875 0.10648148125000001 0.3135416671875 0.1111111109375
0 0.06979166718749999 0.172222221875 0.07291666718749999 0.177777778125 0.07864583281250001 0.18055555625 0.08072916718749999 0.1861111109375 0.0880208328125 0.1861111109375 0.08854166718749999 0.1888888890625 0.096875 0.1861111109375 0.10625 0.1666666671875 0.10625 0.1296296296875 0.1046875 0.12870370312499999 0.1046875 0.12407407343750002 0.1020833328125 0.12407407343750002 0.1015625 0.12129629687500001 0.0760416671875 0.12129629687500001 0.07552083281250001 0.12407407343750002 0.0713541671875 0.12407407343750002 0.0682291671875 0.1324074078125 0.0682291671875 0.1666666671875 0.06979166718749999 0.1675925921875 0.06979166718749999 0.172222221875
0 0.2619791671875 0.15277777812499999 0.2692708328125 0.15277777812499999 0.2697916671875 0.15555555625 0.2796875 0.15277777812499999 0.2802083328125 0.15 0.2828125 0.15 0.2875 0.1416666671875 0.2875 0.13703703750000001 0.2921875 0.13055555624999998 0.2921875 0.1129629625 0.2890625 0.109259259375 0.2875 0.0990740734375 0.2796875 0.08796296249999999 0.2604166671875 0.08796296249999999 0.2598958328125 0.09074074062500001 0.25729166718749996 0.09074074062500001 0.2552083328125 0.09629629687499999 0.2526041671875 0.09629629687499999 0.2494791671875 0.10185185156250001 0.2494791671875 0.13888888906250002 0.2526041671875 0.14444444375 0.2614583328125 0.15 0.2619791671875 0.15277777812499999
0 0.9994791671875 0.8435185187500001 0.9760416671875 0.8435185187500001 0.9760416671875 0.8916666671875 0.9822916671874999 0.9 0.9994791671875 0.9 0.9994791671875 0.8435185187500001
0 0.3572916671875 0.0888888890625 0.3604166671875 0.0925925921875 0.3604166671875 0.097222221875 0.36770833281250004 0.1 0.3682291671875 0.102777778125 0.378125 0.102777778125 0.3786458328125 0.1 0.3859375 0.1 0.3864583328125 0.097222221875 0.3890625 0.097222221875 0.396875 0.08333333281250001 0.396875 0.078703703125 0.4 0.075 0.4 0.046296296875 0.3984375 0.045370370312500005 0.3984375 0.040740740625 0.3859375 0.021296296875000002 0.35885416718749996 0.021296296875000002 0.3557291671875 0.0268518515625 0.3557291671875 0.08333333281250001 0.3572916671875 0.08425925937499999 0.3572916671875 0.0888888890625
0 0.9854166671875 0.23611111093749998 0.9994791671875 0.23611111093749998 0.9994791671875 0.1768518515625 0.9807291671874999 0.1768518515625 0.9776041671875 0.17962962968750001 0.9744791671874999 0.1879629625 0.9744791671874999 0.222222221875 0.9807291671874999 0.23333333281250002 0.9854166671875 0.23611111093749998
0 0.5510416671875 0.9888888890624999 0.5625 0.9888888890624999 0.565625 0.9861111109375 0.5703125 0.972222221875 0.56875 0.9675925921875 0.56875 0.9379629625 0.565625 0.9324074078125 0.5447916671875 0.9324074078125 0.5432291671875 0.9351851859375 0.5432291671875 0.975 0.5447916671875 0.98055555625 0.5510416671875 0.9888888890624999
0 0.5635416671875 0.4388888890625 0.5708333328124999 0.44444444375 0.5713541671875 0.447222221875 0.5817708328125 0.45 0.5822916671875 0.45277777812500003 0.584375 0.45277777812500003 0.5864583328124999 0.447222221875 0.590625 0.447222221875 0.6046875 0.41944444374999995 0.6046875 0.4046296296875 0.6 0.3990740734375 0.5947916671875 0.3990740734375 0.5916666671875 0.4046296296875 0.5911458328125 0.41018518593750003 0.5880208328125 0.41018518593750003 0.5828125 0.40092592656250003 0.58125 0.3796296296875 0.5786458328124999 0.3796296296875 0.578125 0.3768518515625 0.5635416671875 0.3768518515625 0.5619791671875001 0.3796296296875 0.5619791671875001 0.43333333281249997 0.5635416671875 0.434259259375 0.5635416671875 0.4388888890625
0 0.3171875 0.8194444437499999 0.32083333281250004 0.8111111109375001 0.3234375 0.8111111109375001 0.325 0.8083333328125001 0.325 0.7879629625 0.321875 0.7824074078125001 0.3161458328125 0.7796296296875 0.3140625 0.7759259265625 0.3140625 0.771296296875 0.3109375 0.765740740625 0.3010416671875 0.765740740625 0.2994791671875 0.76851851875 0.2994791671875 0.8055555562500001 0.3072916671875 0.8194444437499999 0.3171875 0.8194444437499999
0 0.058854167187499994 0.071296296875 0.0557291671875 0.07962962968750001 0.0557291671875 0.11944444375 0.05729166718749999 0.125 0.061979167187499996 0.13055555624999998 0.0703125 0.13055555624999998 0.0770833328125 0.12222222187500001 0.0875 0.11944444375 0.0921875 0.10555555624999999 0.0921875 0.0953703703125 0.09375 0.09444444375 0.09375 0.0740740734375 0.0921875 0.06851851875000001 0.0890625 0.065740740625 0.07291666718749999 0.065740740625 0.0723958328125 0.06851851875000001 0.058854167187499994 0.071296296875
0 0.4635416671875 0.275 0.4760416671875 0.2888888890625 0.490625 0.2888888890625 0.49114583281249996 0.28611111093749997 0.49375 0.28611111093749997 0.4953125 0.2833333328125 0.4953125 0.2740740734375 0.4890625 0.253703703125 0.4890625 0.2398148140625 0.49375 0.23055555625 0.49375 0.21574074062499998 0.490625 0.2101851859375 0.4635416671875 0.2101851859375 0.46197916718750004 0.21296296250000002 0.46197916718750004 0.26944444375 0.4635416671875 0.2703703703125 0.4635416671875 0.275
0 0.5239583328124999 0.6666666671875 0.5260416671875 0.672222221875 0.5286458328125 0.672222221875 0.5291666671875 0.675 0.540625 0.675 0.5421875 0.672222221875 0.54375 0.6537037031249999 0.5453125 0.652777778125 0.54375 0.6351851859375001 0.5359375 0.621296296875 0.5197916671875 0.621296296875 0.5182291671875 0.6240740734375 0.5182291671875 0.6611111109375 0.5213541671875 0.6666666671875 0.5239583328124999 0.6666666671875
0 0.565625 0.652777778125 0.5703125 0.6388888890625 0.56875 0.6129629624999999 0.5671875 0.6101851859375 0.5510416671875 0.6101851859375 0.5494791671875 0.6129629624999999 0.5510416671875 0.652777778125 0.5541666671875001 0.6555555562500001 0.565625 0.652777778125
0 0.6385416671875 0.9055555562500001 0.6489583328124999 0.9138888890624999 0.6510416671875 0.91944444375 0.659375 0.91944444375 0.6614583328125 0.9138888890624999 0.6671875 0.9111111109375001 0.6703125 0.9 0.6703125 0.8898148140625001 0.671875 0.8888888890625 0.6671875 0.8574074078124999 0.6630208328125 0.8574074078124999 0.6625 0.8546296296874999 0.6385416671875 0.8574074078124999 0.6385416671875 0.8648148140625 0.6369791671875 0.865740740625 0.6369791671875 0.9 0.6385416671875 0.9055555562500001
0 0.9822916671874999 0.6351851859375001 0.9807291671874999 0.675 0.9994791671875 0.6777777781250001 0.9994791671875 0.6324074078125 0.9822916671874999 0.6351851859375001
0 0.9484375 0.30555555624999997 0.95 0.3 0.9484375 0.2768518515625 0.9244791671874999 0.2796296296875 0.9244791671874999 0.30555555624999997 0.9276041671874999 0.3111111109375 0.940625 0.3111111109375 0.9484375 0.30555555624999997
0 0.6885416671875 0.425 0.6911458328125 0.425 0.6947916671875001 0.43333333281249997 0.6984375 0.43333333281249997 0.6989583328125 0.43055555625 0.7015625 0.43055555625 0.7052083328125 0.42222222187499997 0.7109375 0.41944444374999995 0.7109375 0.4148148140625 0.7171875 0.40833333281249995 0.7171875 0.40092592656250003 0.71875 0.4 0.71875 0.39351851875 0.7171875 0.3925925921875 0.7171875 0.3879629625 0.7109375 0.3768518515625 0.6838541671875 0.3768518515625 0.6807291671875 0.38240740781250004 0.6807291671875 0.40833333281249995 0.6869791671875001 0.4175925921875 0.6869791671875001 0.42222222187499997 0.6885416671875 0.425
0 0.1682291671875 0.172222221875 0.1729166671875 0.177777778125 0.1828125 0.177777778125 0.1833333328125 0.175 0.1859375 0.175 0.1875 0.1675925921875 0.19375 0.1583333328125 0.19375 0.15092592656249998 0.1984375 0.1416666671875 0.1984375 0.1351851859375 0.196875 0.134259259375 0.196875 0.1268518515625 0.1921875 0.1129629625 0.1895833328125 0.1129629625 0.1890625 0.1101851859375 0.1760416671875 0.1101851859375 0.1697916671875 0.11851851875 0.1697916671875 0.12592592656249998 0.1682291671875 0.1268518515625 0.1682291671875 0.172222221875
0 0.2828125 0.54444444375 0.2875 0.5361111109375 0.2875 0.5148148140625 0.2921875 0.5083333328124999 0.29375 0.490740740625 0.2921875 0.48981481406249994 0.290625 0.4796296296875 0.2875 0.47592592656250005 0.2859375 0.465740740625 0.2697916671875 0.465740740625 0.2682291671875 0.46851851875 0.2682291671875 0.5333333328125 0.2744791671875 0.54444444375 0.2828125 0.54444444375
0 0.6208333328125 0.5129629625 0.6166666671875001 0.5129629625 0.6145833328125 0.51851851875 0.6088541671875001 0.521296296875 0.6057291671875 0.5268518515625 0.6057291671875 0.575 0.6072916671875 0.577777778125 0.621875 0.577777778125 0.628125 0.5666666671875 0.628125 0.5620370375 0.6296875 0.5611111109375 0.628125 0.5481481484375 0.6296875 0.547222221875 0.63125 0.5370370375 0.634375 0.5361111109375 0.6375 0.527777778125 0.6359375 0.5129629625 0.6333333328124999 0.5129629625 0.6328125 0.5101851859375001 0.6213541671875 0.5101851859375001 0.6208333328125 0.5129629625
0 0.9234375 0.222222221875 0.9239583328125001 0.21944444375 0.9359375 0.21111111093749999 0.9359375 0.20648148125 0.9375 0.20555555625 0.9359375 0.1879629625 0.9276041671874999 0.190740740625 0.9223958328125 0.1990740734375 0.9145833328125 0.1990740734375 0.9078125 0.1870370375 0.90625 0.16851851874999998 0.9046875 0.165740740625 0.8994791671875 0.16851851874999998 0.8994791671875 0.2166666671875 0.9010416671874999 0.2175925921875 0.9010416671874999 0.222222221875 0.9234375 0.222222221875
0 0.49114583281249996 0.34444444375 0.4947916671875 0.35555555625 0.509375 0.3583333328125 0.5125 0.352777778125 0.5125 0.3351851859375 0.5067708328125 0.3324074078125 0.5015625 0.3231481484375 0.5015625 0.315740740625 0.4984375 0.3101851859375 0.48854166718750003 0.3101851859375 0.4869791671875 0.3129629625 0.4869791671875 0.3416666671875 0.48854166718750003 0.34444444375 0.49114583281249996 0.34444444375
0 0.1328125 0.5101851859375001 0.1260416671875 0.5129629625 0.1244791671875 0.51851851875 0.1244791671875 0.5416666671875 0.1260416671875 0.54444444375 0.14375 0.547222221875 0.15 0.5416666671875 0.153125 0.521296296875 0.1515625 0.5203703703125 0.1515625 0.5101851859375001 0.1484375 0.4990740734375 0.1385416671875 0.4990740734375 0.1354166671875 0.5018518515625 0.13333333281249998 0.5129629625 0.1328125 0.5101851859375001
0 0.0098958328125 0.3111111109375 0.0135416671875 0.31944444375000003 0.0192708328125 0.31944444375000003 0.0197916671875 0.322222221875 0.0359375 0.31944444375000003 0.0375 0.3120370375 0.040625 0.3083333328125 0.040625 0.29814814843750004 0.0421875 0.29722222187499997 0.0359375 0.271296296875 0.03125 0.26574074062499997 0.008854167187500001 0.26574074062499997 0.0057291671875 0.271296296875 0.0057291671875 0.30555555624999997 0.007291667187500001 0.3111111109375 0.0098958328125 0.3111111109375
0 0.0447916671875 0.41944444374999995 0.0546875 0.41944444374999995 0.05625 0.409259259375 0.0640625 0.397222221875 0.0640625 0.3925925921875 0.0671875 0.3888888890625 0.0671875 0.3740740734375 0.0609375 0.365740740625 0.0463541671875 0.365740740625 0.0432291671875 0.371296296875 0.0432291671875 0.4138888890625 0.0447916671875 0.4148148140625 0.0447916671875 0.41944444374999995
0 0.2010416671875 0.27777777812500004 0.20677083281250003 0.28055555625 0.2088541671875 0.28611111093749997 0.21875 0.28611111093749997 0.225 0.272222221875 0.2265625 0.24907407343750002 0.2234375 0.24351851875000002 0.2010416671875 0.24351851875000002 0.1994791671875 0.246296296875 0.1994791671875 0.272222221875 0.2010416671875 0.2731481484375 0.2010416671875 0.27777777812500004
0 0.9234375 0.055555556250000006 0.9265625 0.05 0.9265625 0.03148148125 0.9317708328125001 0.025 0.9364583328125 0.025 0.9432291671874999 0.0333333328125 0.95 0.030555556249999997 0.95 0.004629629687499999 0.946875 0 0.9119791671874999 0.0018518515625 0.9119791671874999 0.0388888890625 0.9135416671875 0.039814814062499995 0.9151041671875 0.052777778124999994 0.9234375 0.055555556250000006
0 0.0333333328125 0.102777778125 0.0354166671875 0.10833333281249999 0.0484375 0.10833333281249999 0.05 0.10092592656249999 0.0515625 0.1 0.0515625 0.0925925921875 0.0546875 0.0888888890625 0.05625 0.0759259265625 0.0578125 0.075 0.0578125 0.0490740734375 0.0536458328125 0.046296296875 0.053125 0.04351851875 0.0338541671875 0.04351851875 0.0244791671875 0.0574074078125 0.0244791671875 0.09444444375 0.0276041671875 0.1 0.0333333328125 0.102777778125
0 0.9125 0.052777778124999994 0.9125 0.0351851859375 0.9109375 0.0324074078125 0.8885416671874999 0.0324074078125 0.8869791671874999 0.0351851859375 0.8869791671874999 0.052777778124999994 0.8947916671874999 0.061111110937500004 0.903125 0.061111110937500004 0.9125 0.052777778124999994
0 0.7234375 0.44444444375 0.7265625 0.4361111109375 0.725 0.4129629625 0.7234375 0.41018518593750003 0.7104166671875001 0.4129629625 0.7104166671875001 0.4175925921875 0.7057291671875 0.4240740734375 0.7057291671875 0.44166666718750003 0.7234375 0.44444444375
0 0.1234375 0.5416666671875 0.1265625 0.5203703703125 0.128125 0.51944444375 0.125 0.490740740625 0.1223958328125 0.490740740625 0.121875 0.4879629625 0.1088541671875 0.4879629625 0.1057291671875 0.49351851875 0.1057291671875 0.5388888890625 0.11041666718750001 0.54444444375 0.1234375 0.5416666671875
0 0.9994791671875 0.41018518593750003 0.9854166671875 0.41018518593750003 0.9807291671874999 0.41851851875 0.9822916671874999 0.475 0.9994791671875 0.475 0.9994791671875 0.41018518593750003
0 0.9625 0.23055555625 0.965625 0.222222221875 0.965625 0.196296296875 0.9609375 0.190740740625 0.9447916671875 0.1879629625 0.9432291671874999 0.190740740625 0.9447916671875 0.23055555625 0.9479166671874999 0.23333333281250002 0.9625 0.23055555625
0 0.09375 0.04444444375 0.09375 0.034259259375000004 0.0953125 0.0333333328125 0.09375 0.0129629625 0.0760416671875 0.0101851859375 0.0744791671875 0.0129629625 0.0760416671875 0.052777778124999994 0.090625 0.05 0.09375 0.04444444375
0 0.85 0.5240740734375 0.8385416671874999 0.521296296875 0.8369791671875 0.5416666671875 0.846875 0.54444444375 0.85 0.5388888890625 0.85 0.5240740734375
0 0 0.28611111093749997 0.0046875 0.28611111093749997 0.0078125 0.2703703703125 0.0125 0.2638888890625 0.0109375 0.246296296875 0 0.246296296875 0 0.28611111093749997
0 0.9994791671875 0.4546296296875 0.9807291671874999 0.4574074078125 0.9807291671874999 0.475 0.9838541671875 0.48055555625 0.9994791671875 0.477777778125 0.9994791671875 0.4546296296875
0 0.5697916671875001 0.0231481484375 0.5682291671875 0.0240740734375 0.5682291671875 0.052777778124999994 0.5713541671875 0.058333332812500006 0.5802083328125 0.058333332812500006 0.5807291671875 0.061111110937500004 0.5875 0.061111110937500004 0.5880208328125 0.058333332812500006 0.5921875 0.058333332812500006 0.5984375 0.052777778124999994 0.6005208328125 0.04444444375 0.603125 0.04444444375 0.6067708328125 0.0361111109375 0.609375 0.0361111109375 0.6125 0.030555556249999997 0.6125 0.0129629625 0.6078125 0.0018518515625 0.5822916671875 0 0.5760416671875 0.004629629687499999 0.5697916671875001 0.015740740625 0.5697916671875001 0.0231481484375
0 0.45625 0.7879629625 0.44947916718750003 0.790740740625 0.45104166718750005 0.8 0.459375 0.797222221875 0.459375 0.790740740625 0.45625 0.7879629625
0 0.8265625 0.44629629687500005 0.8135416671875 0.44351851875000003 0.8119791671875 0.46388888906250003 0.8234375 0.46666666718750005 0.8265625 0.4583333328125 0.8265625 0.44629629687500005
0 0.8609375 0.1 0.8625 0.097222221875 0.8625 0.07962962968750001 0.8609375 0.07685185156249999 0.8510416671875 0.07685185156249999 0.8494791671874999 0.07962962968750001 0.8494791671874999 0.097222221875 0.8510416671875 0.1 0.8609375 0.1
0 0.803125 0.51944444375 0.803125 0.5129629625 0.7947916671875 0.5101851859375001 0.7932291671875 0.5129629625 0.7932291671875 0.527777778125 0.7984375 0.5305555562500001 0.803125 0.51944444375
0 0.1838541671875 0.3361111109375 0.1901041671875 0.34444444375 0.1984375 0.3416666671875 0.2 0.33888888906250003 0.2 0.32592592656249997 0.203125 0.322222221875 0.203125 0.3046296296875 0.1984375 0.29907407343750003 0.1838541671875 0.29907407343750003 0.1807291671875 0.3046296296875 0.1807291671875 0.322222221875 0.1822916671875 0.3231481484375 0.1838541671875 0.3361111109375