0 0.0921875 0.6972222218749999 0.09375 0.66851851875 0.090625 0.6648148140625 0.0890625 0.6574074078125001 0.08645833281250001 0.6574074078125001 0.0859375 0.6546296296875 0.05729166718749999 0.6546296296875 0.0557291671875 0.6574074078125001 0.0557291671875 0.70555555625 0.058854167187499994 0.7111111109375 0.084375 0.7111111109375 0.0921875 0.6972222218749999
0 0 0.63055555625 0.015625 0.63055555625 0.025 0.6111111109375 0.025 0.5879629625 0.0203125 0.58148148125 0.0203125 0.5768518515625 0.0171875 0.5731481484375001 0.0171875 0.56851851875 0.014583332812499999 0.56851851875 0.0140625 0.565740740625 0 0.565740740625 0 0.63055555625
0 0.8192708328125 0.5111111109375 0.8234375 0.5111111109375 0.8286458328125 0.5 0.834375 0.5 0.8390625 0.4888888890625 0.8390625 0.465740740625 0.8375 0.46481481406249997 0.8375 0.4546296296875 0.834375 0.44629629687500005 0.8229166671874999 0.44629629687500005 0.8213541671875 0.44907407343749994 0.8223958328125001 0.46296296249999996 0.8177083328125001 0.46296296249999996 0.8140625 0.45648148125 0.8125 0.44629629687500005 0.8026041671874999 0.44351851875000003 0.7994791671875 0.44907407343749994 0.7994791671875 0.5083333328124999 0.8010416671874999 0.5111111109375 0.81875 0.5138888890625 0.8192708328125 0.5111111109375
0 0.4192708328125 0.6666666671875 0.41979166718750005 0.66944444375 0.42395833281249995 0.66944444375 0.4244791671875 0.672222221875 0.4296875 0.672222221875 0.4302083328125 0.66944444375 0.4359375 0.6666666671875 0.4421875 0.6555555562500001 0.44375 0.646296296875 0.4421875 0.6453703703125 0.4421875 0.6351851859375001 0.4328125 0.6259259265625 0.4328125 0.6018518515625 0.4302083328125 0.6018518515625 0.4296875 0.5990740734375 0.40729166718750004 0.5990740734375 0.4057291671875 0.6018518515625 0.4057291671875 0.65 0.41510416718750004 0.6666666671875 0.4192708328125 0.6666666671875
0 0.0614583328125 0.8055555562500001 0.061979167187499996 0.8083333328125001 0.06875 0.8083333328125001 0.07552083281250001 0.8 0.0796875 0.8 0.08125 0.7925925921875 0.0859375 0.7861111109375 0.0859375 0.7787037031249999 0.0875 0.777777778125 0.0859375 0.746296296875 0.0828125 0.74351851875 0.0447916671875 0.74351851875 0.0432291671875 0.746296296875 0.0432291671875 0.7861111109375 0.051041667187499994 0.8 0.05729166718749999 0.8055555562500001 0.0614583328125 0.8055555562500001
0 0.8510416671875 0.634259259375 0.8510416671875 0.6416666671875 0.8552083328125001 0.64444444375 0.8635416671874999 0.6611111109375 0.8661458328125 0.6611111109375 0.8697916671874999 0.6666666671875 0.8890625 0.6666666671875 0.8895833328125 0.6638888890625 0.8921875 0.6638888890625 0.8958333328125001 0.6555555562500001 0.9 0.652777778125 0.9015625 0.6370370375000001 0.9046875 0.63055555625 0.9046875 0.621296296875 0.903125 0.6203703703125 0.903125 0.6129629624999999 0.89375 0.5953703703125 0.8921875 0.5851851859375 0.8890625 0.5796296296875 0.8864583328125001 0.5796296296875 0.8859375 0.5768518515625 0.8572916671874999 0.5768518515625 0.8510416671875 0.5851851859375 0.8510416671875 0.5898148140624999 0.8494791671874999 0.590740740625 0.8494791671874999 0.6333333328124999 0.8510416671875 0.634259259375
0 0.5010416671875 0.46944444374999994 0.5072916671875001 0.48055555625 0.5098958328125 0.48055555625 0.5151041671875001 0.4888888890625 0.525 0.4888888890625 0.5255208328125 0.4861111109375 0.5296875 0.4861111109375 0.5375 0.47222222187499996 0.5359375 0.42129629687500003 0.534375 0.4203703703125 0.534375 0.415740740625 0.5296875 0.41018518593750003 0.5010416671875 0.41018518593750003 0.4994791671875 0.4129629625 0.4994791671875 0.46388888906250003 0.5010416671875 0.46481481406249997 0.5010416671875 0.46944444374999994
0 0.41197916718750005 0.1416666671875 0.4166666671875 0.15092592656249998 0.4166666671875 0.15555555625 0.41979166718750005 0.15925925937500002 0.41979166718750005 0.16388888906250001 0.4244791671875 0.1703703703125 0.42604166718750003 0.18055555625 0.4322916671875 0.1888888890625 0.4546875 0.1888888890625 0.45520833281249995 0.1861111109375 0.459375 0.1861111109375 0.4625 0.17314814843749998 0.4640625 0.172222221875 0.4640625 0.1675925921875 0.465625 0.1666666671875 0.465625 0.1620370375 0.4671875 0.1611111109375 0.4671875 0.1453703703125 0.46875 0.14444444375 0.4671875 0.11574074062499999 0.459375 0.10185185156250001 0.45520833281249995 0.10185185156250001 0.4546875 0.0990740734375 0.42604166718750003 0.0990740734375 0.42552083281249997 0.10185185156250001 0.42291666718750004 0.10185185156250001 0.41979166718750005 0.1074074078125 0.41822916718750003 0.1175925921875 0.4135416671875 0.12407407343750002 0.41197916718750005 0.1416666671875
0 0.8109375 0.7416666671875001 0.8208333328125 0.7333333328125 0.8265625 0.7333333328125 0.83125 0.722222221875 0.83125 0.7018518515625 0.8296875 0.6990740734374999 0.8223958328125001 0.6990740734374999 0.81875 0.6925925921875 0.81875 0.6824074078125 0.8171875 0.68148148125 0.815625 0.66851851875 0.8125 0.665740740625 0.8026041671874999 0.66851851875 0.7994791671875 0.6796296296875 0.7994791671875 0.7333333328125 0.8026041671874999 0.7416666671875001 0.8109375 0.7416666671875001
0 0.8635416671874999 0.752777778125 0.8703125 0.752777778125 0.8734375 0.747222221875 0.8734375 0.7398148140624999 0.875 0.7388888890625 0.875 0.7120370375 0.8802083328125001 0.6972222218749999 0.8859375 0.6944444437499999 0.8875 0.6888888890625 0.8859375 0.6768518515624999 0.8572916671874999 0.6768518515624999 0.8557291671874999 0.6796296296875 0.8557291671874999 0.7388888890625 0.8635416671874999 0.752777778125
0 0.09635416718749999 0.4361111109375 0.1171875 0.43333333281249997 0.1203125 0.42222222187499997 0.1203125 0.41203703750000004 0.125 0.4 0.1265625 0.371296296875 0.1234375 0.365740740625 0.1135416671875 0.365740740625 0.1130208328125 0.36851851875 0.10833333281249999 0.36851851875 0.1078125 0.365740740625 0.08854166718749999 0.365740740625 0.0869791671875 0.36851851875 0.0869791671875 0.42222222187499997 0.08854166718749999 0.427777778125 0.09635416718749999 0.4361111109375
0 0.45208333281249996 0.5722222218749999 0.4640625 0.5694444437499999 0.46458333281249997 0.5666666671875 0.471875 0.5694444437499999 0.475 0.5638888890625 0.475 0.559259259375 0.4796875 0.5527777781250001 0.4796875 0.5425925921875 0.48125 0.5416666671875 0.4796875 0.521296296875 0.4765625 0.5175925921875 0.4765625 0.5129629625 0.4739583328125 0.5129629625 0.4734375 0.5101851859375001 0.43385416718750003 0.5101851859375001 0.43072916718750004 0.515740740625 0.43072916718750004 0.5611111109375 0.4369791671875 0.575 0.4515625 0.575 0.45208333281249996 0.5722222218749999
0 0.5723958328125 0.965740740625 0.5572916671875 0.9629629625 0.5572916671875 0.9675925921875 0.5557291671875 0.9685185187500001 0.5557291671875 0.997222221875 0.59375 0.997222221875 0.59375 0.9925925921875001 0.5984375 0.9833333328125 0.5984375 0.9759259265625 0.6 0.975 0.5984375 0.9601851859374999 0.5953125 0.95648148125 0.59375 0.946296296875 0.5921875 0.94351851875 0.5822916671875 0.94351851875 0.5791666671875 0.95648148125 0.5723958328125 0.965740740625
0 0.14010416718750002 0.225 0.1427083328125 0.225 0.1432291671875 0.23055555625 0.1458333328125 0.23055555625 0.1463541671875 0.23333333281250002 0.1640625 0.23333333281250002 0.16458333281249998 0.23055555625 0.1671875 0.23055555625 0.16875 0.22314814843750003 0.1734375 0.2166666671875 0.1734375 0.20648148125 0.175 0.20555555625 0.175 0.2018518515625 0.1734375 0.2009259265625 0.1734375 0.1851851859375 0.16875 0.1759259265625 0.16875 0.171296296875 0.15625 0.1546296296875 0.1354166671875 0.1546296296875 0.1348958328125 0.1574074078125 0.13229166718750002 0.1574074078125 0.13229166718750002 0.1620370375 0.1307291671875 0.1629629625 0.1307291671875 0.20833333281250002 0.14010416718750002 0.225
0 0.4057291671875 0.8851851859375 0.4057291671875 0.9388888890624999 0.40729166718750004 0.9398148140625 0.40729166718750004 0.9444444437499999 0.4114583328125 0.9472222218749999 0.4135416671875 0.952777778125 0.4296875 0.952777778125 0.4302083328125 0.95 0.4328125 0.95 0.4375 0.9416666671874999 0.4375 0.9370370375 0.44375 0.9277777781250001 0.44375 0.9120370375 0.4453125 0.9111111109375001 0.44375 0.8879629625 0.4421875 0.8870370375000001 0.4421875 0.8824074078124999 0.4375 0.8768518515625001 0.41041666718750003 0.8768518515625001 0.40989583281249997 0.8796296296874999 0.40729166718750004 0.8796296296874999 0.40729166718750004 0.884259259375 0.4057291671875 0.8851851859375
0 0.1260416671875 0.50555555625 0.1375 0.50555555625 0.1380208328125 0.502777778125 0.1484375 0.5 0.15 0.497222221875 0.15 0.49259259218749996 0.1515625 0.4916666671875 0.1515625 0.4796296296875 0.15 0.478703703125 0.15 0.47407407343749997 0.140625 0.4574074078125 0.1380208328125 0.4574074078125 0.1375 0.4546296296875 0.1135416671875 0.4546296296875 0.1119791671875 0.4574074078125 0.1119791671875 0.477777778125 0.1135416671875 0.478703703125 0.1135416671875 0.48333333281249996 0.1260416671875 0.50555555625
0 0.41979166718750005 0.7388888890625 0.42760416718750005 0.752777778125 0.43177083281249995 0.752777778125 0.4322916671875 0.75555555625 0.44375 0.752777778125 0.45 0.7416666671875001 0.45 0.734259259375 0.453125 0.73055555625 0.453125 0.7129629625 0.45 0.70648148125 0.4484375 0.69351851875 0.44375 0.6870370375 0.44375 0.6824074078125 0.440625 0.6768518515624999 0.4244791671875 0.6768518515624999 0.42395833281249995 0.6796296296875 0.41979166718750005 0.6796296296875 0.41979166718750005 0.6870370375 0.41822916718750003 0.6879629625 0.41822916718750003 0.7333333328125 0.41979166718750005 0.7388888890625
0 0 0.075 0.0140625 0.075 0.014583332812499999 0.072222221875 0.0203125 0.06944444375 0.0223958328125 0.0638888890625 0.0260416671875 0.075 0.0359375 0.075 0.0375 0.072222221875 0.0375 0.060185185937499996 0.0359375 0.059259259375 0.0359375 0.0546296296875 0.0317708328125 0.051851851562499995 0.03125 0.046296296875 0.0270833328125 0.04351851875 0.025 0.039814814062499995 0.025 0.0351851859375 0.0203125 0.028703703125 0.0203125 0.0240740734375 0.0171875 0.0175925921875 0.0171875 0.0018518515625 0 0 0 0.075
0 0.9166666671874999 0.29351851875 0.9166666671874999 0.29814814843750004 0.9072916671875 0.3129629625 0.9072916671875 0.31759259218749997 0.9057291671875 0.31851851875000003 0.9057291671875 0.3333333328125 0.9072916671875 0.334259259375 0.9072916671875 0.3416666671875 0.9135416671875 0.352777778125 0.921875 0.352777778125 0.9239583328125001 0.34722222187499996 0.9296875 0.34444444375 0.93125 0.33703703749999997 0.9359375 0.33055555625 0.9359375 0.32592592656249997 0.9390625 0.31944444375000003 0.940625 0.3018518515625 0.9390625 0.3009259265625 0.9375 0.290740740625 0.9328125 0.284259259375 0.9328125 0.2796296296875 0.9302083328125 0.2796296296875 0.9296875 0.2768518515625 0.9197916671874999 0.2768518515625 0.9182291671874999 0.2796296296875 0.9182291671874999 0.2925925921875 0.9166666671874999 0.29351851875
0 0.8822916671875 0.352777778125 0.8848958328125001 0.352777778125 0.8869791671874999 0.3583333328125 0.8984375 0.3583333328125 0.9005208328125001 0.352777778125 0.903125 0.352777778125 0.903125 0.3481481484375 0.9046875 0.34722222187499996 0.9046875 0.3240740734375 0.9 0.31759259218749997 0.9 0.3129629625 0.8958333328125001 0.3101851859375 0.8890625 0.29907407343750003 0.8760416671875 0.29907407343750003 0.8744791671875 0.3018518515625 0.8744791671875 0.31944444375000003 0.8807291671874999 0.334259259375 0.8822916671875 0.352777778125
0 0.44947916718750003 0.23518518593749999 0.44947916718750003 0.2666666671875 0.45104166718750005 0.2675925921875 0.4526041671875 0.27777777812500004 0.4557291671875 0.28148148125 0.45416666718750004 0.2851851859375 0.45416666718750004 0.3083333328125 0.45729166718750003 0.3166666671875 0.46458333281249997 0.31944444375000003 0.46510416718750003 0.322222221875 0.4796875 0.31944444375000003 0.48020833281249997 0.3166666671875 0.4828125 0.3166666671875 0.4875 0.30555555624999997 0.4859375 0.2953703703125 0.4875 0.29444444375 0.4875 0.2870370375 0.490625 0.2833333328125 0.4921875 0.2703703703125 0.49375 0.26944444375 0.49375 0.240740740625 0.4921875 0.2398148140625 0.4921875 0.23518518593749999 0.4828125 0.221296296875 0.4604166671875 0.221296296875 0.45989583281249996 0.22407407343750002 0.4557291671875 0.22407407343750002 0.4536458328125 0.2296296296875 0.45104166718750005 0.2296296296875 0.45104166718750005 0.234259259375 0.44947916718750003 0.23518518593749999
0 0.5635416671875 0.7166666671875 0.5755208328125 0.7166666671875 0.578125 0.7194444437499999 0.584375 0.7083333328125 0.5828125 0.6879629625 0.578125 0.6768518515624999 0.5572916671875 0.6768518515624999 0.5557291671875 0.6796296296875 0.5557291671875 0.7083333328125 0.5588541671875 0.7138888890625 0.5630208328124999 0.7138888890625 0.5635416671875 0.7166666671875
0 0.4078125 0.31944444375000003 0.4078125 0.309259259375 0.409375 0.3083333328125 0.409375 0.3046296296875 0.4046875 0.29907407343750003 0.3885416671875 0.29907407343750003 0.3869791671875 0.3018518515625 0.3869791671875 0.31944444375000003 0.3916666671875 0.33055555625 0.4015625 0.33055555625 0.4078125 0.31944444375000003
0 0.3692708328125 0.28611111093749997 0.3697916671875 0.2888888890625 0.3796875 0.2888888890625 0.3875 0.275 0.3875 0.2648148140625 0.3890625 0.2638888890625 0.3890625 0.25648148125 0.390625 0.25555555625 0.390625 0.234259259375 0.3921875 0.23333333281250002 0.3921875 0.22685185156249998 0.390625 0.2259259265625 0.3875 0.2101851859375 0.384375 0.2046296296875 0.3817708328125 0.2046296296875 0.378125 0.1990740734375 0.3651041671875 0.1990740734375 0.3619791671875 0.2046296296875 0.3619791671875 0.27777777812500004 0.3651041671875 0.28611111093749997 0.3692708328125 0.28611111093749997
0 0.40052083281249995 0.0629629625 0.3854166671875 0.0629629625 0.38229166718749996 0.065740740625 0.38229166718749996 0.0731481484375 0.3807291671875 0.0740740734375 0.3807291671875 0.11388888906250001 0.38229166718749996 0.11944444375 0.3864583328125 0.12222222187500001 0.3869791671875 0.127777778125 0.3916666671875 0.13333333281249998 0.3973958328125 0.13333333281249998 0.39791666718749996 0.1361111109375 0.4125 0.13333333281249998 0.4171875 0.125 0.425 0.0953703703125 0.428125 0.0916666671875 0.4296875 0.0574074078125 0.4166666671875 0.0546296296875 0.41614583281249995 0.0574074078125 0.40729166718750004 0.0574074078125 0.40052083281249995 0.0629629625
0 0 0.8416666671874999 0.0052083328125 0.8416666671874999 0.0057291671875 0.8444444437499999 0.01875 0.8444444437499999 0.0192708328125 0.8416666671874999 0.021875 0.8416666671874999 0.0296875 0.825 0.0296875 0.8129629625 0.028125 0.8101851859375 0.0208333328125 0.8101851859375 0.0140625 0.7981481484375 0.0140625 0.79351851875 0.0109375 0.7879629625 0 0.7879629625 0 0.8416666671874999
0 0.0244791671875 0.8138888890624999 0.0359375 0.8138888890624999 0.0375 0.7981481484375 0.0390625 0.797222221875 0.0390625 0.771296296875 0.0359375 0.765740740625 0.0135416671875 0.765740740625 0.0119791671875 0.76851851875 0.0119791671875 0.797222221875 0.0135416671875 0.8027777781250001 0.0244791671875 0.8138888890624999
0 0.41979166718750005 0.7416666671875001 0.4291666671875 0.75555555625 0.4421875 0.75555555625 0.4427083328125 0.752777778125 0.4453125 0.752777778125 0.453125 0.73055555625 0.453125 0.715740740625 0.4515625 0.7148148140624999 0.45 0.7018518515625 0.4484375 0.6990740734374999 0.41979166718750005 0.6990740734374999 0.41822916718750003 0.7018518515625 0.41822916718750003 0.7361111109375 0.41979166718750005 0.7370370375 0.41979166718750005 0.7416666671875001
0 0.9385416671875 0.5259259265625 0.9385416671875 0.5305555562500001 0.9463541671875 0.54444444375 0.9489583328125001 0.54444444375 0.9541666671875 0.5527777781250001 0.9625 0.5527777781250001 0.9630208328125001 0.55 0.96875 0.547222221875 0.9708333328125001 0.5416666671875 0.9734375 0.5416666671875 0.9765625 0.5129629625 0.975 0.5120370375000001 0.975 0.4990740734375 0.9703125 0.48981481406249994 0.96875 0.4796296296875 0.9661458328125001 0.4796296296875 0.965625 0.4768518515625 0.9479166671874999 0.4768518515625 0.9473958328125001 0.4796296296875 0.9401041671874999 0.4824074078125 0.9401041671874999 0.48703703750000005 0.9369791671875 0.49351851875 0.9369791671875 0.525 0.9385416671875 0.5259259265625
0 0.6484375 0.4861111109375 0.6515625 0.477777778125 0.6515625 0.4601851859375 0.6484375 0.4546296296875 0.6385416671875 0.4546296296875 0.6369791671875 0.4574074078125 0.6369791671875 0.475 0.6432291671875 0.4861111109375 0.6484375 0.4861111109375
0 0.1307291671875 0.252777778125 0.1359375 0.252777778125 0.1380208328125 0.24722222187499998 0.146875 0.2416666671875 0.146875 0.23518518593749999 0.1453125 0.234259259375 0.14375 0.22407407343750002 0.14114583281249998 0.22407407343750002 0.134375 0.2101851859375 0.1197916671875 0.2101851859375 0.11822916718750001 0.21296296250000002 0.11822916718750001 0.23611111093749998 0.1213541671875 0.24444444375000002 0.12552083281249998 0.24444444375000002 0.1307291671875 0.252777778125
0 0.9447916671875 0 0.9432291671874999 0.0018518515625 0.9432291671874999 0.0166666671875 0.9510416671874999 0.030555556249999997 0.959375 0.030555556249999997 0.9645833328125001 0.022222221875 0.9708333328125001 0.022222221875 0.9760416671875 0.030555556249999997 0.984375 0.030555556249999997 0.9875 0.025 0.9875 0.0203703703125 0.990625 0.0166666671875 0.990625 0.0018518515625 0.9875 0 0.9447916671875 0
0 0.17916666718750002 0.4620370375 0.1822916671875 0.477777778125 0.2015625 0.475 0.2046875 0.46666666718750005 0.2046875 0.44907407343749994 0.2010416671875 0.44629629687500005 0.1973958328125 0.45185185156249996 0.1953125 0.4481481484375 0.19375 0.4240740734375 0.1921875 0.42129629687500003 0.1760416671875 0.42129629687500003 0.1744791671875 0.4240740734375 0.1744791671875 0.45 0.1760416671875 0.4583333328125 0.17916666718750002 0.4620370375
0 0.7260416671875001 0.45555555625000005 0.7359375 0.45555555625000005 0.7390625 0.45 0.7375 0.4268518515625 0.7328125 0.42129629687500003 0.7197916671875 0.42129629687500003 0.7182291671875001 0.4240740734375 0.7182291671875001 0.44166666718750003 0.7223958328125 0.44444444375 0.7260416671875001 0.45555555625000005
0 0.1536458328125 0.4361111109375 0.1625 0.43333333281249997 0.1671875 0.427777778125 0.16875 0.4046296296875 0.165625 0.3990740734375 0.14010416718750002 0.3990740734375 0.1369791671875 0.4046296296875 0.1369791671875 0.4361111109375 0.1385416671875 0.44166666718750003 0.15 0.44166666718750003 0.1536458328125 0.4361111109375
0 0.1203125 0.99444444375 0.1203125 0.9768518515625001 0.1171875 0.9685185187500001 0.1125 0.965740740625 0.09322916718749999 0.9685185187500001 0.09322916718749999 0.99444444375 0.09635416718749999 0.9990740734375001 0.1171875 0.9990740734375001 0.1203125 0.99444444375
0 0.2 0.40092592656250003 0.20833333281250002 0.3861111109375 0.2140625 0.38333333281250004 0.2171875 0.377777778125 0.2171875 0.36851851875 0.215625 0.365740740625 0.18697916718750002 0.365740740625 0.1864583328125 0.36851851875 0.1838541671875 0.36851851875 0.1833333328125 0.371296296875 0.1776041671875 0.3740740734375 0.1744791671875 0.3796296296875 0.1744791671875 0.40833333281249995 0.1760416671875 0.41111111093749997 0.196875 0.41111111093749997 0.2 0.40555555625000006 0.2 0.40092592656250003
0 0.007291667187500001 0.6416666671875 0.0125 0.6416666671875 0.01875 0.63055555625 0.0203125 0.6203703703125 0.0234375 0.6166666671875001 0.025 0.6111111109375 0.025 0.590740740625 0.0234375 0.5879629625 0.007291667187500001 0.5879629625 0.0057291671875 0.590740740625 0.0057291671875 0.6388888890625 0.007291667187500001 0.6416666671875
0 0.9552083328125001 0.33888888906250003 0.9557291671874999 0.3416666671875 0.9583333328125001 0.3416666671875 0.9588541671874999 0.34444444375 0.975 0.34722222187499996 0.9755208328125 0.34444444375 0.9796875 0.3416666671875 0.9796875 0.3240740734375 0.975 0.31759259218749997 0.9734375 0.30740740781250003 0.9671875 0.29907407343750003 0.9604166671875 0.29907407343750003 0.9598958328125 0.3018518515625 0.9572916671874999 0.3018518515625 0.9494791671874999 0.315740740625 0.9494791671874999 0.33055555625 0.9510416671874999 0.33148148125 0.9510416671874999 0.3361111109375 0.9552083328125001 0.33888888906250003
0 0.3875 0.06944444375 0.3880208328125 0.0666666671875 0.3921875 0.0666666671875 0.3927083328125 0.0638888890625 0.4046875 0.058333332812500006 0.4140625 0.0416666671875 0.4140625 0.0268518515625 0.40833333281249995 0.0240740734375 0.4078125 0.021296296875000002 0.3776041671875 0.021296296875000002 0.37447916718749996 0.0268518515625 0.37447916718749996 0.0638888890625 0.3776041671875 0.072222221875 0.3796875 0.072222221875 0.3802083328125 0.06944444375 0.3875 0.06944444375
0 0.0057291671875 0.7796296296875 0.007291667187500001 0.8416666671874999 0.0098958328125 0.8416666671874999 0.010416667187500001 0.8444444437499999 0.0203125 0.8416666671874999 0.0296875 0.825 0.0296875 0.8203703703125 0.0359375 0.8111111109375001 0.0375 0.7981481484375 0.0390625 0.797222221875 0.0390625 0.7768518515625 0.0375 0.7759259265625 0.0375 0.76851851875 0.0359375 0.765740740625 0.0135416671875 0.765740740625 0.007291667187500001 0.7740740734375 0.007291667187500001 0.7787037031249999 0.0057291671875 0.7796296296875
0 0.23958333281250002 0.42222222187499997 0.2421875 0.42222222187499997 0.25 0.40555555625000006 0.25 0.39351851875 0.246875 0.3879629625 0.2260416671875 0.3879629625 0.2244791671875 0.39074074062499997 0.2244791671875 0.41944444374999995 0.22760416718749998 0.425 0.2390625 0.425 0.23958333281250002 0.42222222187499997
0 0.4671875 0.597222221875 0.47083333281249995 0.5888888890625 0.475 0.5861111109375 0.475 0.5759259265625001 0.4765625 0.575 0.4765625 0.571296296875 0.4734375 0.565740740625 0.4401041671875 0.565740740625 0.4369791671875 0.571296296875 0.4369791671875 0.5861111109375 0.4447916671875 0.6 0.4640625 0.6 0.46458333281249997 0.597222221875 0.4671875 0.597222221875
0 0.0411458328125 0.5527777781250001 0.0416666671875 0.5555555562500001 0.053125 0.5555555562500001 0.0578125 0.54444444375 0.0578125 0.5268518515625 0.05625 0.5259259265625 0.0546875 0.5129629625 0.0322916671875 0.5101851859375001 0.0307291671875 0.5129629625 0.0307291671875 0.5416666671875 0.0369791671875 0.5527777781250001 0.0411458328125 0.5527777781250001
0 0.9385416671875 0.3166666671875 0.9401041671874999 0.31759259218749997 0.9401041671874999 0.322222221875 0.9463541671875 0.3333333328125 0.9505208328125001 0.3333333328125 0.9572916671874999 0.3416666671875 0.9734375 0.3416666671875 0.975 0.321296296875 0.9734375 0.3203703703125 0.9734375 0.3101851859375 0.96875 0.303703703125 0.96875 0.296296296875 0.9671875 0.2953703703125 0.96875 0.271296296875 0.965625 0.26574074062499997 0.9447916671875 0.26574074062499997 0.9442708328125 0.26851851875 0.9416666671874999 0.26851851875 0.9401041671874999 0.271296296875 0.9416666671874999 0.2953703703125 0.9385416671875 0.29907407343750003 0.9385416671875 0.3166666671875
0 0.37447916718749996 0.09444444375 0.3760416671875 0.0953703703125 0.3776041671875 0.10555555624999999 0.3807291671875 0.109259259375 0.38229166718749996 0.11944444375 0.3848958328125 0.11944444375 0.3869791671875 0.127777778125 0.3916666671875 0.13333333281249998 0.4078125 0.1361111109375 0.40833333281249995 0.13333333281249998 0.4140625 0.13055555624999998 0.4140625 0.12592592656249998 0.41875 0.11944444375 0.4203125 0.109259259375 0.425 0.102777778125 0.4265625 0.0898148140625 0.4296875 0.08333333281250001 0.4296875 0.051851851562499995 0.428125 0.0509259265625 0.428125 0.046296296875 0.42083333281249996 0.040740740625 0.4171875 0.0268518515625 0.4114583328125 0.0240740734375 0.4109375 0.021296296875000002 0.3776041671875 0.021296296875000002 0.37447916718749996 0.0268518515625 0.37447916718749996 0.06944444375 0.3760416671875 0.0703703703125 0.37447916718749996 0.09444444375
0 0.9463541671875 0.303703703125 0.9432291671874999 0.3101851859375 0.9447916671875 0.3333333328125 0.9536458328125 0.3361111109375 0.9557291671874999 0.3416666671875 0.9598958328125 0.3416666671875 0.9604166671875 0.34444444375 0.978125 0.3416666671875 0.9796875 0.32685185156249996 0.9765625 0.3231481484375 0.9734375 0.30740740781250003 0.96875 0.29814814843750004 0.9671875 0.26851851875 0.9640625 0.26574074062499997 0.9463541671875 0.26574074062499997 0.9432291671874999 0.271296296875 0.9447916671875 0.2916666671875 0.9463541671875 0.2925925921875 0.9463541671875 0.303703703125
0 0.4859375 0.0333333328125 0.4859375 0.0129629625 0.4828125 0.0101851859375 0.4682291671875 0.0129629625 0.4682291671875 0.030555556249999997 0.4713541671875 0.0361111109375 0.4796875 0.0388888890625 0.4859375 0.0333333328125
0 0.278125 0.5879629625 0.2697916671875 0.5879629625 0.2682291671875 0.6083333328125 0.2796875 0.6111111109375 0.28125 0.5935185187500001 0.278125 0.5879629625
0 0 0.8388888890624999 0.0036458328125000003 0.8388888890624999 0.007291667187500001 0.8444444437499999 0.021875 0.8416666671874999 0.0296875 0.827777778125 0.03125 0.8101851859375 0.0223958328125 0.8074074078125 0.0203125 0.803703703125 0.0203125 0.7925925921875 0.0286458328125 0.7916666671875 0.0322916671875 0.8083333328125001 0.034375 0.8083333328125001 0.0359375 0.7953703703125 0.0375 0.79444444375 0.0375 0.7796296296875 0.0359375 0.7768518515625 0.007291667187500001 0.7768518515625 0 0.7851851859375001 0 0.8388888890624999
0 0.08854166718749999 0.2166666671875 0.0984375 0.21944444375 0.0984375 0.2148148140625 0.103125 0.20833333281250002 0.1078125 0.1916666671875 0.109375 0.1601851859375 0.1046875 0.1546296296875 0.08854166718749999 0.1546296296875 0.0869791671875 0.1574074078125 0.0869791671875 0.20555555625 0.08854166718749999 0.20648148125 0.08854166718749999 0.2166666671875
0 0.6609375 0.522222221875 0.6640625 0.5111111109375 0.6640625 0.5018518515625 0.6510416671875 0.4990740734375 0.6494791671875 0.5018518515625 0.6510416671875 0.5166666671875 0.6557291671875001 0.522222221875 0.6609375 0.522222221875
0 0.4734375 0.8083333328125001 0.471875 0.790740740625 0.46875 0.7879629625 0.45729166718750003 0.7879629625 0.4557291671875 0.790740740625 0.4557291671875 0.8083333328125001 0.45729166718750003 0.8111111109375001 0.4671875 0.8166666671874999 0.4734375 0.8083333328125001
0 0.3807291671875 0.097222221875 0.3890625 0.097222221875 0.3890625 0.09074074062500001 0.38125 0.078703703125 0.3817708328125 0.072222221875 0.3984375 0.0666666671875 0.40208333281249997 0.061111110937500004 0.4078125 0.061111110937500004 0.40833333281249995 0.058333332812500006 0.4166666671875 0.0731481484375 0.4166666671875 0.0870370375 0.4135416671875 0.09074074062500001 0.4135416671875 0.097222221875 0.425 0.097222221875 0.428125 0.0916666671875 0.428125 0.08425925937499999 0.4296875 0.08333333281250001 0.4296875 0.046296296875 0.421875 0.037037037499999995 0.41875 0.0240740734375 0.41302083281249996 0.0240740734375 0.4125 0.021296296875000002 0.3776041671875 0.021296296875000002 0.37447916718749996 0.0268518515625 0.37447916718749996 0.0638888890625 0.3776041671875 0.0731481484375 0.3776041671875 0.0916666671875 0.3807291671875 0.097222221875
0 0.221875 0.6166666671875001 0.221875 0.6018518515625 0.21875 0.5990740734375 0.20572916718749998 0.6018518515625 0.20572916718749998 0.61944444375 0.2088541671875 0.625 0.215625 0.625 0.221875 0.6166666671875001
0 0.5927083328125 0.76851851875 0.5921875 0.765740740625 0.5869791671875 0.76851851875 0.5869791671875 0.8083333328125001 0.5885416671875 0.8111111109375001 0.5984375 0.8111111109375001 0.6036458328125 0.8 0.60625 0.8 0.60625 0.7953703703125 0.6125 0.7833333328125 0.6125 0.771296296875 0.609375 0.765740740625 0.5979166671875 0.771296296875 0.5973958328125 0.7768518515625 0.5953125 0.76851851875 0.5927083328125 0.76851851875
0 0.007291667187500001 0.64444444375 0.0109375 0.64444444375 0.0171875 0.6361111109375 0.01875 0.63055555625 0.0171875 0.621296296875 0.008854167187500001 0.621296296875 0.0057291671875 0.6268518515625 0.0057291671875 0.6416666671875 0.007291667187500001 0.64444444375