0 0.8942708328125001 0.5888888890625 0.8947916671874999 0.5916666671875 0.9109375 0.5888888890625 0.9171875 0.5666666671875 0.915625 0.5490740734374999 0.9109375 0.54351851875 0.8885416671874999 0.54351851875 0.8869791671874999 0.546296296875 0.8869791671874999 0.5861111109375 0.8885416671874999 0.5888888890625 0.8942708328125001 0.5888888890625
0 0.6296875 0.0101851859375 0.6057291671875 0.0129629625 0.6072916671875 0.04444444375 0.628125 0.04444444375 0.63125 0.0388888890625 0.6296875 0.0101851859375
0 0.9369791671875 0.40277777812500004 0.9453125 0.40277777812500004 0.9458333328125 0.4 0.953125 0.397222221875 0.95625 0.3888888890625 0.95625 0.378703703125 0.9578125 0.377777778125 0.9578125 0.3518518515625 0.95625 0.3509259265625 0.95625 0.34629629687499996 0.9546875 0.34351851875 0.9291666671875 0.34351851875 0.9286458328125 0.34629629687499996 0.9260416671874999 0.34629629687499996 0.9260416671874999 0.3509259265625 0.9244791671874999 0.3518518515625 0.9244791671874999 0.38333333281250004 0.9369791671875 0.40277777812500004
0 0.3322916671875 0.29444444375 0.34322916718749996 0.3111111109375 0.3484375 0.3111111109375 0.3489583328125 0.3083333328125 0.3515625 0.3083333328125 0.35625 0.29722222187499997 0.35625 0.2601851859375 0.35208333281250004 0.25740740781250004 0.3515625 0.2546296296875 0.3322916671875 0.2546296296875 0.3307291671875 0.25740740781250004 0.3307291671875 0.2888888890625 0.3322916671875 0.2898148140625 0.3322916671875 0.29444444375
0 0.3171875 0.36666666718749996 0.3203125 0.353703703125 0.3234375 0.352777778125 0.3234375 0.34629629687499996 0.31875 0.3398148140625 0.31875 0.32685185156249996 0.315625 0.321296296875 0.2994791671875 0.321296296875 0.29635416718749996 0.3240740734375 0.2932291671875 0.3324074078125 0.2932291671875 0.3638888890625 0.3010416671875 0.36944444375 0.3171875 0.36666666718749996
0 0.5536458328125 0.8916666671875 0.5541666671875001 0.89444444375 0.5640625 0.89444444375 0.5703125 0.8888888890625 0.575 0.875 0.575 0.8574074078124999 0.56875 0.8453703703125001 0.56875 0.8379629625 0.5640625 0.8324074078124999 0.5494791671875 0.8324074078124999 0.5463541671875001 0.8351851859374999 0.5432291671875 0.8435185187500001 0.5432291671875 0.8861111109375001 0.5494791671875 0.8916666671875 0.5536458328125 0.8916666671875
0 0.3885416671875 0.17314814843749998 0.3885416671875 0.177777778125 0.3947916671875 0.1888888890625 0.4109375 0.1888888890625 0.4125 0.18148148125000002 0.4171875 0.175 0.4171875 0.1675925921875 0.41875 0.1666666671875 0.41875 0.1546296296875 0.4171875 0.15370370312499998 0.415625 0.140740740625 0.4109375 0.1324074078125 0.3932291671875 0.1324074078125 0.3927083328125 0.1351851859375 0.3885416671875 0.1351851859375 0.3885416671875 0.1425925921875 0.3869791671875 0.14351851875 0.3869791671875 0.172222221875 0.3885416671875 0.17314814843749998
0 0.8244791671874999 0.13055555624999998 0.8270833328125 0.13055555624999998 0.8276041671875 0.13333333281249998 0.8375 0.13333333281249998 0.8380208328125001 0.13055555624999998 0.840625 0.13055555624999998 0.85 0.10833333281249999 0.85 0.09074074062500001 0.8484375 0.0898148140625 0.8484375 0.08518518593749999 0.84375 0.07685185156249999 0.8197916671875 0.07685185156249999 0.8182291671874999 0.07962962968750001 0.8182291671874999 0.11944444375 0.8223958328125001 0.12222222187500001 0.8244791671874999 0.13055555624999998
0 0.1807291671875 0.102777778125 0.19375 0.1 0.2 0.0861111109375 0.2 0.065740740625 0.1984375 0.0648148140625 0.1984375 0.060185185937499996 0.19375 0.0546296296875 0.1760416671875 0.0546296296875 0.1744791671875 0.0574074078125 0.1744791671875 0.097222221875 0.18020833281249998 0.1 0.1807291671875 0.102777778125
0 0.8526041671875 0.31944444375000003 0.8609375 0.31944444375000003 0.8630208328125001 0.3138888890625 0.865625 0.3138888890625 0.86875 0.3083333328125 0.8703125 0.2898148140625 0.8734375 0.28611111093749997 0.871875 0.271296296875 0.8671875 0.26574074062499997 0.8447916671875 0.26574074062499997 0.8432291671875 0.26851851875 0.8432291671875 0.3083333328125 0.8505208328125 0.3138888890625 0.8526041671875 0.31944444375000003
0 0.31979166718749996 0.34444444375 0.3239583328125 0.34444444375 0.3244791671875 0.34722222187499996 0.3375 0.34444444375 0.34375 0.3333333328125 0.34375 0.3231481484375 0.3453125 0.322222221875 0.34375 0.30740740781250003 0.3375 0.29814814843750004 0.3375 0.29351851875 0.3328125 0.28796296250000003 0.31979166718749996 0.28796296250000003 0.3182291671875 0.290740740625 0.3182291671875 0.33888888906250003 0.31979166718749996 0.3398148140625 0.31979166718749996 0.34444444375
0 0.3734375 0.41111111093749997 0.38125 0.39444444375 0.38125 0.371296296875 0.378125 0.365740740625 0.3572916671875 0.365740740625 0.3557291671875 0.36851851875 0.3557291671875 0.40833333281249995 0.3572916671875 0.41111111093749997 0.3734375 0.41111111093749997
0 0.4760416671875 0.4916666671875 0.47864583281249995 0.4916666671875 0.4838541671875 0.5 0.4921875 0.497222221875 0.5 0.48333333281249996 0.5 0.4574074078125 0.4984375 0.4546296296875 0.4760416671875 0.4546296296875 0.47447916718750005 0.4574074078125 0.47447916718750005 0.4861111109375 0.4760416671875 0.48703703750000005 0.4760416671875 0.4916666671875
0 0.953125 0.447222221875 0.9546875 0.43240740781250003 0.953125 0.43148148124999997 0.95 0.4129629625 0.946875 0.41018518593750003 0.9260416671874999 0.41018518593750003 0.9244791671874999 0.4129629625 0.9244791671874999 0.45 0.9276041671874999 0.45555555625000005 0.9484375 0.45555555625000005 0.953125 0.447222221875
0 0.4067708328125 0.39444444375 0.4140625 0.3916666671875 0.41875 0.3861111109375 0.4203125 0.365740740625 0.41875 0.3648148140625 0.4171875 0.3546296296875 0.3947916671875 0.3546296296875 0.3932291671875 0.3574074078125 0.3932291671875 0.3861111109375 0.3963541671875 0.39444444375 0.40625 0.397222221875 0.4067708328125 0.39444444375
0 0.6171875 0.7666666671875 0.6177083328124999 0.7638888890625 0.6234375 0.7638888890625 0.6255208328124999 0.7583333328124999 0.628125 0.7583333328124999 0.6328125 0.75 0.6328125 0.7453703703125 0.6359375 0.7388888890625 0.63125 0.715740740625 0.628125 0.7101851859375 0.6072916671875 0.7101851859375 0.6057291671875 0.7129629625 0.6057291671875 0.7611111109375 0.6088541671875001 0.7666666671875 0.6171875 0.7666666671875
0 0.4213541671875 0.997222221875 0.4421875 0.997222221875 0.4453125 0.984259259375 0.45 0.975 0.45 0.9675925921875 0.4515625 0.9666666671874999 0.4515625 0.9518518515625001 0.45 0.9509259265625 0.45 0.946296296875 0.4484375 0.94351851875 0.42604166718750003 0.94351851875 0.42552083281249997 0.946296296875 0.42291666718750004 0.946296296875 0.41822916718750003 0.9574074078124999 0.41822916718750003 0.9861111109375 0.41979166718750005 0.9870370375 0.4213541671875 0.997222221875
0 0.3567708328125 0.4611111109375 0.35885416718749996 0.46666666718750005 0.371875 0.46666666718750005 0.371875 0.46481481406249997 0.38125 0.45 0.38125 0.4240740734375 0.3802083328125 0.4240740734375 0.3796875 0.42129629687500003 0.3572916671875 0.42129629687500003 0.3572916671875 0.42314814843750004 0.3557291671875 0.4240740734375 0.3557291671875 0.4611111109375 0.3567708328125 0.4611111109375
0 0.9640625 0.497222221875 0.9640625 0.49259259218749996 0.96875 0.4861111109375 0.96875 0.46851851875 0.965625 0.4574074078125 0.9614583328125 0.4574074078125 0.9609375 0.4546296296875 0.9401041671874999 0.4546296296875 0.9395833328125001 0.4574074078125 0.9338541671874999 0.4574074078125 0.9307291671875 0.465740740625 0.9307291671875 0.4861111109375 0.9385416671875 0.5 0.9609375 0.502777778125 0.9640625 0.497222221875
0 0.6572916671875 0.48333333281249996 0.6651041671875 0.4916666671875 0.6765625 0.4916666671875 0.6770833328125 0.4888888890625 0.6796875 0.4888888890625 0.6859375 0.47222222187499996 0.6859375 0.46296296249999996 0.684375 0.4620370375 0.6796875 0.44351851875000003 0.6572916671875 0.44351851875000003 0.6557291671875001 0.44629629687500005 0.6557291671875001 0.477777778125 0.6572916671875 0.478703703125 0.6572916671875 0.48333333281249996
0 0.3734375 0.322222221875 0.3770833328125 0.3138888890625 0.3796875 0.3138888890625 0.3828125 0.3083333328125 0.3828125 0.3009259265625 0.384375 0.3 0.38125 0.2740740734375 0.3796875 0.2731481484375 0.3796875 0.26851851875 0.37552083281250004 0.26851851875 0.375 0.26574074062499997 0.35885416718749996 0.26574074062499997 0.3557291671875 0.271296296875 0.3557291671875 0.3083333328125 0.3604166671875 0.31944444375000003 0.3734375 0.322222221875
0 0.8635416671874999 0.1361111109375 0.8697916671874999 0.147222221875 0.8739583328125 0.147222221875 0.8744791671875 0.15 0.8796875 0.15 0.8802083328125001 0.147222221875 0.8859375 0.14444444375 0.890625 0.13055555624999998 0.890625 0.11574074062499999 0.8890625 0.1148148140625 0.8875 0.1046296296875 0.884375 0.0990740734375 0.8651041671874999 0.0990740734375 0.8619791671874999 0.1046296296875 0.8619791671874999 0.13055555624999998 0.8635416671874999 0.13148148125 0.8635416671874999 0.1361111109375
0 0.671875 0.12222222187500001 0.678125 0.10555555624999999 0.6765625 0.09351851875 0.671875 0.08796296249999999 0.6572916671875 0.08796296249999999 0.6557291671875001 0.09074074062500001 0.6557291671875001 0.11944444375 0.6572916671875 0.12222222187500001 0.671875 0.12222222187500001
0 0.4369791671875 0.43055555625 0.4484375 0.43055555625 0.45 0.42314814843750004 0.4546875 0.4166666671875 0.45625 0.39351851875 0.453125 0.3879629625 0.4322916671875 0.3879629625 0.43072916718750004 0.39074074062499997 0.4322916671875 0.425 0.4348958328125 0.425 0.4369791671875 0.43055555625
0 0.6546875 0.077777778125 0.65625 0.075 0.65625 0.0703703703125 0.6609375 0.0638888890625 0.6609375 0.04351851875 0.653125 0.0324074078125 0.6385416671875 0.0324074078125 0.6369791671875 0.0351851859375 0.6369791671875 0.072222221875 0.6401041671875001 0.077777778125 0.6546875 0.077777778125
0 0.8859375 0.322222221875 0.8875 0.3148148140625 0.89375 0.3083333328125 0.8953125 0.3 0.89375 0.2824074078125 0.8875 0.2768518515625 0.8760416671875 0.2768518515625 0.8744791671875 0.2796296296875 0.8744791671875 0.3138888890625 0.8791666671874999 0.322222221875 0.8859375 0.322222221875
0 0.9760416671875 0.20833333281250002 0.9786458328125001 0.20833333281250002 0.9791666671874999 0.21111111093749999 0.9875 0.21111111093749999 0.99375 0.197222221875 0.99375 0.1768518515625 0.9921875 0.1759259265625 0.9921875 0.171296296875 0.9875 0.165740740625 0.9760416671875 0.165740740625 0.9744791671874999 0.16851851874999998 0.9744791671874999 0.20277777812500003 0.9760416671875 0.20370370312500002 0.9760416671875 0.20833333281250002
0 0.734375 0.322222221875 0.7375 0.3166666671875 0.7390625 0.3009259265625 0.740625 0.3 0.740625 0.2796296296875 0.7359375 0.26574074062499997 0.7135416671875 0.26574074062499997 0.7119791671875 0.26851851875 0.7135416671875 0.3166666671875 0.7182291671875001 0.322222221875 0.734375 0.322222221875
0 0.8885416671874999 0.11388888906250001 0.8947916671874999 0.12222222187500001 0.9046875 0.12222222187500001 0.9140625 0.10555555624999999 0.9140625 0.08796296249999999 0.9125 0.0870370375 0.9125 0.07962962968750001 0.9109375 0.078703703125 0.909375 0.06851851875000001 0.9052083328125 0.06851851875000001 0.9046875 0.065740740625 0.8901041671875 0.065740740625 0.8869791671874999 0.071296296875 0.8869791671874999 0.10833333281249999 0.8885416671874999 0.109259259375 0.8885416671874999 0.11388888906250001
0 0.20729166718749997 0.097222221875 0.215625 0.097222221875 0.2192708328125 0.0888888890625 0.2234375 0.0861111109375 0.225 0.060185185937499996 0.2234375 0.059259259375 0.221875 0.0490740734375 0.2171875 0.04351851875 0.2010416671875 0.04351851875 0.1994791671875 0.046296296875 0.1994791671875 0.0861111109375 0.2036458328125 0.0888888890625 0.20729166718749997 0.097222221875
0 0.2984375 0.1583333328125 0.3046875 0.15277777812499999 0.30625 0.12407407343750002 0.3046875 0.12129629687500001 0.2901041671875 0.12129629687500001 0.2869791671875 0.1268518515625 0.2869791671875 0.15277777812499999 0.2932291671875 0.1583333328125 0.2984375 0.1583333328125
0 0.9546875 0.5888888890625 0.959375 0.575 0.9578125 0.5601851859375 0.9546875 0.5546296296875 0.9447916671875 0.5546296296875 0.9432291671874999 0.5574074078125 0.9432291671874999 0.5861111109375 0.9447916671875 0.5888888890625 0.9546875 0.5888888890625
0 0.7859375 0.377777778125 0.7864583328125 0.375 0.790625 0.375 0.8 0.35 0.8 0.34629629687499996 0.7984375 0.3453703703125 0.7984375 0.3351851859375 0.796875 0.334259259375 0.7953125 0.3240740734375 0.7927083328125 0.3240740734375 0.7921875 0.321296296875 0.7682291671875 0.321296296875 0.7677083328125 0.3240740734375 0.7651041671875001 0.3240740734375 0.7619791671875 0.3324074078125 0.7619791671875 0.3638888890625 0.7697916671875 0.377777778125 0.7859375 0.377777778125
0 0.3322916671875 0.3981481484375 0.3322916671875 0.40555555625000006 0.340625 0.4 0.34375 0.39444444375 0.34375 0.384259259375 0.3453125 0.38333333281250004 0.34375 0.3740740734375 0.340625 0.3703703703125 0.340625 0.3601851859375 0.3359375 0.3546296296875 0.31979166718749996 0.3546296296875 0.3182291671875 0.3574074078125 0.3182291671875 0.3861111109375 0.32864583281250004 0.3916666671875 0.3322916671875 0.3981481484375
0 0.971875 0.2416666671875 0.9739583328125001 0.23611111093749998 0.9796875 0.23333333281250002 0.984375 0.21944444375 0.984375 0.21296296250000002 0.9817708328125001 0.21296296250000002 0.978125 0.2046296296875 0.9755208328125 0.2046296296875 0.971875 0.1990740734375 0.9572916671874999 0.1990740734375 0.9557291671874999 0.2018518515625 0.9557291671874999 0.23055555625 0.9598958328125 0.23333333281250002 0.9635416671874999 0.2416666671875 0.971875 0.2416666671875
0 0.5671875 0.5333333328125 0.575 0.522222221875 0.575 0.49629629687500004 0.5734375 0.490740740625 0.5510416671875 0.4879629625 0.5494791671875 0.490740740625 0.5494791671875 0.5305555562500001 0.5510416671875 0.5333333328125 0.5671875 0.5333333328125
0 0.6697916671875 0.43333333281249997 0.6723958328124999 0.43333333281249997 0.6776041671875 0.44444444375 0.690625 0.44444444375 0.6984375 0.425 0.6984375 0.4129629625 0.696875 0.41203703750000004 0.6953125 0.4018518515625 0.6927083328125 0.4018518515625 0.6921875 0.3990740734375 0.6713541671875001 0.3990740734375 0.6682291671875 0.4046296296875 0.6682291671875 0.427777778125 0.6697916671875 0.42870370312499995 0.6697916671875 0.43333333281249997
0 0.0635416671875 0.1203703703125 0.0635416671875 0.125 0.06979166718749999 0.13333333281249998 0.0859375 0.13333333281249998 0.0875 0.12592592656249998 0.09375 0.1166666671875 0.09375 0.09629629687499999 0.0890625 0.0870370375 0.0890625 0.0824074078125 0.0859375 0.07685185156249999 0.0666666671875 0.07685185156249999 0.0661458328125 0.07962962968750001 0.0635416671875 0.07962962968750001 0.0635416671875 0.08425925937499999 0.061979167187499996 0.08518518593749999 0.061979167187499996 0.11944444375 0.0635416671875 0.1203703703125
0 0.6380208328125 0.5351851859375001 0.6322916671875001 0.5379629625 0.6307291671875 0.575 0.6338541671875 0.58055555625 0.6421875 0.58055555625 0.6427083328125 0.577777778125 0.6484375 0.575 0.6515625 0.559259259375 0.6546875 0.5555555562500001 0.6546875 0.5351851859375001 0.6520833328125 0.5351851859375001 0.6515625 0.5324074078125001 0.6385416671875 0.5324074078125001 0.6380208328125 0.5351851859375001
0 0.3760416671875 0.1888888890625 0.3875 0.1861111109375 0.390625 0.175 0.390625 0.1629629625 0.3890625 0.1620370375 0.3875 0.146296296875 0.384375 0.14351851875 0.3697916671875 0.14351851875 0.3682291671875 0.146296296875 0.3682291671875 0.16944444375 0.3713541671875 0.1833333328125 0.3760416671875 0.1888888890625
0 0.6546875 0.50555555625 0.6567708328124999 0.5 0.6609375 0.5 0.6625 0.490740740625 0.6578125 0.48148148125 0.65625 0.471296296875 0.653125 0.465740740625 0.6447916671875 0.465740740625 0.6432291671875 0.46851851875 0.6432291671875 0.497222221875 0.6494791671875 0.50555555625 0.6546875 0.50555555625
0 0.528125 0.6111111109375 0.5328125 0.597222221875 0.5328125 0.5796296296875 0.5296875 0.5768518515625 0.5151041671875001 0.5768518515625 0.5119791671875 0.5824074078125 0.5119791671875 0.60555555625 0.5151041671875001 0.6111111109375 0.528125 0.6111111109375
0 0.5375 0.675 0.5390625 0.6546296296875 0.5359375 0.64351851875 0.5260416671875 0.64351851875 0.5244791671875 0.675 0.5260416671875 0.6805555562500001 0.5328125 0.6805555562500001 0.5375 0.675
0 0.23125 0.7861111109375 0.23125 0.7629629625 0.2296875 0.7574074078125 0.2265625 0.7546296296875 0.20729166718749997 0.7546296296875 0.20572916718749998 0.7574074078125 0.20572916718749998 0.7805555562500001 0.2088541671875 0.7888888890625 0.2234375 0.79444444375 0.23125 0.7861111109375
0 0.3010416671875 0.647222221875 0.3036458328125 0.647222221875 0.3057291671875 0.652777778125 0.3098958328125 0.652777778125 0.3104166671875 0.6555555562500001 0.321875 0.652777778125 0.3265625 0.6388888890625 0.3265625 0.61851851875 0.325 0.6175925921875 0.325 0.6129629624999999 0.3234375 0.6101851859375 0.3010416671875 0.6101851859375 0.2994791671875 0.6129629624999999 0.2994791671875 0.6416666671875 0.3010416671875 0.6425925921875 0.3010416671875 0.647222221875
0 0.5744791671875 0.41944444374999995 0.584375 0.42222222187499997 0.5875 0.41944444374999995 0.5875 0.4148148140625 0.59375 0.40277777812500004 0.59375 0.3768518515625 0.5859375 0.365740740625 0.5760416671875 0.365740740625 0.5744791671875 0.36851851875 0.5744791671875 0.4 0.5760416671875 0.40092592656250003 0.5744791671875 0.41944444374999995
0 0.5947916671875 0.33888888906250003 0.6010416671875001 0.34722222187499996 0.609375 0.34722222187499996 0.6125 0.3416666671875 0.6125 0.33703703749999997 0.61875 0.33055555625 0.61875 0.31759259218749997 0.6203125 0.3166666671875 0.61875 0.3046296296875 0.615625 0.29907407343750003 0.5963541671875 0.29907407343750003 0.5932291671875001 0.3046296296875 0.5932291671875001 0.3333333328125 0.5947916671875 0.334259259375 0.5947916671875 0.33888888906250003
0 0.20833333281250002 0.6 0.2125 0.6 0.2171875 0.5916666671875 0.21875 0.5824074078125 0.215625 0.5768518515625 0.1963541671875 0.5768518515625 0.1932291671875 0.5824074078125 0.1932291671875 0.597222221875 0.1963541671875 0.60555555625 0.1989583328125 0.602777778125 0.2078125 0.602777778125 0.20833333281250002 0.6
0 0.046875 0.7111111109375 0.053125 0.6972222218749999 0.053125 0.6898148140625 0.0546875 0.6888888890625 0.053125 0.66851851875 0.050520832812500006 0.66851851875 0.05 0.665740740625 0.0260416671875 0.665740740625 0.0244791671875 0.66851851875 0.0244791671875 0.70555555625 0.0322916671875 0.7138888890625 0.046875 0.7111111109375
0 0.4088541671875 0.6888888890625 0.421875 0.6888888890625 0.425 0.6861111109375 0.43125 0.672222221875 0.43125 0.6490740734375 0.428125 0.64351851875 0.4135416671875 0.64351851875 0.41302083281249996 0.646296296875 0.4088541671875 0.646296296875 0.40729166718750004 0.6620370375 0.4057291671875 0.6629629625 0.4057291671875 0.6833333328125 0.4088541671875 0.6888888890625
0 0.821875 0.7861111109375 0.8203125 0.76851851875 0.8171875 0.765740740625 0.8041666671875 0.765740740625 0.8010416671874999 0.76851851875 0.8010416671874999 0.797222221875 0.8057291671875 0.8027777781250001 0.8171875 0.8 0.821875 0.7861111109375
0 0.4421875 0.46666666718750005 0.4453125 0.4611111109375 0.446875 0.44907407343749994 0.4421875 0.44351851875000003 0.4322916671875 0.44351851875000003 0.43072916718750004 0.44629629687500005 0.43072916718750004 0.46388888906250003 0.4322916671875 0.46666666718750005 0.4421875 0.46666666718750005
0 0.6744791671875 0.1740740734375 0.6744791671875 0.1833333328125 0.6760416671875 0.1888888890625 0.6822916671875 0.19444444375 0.690625 0.19444444375 0.696875 0.1888888890625 0.7015625 0.175 0.7 0.1490740734375 0.69375 0.14351851875 0.6760416671875 0.14351851875 0.6744791671875 0.146296296875 0.6744791671875 0.172222221875 0.6760416671875 0.17314814843749998 0.6744791671875 0.1740740734375
0 0.9614583328125 0.3 0.9640625 0.3 0.96875 0.28611111093749997 0.965625 0.2768518515625 0.9510416671874999 0.2768518515625 0.9494791671874999 0.2796296296875 0.9494791671874999 0.29722222187499997 0.9526041671875 0.302777778125 0.9609375 0.302777778125 0.9614583328125 0.3
0 0.4359375 0.5305555562500001 0.4390625 0.515740740625 0.4359375 0.5101851859375001 0.42604166718750003 0.5101851859375001 0.4244791671875 0.5129629625 0.4244791671875 0.5305555562500001 0.42604166718750003 0.5333333328125 0.4359375 0.5305555562500001
0 0.8546875 0.8 0.8625 0.7861111109375 0.8625 0.7601851859375001 0.8609375 0.7574074078125 0.8583333328125 0.7574074078125 0.8578125 0.7546296296875 0.8401041671874999 0.7546296296875 0.8369791671875 0.7601851859375001 0.8369791671875 0.79444444375 0.8401041671874999 0.8 0.8546875 0.8
0 0.384375 0.1888888890625 0.39114583281250004 0.175 0.3947916671875 0.1833333328125 0.3984375 0.1833333328125 0.3984375 0.1759259265625 0.4 0.175 0.3984375 0.1425925921875 0.4 0.1379629625 0.3984375 0.1351851859375 0.3760416671875 0.1324074078125 0.37447916718749996 0.1351851859375 0.37447916718749996 0.1833333328125 0.3776041671875 0.1888888890625 0.384375 0.1888888890625
0 0.061979167187499996 0.61944444375 0.06875 0.61944444375 0.075 0.6138888890625 0.0796875 0.60555555625 0.0796875 0.5981481484375 0.08125 0.597222221875 0.0796875 0.56851851875 0.078125 0.565740740625 0.05729166718749999 0.565740740625 0.0557291671875 0.56851851875 0.0557291671875 0.6083333328125 0.05729166718749999 0.6138888890625 0.061979167187499996 0.61944444375
0 0.6609375 0.5916666671875 0.6640625 0.5861111109375 0.6640625 0.578703703125 0.665625 0.577777778125 0.6640625 0.5601851859375 0.6609375 0.5546296296875 0.6526041671875 0.5546296296875 0.6494791671875 0.5601851859375 0.6494791671875 0.5861111109375 0.6510416671875 0.5888888890625 0.6609375 0.5916666671875
0 0.3359375 0.0333333328125 0.340625 0.025 0.3421875 0.0129629625 0.3380208328125 0.0129629625 0.3375 0.0101851859375 0.31979166718749996 0.0101851859375 0.3182291671875 0.0129629625 0.3182291671875 0.0333333328125 0.3244791671875 0.0416666671875 0.3296875 0.0416666671875 0.3333333328125 0.0333333328125 0.3359375 0.0333333328125
0 0.86875 0.0638888890625 0.86875 0.059259259375 0.875 0.05 0.875 0.0379629625 0.871875 0.0324074078125 0.8572916671874999 0.0324074078125 0.8557291671874999 0.0351851859375 0.8557291671874999 0.061111110937500004 0.8588541671875 0.0666666671875 0.86875 0.0638888890625
0 0.371875 0.1861111109375 0.3734375 0.171296296875 0.3703125 0.1601851859375 0.365625 0.1546296296875 0.3572916671875 0.1574074078125 0.3557291671875 0.1629629625 0.3557291671875 0.1833333328125 0.3572916671875 0.1888888890625 0.371875 0.1861111109375
0 0.32760416718749996 0.4138888890625 0.3359375 0.41111111093749997 0.3421875 0.4 0.3421875 0.39074074062499997 0.340625 0.3879629625 0.3229166671875 0.3879629625 0.3223958328125 0.39074074062499997 0.31979166718749996 0.39074074062499997 0.31979166718749996 0.4 0.3229166671875 0.403703703125 0.3229166671875 0.40833333281249995 0.32760416718749996 0.4138888890625
0 0.7109375 0.2888888890625 0.7140625 0.2601851859375 0.7052083328125 0.25740740781250004 0.7046875 0.2546296296875 0.6947916671875001 0.2546296296875 0.6932291671875 0.25740740781250004 0.6932291671875 0.28611111093749997 0.6979166671875 0.2916666671875 0.7109375 0.2888888890625
0 0.371875 0.1833333328125 0.371875 0.165740740625 0.36875 0.146296296875 0.3583333328125 0.1490740734375 0.3463541671875 0.14351851875 0.34322916718749996 0.1490740734375 0.34322916718749996 0.1861111109375 0.3447916671875 0.1888888890625 0.3640625 0.1888888890625 0.371875 0.1833333328125
0 0.3484375 0.1416666671875 0.3484375 0.13703703750000001 0.353125 0.13055555624999998 0.3515625 0.11574074062499999 0.346875 0.1101851859375 0.3385416671875 0.1101851859375 0.3369791671875 0.1129629625 0.3369791671875 0.13888888906250002 0.3401041671875 0.14444444375 0.3484375 0.1416666671875
0 0.11875 0.177777778125 0.11875 0.1574074078125 0.1171875 0.1546296296875 0.1010416671875 0.1546296296875 0.0994791671875 0.1574074078125 0.0994791671875 0.1861111109375 0.1125 0.1888888890625 0.11875 0.177777778125
0 0.09375 0.9490740734375 0.090625 0.94351851875 0.0760416671875 0.94351851875 0.0744791671875 0.946296296875 0.0744791671875 0.9638888890624999 0.0760416671875 0.9666666671874999 0.0859375 0.9666666671874999 0.09375 0.952777778125 0.09375 0.9490740734375
0 0.76875 0.4861111109375 0.775 0.475 0.775 0.471296296875 0.771875 0.465740740625 0.7635416671875 0.465740740625 0.7619791671875 0.46851851875 0.7619791671875 0.48333333281249996 0.7635416671875 0.4861111109375 0.76875 0.4861111109375
0 0.55625 0.797222221875 0.559375 0.7888888890625 0.559375 0.7768518515625 0.55625 0.7731481484375 0.55625 0.7601851859375001 0.553125 0.7546296296875 0.5447916671875 0.7546296296875 0.5432291671875 0.7574074078125 0.5432291671875 0.7861111109375 0.5494791671875 0.797222221875 0.55625 0.797222221875
0 0.10625 0.28611111093749997 0.10625 0.271296296875 0.103125 0.26574074062499997 0.0947916671875 0.26574074062499997 0.09322916718749999 0.26851851875 0.09322916718749999 0.29444444375 0.1015625 0.29722222187499997 0.10625 0.28611111093749997
0 0.1484375 0.0333333328125 0.15 0.030555556249999997 0.15 0.0231481484375 0.1515625 0.022222221875 0.1515625 0.015740740625 0.1484375 0.0101851859375 0.1385416671875 0.0101851859375 0.1369791671875 0.0129629625 0.1369791671875 0.030555556249999997 0.14010416718750002 0.0361111109375 0.1484375 0.0333333328125
0 0.7088541671875 0.33888888906250003 0.7171875 0.33888888906250003 0.7171875 0.334259259375 0.7203125 0.33055555625 0.7203125 0.315740740625 0.715625 0.3018518515625 0.7072916671875 0.29907407343750003 0.7057291671875 0.3018518515625 0.7057291671875 0.3166666671875 0.7104166671875001 0.328703703125 0.7088541671875 0.33888888906250003
0 0.75 0.46851851875 0.7385416671875 0.465740740625 0.7369791671875 0.46851851875 0.7385416671875 0.4916666671875 0.7484375 0.4888888890625 0.75 0.46851851875