0 0.2822916671875 0.072222221875 0.2932291671875 0.0861111109375 0.3 0.0861111109375 0.30625 0.0638888890625 0.30625 0.0351851859375 0.3046875 0.0324074078125 0.2869791671875 0.0324074078125 0.2864583328125 0.0351851859375 0.2822916671875 0.0351851859375 0.2822916671875 0.0425925921875 0.28072916718749996 0.04351851875 0.28072916718749996 0.0666666671875 0.2822916671875 0.072222221875
0 0.40729166718750004 0.102777778125 0.4135416671875 0.1111111109375 0.4328125 0.1111111109375 0.43333333281249997 0.10833333281249999 0.4359375 0.10833333281249999 0.4359375 0.10370370312499999 0.4390625 0.097222221875 0.4375 0.06851851875000001 0.4296875 0.0546296296875 0.41197916718750005 0.0546296296875 0.4114583328125 0.0574074078125 0.4088541671875 0.0574074078125 0.4057291671875 0.065740740625 0.4057291671875 0.097222221875 0.40729166718750004 0.0981481484375 0.40729166718750004 0.102777778125
0 0.1619791671875 0.38055555625 0.1796875 0.377777778125 0.18125 0.36759259218749996 0.1828125 0.36666666718749996 0.18125 0.3379629625 0.178125 0.3324074078125 0.1588541671875 0.3324074078125 0.15572916718750002 0.3379629625 0.15572916718750002 0.375 0.1614583328125 0.377777778125 0.1619791671875 0.38055555625
0 0.21770833281250002 0.23055555625 0.21979166718749998 0.23611111093749998 0.22239583281250003 0.23611111093749998 0.2260416671875 0.24444444375000002 0.2375 0.2416666671875 0.2375 0.2370370375 0.24375 0.23055555625 0.24375 0.2018518515625 0.2421875 0.196296296875 0.2359375 0.1879629625 0.2182291671875 0.1879629625 0.21510416718749997 0.190740740625 0.21197916718749998 0.1990740734375 0.21197916718749998 0.222222221875 0.21354166718749998 0.22777777812500002 0.21770833281250002 0.23055555625
0 0.2734375 0.6666666671875 0.28125 0.652777778125 0.2796875 0.6351851859375001 0.2765625 0.6324074078125 0.2635416671875 0.6324074078125 0.2619791671875 0.6351851859375001 0.2619791671875 0.6638888890625 0.2635416671875 0.6666666671875 0.2734375 0.6666666671875
0 0.4505208328125 0.222222221875 0.45104166718750005 0.225 0.45520833281249995 0.225 0.4557291671875 0.22777777812500002 0.4625 0.22777777812500002 0.46302083281249995 0.225 0.46875 0.222222221875 0.471875 0.2166666671875 0.471875 0.21203703749999997 0.475 0.20833333281250002 0.475 0.1824074078125 0.465625 0.165740740625 0.44635416718750004 0.165740740625 0.44322916718750005 0.171296296875 0.44322916718750005 0.2166666671875 0.44635416718750004 0.222222221875 0.4505208328125 0.222222221875
0 0.8 0.777777778125 0.80625 0.772222221875 0.8125 0.7611111109375 0.8109375 0.7351851859375 0.8067708328125001 0.7351851859375 0.80625 0.7324074078125 0.7885416671875001 0.7324074078125 0.7869791671875 0.7351851859375 0.7869791671875 0.7666666671875 0.7885416671875001 0.7675925921875 0.7885416671875001 0.775 0.8 0.777777778125
0 0.278125 0.055555556250000006 0.28125 0.05 0.28125 0.0425925921875 0.2875 0.0333333328125 0.2875 0.0259259265625 0.290625 0.019444443750000002 0.290625 0.0129629625 0.2875 0.0101851859375 0.2713541671875 0.0101851859375 0.2682291671875 0.015740740625 0.2697916671875 0.052777778124999994 0.278125 0.055555556250000006
0 0.9927083328125 0.44166666718750003 0.9994791671875 0.4388888890625 0.9994791671875 0.3990740734375 0.9760416671875 0.3990740734375 0.9744791671874999 0.4018518515625 0.9744791671874999 0.43055555625 0.9822916671874999 0.44444444375 0.9921875 0.44444444375 0.9927083328125 0.44166666718750003
0 0.9432291671874999 0.30555555624999997 0.9484375 0.30555555624999997 0.9489583328125001 0.302777778125 0.9515625 0.302777778125 0.9520833328125 0.3 0.95625 0.29722222187499997 0.9578125 0.2870370375 0.9609375 0.2833333328125 0.9609375 0.271296296875 0.959375 0.2703703703125 0.959375 0.26574074062499997 0.95625 0.26203703749999996 0.9546875 0.2546296296875 0.9401041671874999 0.2546296296875 0.9385416671875 0.26203703749999996 0.9369791671875 0.2629629625 0.9369791671875 0.29722222187499997 0.9432291671874999 0.30555555624999997
0 0.325 0.097222221875 0.328125 0.09444444375 0.3328125 0.08055555625000001 0.33125 0.0490740734375 0.3265625 0.04351851875 0.3072916671875 0.04351851875 0.3057291671875 0.046296296875 0.3072916671875 0.09444444375 0.3088541671875 0.097222221875 0.325 0.097222221875
0 0.8322916671874999 0.172222221875 0.8385416671874999 0.1833333328125 0.8484375 0.1833333328125 0.8489583328125001 0.18055555625 0.8546875 0.177777778125 0.8609375 0.16388888906250001 0.8609375 0.15648148125 0.8625 0.15555555625 0.8625 0.12407407343750002 0.8609375 0.12129629687500001 0.8322916671874999 0.12129629687500001 0.8307291671874999 0.12407407343750002 0.8307291671874999 0.1666666671875 0.8322916671874999 0.1675925921875 0.8322916671874999 0.172222221875
0 0.5875 0.425 0.5880208328125 0.42222222187499997 0.5921875 0.42222222187499997 0.6 0.40555555625000006 0.6 0.39351851875 0.596875 0.3879629625 0.5760416671875 0.3879629625 0.5744791671875 0.39074074062499997 0.5744791671875 0.41944444374999995 0.5786458328124999 0.42222222187499997 0.5791666671875 0.425 0.5875 0.425
0 0.4234375 0.05 0.425 0.0351851859375 0.4203125 0.0240740734375 0.4171875 0.021296296875000002 0.4010416671875 0.021296296875000002 0.3994791671875 0.0240740734375 0.4010416671875 0.058333332812500006 0.4125 0.058333332812500006 0.41614583281249995 0.052777778124999994 0.4234375 0.05
0 0.984375 0.3861111109375 0.984375 0.38148148125 0.9875 0.375 0.984375 0.365740740625 0.9697916671875 0.365740740625 0.9682291671875 0.36851851875 0.9697916671875 0.397222221875 0.978125 0.39444444375 0.9817708328125001 0.3861111109375 0.984375 0.3861111109375
0 0.5005208328124999 0.8111111109375001 0.5046875 0.8111111109375001 0.50625 0.7824074078125001 0.503125 0.7768518515625 0.48854166718750003 0.7768518515625 0.4869791671875 0.7796296296875 0.48854166718750003 0.8138888890624999 0.4984375 0.8166666671874999 0.5005208328124999 0.8111111109375001
0 0.8026041671874999 0.9416666671874999 0.8125 0.9416666671874999 0.81875 0.9333333328125001 0.821875 0.922222221875 0.821875 0.9064814812499999 0.8234375 0.9055555562500001 0.8234375 0.8898148140625001 0.825 0.8888888890625 0.8234375 0.8768518515625001 0.8026041671874999 0.8768518515625001 0.7994791671875 0.8824074078124999 0.7994791671875 0.9305555562500001 0.8026041671874999 0.9416666671874999
0 0.2859375 0.222222221875 0.2875 0.21944444375 0.2875 0.2018518515625 0.2859375 0.1990740734375 0.2760416671875 0.1990740734375 0.2744791671875 0.2018518515625 0.2744791671875 0.21944444375 0.2760416671875 0.222222221875 0.2859375 0.222222221875
0 0.13333333281249998 0.40277777812500004 0.14375 0.397222221875 0.1421875 0.3768518515625 0.1197916671875 0.3768518515625 0.11822916718750001 0.3796296296875 0.11822916718750001 0.40833333281249995 0.1197916671875 0.41111111093749997 0.128125 0.41111111093749997 0.13333333281249998 0.40277777812500004
0 0.9046875 0.852777778125 0.90625 0.847222221875 0.9046875 0.8240740734375 0.9015625 0.821296296875 0.8822916671875 0.821296296875 0.8807291671874999 0.8240740734375 0.8807291671874999 0.852777778125 0.8838541671875 0.8583333328125 0.8984375 0.8611111109375 0.9046875 0.852777778125
0 0.1921875 0.0333333328125 0.2 0.019444443750000002 0.2 0.0129629625 0.1984375 0.0101851859375 0.1822916671875 0.0101851859375 0.1807291671875 0.0129629625 0.1822916671875 0.027777778125000003 0.1864583328125 0.030555556249999997 0.18697916718750002 0.0333333328125 0.1921875 0.0333333328125
0 0.8822916671875 0.8138888890624999 0.8864583328125001 0.8138888890624999 0.8869791671874999 0.8166666671874999 0.8911458328125 0.8166666671874999 0.8916666671875 0.8194444437499999 0.9005208328125001 0.8194444437499999 0.9010416671874999 0.8222222218749999 0.903125 0.8222222218749999 0.90625 0.8166666671874999 0.90625 0.790740740625 0.8984375 0.7768518515625 0.8838541671875 0.7768518515625 0.8807291671874999 0.7824074078125001 0.8807291671874999 0.8083333328125001 0.8822916671875 0.809259259375 0.8822916671875 0.8138888890624999
0 0.6234375 0.3888888890625 0.6234375 0.3768518515625 0.6177083328124999 0.3740740734375 0.615625 0.36851851875 0.6010416671875001 0.36851851875 0.5994791671875 0.3740740734375 0.5994791671875 0.39444444375 0.6026041671875 0.4 0.615625 0.4 0.6234375 0.3888888890625
0 0.013020832812499999 0.5138888890625 0.0135416671875 0.5166666671875 0.0171875 0.5166666671875 0.0203125 0.5083333328124999 0.01875 0.4879629625 0.0140625 0.4796296296875 0.007291667187500001 0.4768518515625 0.0057291671875 0.4796296296875 0.0057291671875 0.5083333328124999 0.010416667187500001 0.5138888890625 0.013020832812499999 0.5138888890625
0 0.984375 0.1861111109375 0.9875 0.18055555625 0.9875 0.1759259265625 0.990625 0.172222221875 0.990625 0.16851851874999998 0.9890625 0.1675925921875 0.9890625 0.1490740734375 0.9859375 0.14351851875 0.9635416671874999 0.14351851875 0.9619791671875 0.146296296875 0.9619791671875 0.175 0.9697916671875 0.1888888890625 0.984375 0.1861111109375
0 0.3072916671875 0.0388888890625 0.3109375 0.0388888890625 0.31875 0.030555556249999997 0.3203125 0.015740740625 0.31875 0.0148148140625 0.31875 0.004629629687499999 0.3171875 0.0018518515625 0.2994791671875 0.0018518515625 0.2994791671875 0.025 0.3010416671875 0.030555556249999997 0.3036458328125 0.030555556249999997 0.3072916671875 0.0388888890625
0 0.3109375 0.46666666718750005 0.3125 0.4481481484375 0.3140625 0.447222221875 0.3140625 0.4240740734375 0.3109375 0.42129629687500003 0.2901041671875 0.42129629687500003 0.2869791671875 0.4268518515625 0.2869791671875 0.45277777812500003 0.29635416718749996 0.46666666718750005 0.3109375 0.46666666718750005
0 0.8625 0.74444444375 0.8640625 0.7268518515625 0.8609375 0.7212962968750001 0.8510416671875 0.7212962968750001 0.8494791671874999 0.7240740734375 0.8494791671874999 0.7416666671875001 0.8541666671874999 0.747222221875 0.8625 0.74444444375
0 0.83125 0.7268518515625 0.828125 0.7212962968750001 0.8197916671875 0.7212962968750001 0.8182291671874999 0.7638888890625 0.828125 0.7666666671875 0.83125 0.7611111109375 0.83125 0.7268518515625
0 0.3973958328125 0.322222221875 0.39791666718749996 0.325 0.403125 0.32777777812500003 0.40625 0.322222221875 0.4078125 0.3120370375 0.4109375 0.3083333328125 0.4109375 0.3018518515625 0.4078125 0.29814814843750004 0.4078125 0.29351851875 0.4046875 0.28796296250000003 0.3885416671875 0.28796296250000003 0.3869791671875 0.290740740625 0.3869791671875 0.3166666671875 0.39010416718749996 0.322222221875 0.3973958328125 0.322222221875
0 0.8864583328125001 0.775 0.8890625 0.775 0.8921875 0.7666666671875 0.8921875 0.7546296296875 0.8859375 0.74351851875 0.8713541671874999 0.74351851875 0.8682291671875 0.7490740734375 0.8682291671875 0.76944444375 0.8713541671874999 0.777777778125 0.8859375 0.777777778125 0.8864583328125001 0.775
0 0.1453125 0.43055555625 0.146875 0.4129629625 0.14375 0.41018518593750003 0.13229166718750002 0.41018518593750003 0.1307291671875 0.4129629625 0.13229166718750002 0.43333333281249997 0.1421875 0.4361111109375 0.1453125 0.43055555625
0 0.8109375 0.502777778125 0.8140625 0.49444444374999996 0.8140625 0.48703703750000005 0.8171875 0.48333333281249996 0.81875 0.471296296875 0.815625 0.465740740625 0.8010416671874999 0.465740740625 0.7994791671875 0.46851851875 0.7994791671875 0.497222221875 0.8026041671874999 0.50555555625 0.8109375 0.502777778125
0 0.98125 0.9083333328125001 0.9921875 0.8888888890625 0.9921875 0.8740740734375001 0.990625 0.86851851875 0.9864583328125001 0.86851851875 0.9859375 0.865740740625 0.9697916671875 0.865740740625 0.9682291671875 0.86851851875 0.9682291671875 0.9 0.9713541671874999 0.9083333328125001 0.98125 0.9083333328125001
0 0.3734375 0.33055555625 0.3765625 0.3166666671875 0.375 0.3018518515625 0.3734375 0.29907407343750003 0.3572916671875 0.29907407343750003 0.3557291671875 0.3018518515625 0.3557291671875 0.31944444375000003 0.36666666718749996 0.33055555625 0.3734375 0.33055555625
0 0.884375 0.7212962968750001 0.8697916671874999 0.7212962968750001 0.8682291671875 0.7240740734375 0.8697916671874999 0.7416666671875001 0.88125 0.7416666671875001 0.8859375 0.7333333328125 0.884375 0.7212962968750001
0 0.24635416718749997 0.8222222218749999 0.2520833328125 0.8222222218749999 0.2526041671875 0.825 0.259375 0.827777778125 0.2614583328125 0.8222222218749999 0.2640625 0.8222222218749999 0.26875 0.8111111109375001 0.26875 0.796296296875 0.2671875 0.7953703703125 0.2671875 0.790740740625 0.259375 0.7768518515625 0.24479166718749998 0.7768518515625 0.24322916718749998 0.7796296296875 0.24322916718749998 0.8111111109375001 0.24479166718749998 0.8120370375 0.24635416718749997 0.8222222218749999
0 0.6171875 0.41018518593750003 0.6010416671875001 0.41018518593750003 0.5994791671875 0.4129629625 0.6010416671875001 0.4388888890625 0.6109375 0.4388888890625 0.61875 0.43055555625 0.6171875 0.41018518593750003
0 0.9390625 0.25740740781250004 0.9260416671874999 0.2546296296875 0.9260416671874999 0.2833333328125 0.9359375 0.2833333328125 0.9390625 0.272222221875 0.9390625 0.25740740781250004
0 0.790625 0.9083333328125001 0.7942708328125 0.9 0.796875 0.9 0.8 0.8916666671875 0.8 0.865740740625 0.7984375 0.8648148140625 0.7984375 0.8601851859374999 0.79375 0.8546296296874999 0.7822916671875 0.8546296296874999 0.7807291671875001 0.8574074078124999 0.7807291671875001 0.89444444375 0.7838541671875 0.902777778125 0.790625 0.9083333328125001
0 0.1010416671875 0.7953703703125 0.1010416671875 0.8055555562500001 0.1020833328125 0.8055555562500001 0.10260416718750001 0.8083333328125001 0.1067708328125 0.8083333328125001 0.10729166718750001 0.8111111109375001 0.115625 0.8111111109375001 0.115625 0.809259259375 0.125 0.79444444375 0.125 0.7796296296875 0.12395833281249999 0.7796296296875 0.1171875 0.765740740625 0.1010416671875 0.765740740625 0.1010416671875 0.7675925921875 0.0994791671875 0.76851851875 0.0994791671875 0.79444444375 0.1010416671875 0.7953703703125
0 0.9760416671875 0.66944444375 0.9807291671874999 0.6777777781250001 0.9833333328125 0.6777777781250001 0.9901041671874999 0.6861111109375 0.9994791671875 0.6833333328125 0.9994791671875 0.6324074078125 0.9760416671875 0.6324074078125 0.9744791671874999 0.6351851859375001 0.9744791671874999 0.6638888890625 0.9760416671875 0.6648148140625 0.9760416671875 0.66944444375
0 0.5401041671875 0.827777778125 0.553125 0.825 0.559375 0.8083333328125001 0.559375 0.79351851875 0.5546875 0.7879629625 0.5322916671875 0.7879629625 0.5307291671875001 0.790740740625 0.5307291671875001 0.8194444437499999 0.5338541671875 0.825 0.5395833328124999 0.825 0.5401041671875 0.827777778125
0 0.86875 0.852777778125 0.8703125 0.8453703703125001 0.8734375 0.8416666671874999 0.8734375 0.8351851859374999 0.8671875 0.821296296875 0.8572916671874999 0.821296296875 0.8557291671874999 0.8240740734375 0.8557291671874999 0.85 0.8572916671874999 0.85555555625 0.86875 0.852777778125
0 0.2760416671875 0.3 0.2796875 0.3 0.2875 0.28611111093749997 0.2875 0.26851851875 0.2859375 0.26574074062499997 0.2760416671875 0.26574074062499997 0.2744791671875 0.26851851875 0.2744791671875 0.29722222187499997 0.2760416671875 0.3
0 0.3234375 0.8194444437499999 0.3234375 0.8148148140625 0.33125 0.8 0.33125 0.7796296296875 0.3151041671875 0.7768518515625 0.31197916718749996 0.7824074078125001 0.31197916718749996 0.8138888890624999 0.3135416671875 0.8194444437499999 0.3234375 0.8194444437499999
0 0.034375 0.66851851875 0.0296875 0.6546296296875 0.0135416671875 0.6546296296875 0.0119791671875 0.6574074078125001 0.0119791671875 0.672222221875 0.0151041671875 0.6777777781250001 0.034375 0.675 0.034375 0.66851851875
0 0.59375 0.33703703749999997 0.5984375 0.33055555625 0.5984375 0.32685185156249996 0.59375 0.321296296875 0.5822916671875 0.321296296875 0.5807291671875 0.3240740734375 0.5807291671875 0.33888888906250003 0.5838541671875 0.34444444375 0.590625 0.34444444375 0.59375 0.3416666671875 0.59375 0.33703703749999997
0 0.228125 0.8833333328125 0.2359375 0.8666666671875 0.2359375 0.8462962968750001 0.2328125 0.8435185187500001 0.21979166718749998 0.8435185187500001 0.2182291671875 0.8462962968750001 0.21979166718749998 0.88055555625 0.22135416718749998 0.8833333328125 0.228125 0.8833333328125
0 0.22760416718749998 0.8333333328125001 0.2296875 0.8333333328125001 0.2359375 0.8222222218749999 0.2359375 0.8175925921875 0.2375 0.8166666671874999 0.2375 0.8046296296875 0.234375 0.7990740734374999 0.2260416671875 0.7990740734374999 0.2244791671875 0.8018518515625 0.2244791671875 0.827777778125 0.22760416718749998 0.8333333328125001
0 0.859375 0.8083333328125001 0.859375 0.8046296296875 0.85625 0.7990740734374999 0.8510416671875 0.7990740734374999 0.8494791671874999 0.8111111109375001 0.8510416671875 0.8166666671874999 0.8546875 0.8166666671874999 0.859375 0.8083333328125001
0 0.9265625 0.7796296296875 0.9197916671874999 0.7768518515625 0.9182291671874999 0.797222221875 0.9234375 0.8 0.9265625 0.79444444375 0.9265625 0.7796296296875
0 0.8671875 0.7861111109375 0.8671875 0.76851851875 0.8572916671874999 0.765740740625 0.8557291671874999 0.7861111109375 0.8588541671875 0.7916666671875 0.8625 0.7916666671875 0.8671875 0.7861111109375
0 0.7421875 0.077777778125 0.74375 0.0703703703125 0.7484375 0.0638888890625 0.7484375 0.0574074078125 0.7453125 0.053703703125 0.7453125 0.0490740734375 0.7421875 0.04351851875 0.7276041671875 0.04351851875 0.7244791671875 0.0490740734375 0.7244791671875 0.075 0.7260416671875001 0.08055555625000001 0.7421875 0.077777778125
0 0.8265625 0.7083333328125 0.825 0.690740740625 0.8234375 0.6879629625 0.8135416671875 0.6879629625 0.8119791671875 0.690740740625 0.8135416671875 0.7166666671875 0.8234375 0.7138888890625 0.8265625 0.7083333328125
0 0.61875 0.290740740625 0.6072916671875 0.28796296250000003 0.6057291671875 0.3083333328125 0.615625 0.3111111109375 0.61875 0.30555555624999997 0.61875 0.290740740625
0 0.809375 0.6333333328124999 0.81875 0.6166666671875001 0.81875 0.5935185187500001 0.815625 0.5879629625 0.8010416671874999 0.5879629625 0.7994791671875 0.590740740625 0.7994791671875 0.627777778125 0.8026041671874999 0.6333333328124999 0.809375 0.6333333328124999
0 0.6296875 0.32777777812500003 0.6296875 0.3129629625 0.628125 0.3101851859375 0.6135416671875 0.3101851859375 0.6119791671875 0.3129629625 0.6135416671875 0.3416666671875 0.6234375 0.3416666671875 0.6296875 0.32777777812500003
0 0.9140625 0.5111111109375 0.9140625 0.5018518515625 0.9010416671874999 0.4990740734375 0.8994791671875 0.51944444375 0.9010416671874999 0.522222221875 0.9109375 0.51944444375 0.9140625 0.5111111109375
0 0.2713541671875 0.0416666671875 0.278125 0.0416666671875 0.2786458328125 0.0388888890625 0.2859375 0.0361111109375 0.290625 0.019444443750000002 0.2890625 0.004629629687499999 0.2859375 0 0.2682291671875 0.0018518515625 0.2682291671875 0.013888889062500001 0.2713541671875 0.0259259265625 0.2697916671875 0.0388888890625 0.2713541671875 0.0416666671875
0 0.7619791671875 0.9083333328125001 0.7635416671875 0.9111111109375001 0.7734375 0.9138888890624999 0.78125 0.9055555562500001 0.78125 0.8824074078124999 0.778125 0.8768518515625001 0.7697916671875 0.8768518515625001 0.7635416671875 0.8824074078124999 0.7619791671875 0.8879629625 0.7619791671875 0.9083333328125001
0 0.96875 0.10833333281249999 0.975 0.097222221875 0.9765625 0.07962962968750001 0.9635416671874999 0.07685185156249999 0.9619791671875 0.07962962968750001 0.9619791671875 0.102777778125 0.9635416671874999 0.10833333281249999 0.96875 0.10833333281249999
0 0.33125 0.40833333281249995 0.33125 0.39074074062499997 0.3296875 0.3879629625 0.3072916671875 0.3879629625 0.3057291671875 0.39074074062499997 0.3057291671875 0.41111111093749997 0.3088541671875 0.41944444374999995 0.3234375 0.41944444374999995 0.33125 0.40833333281249995
0 0.4375 0.27870370312500004 0.440625 0.275 0.440625 0.2675925921875 0.4421875 0.2666666671875 0.4421875 0.25740740781250004 0.42760416718750005 0.2546296296875 0.4244791671875 0.2601851859375 0.42604166718750003 0.2916666671875 0.4359375 0.29444444375 0.4375 0.27870370312500004
0 0.3302083328125 0.6416666671875 0.340625 0.6416666671875 0.34375 0.6333333328124999 0.34375 0.615740740625 0.3375 0.60648148125 0.3375 0.6018518515625 0.3260416671875 0.5990740734375 0.3244791671875 0.6018518515625 0.3244791671875 0.6388888890625 0.32760416718749996 0.64444444375 0.3302083328125 0.6416666671875
0 0.7546875 0.15 0.7567708328125 0.14444444375 0.759375 0.14444444375 0.7625 0.13888888906250002 0.7625 0.13148148125 0.7640625 0.13055555624999998 0.7625 0.1074074078125 0.7578125 0.0990740734375 0.7447916671875 0.0990740734375 0.7432291671875 0.10185185156250001 0.7432291671875 0.13333333281249998 0.7510416671875 0.15 0.7546875 0.15
0 0.9765625 0.13055555624999998 0.975 0.1129629625 0.9635416671874999 0.1101851859375 0.9619791671875 0.1129629625 0.9635416671874999 0.1361111109375 0.9734375 0.1361111109375 0.9765625 0.13055555624999998
0 0.8734375 0.22685185156249998 0.8572916671874999 0.221296296875 0.8557291671874999 0.252777778125 0.8572916671874999 0.25555555625 0.8734375 0.252777778125 0.8734375 0.22685185156249998
0 0.425 0.2796296296875 0.41979166718750005 0.2768518515625 0.41822916718750003 0.29722222187499997 0.41979166718750005 0.302777778125 0.4234375 0.302777778125 0.425 0.2796296296875
0 0.3447916671875 0.6 0.353125 0.6 0.3546875 0.590740740625 0.353125 0.5898148140624999 0.353125 0.5796296296875 0.35 0.56851851875 0.3401041671875 0.565740740625 0.3369791671875 0.571296296875 0.3369791671875 0.5861111109375 0.3411458328125 0.5888888890625 0.3447916671875 0.6
0 0.9380208328125 0.8666666671875 0.95 0.8666666671875 0.9505208328125001 0.8638888890624999 0.9546875 0.8638888890624999 0.9625 0.852777778125 0.9625 0.8268518515625001 0.9609375 0.8240740734375 0.9338541671874999 0.821296296875 0.9307291671875 0.8268518515625001 0.9307291671875 0.8638888890624999 0.9338541671874999 0.86944444375 0.9375 0.86944444375 0.9380208328125 0.8666666671875
0 0.5296875 0.5527777781250001 0.5328125 0.5416666671875 0.5328125 0.5240740734375 0.5296875 0.521296296875 0.5135416671875 0.521296296875 0.5119791671875 0.5240740734375 0.5119791671875 0.5527777781250001 0.5197916671875 0.5583333328125 0.5296875 0.5527777781250001
0 0.815625 0.1888888890625 0.81875 0.18055555625 0.81875 0.1601851859375 0.815625 0.1546296296875 0.8010416671874999 0.1546296296875 0.7994791671875 0.1574074078125 0.8010416671874999 0.1861111109375 0.8057291671875 0.1916666671875 0.815625 0.1888888890625
0 0.6557291671875001 0.246296296875 0.6557291671875001 0.272222221875 0.6572916671875 0.2731481484375 0.6588541671875 0.28055555625 0.6640625 0.27777777812500004 0.671875 0.2638888890625 0.6734375 0.246296296875 0.6692708328125 0.246296296875 0.66875 0.24351851875000002 0.6572916671875 0.24351851875000002 0.6557291671875001 0.246296296875
0 0.25625 0.8388888890624999 0.2546875 0.834259259375 0.2546875 0.815740740625 0.2484375 0.8101851859375 0.2401041671875 0.8101851859375 0.23697916718749998 0.815740740625 0.23854166718749997 0.847222221875 0.253125 0.8444444437499999 0.25625 0.8388888890624999
0 0.2822916671875 0.08055555625000001 0.2875 0.08055555625000001 0.2875 0.0731481484375 0.2911458328125 0.0666666671875 0.2932291671875 0.0731481484375 0.2916666671875 0.0740740734375 0.2901041671875 0.08333333281250001 0.2916666671875 0.0861111109375 0.3015625 0.0861111109375 0.3078125 0.0490740734375 0.3046875 0.04351851875 0.2838541671875 0.04351851875 0.28072916718749996 0.0490740734375 0.28072916718749996 0.072222221875 0.2822916671875 0.0731481484375 0.2822916671875 0.08055555625000001
0 0.915625 0.0333333328125 0.921875 0.019444443750000002 0.921875 0.0129629625 0.91875 0.0101851859375 0.9057291671875 0.0129629625 0.9072916671875 0.030555556249999997 0.9130208328125 0.030555556249999997 0.9135416671875 0.0333333328125 0.915625 0.0333333328125
0 0.3322916671875 0.7666666671875 0.340625 0.76944444375 0.35 0.75555555625 0.35 0.7351851859375 0.3473958328125 0.7351851859375 0.346875 0.7324074078125 0.3260416671875 0.7324074078125 0.3244791671875 0.7351851859375 0.3244791671875 0.752777778125 0.3260416671875 0.753703703125 0.3260416671875 0.7583333328124999 0.3322916671875 0.7666666671875
0 0.0703125 0.1074074078125 0.0671875 0.0990740734375 0.0635416671875 0.0990740734375 0.061979167187499996 0.11944444375 0.0671875 0.12222222187500001 0.0703125 0.1166666671875 0.0703125 0.1074074078125
0 0.0463541671875 0.12222222187500001 0.0515625 0.11944444375 0.0546875 0.11388888906250001 0.05625 0.1046296296875 0.053125 0.0990740734375 0.0447916671875 0.0990740734375 0.0432291671875 0.10185185156250001 0.0432291671875 0.1166666671875 0.0463541671875 0.12222222187500001
0 0.1510416671875 0.447222221875 0.159375 0.447222221875 0.1625 0.44166666718750003 0.1625 0.4370370375 0.1671875 0.43055555625 0.1671875 0.4240740734375 0.1609375 0.41018518593750003 0.1510416671875 0.41018518593750003 0.1494791671875 0.4129629625 0.1494791671875 0.4388888890625 0.1510416671875 0.43981481406249995 0.1510416671875 0.447222221875
0 0.9640625 0.852777778125 0.9640625 0.8296296296874999 0.9625 0.828703703125 0.9625 0.8240740734375 0.9598958328125 0.8240740734375 0.959375 0.821296296875 0.9385416671875 0.821296296875 0.9369791671875 0.8240740734375 0.9369791671875 0.8638888890624999 0.9401041671874999 0.86944444375 0.9546875 0.8666666671875 0.9640625 0.852777778125
0 0.40729166718750004 0.275 0.4140625 0.275 0.4234375 0.2638888890625 0.4234375 0.24351851875000002 0.4203125 0.23518518593749999 0.41770833281249997 0.23518518593749999 0.4171875 0.23240740781250002 0.4010416671875 0.23240740781250002 0.3994791671875 0.23518518593749999 0.3994791671875 0.2638888890625 0.40416666718750005 0.272222221875 0.4067708328125 0.272222221875 0.40729166718750004 0.275
0 0.9994791671875 0.2546296296875 0.9822916671874999 0.2546296296875 0.9807291671874999 0.25740740781250004 0.9822916671874999 0.27777777812500004 0.990625 0.27777777812500004 0.9994791671875 0.2666666671875 0.9994791671875 0.2546296296875
0 0.25729166718749996 0.51944444375 0.2677083328125 0.522222221875 0.2682291671875 0.525 0.2796875 0.522222221875 0.28125 0.5120370375000001 0.284375 0.50555555625 0.2859375 0.490740740625 0.28177083281250004 0.4879629625 0.275 0.4768518515625 0.25729166718749996 0.4768518515625 0.2557291671875 0.4796296296875 0.2557291671875 0.5138888890625 0.25729166718749996 0.5148148140625 0.25729166718749996 0.51944444375
0 0.165625 0.4861111109375 0.16875 0.48055555625 0.1703125 0.4703703703125 0.175 0.46388888906250003 0.175 0.4601851859375 0.171875 0.4546296296875 0.1572916671875 0.4546296296875 0.15572916718750002 0.4574074078125 0.15572916718750002 0.48333333281249996 0.1572916671875 0.4861111109375 0.165625 0.4861111109375
0 0.8296875 0.7083333328125 0.8296875 0.7018518515625 0.8265625 0.6981481484375001 0.8265625 0.69351851875 0.8234375 0.6879629625 0.8135416671875 0.6879629625 0.8119791671875 0.690740740625 0.8119791671875 0.7083333328125 0.8151041671874999 0.7166666671875 0.821875 0.7166666671875 0.8296875 0.7083333328125
0 0.1994791671875 0.252777778125 0.209375 0.252777778125 0.20989583281250002 0.25 0.2104166671875 0.252777778125 0.2171875 0.252777778125 0.2171875 0.23240740781250002 0.2104166671875 0.23240740781250002 0.20989583281250002 0.23518518593749999 0.203125 0.21296296250000002 0.2 0.2101851859375 0.18697916718750002 0.21296296250000002 0.18697916718750002 0.2416666671875 0.1885416671875 0.24444444375000002 0.1942708328125 0.24444444375000002 0.1994791671875 0.252777778125
0 0.665625 0.0101851859375 0.6510416671875 0.0101851859375 0.6494791671875 0.0129629625 0.6494791671875 0.030555556249999997 0.6510416671875 0.03148148125 0.6510416671875 0.0388888890625 0.659375 0.0361111109375 0.6671875 0.022222221875 0.6671875 0.0129629625 0.665625 0.0101851859375
0 0.9375 0.91944444375 0.94375 0.9083333328125001 0.946875 0.897222221875 0.946875 0.890740740625 0.94375 0.8879629625 0.9322916671874999 0.8879629625 0.9307291671875 0.890740740625 0.9322916671874999 0.91944444375 0.9375 0.91944444375
0 0.1328125 0.815740740625 0.1296875 0.8101851859375 0.1197916671875 0.8101851859375 0.11822916718750001 0.8129629625 0.1197916671875 0.8416666671874999 0.13125 0.8388888890624999 0.1328125 0.815740740625
0 0.9635416671874999 0.6518518515625 0.9619791671875 0.6574074078125001 0.9619791671875 0.6833333328125 0.9651041671874999 0.6888888890625 0.978125 0.6916666671875 0.984375 0.6833333328125 0.984375 0.66851851875 0.98125 0.6620370375 0.984375 0.652777778125 0.984375 0.646296296875 0.9760416671875 0.64351851875 0.9755208328125 0.646296296875 0.9697916671875 0.646296296875 0.9635416671874999 0.6518518515625
0 0.7651041671875001 0.7611111109375 0.771875 0.75555555625 0.7796875 0.7416666671875001 0.7796875 0.7324074078125 0.7765625 0.728703703125 0.7765625 0.7212962968750001 0.775 0.7203703703125 0.775 0.7129629625 0.7734375 0.7101851859375 0.7635416671875 0.7101851859375 0.7619791671875 0.7129629625 0.7619791671875 0.752777778125 0.7651041671875001 0.7611111109375
0 0.6734375 0.3129629625 0.6708333328125 0.3129629625 0.6703125 0.3101851859375 0.6588541671875 0.3101851859375 0.6557291671875001 0.315740740625 0.6588541671875 0.3333333328125 0.6671875 0.3333333328125 0.6734375 0.322222221875 0.6734375 0.3129629625
0 0.8796875 0.872222221875 0.8796875 0.8601851859374999 0.8734375 0.8546296296874999 0.8635416671874999 0.8546296296874999 0.8619791671874999 0.8574074078124999 0.8635416671874999 0.8861111109375001 0.875 0.8861111109375001 0.8796875 0.872222221875
0 0.64375 0.3351851859375 0.6322916671875001 0.3324074078125 0.6307291671875 0.3351851859375 0.6322916671875001 0.3611111109375 0.6421875 0.3638888890625 0.64375 0.3351851859375
0 0.13229166718750002 0.821296296875 0.13229166718750002 0.8416666671874999 0.1354166671875 0.847222221875 0.146875 0.847222221875 0.15 0.8416666671874999 0.1515625 0.83148148125 0.1546875 0.827777778125 0.153125 0.815740740625 0.1484375 0.8101851859375 0.1385416671875 0.8101851859375 0.1380208328125 0.8129629625 0.1354166671875 0.8129629625 0.1354166671875 0.8175925921875 0.13229166718750002 0.821296296875
0 0.640625 0.4240740734375 0.6375 0.42129629687500003 0.6260416671875 0.42129629687500003 0.6244791671875001 0.4240740734375 0.6244791671875001 0.4388888890625 0.6276041671875 0.44444444375 0.634375 0.44166666718750003 0.640625 0.43055555625 0.640625 0.4240740734375
0 0.8432291671875 0.2018518515625 0.8432291671875 0.23333333281250002 0.8447916671875 0.234259259375 0.8447916671875 0.2416666671875 0.85 0.2416666671875 0.853125 0.2259259265625 0.8609375 0.2166666671875 0.8609375 0.2018518515625 0.8557291671874999 0.2018518515625 0.8536458328125001 0.20740740781250003 0.8484375 0.1990740734375 0.8432291671875 0.2018518515625
0 0.5484375 0.125 0.553125 0.1111111109375 0.5515625 0.09351851875 0.5484375 0.08796296249999999 0.5385416671875001 0.08796296249999999 0.5369791671875 0.09074074062500001 0.5369791671875 0.11944444375 0.5401041671875 0.125 0.5484375 0.125
0 0.6484375 0.225 0.6453125 0.2101851859375 0.6307291671875 0.21296296250000002 0.6307291671875 0.225 0.6354166671875 0.23333333281250002 0.646875 0.23055555625 0.6484375 0.225
0 0.7828125 0.19444444375 0.78125 0.17962962968750001 0.7697916671875 0.1768518515625 0.7682291671875 0.17962962968750001 0.7682291671875 0.20833333281250002 0.7796875 0.21111111093749999 0.7828125 0.19444444375
0 0.80625 0.7666666671875 0.8067708328125001 0.7638888890625 0.8109375 0.7638888890625 0.8125 0.7490740734375 0.8078125 0.7398148140624999 0.8109375 0.7333333328125 0.8109375 0.7240740734375 0.7901041671875 0.7212962968750001 0.7869791671875 0.7268518515625 0.7869791671875 0.7638888890625 0.7885416671875001 0.7666666671875 0.80625 0.7666666671875
0 0.9770833328125 0.43333333281249997 0.9838541671875 0.44166666718750003 0.990625 0.44444444375 0.99375 0.4388888890625 0.9921875 0.4046296296875 0.9833333328125 0.4018518515625 0.9828125 0.3990740734375 0.9697916671875 0.3990740734375 0.9682291671875 0.4018518515625 0.9682291671875 0.427777778125 0.9713541671874999 0.43333333281249997 0.9770833328125 0.43333333281249997
0 0.56875 0.097222221875 0.575 0.0861111109375 0.575 0.08148148125 0.5765625 0.08055555625000001 0.5765625 0.0759259265625 0.5796875 0.06944444375 0.5796875 0.0574074078125 0.578125 0.0546296296875 0.5572916671875 0.0546296296875 0.5557291671875 0.0574074078125 0.5557291671875 0.0861111109375 0.5619791671875001 0.097222221875 0.56875 0.097222221875
0 0.44375 0.252777778125 0.4421875 0.23240740781250002 0.42604166718750003 0.23240740781250002 0.4244791671875 0.23518518593749999 0.4244791671875 0.252777778125 0.42760416718750005 0.2611111109375 0.440625 0.25833333281250004 0.44375 0.252777778125
0 0.1296875 0.35925925937500003 0.13125 0.3583333328125 0.1296875 0.34351851875 0.10729166718750001 0.34351851875 0.1057291671875 0.34629629687499996 0.10729166718750001 0.375 0.121875 0.377777778125 0.1296875 0.36666666718749996 0.1296875 0.35925925937500003
0 0.9171875 0.3138888890625 0.91875 0.3018518515625 0.9171875 0.29907407343750003 0.9010416671874999 0.29907407343750003 0.8994791671875 0.3018518515625 0.8994791671875 0.322222221875 0.9010416671874999 0.3231481484375 0.9010416671874999 0.32777777812500003 0.9046875 0.33055555625 0.9052083328125 0.32777777812500003 0.9109375 0.325 0.9171875 0.3138888890625
0 0.6609375 0.15 0.6645833328124999 0.1416666671875 0.6671875 0.1416666671875 0.66875 0.1268518515625 0.665625 0.12129629687500001 0.6572916671875 0.12129629687500001 0.6557291671875001 0.12407407343750002 0.6572916671875 0.15 0.6609375 0.15
0 0.9098958328125001 0.15555555625 0.9119791671874999 0.1611111109375 0.91875 0.1611111109375 0.91875 0.15648148125 0.9296875 0.13888888906250002 0.9296875 0.12407407343750002 0.9265625 0.12129629687500001 0.9072916671875 0.12129629687500001 0.9057291671875 0.12407407343750002 0.9057291671875 0.15 0.9072916671875 0.15555555625 0.9098958328125001 0.15555555625
0 0.7484375 0.222222221875 0.7489583328125 0.21944444375 0.753125 0.21944444375 0.7583333328124999 0.20833333281250002 0.7609375 0.20833333281250002 0.7625 0.1824074078125 0.759375 0.1768518515625 0.7401041671875 0.1768518515625 0.7369791671875 0.1824074078125 0.7369791671875 0.21111111093749999 0.7385416671875 0.21203703749999997 0.7385416671875 0.21944444375 0.7484375 0.222222221875
0 0.23802083281250003 0.872222221875 0.23854166718749997 0.875 0.240625 0.875 0.2484375 0.8611111109375 0.2484375 0.8462962968750001 0.2442708328125 0.8462962968750001 0.24375 0.8435185187500001 0.2338541671875 0.8435185187500001 0.23072916718749997 0.8490740734375001 0.2322916671875 0.86944444375 0.2338541671875 0.872222221875 0.23802083281250003 0.872222221875
0 0.1979166671875 0.252777778125 0.2052083328125 0.25555555625 0.21197916718749998 0.2638888890625 0.21875 0.2638888890625 0.2208333328125 0.25833333281250004 0.2234375 0.25833333281250004 0.225 0.252777778125 0.2234375 0.240740740625 0.215625 0.2296296296875 0.20989583281250002 0.2296296296875 0.2046875 0.21296296250000002 0.20052083281250002 0.21296296250000002 0.2 0.2101851859375 0.1885416671875 0.2101851859375 0.18697916718750002 0.21296296250000002 0.18697916718750002 0.2416666671875 0.1885416671875 0.24444444375000002 0.1927083328125 0.24444444375000002 0.1979166671875 0.252777778125
0 0.303125 0.40833333281249995 0.3015625 0.39351851875 0.2984375 0.3879629625 0.2947916671875 0.3879629625 0.2932291671875 0.39074074062499997 0.2932291671875 0.4166666671875 0.3 0.41944444374999995 0.303125 0.40833333281249995
0 0.6078125 0.3611111109375 0.6078125 0.34629629687499996 0.6010416671875001 0.34351851875 0.5994791671875 0.34629629687499996 0.5994791671875 0.3611111109375 0.60625 0.3638888890625 0.6078125 0.3611111109375
0 0.6447916671875 0.3333333328125 0.6484375 0.3333333328125 0.6546875 0.322222221875 0.6546875 0.3018518515625 0.653125 0.29907407343750003 0.6447916671875 0.29907407343750003 0.6432291671875 0.3018518515625 0.6432291671875 0.32777777812500003 0.6447916671875 0.3333333328125
0 0.9963541671874999 0.1324074078125 0.9932291671875 0.16944444375 0.9994791671875 0.175 0.9994791671875 0.1324074078125 0.9963541671874999 0.1324074078125
0 0.990625 0.8861111109375001 0.9921875 0.8833333328125 0.990625 0.8759259265624999 0.9921875 0.8462962968750001 0.9760416671875 0.8435185187500001 0.9744791671874999 0.8462962968750001 0.9744791671874999 0.8861111109375001 0.9760416671875 0.8888888890625 0.990625 0.8861111109375001
0 0.7447916671875 0.9111111109375001 0.7546875 0.9083333328125001 0.7609375 0.897222221875 0.7625 0.8768518515625001 0.7609375 0.86851851875 0.7578125 0.865740740625 0.7447916671875 0.865740740625 0.7432291671875 0.86851851875 0.7432291671875 0.9083333328125001 0.7447916671875 0.9111111109375001
0 0.8822916671875 0.272222221875 0.8880208328125001 0.275 0.8885416671874999 0.27777777812500004 0.8984375 0.275 0.903125 0.2611111109375 0.903125 0.253703703125 0.9046875 0.252777778125 0.903125 0.24351851875000002 0.8984375 0.23518518593749999 0.8838541671875 0.23518518593749999 0.8807291671874999 0.24351851875000002 0.8807291671874999 0.2666666671875 0.8822916671875 0.2675925921875 0.8822916671875 0.272222221875
0 0.6375 0.11388888906250001 0.640625 0.097222221875 0.6390625 0.09074074062500001 0.6359375 0.08796296249999999 0.6182291671875 0.09074074062500001 0.6182291671875 0.10555555624999999 0.6213541671875 0.11388888906250001 0.6270833328125 0.1111111109375 0.6375 0.11388888906250001
0 0.8796875 0.24722222187499998 0.8796875 0.22407407343750002 0.8692708328125001 0.22407407343750002 0.86875 0.221296296875 0.8557291671874999 0.22407407343750002 0.8557291671874999 0.252777778125 0.8572916671874999 0.25555555625 0.8734375 0.25833333281250004 0.8796875 0.24722222187499998
0 0.8651041671874999 0.12222222187500001 0.8796875 0.11944444375 0.8796875 0.10185185156250001 0.8765625 0.0981481484375 0.8796875 0.07962962968750001 0.8572916671874999 0.07685185156249999 0.8557291671874999 0.097222221875 0.8588541671875 0.10648148125000001 0.8588541671875 0.11944444375 0.8651041671874999 0.12222222187500001
0 0.12552083281249998 0.5583333328125 0.128125 0.5583333328125 0.13125 0.5527777781250001 0.1296875 0.54351851875 0.1197916671875 0.54351851875 0.11822916718750001 0.546296296875 0.11822916718750001 0.5555555562500001 0.1213541671875 0.5638888890625 0.1234375 0.5638888890625 0.12552083281249998 0.5583333328125
0 0.784375 0.11944444375 0.7859375 0.1166666671875 0.7859375 0.09074074062500001 0.7697916671875 0.08796296249999999 0.7682291671875 0.09074074062500001 0.7682291671875 0.12222222187500001 0.7697916671875 0.127777778125 0.784375 0.11944444375
0 0.59375 0.06851851875000001 0.5822916671875 0.065740740625 0.5807291671875 0.0861111109375 0.5822916671875 0.0888888890625 0.5921875 0.0861111109375 0.59375 0.06851851875000001
0 0.453125 0.12407407343750002 0.44895833281249997 0.12407407343750002 0.4484375 0.12129629687500001 0.4322916671875 0.12129629687500001 0.43072916718750004 0.12407407343750002 0.4322916671875 0.14444444375 0.4484375 0.15 0.4546875 0.1416666671875 0.453125 0.12407407343750002
0 0.2890625 0.7138888890625 0.2953125 0.7083333328125 0.2984375 0.7 0.296875 0.6824074078125 0.2921875 0.6768518515624999 0.2822916671875 0.6768518515624999 0.28072916718749996 0.6796296296875 0.28072916718749996 0.7083333328125 0.2838541671875 0.7138888890625 0.2890625 0.7138888890625
0 0.16875 0.85 0.1734375 0.8416666671874999 0.1734375 0.8351851859374999 0.1677083328125 0.8351851859374999 0.1671875 0.8324074078124999 0.1510416671875 0.8324074078124999 0.1494791671875 0.8351851859374999 0.1494791671875 0.852777778125 0.1526041671875 0.8611111109375 0.1609375 0.8611111109375 0.1661458328125 0.85 0.16875 0.85
0 0.765625 0.5555555562500001 0.7671875 0.5379629625 0.7625 0.5324074078125001 0.7572916671875001 0.5324074078125001 0.7557291671875 0.5351851859375001 0.7557291671875 0.5527777781250001 0.7588541671875 0.5583333328125 0.765625 0.5555555562500001
0 0.4796875 0.3879629625 0.4682291671875 0.39074074062499997 0.46979166718750004 0.40277777812500004 0.475 0.40277777812500004 0.48125 0.397222221875 0.4796875 0.3879629625
0 0.8171875 0.9333333328125001 0.821875 0.922222221875 0.821875 0.9037037031249999 0.825 0.897222221875 0.825 0.8796296296874999 0.8234375 0.8768518515625001 0.8026041671874999 0.8768518515625001 0.7994791671875 0.8824074078124999 0.7994791671875 0.9277777781250001 0.8026041671874999 0.9333333328125001 0.8171875 0.9333333328125001
0 0.1171875 0.5305555562500001 0.1234375 0.51944444375 0.1234375 0.5018518515625 0.10729166718750001 0.4990740734375 0.1057291671875 0.5018518515625 0.1057291671875 0.525 0.10729166718750001 0.5305555562500001 0.1171875 0.5305555562500001
0 0.3447916671875 0.60555555625 0.353125 0.60555555625 0.3546875 0.602777778125 0.3546875 0.5796296296875 0.35 0.5731481484375001 0.35 0.56851851875 0.3473958328125 0.56851851875 0.346875 0.565740740625 0.3385416671875 0.565740740625 0.3369791671875 0.56851851875 0.3369791671875 0.5861111109375 0.3416666671875 0.5925925921874999 0.3447916671875 0.60555555625
0 0.6557291671875001 0.246296296875 0.6572916671875 0.275 0.6609375 0.275 0.6645833328124999 0.2666666671875 0.6671875 0.2666666671875 0.6734375 0.252777778125 0.671875 0.246296296875 0.6661458328125 0.246296296875 0.665625 0.24351851875000002 0.6572916671875 0.24351851875000002 0.6557291671875001 0.246296296875
0 0.9921875 0.6833333328125 0.9958333328125001 0.675 0.9994791671875 0.675 0.9994791671875 0.6324074078125 0.9697916671875 0.6324074078125 0.9682291671875 0.6351851859375001 0.9697916671875 0.6861111109375 0.9765625 0.6861111109375 0.9833333328125 0.6805555562500001 0.9921875 0.6833333328125
0 0.1385416671875 0.93148148125 0.1385416671875 0.9388888890624999 0.1421875 0.9388888890624999 0.1427083328125 0.9361111109375001 0.1515625 0.9305555562500001 0.15625 0.922222221875 0.1578125 0.9018518515625 0.14010416718750002 0.8990740734375 0.1369791671875 0.9046296296874999 0.1369791671875 0.9305555562500001 0.1385416671875 0.93148148125
0 0.4859375 0.3138888890625 0.4921875 0.3083333328125 0.49375 0.302777778125 0.4921875 0.28796296250000003 0.46979166718750004 0.28796296250000003 0.4682291671875 0.290740740625 0.46979166718750004 0.31944444375000003 0.4765625 0.31944444375000003 0.4770833328125 0.3166666671875 0.4859375 0.3138888890625
0 0.4796875 0.8194444437499999 0.4796875 0.8148148140625 0.48125 0.8138888890624999 0.48125 0.809259259375 0.4859375 0.797222221875 0.484375 0.7824074078125001 0.4796875 0.7768518515625 0.46979166718750004 0.7768518515625 0.4682291671875 0.7796296296875 0.4682291671875 0.8083333328125001 0.4713541671875 0.8166666671874999 0.4796875 0.8194444437499999
0 0.1244791671875 0.8379629625 0.1244791671875 0.875 0.1260416671875 0.8759259265624999 0.1260416671875 0.8833333328125 0.1296875 0.8833333328125 0.1375 0.86944444375 0.1375 0.8648148140625 0.14375 0.85555555625 0.14375 0.8481481484375 0.146875 0.8444444437499999 0.146875 0.8379629625 0.14114583281249998 0.8379629625 0.1359375 0.8324074078124999 0.1276041671875 0.8324074078124999 0.1244791671875 0.8379629625
0 0.7401041671875 0.652777778125 0.7421875 0.652777778125 0.7442708328125 0.647222221875 0.746875 0.647222221875 0.75 0.6416666671875 0.75 0.6240740734375 0.7484375 0.621296296875 0.7385416671875 0.621296296875 0.7369791671875 0.6240740734375 0.7369791671875 0.64444444375 0.7401041671875 0.652777778125
0 0.9140625 0.44907407343749994 0.9109375 0.44351851875000003 0.9010416671874999 0.44351851875000003 0.8994791671875 0.46388888906250003 0.9109375 0.46666666718750005 0.9140625 0.4611111109375 0.9140625 0.44907407343749994
0 0.6671875 0.5333333328125 0.6671875 0.515740740625 0.6510416671875 0.5101851859375001 0.6494791671875 0.5129629625 0.6510416671875 0.5388888890625 0.6640625 0.5388888890625 0.6671875 0.5333333328125
0 0.4322916671875 0.2638888890625 0.440625 0.2611111109375 0.44375 0.25555555625 0.4453125 0.2379629625 0.4421875 0.23240740781250002 0.4322916671875 0.23240740781250002 0.43072916718750004 0.23518518593749999 0.43072916718750004 0.25555555625 0.4322916671875 0.25648148125 0.4322916671875 0.2638888890625
0 0.809375 0.7333333328125 0.8125 0.727777778125 0.8140625 0.715740740625 0.8078125 0.7101851859375 0.8010416671874999 0.7101851859375 0.7994791671875 0.7129629625 0.7994791671875 0.727777778125 0.8026041671874999 0.7333333328125 0.809375 0.7333333328125
0 0.625 0.22314814843750003 0.628125 0.21944444375 0.628125 0.21296296250000002 0.6197916671875 0.2101851859375 0.6182291671875 0.222222221875 0.6213541671875 0.23055555625 0.6234375 0.23055555625 0.625 0.22314814843750003
0 0.553125 0.7611111109375 0.55625 0.752777778125 0.5546875 0.7379629624999999 0.546875 0.7324074078125 0.5385416671875001 0.7324074078125 0.5369791671875 0.7351851859375 0.5385416671875001 0.7611111109375 0.5401041671875 0.7638888890625 0.553125 0.7611111109375
0 0.7609375 0.41944444374999995 0.7640625 0.4046296296875 0.7609375 0.3990740734375 0.7510416671875 0.3990740734375 0.7494791671875001 0.4018518515625 0.7494791671875001 0.41944444374999995 0.7510416671875 0.42222222187499997 0.7609375 0.41944444374999995
0 0.3244791671875 0.8101851859375 0.3244791671875 0.83055555625 0.3260416671875 0.8333333328125001 0.3359375 0.8333333328125001 0.3421875 0.8222222218749999 0.3421875 0.8175925921875 0.34375 0.8166666671874999 0.34375 0.790740740625 0.3421875 0.7879629625 0.3322916671875 0.7879629625 0.3260416671875 0.8018518515625 0.3260416671875 0.809259259375 0.3244791671875 0.8101851859375
0 0.1979166671875 0.252777778125 0.20052083281250002 0.252777778125 0.2010416671875 0.25555555625 0.2036458328125 0.25555555625 0.20416666718749998 0.25833333281250004 0.20677083281250003 0.25833333281250004 0.2088541671875 0.2638888890625 0.2130208328125 0.2638888890625 0.21354166718749998 0.2666666671875 0.2171875 0.2666666671875 0.21770833281250002 0.2638888890625 0.2203125 0.2638888890625 0.2234375 0.25833333281250004 0.225 0.246296296875 0.215625 0.22685185156249998 0.20989583281250002 0.22685185156249998 0.20625 0.221296296875 0.19479166718750002 0.221296296875 0.1932291671875 0.22407407343750002 0.1932291671875 0.2416666671875 0.19479166718750002 0.24259259218749998 0.19479166718750002 0.24722222187499998 0.1979166671875 0.252777778125
0 0.2109375 0.91944444375 0.2109375 0.890740740625 0.209375 0.8898148140625001 0.2078125 0.8740740734375001 0.203125 0.865740740625 0.1963541671875 0.865740740625 0.1932291671875 0.871296296875 0.19479166718750002 0.9111111109375001 0.2010416671875 0.91944444375 0.2109375 0.91944444375