0 0 0.6111111109375 0.00625 0.6111111109375 0.0125 0.6 0.0140625 0.5740740734374999 0.0125 0.5731481484375001 0.0125 0.5629629625 0.009375 0.5574074078125 0 0.5546296296875 0 0.6111111109375
0 0.446875 0.1888888890625 0.4546875 0.175 0.45625 0.1620370375 0.4578125 0.1611111109375 0.4578125 0.140740740625 0.45625 0.13981481406250001 0.4546875 0.1268518515625 0.45 0.12129629687500001 0.42604166718750003 0.12129629687500001 0.4244791671875 0.12407407343750002 0.4244791671875 0.1861111109375 0.42604166718750003 0.1888888890625 0.446875 0.1888888890625
0 0.0229166671875 0.34444444375 0.028125 0.34444444375 0.0333333328125 0.3361111109375 0.0359375 0.3361111109375 0.040625 0.32777777812500003 0.040625 0.3231481484375 0.04375 0.3166666671875 0.04375 0.3018518515625 0.0421875 0.3009259265625 0.0421875 0.29351851875 0.0380208328125 0.290740740625 0.0375 0.28796296250000003 0.0135416671875 0.28796296250000003 0.0119791671875 0.290740740625 0.0119791671875 0.33055555625 0.0161458328125 0.3333333328125 0.0229166671875 0.34444444375
0 0.5520833328125 0.9861111109375 0.5526041671875 0.9888888890624999 0.5671875 0.9888888890624999 0.5796875 0.972222221875 0.5796875 0.9675925921875 0.58125 0.9666666671874999 0.58125 0.940740740625 0.578125 0.9324074078125 0.5723958328125 0.9296296296875 0.5671875 0.921296296875 0.5447916671875 0.921296296875 0.5432291671875 0.9240740734375 0.5432291671875 0.975 0.5473958328124999 0.977777778125 0.5494791671875 0.9861111109375 0.5520833328125 0.9861111109375
0 0.6072916671875 0.48055555625 0.6104166671875 0.4861111109375 0.6145833328125 0.4861111109375 0.6151041671875 0.4888888890625 0.628125 0.4861111109375 0.6375 0.46944444374999994 0.6375 0.45370370312499997 0.6390625 0.45277777812500003 0.6390625 0.44907407343749994 0.6375 0.4481481484375 0.6375 0.43518518593750005 0.6359375 0.43240740781250003 0.6088541671875001 0.43240740781250003 0.6057291671875 0.4379629625 0.6057291671875 0.475 0.6072916671875 0.47592592656250005 0.6072916671875 0.48055555625
0 0.0536458328125 0.8333333328125001 0.05729166718749999 0.8416666671874999 0.0614583328125 0.8416666671874999 0.061979167187499996 0.8444444437499999 0.0796875 0.8416666671874999 0.0875 0.825 0.0875 0.8046296296875 0.0828125 0.7953703703125 0.08125 0.7824074078125001 0.078125 0.7768518515625 0.0557291671875 0.7768518515625 0.055208332812500004 0.7796296296875 0.051041667187499994 0.7796296296875 0.051041667187499994 0.784259259375 0.0494791671875 0.7851851859375001 0.0494791671875 0.83055555625 0.0536458328125 0.8333333328125001
0 0.7026041671875001 0.15555555625 0.7109375 0.15277777812499999 0.7145833328125 0.14444444375 0.7171875 0.14444444375 0.71875 0.1416666671875 0.71875 0.12592592656249998 0.7203125 0.125 0.71875 0.09351851875 0.715625 0.08796296249999999 0.6916666671875 0.08796296249999999 0.6885416671875 0.09074074062500001 0.6869791671875001 0.09629629687499999 0.6869791671875001 0.1361111109375 0.6885416671875 0.1416666671875 0.7026041671875001 0.15555555625
0 0.11822916718750001 0.17962962968750001 0.11822916718750001 0.2166666671875 0.1197916671875 0.2175925921875 0.1197916671875 0.222222221875 0.1223958328125 0.222222221875 0.1260416671875 0.23055555625 0.140625 0.23333333281250002 0.14114583281249998 0.23055555625 0.14375 0.23055555625 0.15 0.21944444375 0.15 0.2148148140625 0.1546875 0.20833333281250002 0.1546875 0.1879629625 0.15 0.178703703125 0.15 0.1740740734375 0.14375 0.165740740625 0.1260416671875 0.165740740625 0.12552083281249998 0.16851851874999998 0.12291666718750001 0.16851851874999998 0.12291666718750001 0.17314814843749998 0.11822916718750001 0.17962962968750001
0 0.3348958328125 0.9333333328125001 0.33541666718749996 0.9361111109375001 0.3484375 0.9333333328125001 0.35625 0.9166666671874999 0.35625 0.8879629625 0.3546875 0.8870370375000001 0.3546875 0.8796296296874999 0.3515625 0.8768518515625001 0.3260416671875 0.8768518515625001 0.3244791671875 0.8796296296874999 0.3244791671875 0.925 0.3260416671875 0.9305555562500001 0.3348958328125 0.9333333328125001
0 0.45104166718750005 0.43333333281249997 0.4609375 0.43055555625 0.46875 0.41944444374999995 0.46875 0.40092592656250003 0.4703125 0.4 0.46875 0.3796296296875 0.4671875 0.3768518515625 0.4447916671875 0.3768518515625 0.44322916718750005 0.3796296296875 0.44322916718750005 0.41944444374999995 0.4447916671875 0.425 0.45104166718750005 0.43333333281249997
0 0.6895833328125 0.27777777812500004 0.6901041671875 0.28055555625 0.7 0.27777777812500004 0.70625 0.2666666671875 0.70625 0.23518518593749999 0.7020833328125 0.23240740781250002 0.6984375 0.221296296875 0.6822916671875 0.221296296875 0.6807291671875 0.22407407343750002 0.6807291671875 0.272222221875 0.6822916671875 0.27777777812500004 0.6895833328125 0.27777777812500004
0 0.06875 0.5305555562500001 0.06875 0.5259259265625 0.075 0.51944444375 0.078125 0.5083333328124999 0.078125 0.5018518515625 0.075 0.4981481484375 0.075 0.49351851875 0.06875 0.4879629625 0.051041667187499994 0.4879629625 0.0494791671875 0.490740740625 0.0494791671875 0.527777778125 0.052604167187499995 0.5333333328125 0.06875 0.5305555562500001
0 0.6572916671875 0.40833333281249995 0.6645833328124999 0.4138888890625 0.6697916671875 0.42222222187499997 0.6828125 0.42222222187499997 0.6833333328125 0.41944444374999995 0.6859375 0.41944444374999995 0.6875 0.41203703750000004 0.6921875 0.40555555625000006 0.6921875 0.3981481484375 0.69375 0.397222221875 0.69375 0.3796296296875 0.6921875 0.378703703125 0.6921875 0.371296296875 0.6875 0.3620370375 0.6875 0.3574074078125 0.6859375 0.3546296296875 0.6635416671875001 0.3546296296875 0.6630208328125 0.3574074078125 0.6604166671875 0.3574074078125 0.6557291671875001 0.36851851875 0.6557291671875001 0.40277777812500004 0.6572916671875 0.403703703125 0.6572916671875 0.40833333281249995
0 0.3760416671875 0.6805555562500001 0.3807291671875 0.6888888890625 0.3848958328125 0.6888888890625 0.3885416671875 0.6972222218749999 0.3984375 0.6944444437499999 0.4 0.684259259375 0.4036458328125 0.6777777781250001 0.40625 0.6777777781250001 0.40625 0.6731481484375 0.4078125 0.672222221875 0.40625 0.64351851875 0.3984375 0.6324074078125 0.3760416671875 0.6324074078125 0.37447916718749996 0.6351851859375001 0.37447916718749996 0.675 0.3760416671875 0.6759259265625001 0.3760416671875 0.6805555562500001
0 0.421875 0.522222221875 0.4223958328125 0.51944444375 0.425 0.51944444375 0.42864583281249996 0.5111111109375 0.43125 0.5111111109375 0.4328125 0.503703703125 0.4375 0.49444444374999996 0.4375 0.465740740625 0.4359375 0.46481481406249997 0.4359375 0.4601851859375 0.43177083281249995 0.4574074078125 0.43125 0.4546296296875 0.40729166718750004 0.4546296296875 0.4057291671875 0.4574074078125 0.4057291671875 0.5 0.41510416718750004 0.51944444375 0.421875 0.522222221875
0 0.7265625 0.6 0.7296875 0.597222221875 0.73125 0.584259259375 0.7328125 0.5833333328125 0.73125 0.546296296875 0.728125 0.54351851875 0.7072916671875 0.54351851875 0.7057291671875 0.546296296875 0.7057291671875 0.5888888890625 0.7135416671875 0.6 0.7265625 0.6
0 0.3182291671875 0.55 0.3213541671875 0.5555555562500001 0.3302083328125 0.5611111109375 0.3307291671875 0.5638888890625 0.3375 0.5638888890625 0.34375 0.5527777781250001 0.34375 0.5481481484375 0.3484375 0.5416666671875 0.35 0.5287037031249999 0.3515625 0.527777778125 0.3515625 0.51851851875 0.3484375 0.5101851859375001 0.3244791671875 0.5101851859375001 0.3239583328125 0.5129629625 0.3213541671875 0.5129629625 0.3182291671875 0.521296296875 0.3182291671875 0.55
0 0.6260416671875 0.072222221875 0.6291666671875 0.077777778125 0.6317708328125 0.077777778125 0.6338541671875 0.08333333281250001 0.646875 0.0861111109375 0.6520833328125 0.075 0.6546875 0.075 0.6546875 0.0703703703125 0.65625 0.06944444375 0.65625 0.0620370375 0.659375 0.052777778124999994 0.659375 0.0379629625 0.65625 0.034259259375000004 0.65625 0.0296296296875 0.65 0.021296296875000002 0.6260416671875 0.021296296875000002 0.6244791671875001 0.0240740734375 0.6244791671875001 0.0638888890625 0.6260416671875 0.0648148140625 0.6260416671875 0.072222221875
0 0.3796875 0.8194444437499999 0.3796875 0.809259259375 0.38125 0.8083333328125001 0.38125 0.8046296296875 0.3796875 0.803703703125 0.3796875 0.7990740734374999 0.371875 0.7879629625 0.3447916671875 0.7879629625 0.34322916718749996 0.790740740625 0.34322916718749996 0.83055555625 0.3447916671875 0.8333333328125001 0.3734375 0.83055555625 0.3796875 0.8194444437499999
0 0.6229166671875 0.5555555562500001 0.640625 0.5555555562500001 0.6484375 0.5388888890625 0.6484375 0.5240740734375 0.646875 0.51851851875 0.6421875 0.5148148140625 0.646875 0.5083333328124999 0.6453125 0.5018518515625 0.6348958328125 0.5018518515625 0.634375 0.4990740734375 0.6197916671875 0.5018518515625 0.6182291671875 0.5074074078125 0.6182291671875 0.547222221875 0.6197916671875 0.5527777781250001 0.6229166671875 0.5555555562500001
0 0.9119791671874999 0.45185185156249996 0.9119791671874999 0.48055555625 0.9151041671875 0.4888888890625 0.9296875 0.49444444374999996 0.9302083328125 0.4916666671875 0.934375 0.4916666671875 0.9421875 0.48333333281249996 0.9421875 0.478703703125 0.9453125 0.47222222187499996 0.9453125 0.46481481406249997 0.946875 0.46388888906250003 0.946875 0.4574074078125 0.94375 0.45370370312499997 0.9421875 0.44351851875000003 0.9359375 0.43240740781250003 0.9213541671875 0.43240740781250003 0.9208333328125 0.43518518593750005 0.9182291671874999 0.43518518593750005 0.9182291671874999 0.43981481406249995 0.9119791671874999 0.45185185156249996
0 0.7734375 0.997222221875 0.775 0.99444444375 0.7765625 0.9731481484375 0.7796875 0.9666666671874999 0.778125 0.9490740734375 0.7723958328125 0.946296296875 0.771875 0.94351851875 0.7572916671875001 0.94351851875 0.7557291671875 0.946296296875 0.7557291671875 0.99444444375 0.7588541671875 0.9990740734375001 0.7734375 0.997222221875
0 0.1171875 0.8 0.1203125 0.7888888890625 0.1203125 0.7740740734375 0.1171875 0.7601851859375001 0.1125 0.7546296296875 0.0947916671875 0.7546296296875 0.09322916718749999 0.7574074078125 0.09322916718749999 0.797222221875 0.1010416671875 0.8027777781250001 0.1171875 0.8
0 0.4057291671875 0.34444444375 0.41041666718750003 0.352777778125 0.4203125 0.352777778125 0.43125 0.3416666671875 0.4328125 0.3129629625 0.43125 0.3120370375 0.43125 0.3046296296875 0.4265625 0.29907407343750003 0.41197916718750005 0.29907407343750003 0.40729166718750004 0.3046296296875 0.40729166718750004 0.3120370375 0.4057291671875 0.3129629625 0.4057291671875 0.34444444375
0 0.0921875 0.397222221875 0.0953125 0.38333333281250004 0.09375 0.3574074078125 0.0921875 0.3546296296875 0.0760416671875 0.3546296296875 0.0744791671875 0.3574074078125 0.0760416671875 0.397222221875 0.08072916718749999 0.4 0.0921875 0.397222221875
0 0.09895833281250001 0.0388888890625 0.103125 0.0388888890625 0.1052083328125 0.0333333328125 0.109375 0.030555556249999997 0.109375 0.0259259265625 0.1109375 0.025 0.1109375 0.0129629625 0.10625 0.0018518515625 0.0869791671875 0.0018518515625 0.0869791671875 0.030555556249999997 0.0901041671875 0.0361111109375 0.0984375 0.0416666671875 0.09895833281250001 0.0388888890625
0 0.4213541671875 0.7361111109375 0.42395833281249995 0.7361111109375 0.42760416718750005 0.7416666671875001 0.434375 0.7416666671875001 0.4348958328125 0.7388888890625 0.440625 0.7361111109375 0.44375 0.73055555625 0.44375 0.7129629625 0.4359375 0.6990740734374999 0.4135416671875 0.6990740734374999 0.41197916718750005 0.7018518515625 0.41197916718750005 0.727777778125 0.41510416718750004 0.7333333328125 0.42083333281249996 0.7333333328125 0.4213541671875 0.7361111109375
0 0.6166666671875001 0.097222221875 0.6197916671875 0.1 0.640625 0.1 0.64375 0.09444444375 0.64375 0.0824074078125 0.6421875 0.07962962968750001 0.6369791671875 0.07962962968750001 0.6364583328125 0.0824074078125 0.6317708328125 0.07962962968750001 0.625 0.0648148140625 0.625 0.0490740734375 0.621875 0.04351851875 0.6135416671875 0.04351851875 0.6119791671875 0.046296296875 0.6119791671875 0.0861111109375 0.6166666671875001 0.0925925921875 0.6166666671875001 0.097222221875
0 0.7255208328125 0.030555556249999997 0.7296875 0.030555556249999997 0.7302083328125 0.027777778125000003 0.740625 0.022222221875 0.7421875 0.009259259374999999 0.74375 0.0083333328125 0.740625 0 0.7119791671875 0.0018518515625 0.7119791671875 0.030555556249999997 0.7151041671875 0.0361111109375 0.725 0.0333333328125 0.7255208328125 0.030555556249999997
0 0.7125 0.98148148125 0.7125 0.9712962968750001 0.709375 0.965740740625 0.6885416671875 0.965740740625 0.6869791671875001 0.9685185187500001 0.6869791671875001 0.997222221875 0.7125 0.9990740734375001 0.7171875 0.99444444375 0.7125 0.98148148125
0 0.1375 0.6972222218749999 0.1375 0.6925925921875 0.1421875 0.6861111109375 0.1390625 0.6703703703125 0.14375 0.6611111109375 0.14375 0.646296296875 0.1421875 0.64351851875 0.1260416671875 0.64351851875 0.1244791671875 0.646296296875 0.1244791671875 0.6861111109375 0.1307291671875 0.6972222218749999 0.1375 0.6972222218749999
0 0.6645833328124999 0.35555555625 0.6703125 0.35 0.6703125 0.3351851859375 0.6671875 0.3324074078125 0.6510416671875 0.3324074078125 0.6494791671875 0.3351851859375 0.6494791671875 0.3611111109375 0.6526041671875 0.36666666718749996 0.6609375 0.3638888890625 0.6645833328124999 0.35555555625
0 0.6901041671875 0.0861111109375 0.703125 0.0861111109375 0.7109375 0.075 0.7109375 0.0574074078125 0.7046875 0.04351851875 0.6916666671875 0.04351851875 0.6911458328125 0.046296296875 0.6885416671875 0.046296296875 0.6885416671875 0.0509259265625 0.6869791671875001 0.051851851562499995 0.6869791671875001 0.077777778125 0.6901041671875 0.0861111109375
0 0.0182291671875 0.21111111093749999 0.0390625 0.21111111093749999 0.0421875 0.20833333281250002 0.04375 0.190740740625 0.0375 0.17314814843749998 0.0375 0.1601851859375 0.034375 0.1546296296875 0.0197916671875 0.1546296296875 0.0166666671875 0.1574074078125 0.0119791671875 0.171296296875 0.0135416671875 0.20833333281250002 0.017708332812499998 0.20833333281250002 0.0182291671875 0.21111111093749999
0 0.0385416671875 0.1833333328125 0.0479166671875 0.197222221875 0.056770832812500005 0.197222221875 0.05729166718749999 0.2 0.065625 0.2 0.0661458328125 0.197222221875 0.06875 0.197222221875 0.075 0.1861111109375 0.075 0.146296296875 0.0734375 0.1453703703125 0.0734375 0.1379629625 0.06875 0.1324074078125 0.0494791671875 0.1324074078125 0.0489583328125 0.1351851859375 0.0447916671875 0.1351851859375 0.0369791671875 0.1518518515625 0.0369791671875 0.175 0.0385416671875 0.1759259265625 0.0385416671875 0.1833333328125
0 0.0296875 0.527777778125 0.0390625 0.5166666671875 0.040625 0.5046296296875 0.0359375 0.4990740734375 0.0135416671875 0.4990740734375 0.0119791671875 0.5018518515625 0.0119791671875 0.51944444375 0.0166666671875 0.525 0.0192708328125 0.525 0.0197916671875 0.527777778125 0.0296875 0.527777778125
0 0.9947916671874999 0.6768518515624999 0.9932291671875 0.722222221875 0.9994791671875 0.73055555625 0.9994791671875 0.6768518515624999 0.9947916671874999 0.6768518515624999
0 0.0671875 0.29722222187499997 0.06875 0.25740740781250004 0.05729166718749999 0.2546296296875 0.0557291671875 0.25740740781250004 0.0557291671875 0.28611111093749997 0.05729166718749999 0.2916666671875 0.0671875 0.29722222187499997
0 0.0447916671875 0.19537037031249999 0.0447916671875 0.2 0.059375 0.2 0.05989583281250001 0.197222221875 0.060416667187499995 0.2 0.065625 0.2 0.06875 0.19444444375 0.06875 0.171296296875 0.065625 0.1546296296875 0.0546875 0.14351851875 0.0401041671875 0.14351851875 0.0369791671875 0.1490740734375 0.0369791671875 0.177777778125 0.0385416671875 0.1861111109375 0.0447916671875 0.19537037031249999
0 0.8875 0.075 0.8895833328125 0.06944444375 0.8958333328125001 0.0638888890625 0.903125 0.0638888890625 0.9078125 0.05 0.90625 0.0268518515625 0.903125 0.021296296875000002 0.8838541671875 0.021296296875000002 0.8807291671874999 0.0268518515625 0.8807291671874999 0.06944444375 0.8822916671875 0.075 0.8875 0.075
0 0.7375 0.0638888890625 0.7375 0.059259259375 0.7421875 0.052777778124999994 0.7421875 0.048148148437499996 0.7442708328125 0.04444444375 0.746875 0.04444444375 0.746875 0.039814814062499995 0.7484375 0.0388888890625 0.7453125 0.015740740625 0.7411458328125 0.0129629625 0.740625 0.0101851859375 0.7197916671875 0.0101851859375 0.7182291671875001 0.0129629625 0.7182291671875001 0.05 0.7291666671875 0.0666666671875 0.7375 0.0638888890625
0 0.6197916671875 0.675 0.6223958328125 0.675 0.6260416671875 0.6833333328125 0.63125 0.6833333328125 0.6317708328125 0.6805555562500001 0.6375 0.6777777781250001 0.6390625 0.6675925921875 0.6421875 0.6638888890625 0.6453125 0.6268518515625 0.640625 0.621296296875 0.6197916671875 0.621296296875 0.6182291671875 0.6240740734375 0.6182291671875 0.66944444375 0.6197916671875 0.6703703703125 0.6197916671875 0.675
0 0.9703125 0.4453703703125 0.9734375 0.44166666718750003 0.9734375 0.43518518593750005 0.9671875 0.42129629687500003 0.9510416671874999 0.42129629687500003 0.9494791671874999 0.4240740734375 0.9494791671874999 0.44444444375 0.9541666671875 0.45277777812500003 0.96875 0.45277777812500003 0.9703125 0.4453703703125
0 0.8765625 0.0509259265625 0.8796875 0.04444444375 0.8796875 0.0351851859375 0.8697916671874999 0.0324074078125 0.8697916671874999 0.0638888890625 0.8796875 0.0638888890625 0.8796875 0.0546296296875 0.8765625 0.0509259265625
0 0.5401041671875 0.91944444375 0.5484375 0.922222221875 0.5489583328125 0.91944444375 0.553125 0.91944444375 0.5578125 0.9111111109375001 0.5578125 0.9064814812499999 0.5625 0.897222221875 0.5609375 0.8796296296874999 0.5578125 0.8768518515625001 0.5447916671875 0.8768518515625001 0.5401041671875 0.8824074078124999 0.5416666671875 0.8870370375000001 0.5401041671875 0.91944444375
0 0.10625 0.20833333281250002 0.1125 0.20277777812500003 0.1125 0.1981481484375 0.1171875 0.1888888890625 0.1171875 0.178703703125 0.11875 0.177777778125 0.1171875 0.165740740625 0.1010416671875 0.165740740625 0.0994791671875 0.16851851874999998 0.1010416671875 0.20833333281250002 0.10625 0.20833333281250002
0 0.7625 0.897222221875 0.765625 0.8861111109375001 0.7640625 0.86851851875 0.7609375 0.865740740625 0.7447916671875 0.865740740625 0.7432291671875 0.86851851875 0.7432291671875 0.8861111109375001 0.7479166671875 0.897222221875 0.7526041671875 0.9 0.7625 0.897222221875
0 0.66875 0.6861111109375 0.6755208328125 0.675 0.678125 0.675 0.68125 0.6611111109375 0.68125 0.64351851875 0.6796875 0.6425925921875 0.6796875 0.6351851859375001 0.6734375 0.6240740734375 0.6630208328125 0.6240740734375 0.6625 0.621296296875 0.6385416671875 0.621296296875 0.6369791671875 0.6240740734375 0.6385416671875 0.6972222218749999 0.6546875 0.6944444437499999 0.6583333328125 0.6888888890625 0.66875 0.6861111109375
0 0.36666666718749996 0.83055555625 0.3734375 0.827777778125 0.375 0.79351851875 0.371875 0.7879629625 0.34322916718749996 0.790740740625 0.3447916671875 0.8333333328125001 0.3625 0.8333333328125001 0.3661458328125 0.827777778125 0.36666666718749996 0.83055555625
0 0.2619791671875 0.5175925921875 0.25833333281250004 0.5240740734375 0.2578125 0.521296296875 0.2510416671875 0.521296296875 0.2494791671875 0.5268518515625 0.2494791671875 0.5638888890625 0.2510416671875 0.5666666671875 0.2671875 0.5638888890625 0.26875 0.55648148125 0.2734375 0.5527777781250001 0.2796875 0.5416666671875 0.2828125 0.5305555562500001 0.2828125 0.515740740625 0.278125 0.5101851859375001 0.26510416718749996 0.5101851859375001 0.2619791671875 0.5129629625 0.2619791671875 0.5175925921875
0 0.8963541671874999 0.09444444375 0.90625 0.0861111109375 0.90625 0.06851851875000001 0.9046875 0.065740740625 0.8947916671874999 0.065740740625 0.8932291671874999 0.06851851875000001 0.8932291671874999 0.0888888890625 0.8963541671874999 0.09444444375
0 0.0796875 0.7416666671875001 0.0796875 0.7240740734375 0.06979166718749999 0.7212962968750001 0.0682291671875 0.7240740734375 0.0682291671875 0.7416666671875001 0.078125 0.74444444375 0.0796875 0.7416666671875001
0 0.2510416671875 0.5240740734375 0.2494791671875 0.5268518515625 0.2494791671875 0.5638888890625 0.2526041671875 0.5694444437499999 0.265625 0.5638888890625 0.2671875 0.5574074078125 0.2640625 0.5509259265625001 0.2640625 0.5398148140625 0.2666666671875 0.5398148140625 0.2682291671875 0.55 0.2734375 0.55 0.2796875 0.5388888890625 0.2796875 0.5240740734375 0.2765625 0.521296296875 0.2635416671875 0.521296296875 0.25833333281250004 0.5268518515625 0.2510416671875 0.5240740734375
0 0.775 0.98148148125 0.7765625 0.98055555625 0.7770833328125 0.972222221875 0.7791666671875 0.9731481484375 0.7822916671875 0.9833333328125 0.7875 0.9833333328125 0.7890625 0.9712962968750001 0.7859375 0.9601851859374999 0.778125 0.946296296875 0.7739583328124999 0.946296296875 0.7734375 0.94351851875 0.7572916671875001 0.94351851875 0.7557291671875 0.946296296875 0.7557291671875 0.99444444375 0.7588541671875 0.9990740734375001 0.775 0.997222221875 0.775 0.98148148125
0 0.9994791671875 0.322222221875 0.9994791671875 0.2851851859375 0.9875 0.2768518515625 0.9713541671874999 0.2768518515625 0.9682291671875 0.2824074078125 0.9682291671875 0.3111111109375 0.9713541671874999 0.322222221875 0.9776041671875 0.325 0.9994791671875 0.322222221875
0 0.65 0.51944444375 0.6515625 0.49629629687500004 0.6484375 0.4879629625 0.6322916671875001 0.4879629625 0.6307291671875 0.490740740625 0.6307291671875 0.5083333328124999 0.6338541671875 0.5166666671875 0.6401041671875001 0.522222221875 0.65 0.51944444375
0 0.6572916671875 0.09444444375 0.66875 0.09444444375 0.678125 0.08055555625000001 0.6796875 0.0546296296875 0.678125 0.053703703125 0.678125 0.0490740734375 0.6734375 0.04351851875 0.6588541671875 0.04351851875 0.6557291671875001 0.0490740734375 0.6557291671875001 0.0888888890625 0.6572916671875 0.0898148140625 0.6572916671875 0.09444444375
0 0.9682291671875 0.3083333328125 0.9697916671875 0.309259259375 0.9697916671875 0.31944444375000003 0.9833333328125 0.322222221875 0.9838541671875 0.325 0.9994791671875 0.322222221875 0.9994791671875 0.2851851859375 0.9973958328125001 0.2851851859375 0.9859375 0.26574074062499997 0.9697916671875 0.26574074062499997 0.9682291671875 0.26851851875 0.9682291671875 0.28055555625 0.9697916671875 0.28148148125 0.9682291671875 0.3083333328125
0 0.075 0.16388888906250001 0.0734375 0.1351851859375 0.051041667187499994 0.1324074078125 0.0494791671875 0.1351851859375 0.051041667187499994 0.1861111109375 0.0734375 0.1861111109375 0.075 0.16388888906250001
0 0.6973958328125 0.22777777812500002 0.6979166671875 0.23055555625 0.70625 0.23055555625 0.7140625 0.21944444375 0.7109375 0.2101851859375 0.6947916671875001 0.2101851859375 0.6932291671875 0.21296296250000002 0.6932291671875 0.222222221875 0.6947916671875001 0.22314814843750003 0.6947916671875001 0.22777777812500002 0.6973958328125 0.22777777812500002
0 0.3015625 0.575 0.30625 0.5638888890625 0.3046875 0.5490740734374999 0.3 0.54351851875 0.28854166718749996 0.54351851875 0.2869791671875 0.546296296875 0.2869791671875 0.575 0.28854166718749996 0.577777778125 0.3015625 0.575
0 0.646875 0.56851851875 0.64375 0.565740740625 0.6260416671875 0.565740740625 0.6244791671875001 0.56851851875 0.6260416671875 0.5861111109375 0.6359375 0.5861111109375 0.646875 0.575 0.646875 0.56851851875
0 0.6828125 0.16388888906250001 0.6828125 0.15925925937500002 0.6859375 0.15555555625 0.6859375 0.140740740625 0.6796875 0.1324074078125 0.6619791671875 0.1351851859375 0.6619791671875 0.16388888906250001 0.6666666671875 0.16944444375 0.6765625 0.16944444375 0.6828125 0.16388888906250001
0 0.1265625 0.0111111109375 0.1265625 0.0018518515625 0.1234375 0 0.1119791671875 0.0018518515625 0.1119791671875 0.0166666671875 0.11510416718750001 0.022222221875 0.121875 0.022222221875 0.1265625 0.0111111109375
0 0.1265625 0.0111111109375 0.1265625 0.0018518515625 0.1119791671875 0.0018518515625 0.1119791671875 0.019444443750000002 0.1135416671875 0.022222221875 0.121875 0.022222221875 0.1265625 0.0111111109375
0 0.265625 0.5638888890625 0.2625 0.5379629625 0.25625 0.5324074078125001 0.2510416671875 0.5324074078125001 0.2494791671875 0.5351851859375001 0.2494791671875 0.5638888890625 0.2510416671875 0.5666666671875 0.265625 0.5638888890625