0 0.4682291671875 0.197222221875 0.4796875 0.197222221875 0.4817708328125 0.1916666671875 0.490625 0.1861111109375 0.4953125 0.1666666671875 0.4953125 0.1546296296875 0.49375 0.15370370312499998 0.4921875 0.1379629625 0.4875 0.1324074078125 0.4635416671875 0.1324074078125 0.46197916718750004 0.1351851859375 0.46197916718750004 0.1861111109375 0.4635416671875 0.1916666671875 0.4682291671875 0.197222221875
0 0.5005208328124999 0.9111111109375001 0.5010416671875 0.9138888890624999 0.5171875 0.9111111109375001 0.5208333328125 0.902777778125 0.5234375 0.902777778125 0.5265625 0.897222221875 0.5265625 0.8925925921875001 0.53125 0.8833333328125 0.53125 0.8796296296874999 0.5296875 0.878703703125 0.5296875 0.8601851859374999 0.5265625 0.85648148125 0.5265625 0.8518518515625001 0.525 0.8509259265625 0.5234375 0.8435185187500001 0.5041666671875 0.8435185187500001 0.49322916718750004 0.8601851859374999 0.49322916718750004 0.9055555562500001 0.49635416718750003 0.9111111109375001 0.5005208328124999 0.9111111109375001
0 0.0296875 0.73055555625 0.0333333328125 0.722222221875 0.0375 0.7194444437499999 0.0359375 0.696296296875 0.0302083328125 0.69351851875 0.0265625 0.6870370375 0.0265625 0.6796296296875 0.0234375 0.6768518515624999 0.0135416671875 0.6768518515624999 0.0119791671875 0.6796296296875 0.0119791671875 0.727777778125 0.0151041671875 0.7333333328125 0.0296875 0.73055555625
0 0.42395833281249995 0.7361111109375 0.4244791671875 0.7388888890625 0.43125 0.7388888890625 0.4348958328125 0.7333333328125 0.440625 0.7333333328125 0.44114583281249997 0.73055555625 0.44375 0.73055555625 0.45 0.7194444437499999 0.45 0.7018518515625 0.4421875 0.6879629625 0.41979166718750005 0.6879629625 0.41822916718750003 0.690740740625 0.41822916718750003 0.727777778125 0.41979166718750005 0.728703703125 0.4213541671875 0.7361111109375 0.42395833281249995 0.7361111109375
0 0.9494791671874999 0.8861111109375001 0.9583333328125001 0.8888888890625 0.9588541671874999 0.8916666671875 0.965625 0.8916666671875 0.9661458328125001 0.8888888890625 0.971875 0.8888888890625 0.9796875 0.875 0.9828125 0.8638888890624999 0.9828125 0.853703703125 0.984375 0.852777778125 0.98125 0.8351851859374999 0.978125 0.8324074078124999 0.9447916671875 0.8324074078124999 0.9432291671874999 0.8351851859374999 0.9432291671874999 0.872222221875 0.9463541671875 0.88055555625 0.9494791671874999 0.88148148125 0.9494791671874999 0.8861111109375001
0 0.40625 0.7916666671875 0.40833333281249995 0.7861111109375 0.40989583281249997 0.7861111109375 0.41510416718750004 0.79444444375 0.421875 0.79444444375 0.425 0.7861111109375 0.425 0.7787037031249999 0.428125 0.772222221875 0.425 0.7490740734375 0.421875 0.74351851875 0.4010416671875 0.74351851875 0.3994791671875 0.746296296875 0.3994791671875 0.7861111109375 0.40260416718750003 0.7916666671875 0.40625 0.7916666671875
0 0.9197916671874999 0.5722222218749999 0.9307291671875 0.5861111109375 0.94375 0.5861111109375 0.9442708328125 0.5833333328125 0.946875 0.5833333328125 0.9546875 0.5694444437499999 0.9546875 0.5648148140625 0.9578125 0.5583333328125 0.95625 0.5351851859375001 0.9520833328125 0.5324074078125001 0.9515625 0.5268518515625 0.9484375 0.521296296875 0.9244791671874999 0.521296296875 0.9239583328125001 0.5240740734375 0.9213541671875 0.5240740734375 0.9182291671874999 0.5324074078125001 0.9182291671874999 0.5638888890625 0.9197916671874999 0.5648148140625 0.9197916671874999 0.5722222218749999
0 0.3057291671875 0.0638888890625 0.3135416671875 0.077777778125 0.33125 0.077777778125 0.3375 0.0666666671875 0.3375 0.059259259375 0.3421875 0.052777778124999994 0.3421875 0.0425925921875 0.34375 0.0416666671875 0.3421875 0.0268518515625 0.3375 0.0203703703125 0.3375 0.015740740625 0.334375 0.0101851859375 0.31197916718749996 0.0101851859375 0.3114583328125 0.0129629625 0.3088541671875 0.0129629625 0.3072916671875 0.015740740625 0.3072916671875 0.0203703703125 0.3057291671875 0.021296296875000002 0.3057291671875 0.0638888890625
0 0.48072916718750003 0.272222221875 0.48229166718750005 0.2731481484375 0.48229166718750005 0.27777777812500004 0.4869791671875 0.284259259375 0.4869791671875 0.29444444375 0.49322916718750004 0.303703703125 0.4947916671875 0.3111111109375 0.5046875 0.3111111109375 0.5052083328125 0.3083333328125 0.5078125 0.3083333328125 0.5114583328125 0.3 0.5140625 0.3 0.5203125 0.2888888890625 0.5203125 0.284259259375 0.521875 0.2833333328125 0.521875 0.26574074062499997 0.5203125 0.2648148140625 0.51875 0.2546296296875 0.5125 0.2453703703125 0.5125 0.240740740625 0.509375 0.23518518593749999 0.5067708328125 0.23518518593749999 0.50625 0.23240740781250002 0.48854166718750003 0.23240740781250002 0.48802083281249997 0.23518518593749999 0.48541666718750004 0.23518518593749999 0.48072916718750003 0.246296296875 0.48072916718750003 0.272222221875
0 0.5885416671875 0.1120370375 0.5869791671875 0.1129629625 0.5869791671875 0.1611111109375 0.5885416671875 0.1620370375 0.5885416671875 0.1666666671875 0.5947916671875 0.177777778125 0.5973958328125 0.177777778125 0.6010416671875001 0.1861111109375 0.6046875 0.1861111109375 0.6052083328125 0.1833333328125 0.6078125 0.1833333328125 0.6083333328125 0.18055555625 0.6140625 0.177777778125 0.6234375 0.1611111109375 0.6234375 0.15648148125 0.625 0.15555555625 0.625 0.12407407343750002 0.6203125 0.1175925921875 0.61875 0.1074074078125 0.615625 0.10185185156250001 0.6130208328125 0.10185185156250001 0.6125 0.0990740734375 0.5947916671875 0.0990740734375 0.5942708328124999 0.10185185156250001 0.5916666671875 0.10185185156250001 0.5885416671875 0.1074074078125 0.5885416671875 0.1120370375
0 0.9447916671875 0.7833333328125 0.9473958328125001 0.7833333328125 0.9510416671874999 0.7888888890625 0.9609375 0.7888888890625 0.9614583328125 0.7861111109375 0.9640625 0.7861111109375 0.975 0.7611111109375 0.975 0.740740740625 0.9734375 0.7398148140624999 0.9734375 0.7351851859375 0.9708333328125001 0.7351851859375 0.9703125 0.7324074078125 0.9385416671875 0.7324074078125 0.9369791671875 0.7351851859375 0.9369791671875 0.775 0.9385416671875 0.777777778125 0.9427083328125001 0.777777778125 0.9447916671875 0.7833333328125
0 0.3963541671875 0.177777778125 0.4036458328125 0.18055555625 0.40416666718750005 0.1833333328125 0.41875 0.18055555625 0.4192708328125 0.177777778125 0.4234375 0.177777778125 0.4270833328125 0.16944444375 0.4296875 0.16944444375 0.4359375 0.1583333328125 0.4359375 0.15092592656249998 0.4375 0.15 0.4375 0.1268518515625 0.4359375 0.12592592656249998 0.4359375 0.11574074062499999 0.428125 0.10185185156250001 0.4223958328125 0.10185185156250001 0.421875 0.0990740734375 0.3994791671875 0.0990740734375 0.39895833281250004 0.10185185156250001 0.3963541671875 0.10185185156250001 0.3947916671875 0.1120370375 0.3932291671875 0.1129629625 0.3932291671875 0.16944444375 0.3963541671875 0.177777778125
0 0.47447916718750005 0.43055555625 0.4770833328125 0.43055555625 0.47760416718750004 0.43333333281249997 0.49375 0.43333333281249997 0.49427083281249995 0.43055555625 0.5 0.427777778125 0.5015625 0.3990740734375 0.4953125 0.3796296296875 0.4927083328125 0.3796296296875 0.4921875 0.3768518515625 0.47447916718750005 0.3768518515625 0.4739583328125 0.3796296296875 0.46979166718750004 0.3796296296875 0.46979166718750004 0.38703703749999996 0.4682291671875 0.3879629625 0.4682291671875 0.41944444374999995 0.47447916718750005 0.43055555625
0 0.3958333328125 0.7333333328125 0.3963541671875 0.7361111109375 0.4109375 0.7333333328125 0.415625 0.7166666671875 0.4140625 0.69351851875 0.409375 0.6879629625 0.3885416671875 0.6879629625 0.3869791671875 0.690740740625 0.3869791671875 0.727777778125 0.39010416718749996 0.7333333328125 0.3958333328125 0.7333333328125
0 0.4192708328125 0.252777778125 0.41979166718750005 0.25555555625 0.43125 0.252777778125 0.4375 0.2416666671875 0.4375 0.2370370375 0.4421875 0.22777777812500002 0.4421875 0.2018518515625 0.4390625 0.1981481484375 0.4390625 0.19351851874999998 0.434375 0.1879629625 0.4135416671875 0.1879629625 0.41197916718750005 0.190740740625 0.41197916718750005 0.24444444375000002 0.41510416718750004 0.252777778125 0.4192708328125 0.252777778125
0 0.8807291671874999 0.51944444375 0.8822916671875 0.5203703703125 0.8822916671875 0.525 0.8854166671874999 0.5305555562500001 0.8880208328125001 0.5305555562500001 0.8885416671874999 0.5333333328125 0.8927083328125001 0.5333333328125 0.8932291671874999 0.5361111109375 0.90625 0.5333333328125 0.9130208328125 0.51944444375 0.915625 0.51944444375 0.9171875 0.5166666671875 0.9171875 0.5120370375000001 0.9234375 0.502777778125 0.9234375 0.4981481484375 0.925 0.497222221875 0.925 0.4796296296875 0.9171875 0.465740740625 0.8885416671874999 0.465740740625 0.8880208328125001 0.46851851875 0.8854166671874999 0.46851851875 0.8822916671875 0.47407407343749997 0.8822916671875 0.478703703125 0.8807291671874999 0.4796296296875 0.8807291671874999 0.51944444375
0 0.8296875 0.11388888906250001 0.8359375 0.10833333281249999 0.8359375 0.10370370312499999 0.84375 0.09444444375 0.8453125 0.07685185156249999 0.84375 0.0759259265625 0.8421875 0.0574074078125 0.8380208328125001 0.0574074078125 0.8375 0.0546296296875 0.8072916671874999 0.0546296296875 0.8057291671875 0.0574074078125 0.8057291671875 0.097222221875 0.8119791671875 0.10833333281249999 0.8197916671875 0.11388888906250001 0.8296875 0.11388888906250001
0 0.39010416718749996 0 0.3869791671875 0.004629629687499999 0.3869791671875 0.030555556249999997 0.3885416671875 0.03148148125 0.3885416671875 0.0361111109375 0.3932291671875 0.04444444375 0.40052083281249995 0.047222221875 0.40260416718750003 0.052777778124999994 0.4140625 0.052777778124999994 0.41770833281249997 0.04444444375 0.4203125 0.04444444375 0.4234375 0.0388888890625 0.4234375 0.034259259375000004 0.4265625 0.027777778125000003 0.4265625 0.0074074078125 0.4234375 0 0.39010416718749996 0
0 0.2760416671875 0 0.2744791671875 0.0018518515625 0.2744791671875 0.0361111109375 0.2760416671875 0.037037037499999995 0.2760416671875 0.0416666671875 0.2786458328125 0.0416666671875 0.2791666671875 0.04444444375 0.290625 0.0416666671875 0.2927083328125 0.0361111109375 0.3015625 0.030555556249999997 0.309375 0.0166666671875 0.309375 0.0120370375 0.3109375 0.0111111109375 0.3109375 0.0018518515625 0.3078125 0 0.2760416671875 0
0 0.4739583328125 0.3111111109375 0.4760416671875 0.3166666671875 0.4859375 0.31944444375000003 0.48802083281249997 0.3138888890625 0.490625 0.3138888890625 0.49375 0.3083333328125 0.49375 0.3018518515625 0.490625 0.29814814843750004 0.490625 0.29351851875 0.4875 0.2870370375 0.4859375 0.271296296875 0.48125 0.26574074062499997 0.46979166718750004 0.26574074062499997 0.4682291671875 0.26851851875 0.4682291671875 0.30555555624999997 0.4713541671875 0.3111111109375 0.4739583328125 0.3111111109375
0 0 0.925 0.0109375 0.9277777781250001 0.014583332812499999 0.922222221875 0.021875 0.91944444375 0.028125 0.9083333328125001 0.028125 0.89351851875 0.0203125 0.8870370375000001 0.0171875 0.86851851875 0.014583332812499999 0.86851851875 0.0140625 0.865740740625 0.0026041671875 0.865740740625 0.0020833328125000002 0.86851851875 0 0.86851851875 0 0.925
0 0.3869791671875 0.934259259375 0.3885416671875 0.952777778125 0.3984375 0.9583333328125001 0.39895833281250004 0.95555555625 0.403125 0.95555555625 0.4109375 0.9416666671874999 0.4125 0.9361111109375001 0.4125 0.9101851859375 0.4109375 0.909259259375 0.4109375 0.9018518515625 0.4067708328125 0.9018518515625 0.40625 0.8990740734375 0.3932291671875 0.8990740734375 0.3927083328125 0.9018518515625 0.3760416671875 0.8990740734375 0.37447916718749996 0.9018518515625 0.37447916718749996 0.925 0.3776041671875 0.9333333328125001 0.38333333281250004 0.9277777781250001 0.3869791671875 0.934259259375
0 0.47864583281249995 0.6861111109375 0.4791666671875 0.6888888890625 0.4859375 0.6888888890625 0.49375 0.675 0.49375 0.6546296296875 0.4921875 0.6537037031249999 0.4921875 0.6490740734375 0.490625 0.646296296875 0.48802083281249997 0.646296296875 0.4875 0.64351851875 0.46979166718750004 0.64351851875 0.4682291671875 0.646296296875 0.4682291671875 0.675 0.47447916718750005 0.6861111109375 0.47864583281249995 0.6861111109375
0 0.07760416718749999 0.23333333281250002 0.084375 0.23055555625 0.0875 0.225 0.0875 0.2203703703125 0.0921875 0.2138888890625 0.0921875 0.20648148125 0.09375 0.20555555625 0.0921875 0.1824074078125 0.0875 0.1768518515625 0.06979166718749999 0.1768518515625 0.0682291671875 0.17962962968750001 0.0682291671875 0.21944444375 0.0713541671875 0.22777777812500002 0.07760416718749999 0.23333333281250002
0 0.8885416671874999 0.602777778125 0.8932291671874999 0.6111111109375 0.8973958328125 0.6111111109375 0.8979166671875 0.6138888890625 0.9109375 0.6138888890625 0.9114583328125001 0.6111111109375 0.9140625 0.6111111109375 0.9234375 0.5944444437499999 0.9234375 0.5870370375 0.925 0.5861111109375 0.9234375 0.5740740734374999 0.9203125 0.5703703703125 0.91875 0.5601851859375 0.915625 0.5546296296875 0.8979166671875 0.5546296296875 0.8973958328125 0.5574074078125 0.8932291671874999 0.5574074078125 0.8869791671874999 0.56851851875 0.8869791671874999 0.597222221875 0.8885416671874999 0.5981481484375 0.8885416671874999 0.602777778125
0 0.5135416671875 0.48055555625 0.5161458328124999 0.48055555625 0.5197916671875 0.4861111109375 0.528125 0.4861111109375 0.5375 0.475 0.5375 0.4675925921875 0.5390625 0.46666666718750005 0.5390625 0.44629629687500005 0.534375 0.43240740781250003 0.5182291671875 0.43240740781250003 0.5135416671875 0.44351851875000003 0.5119791671875 0.475 0.5135416671875 0.47592592656250005 0.5135416671875 0.48055555625
0 0.8432291671875 0.497222221875 0.8546875 0.497222221875 0.8671875 0.48333333281249996 0.8671875 0.478703703125 0.86875 0.477777778125 0.86875 0.44907407343749994 0.8671875 0.44629629687500005 0.8645833328125001 0.44629629687500005 0.8640625 0.44351851875000003 0.8416666671874999 0.44351851875000003 0.8411458328125001 0.44629629687500005 0.8385416671874999 0.44629629687500005 0.8385416671874999 0.45370370312499997 0.8369791671875 0.4546296296875 0.8369791671875 0.4861111109375 0.8432291671875 0.497222221875
0 0.3885416671875 0.91851851875 0.3885416671875 0.952777778125 0.3947916671875 0.9583333328125001 0.403125 0.95555555625 0.4125 0.9361111109375001 0.4125 0.9101851859375 0.4109375 0.909259259375 0.4109375 0.9018518515625 0.4067708328125 0.9018518515625 0.40625 0.8990740734375 0.3885416671875 0.9018518515625 0.3885416671875 0.9138888890624999 0.39010416718749996 0.9148148140625001 0.3885416671875 0.91851851875
0 0.090625 0.1583333328125 0.09375 0.15555555625 0.1 0.13888888906250002 0.1 0.1268518515625 0.096875 0.12129629687500001 0.0760416671875 0.12129629687500001 0.0744791671875 0.12407407343750002 0.0744791671875 0.15277777812499999 0.08072916718749999 0.1583333328125 0.090625 0.1583333328125
0 0.359375 0.0333333328125 0.3625 0.030555556249999997 0.3640625 0.0074074078125 0.3609375 0 0.3369791671875 0.0018518515625 0.3369791671875 0.019444443750000002 0.3416666671875 0.030555556249999997 0.3447916671875 0.0333333328125 0.359375 0.0333333328125
0 0.7708333328125 0.6416666671875 0.7734375 0.6416666671875 0.778125 0.63055555625 0.778125 0.621296296875 0.7765625 0.6203703703125 0.7765625 0.615740740625 0.7739583328124999 0.615740740625 0.7734375 0.6129629624999999 0.7661458328124999 0.6129629624999999 0.765625 0.6101851859375 0.7510416671875 0.6101851859375 0.7494791671875001 0.6129629624999999 0.7494791671875001 0.63055555625 0.7572916671875001 0.64444444375 0.7703125 0.64444444375 0.7708333328125 0.6416666671875
0 0.828125 0.9712962968750001 0.8265625 0.9685185187500001 0.8088541671874999 0.965740740625 0.8057291671875 0.9712962968750001 0.8057291671875 0.997222221875 0.825 0.9990740734375001 0.828125 0.99444444375 0.828125 0.9712962968750001
0 0.9432291671874999 0.20277777812500003 0.9447916671875 0.20370370312500002 0.9447916671875 0.20833333281250002 0.9557291671874999 0.2259259265625 0.9557291671874999 0.23055555625 0.965625 0.23055555625 0.96875 0.225 0.9703125 0.21203703749999997 0.971875 0.21111111093749999 0.971875 0.19351851874999998 0.9703125 0.1925925921875 0.96875 0.1824074078125 0.965625 0.178703703125 0.965625 0.1740740734375 0.9609375 0.165740740625 0.9494791671874999 0.165740740625 0.9489583328125001 0.16851851874999998 0.9463541671875 0.16851851874999998 0.9432291671874999 0.1768518515625 0.9432291671874999 0.20277777812500003
0 0 0.12222222187500001 0.0109375 0.12222222187500001 0.0114583328125 0.11944444375 0.0140625 0.11944444375 0.0171875 0.11388888906250001 0.015625 0.09629629687499999 0.0109375 0.08796296249999999 0 0.08796296249999999 0 0.12222222187500001
0 0.8010416671874999 0.22777777812500002 0.8088541671874999 0.2388888890625 0.821875 0.2388888890625 0.8223958328125001 0.23611111093749998 0.828125 0.23333333281250002 0.8296875 0.23055555625 0.8296875 0.2148148140625 0.83125 0.2138888890625 0.828125 0.1824074078125 0.8234375 0.1768518515625 0.8010416671874999 0.1768518515625 0.7994791671875 0.17962962968750001 0.7994791671875 0.222222221875 0.8010416671874999 0.22314814843750003 0.8010416671874999 0.22777777812500002
0 0.9197916671874999 0.0425925921875 0.9197916671874999 0.047222221875 0.9244791671874999 0.052777778124999994 0.93125 0.052777778124999994 0.9375 0.0416666671875 0.9375 0.034259259375000004 0.9390625 0.0333333328125 0.940625 0.0203703703125 0.9421875 0.019444443750000002 0.9421875 0.0129629625 0.9390625 0.009259259374999999 0.9375 0.0018518515625 0.9057291671875 0.0018518515625 0.9057291671875 0.030555556249999997 0.9088541671874999 0.0361111109375 0.9161458328125001 0.0361111109375 0.9197916671874999 0.0425925921875
0 0.2984375 0.5083333328124999 0.3020833328125 0.5 0.30625 0.497222221875 0.30625 0.4796296296875 0.3046875 0.4768518515625 0.2947916671875 0.4768518515625 0.2932291671875 0.4796296296875 0.2947916671875 0.5083333328124999 0.2984375 0.5083333328124999
0 0.7265625 0.9305555562500001 0.728125 0.9074074078125 0.7265625 0.9064814812499999 0.725 0.8796296296874999 0.7135416671875 0.8768518515625001 0.7119791671875 0.8796296296874999 0.7119791671875 0.91944444375 0.7182291671875001 0.9305555562500001 0.7265625 0.9305555562500001
0 0.8447916671875 0.078703703125 0.8447916671875 0.08333333281250001 0.8484375 0.08333333281250001 0.8489583328125001 0.08055555625000001 0.8546875 0.077777778125 0.8625 0.0638888890625 0.8640625 0.0490740734375 0.8609375 0.04351851875 0.8447916671875 0.04351851875 0.8432291671875 0.046296296875 0.8432291671875 0.077777778125 0.8447916671875 0.078703703125
0 0.040625 0.6 0.05 0.5861111109375 0.0515625 0.5518518515624999 0.05 0.5509259265625001 0.05 0.546296296875 0.0473958328125 0.546296296875 0.046875 0.54351851875 0.0276041671875 0.54351851875 0.0244791671875 0.5490740734374999 0.0244791671875 0.5944444437499999 0.0276041671875 0.6 0.040625 0.6
0 0.46979166718750004 0.48055555625 0.4859375 0.48333333281249996 0.4859375 0.478703703125 0.4890625 0.475 0.4875 0.4574074078125 0.4796875 0.44351851875000003 0.46979166718750004 0.44351851875000003 0.4682291671875 0.44629629687500005 0.4682291671875 0.475 0.46979166718750004 0.47592592656250005 0.46979166718750004 0.48055555625
0 0.0270833328125 0.5583333328125 0.0328125 0.5555555562500001 0.0328125 0.5509259265625001 0.040625 0.5416666671875 0.040625 0.5351851859375001 0.0390625 0.534259259375 0.0390625 0.5296296296875 0.0375 0.5268518515625 0.0307291671875 0.5268518515625 0.0270833328125 0.5351851859375001 0.025 0.5314814812499999 0.025 0.5268518515625 0.017708332812499998 0.5240740734375 0.0171875 0.521296296875 0.007291667187500001 0.521296296875 0.0057291671875 0.5240740734375 0.0057291671875 0.5527777781250001 0.0151041671875 0.5666666671875 0.025 0.5638888890625 0.0270833328125 0.5583333328125
0 0.9145833328125 0.030555556249999997 0.9192708328125001 0.030555556249999997 0.9197916671874999 0.0388888890625 0.9260416671874999 0.04444444375 0.934375 0.04444444375 0.9375 0.0388888890625 0.9359375 0.0018518515625 0.8994791671875 0.0018518515625 0.8994791671875 0.030555556249999997 0.9010416671874999 0.0333333328125 0.9109375 0.0361111109375 0.9145833328125 0.030555556249999997
0 0.446875 0.952777778125 0.45208333281249996 0.9416666671874999 0.4546875 0.9416666671874999 0.4546875 0.9240740734375 0.446875 0.9101851859375 0.43854166718750004 0.9101851859375 0.4369791671875 0.9129629625 0.4369791671875 0.9472222218749999 0.43854166718750004 0.952777778125 0.446875 0.952777778125
0 0.4614583328125 0.6166666671875001 0.4671875 0.6166666671875001 0.46770833281249996 0.6138888890625 0.4796875 0.6083333328125 0.48125 0.5851851859375 0.4796875 0.584259259375 0.4796875 0.5768518515625 0.475 0.56851851875 0.47239583281249997 0.56851851875 0.471875 0.565740740625 0.44635416718750004 0.565740740625 0.44322916718750005 0.571296296875 0.44322916718750005 0.602777778125 0.44635416718750004 0.6111111109375 0.4609375 0.61944444375 0.4614583328125 0.6166666671875001
0 0.0140625 0.45277777812500003 0.0171875 0.447222221875 0.01875 0.434259259375 0.0234375 0.427777778125 0.0234375 0.42314814843750004 0.0265625 0.4166666671875 0.0265625 0.4046296296875 0.0234375 0.3990740734375 0.008854167187500001 0.3990740734375 0.0057291671875 0.4046296296875 0.007291667187500001 0.45277777812500003 0.0140625 0.45277777812500003
0 0.5822916671875 0.197222221875 0.5880208328125 0.197222221875 0.5885416671875 0.2 0.590625 0.2 0.6 0.1861111109375 0.6 0.17962962968750001 0.5958333328125 0.1768518515625 0.59375 0.17314814843749998 0.59375 0.16851851874999998 0.5875 0.15925925937500002 0.5875 0.1546296296875 0.5859375 0.15370370312499998 0.5859375 0.1351851859375 0.5760416671875 0.1324074078125 0.5744791671875 0.1351851859375 0.5744791671875 0.177777778125 0.5822916671875 0.1925925921875 0.5822916671875 0.197222221875
0 0.9588541671874999 0.727777778125 0.9671875 0.727777778125 0.96875 0.725 0.96875 0.69351851875 0.9640625 0.684259259375 0.9640625 0.6796296296875 0.9609375 0.6768518515624999 0.9494791671874999 0.6768518515624999 0.9458333328125 0.6824074078125 0.9401041671874999 0.6824074078125 0.9307291671875 0.6990740734374999 0.9307291671875 0.7138888890625 0.9338541671874999 0.722222221875 0.9583333328125001 0.725 0.9588541671874999 0.727777778125
0 0.0171875 0.997222221875 0.0203125 0.9712962968750001 0.0171875 0.965740740625 0.007291667187500001 0.965740740625 0.0057291671875 0.9685185187500001 0.0057291671875 0.997222221875 0.007291667187500001 0.9990740734375001 0.0171875 0.997222221875
0 0.5838541671875 0.19444444375 0.5864583328124999 0.19444444375 0.5869791671875 0.197222221875 0.59375 0.197222221875 0.5973958328125 0.1888888890625 0.6015625 0.1861111109375 0.6015625 0.17962962968750001 0.5973958328125 0.1768518515625 0.59375 0.1703703703125 0.59375 0.165740740625 0.5890625 0.15925925937500002 0.5890625 0.1546296296875 0.5875 0.15370370312499998 0.5875 0.1268518515625 0.5859375 0.12407407343750002 0.5776041671875001 0.12407407343750002 0.5760416671875 0.13148148125 0.5744791671875 0.1324074078125 0.5744791671875 0.175 0.5838541671875 0.19444444375