0 0.8072916671874999 0.9694444437499999 0.821875 0.9666666671874999 0.828125 0.952777778125 0.828125 0.9379629625 0.8265625 0.9370370375 0.8265625 0.9296296296875 0.8234375 0.921296296875 0.7947916671875 0.921296296875 0.7932291671875 0.9240740734375 0.7932291671875 0.95555555625 0.7994791671875 0.9666666671874999 0.8067708328125001 0.9666666671874999 0.8072916671874999 0.9694444437499999
0 0.0239583328125 0.28055555625 0.0260416671875 0.28611111093749997 0.0317708328125 0.28611111093749997 0.0322916671875 0.2888888890625 0.046875 0.2833333328125 0.05 0.275 0.05 0.2675925921875 0.0546875 0.25833333281250004 0.0546875 0.24351851875000002 0.0484375 0.23240740781250002 0.0197916671875 0.23240740781250002 0.0182291671875 0.23518518593749999 0.0182291671875 0.275 0.021354167187500002 0.28055555625 0.0239583328125 0.28055555625
0 0.584375 0.5333333328125 0.5921875 0.51944444375 0.5921875 0.5018518515625 0.5875 0.4953703703125 0.5875 0.490740740625 0.5859375 0.4879629625 0.5697916671875001 0.4879629625 0.5682291671875 0.490740740625 0.5682291671875 0.5305555562500001 0.5697916671875001 0.5333333328125 0.584375 0.5333333328125
0 0.6625 0.3111111109375 0.6630208328125 0.3083333328125 0.6671875 0.3083333328125 0.6671875 0.303703703125 0.6734375 0.29444444375 0.6734375 0.2898148140625 0.675 0.2888888890625 0.675 0.26851851875 0.671875 0.2629629625 0.6692708328125 0.2629629625 0.6671875 0.25740740781250004 0.6583333328125 0.2601851859375 0.6546875 0.2546296296875 0.6401041671875001 0.2546296296875 0.6369791671875 0.2601851859375 0.6369791671875 0.29722222187499997 0.6447916671875 0.3111111109375 0.6625 0.3111111109375
0 0.10833333281249999 0.397222221875 0.1088541671875 0.4 0.125 0.4 0.12552083281249998 0.397222221875 0.128125 0.397222221875 0.1317708328125 0.3888888890625 0.134375 0.3888888890625 0.1375 0.38333333281250004 0.1375 0.3574074078125 0.1296875 0.34351851875 0.1010416671875 0.34351851875 0.0994791671875 0.34629629687499996 0.0994791671875 0.38333333281250004 0.1057291671875 0.3925925921875 0.1057291671875 0.397222221875 0.10833333281249999 0.397222221875
0 0.7421875 0.877777778125 0.75 0.8666666671875 0.75 0.85648148125 0.7515625 0.85555555625 0.7515625 0.8324074078124999 0.75 0.83148148125 0.75 0.8240740734375 0.7484375 0.821296296875 0.7322916671875 0.821296296875 0.7244791671875 0.8351851859374999 0.7244791671875 0.872222221875 0.7276041671875 0.877777778125 0.7421875 0.877777778125
0 0.9421875 0.41944444374999995 0.9442708328125 0.4138888890625 0.9515625 0.41111111093749997 0.95625 0.4 0.95625 0.38240740781250004 0.953125 0.3768518515625 0.9260416671874999 0.3768518515625 0.9244791671874999 0.3796296296875 0.9244791671874999 0.40833333281249995 0.9286458328125 0.41111111093749997 0.9338541671874999 0.41944444374999995 0.9421875 0.41944444374999995
0 0.6645833328124999 0.2388888890625 0.6651041671875 0.2416666671875 0.678125 0.2416666671875 0.6828125 0.23333333281250002 0.6828125 0.22870370312500002 0.6859375 0.225 0.6859375 0.2203703703125 0.6875 0.21944444375 0.6875 0.19351851874999998 0.684375 0.1879629625 0.6572916671875 0.1879629625 0.6557291671875001 0.190740740625 0.6557291671875001 0.23055555625 0.6588541671875 0.23611111093749998 0.6645833328124999 0.2388888890625
0 0.2510416671875 0.3 0.2671875 0.29722222187499997 0.26875 0.2916666671875 0.26875 0.2601851859375 0.265625 0.2546296296875 0.24479166718749998 0.2546296296875 0.24322916718749998 0.25740740781250004 0.24322916718749998 0.2888888890625 0.24479166718749998 0.29444444375 0.2510416671875 0.3
0 0.9546875 0.377777778125 0.95625 0.3648148140625 0.9578125 0.3638888890625 0.9546875 0.3351851859375 0.9322916671874999 0.3324074078125 0.9307291671875 0.3351851859375 0.9307291671875 0.372222221875 0.9338541671874999 0.377777778125 0.9546875 0.377777778125
0 0.8302083328125001 0.652777778125 0.8307291671874999 0.6555555562500001 0.8484375 0.6555555562500001 0.8546875 0.64444444375 0.8546875 0.6240740734375 0.85 0.6175925921875 0.8484375 0.6101851859375 0.8260416671874999 0.6101851859375 0.8244791671874999 0.6129629624999999 0.8244791671874999 0.63055555625 0.8291666671875 0.6370370375000001 0.8276041671875 0.652777778125 0.8302083328125001 0.652777778125
0 0.8625 0.3925925921875 0.8671875 0.3861111109375 0.8671875 0.3768518515625 0.865625 0.3759259265625 0.865625 0.371296296875 0.8614583328125001 0.36851851875 0.8609375 0.365740740625 0.8385416671874999 0.365740740625 0.8369791671875 0.36851851875 0.8369791671875 0.40555555625000006 0.8401041671874999 0.41111111093749997 0.8546875 0.41111111093749997 0.8625 0.397222221875 0.8625 0.3925925921875
0 0.20729166718749997 0.45555555625000005 0.21875 0.45555555625000005 0.2234375 0.45 0.2234375 0.4453703703125 0.225 0.44444444375 0.225 0.42129629687500003 0.221875 0.4129629625 0.2192708328125 0.4129629625 0.21875 0.41018518593750003 0.1963541671875 0.41018518593750003 0.1932291671875 0.415740740625 0.1932291671875 0.43333333281249997 0.1994791671875 0.44444444375 0.2052083328125 0.447222221875 0.20729166718749997 0.45555555625000005
0 0.7557291671875 0.865740740625 0.7557291671875 0.8916666671875 0.7572916671875001 0.8925925921875001 0.7588541671875 0.9 0.7677083328125 0.9 0.7682291671875 0.902777778125 0.778125 0.9 0.7859375 0.8861111109375001 0.7859375 0.878703703125 0.7875 0.877777778125 0.7859375 0.8574074078124999 0.78125 0.8509259265625 0.7796875 0.8435185187500001 0.7635416671875 0.8435185187500001 0.7619791671875 0.8509259265625 0.7604166671875 0.8518518515625001 0.7604166671875 0.85648148125 0.7557291671875 0.865740740625
0 0.1609375 0.8222222218749999 0.16875 0.8055555562500001 0.1671875 0.79351851875 0.1625 0.7879629625 0.1510416671875 0.7879629625 0.1494791671875 0.790740740625 0.1494791671875 0.8194444437499999 0.1510416671875 0.8222222218749999 0.1609375 0.8222222218749999
0 0.9421875 0.775 0.94375 0.7490740734375 0.940625 0.74351851875 0.9244791671874999 0.74351851875 0.9197916671874999 0.7490740734375 0.9182291671874999 0.772222221875 0.9213541671875 0.777777778125 0.9390625 0.777777778125 0.9421875 0.775
0 0.16354166718750002 0.11944444375 0.1682291671875 0.125 0.18125 0.125 0.1875 0.11388888906250001 0.1890625 0.10370370312499999 0.1921875 0.1 0.1921875 0.09074074062500001 0.1890625 0.0870370375 0.1890625 0.0824074078125 0.1859375 0.07685185156249999 0.16354166718750002 0.07685185156249999 0.1619791671875 0.07962962968750001 0.1619791671875 0.11388888906250001 0.16354166718750002 0.1148148140625 0.16354166718750002 0.11944444375
0 0.18802083281249998 0.33888888906250003 0.190625 0.33888888906250003 0.1921875 0.33148148125 0.1984375 0.322222221875 0.1984375 0.31759259218749997 0.2 0.3166666671875 0.2 0.3046296296875 0.196875 0.29907407343750003 0.1697916671875 0.29907407343750003 0.1682291671875 0.3018518515625 0.1682291671875 0.32777777812500003 0.1760416671875 0.3416666671875 0.1875 0.3416666671875 0.18802083281249998 0.33888888906250003
0 0.9286458328125 0.58055555625 0.9322916671874999 0.5888888890625 0.94375 0.5861111109375 0.95 0.575 0.95 0.5518518515624999 0.9484375 0.5490740734374999 0.9395833328125001 0.5490740734374999 0.934375 0.54351851875 0.9260416671874999 0.54351851875 0.9244791671874999 0.546296296875 0.9244791671874999 0.575 0.9260416671874999 0.58055555625 0.9286458328125 0.58055555625
0 0.284375 0.6416666671875 0.2864583328125 0.6361111109375 0.2921875 0.6333333328124999 0.2953125 0.627777778125 0.2953125 0.6231481484375 0.2984375 0.61944444375 0.296875 0.6046296296875 0.2921875 0.5990740734375 0.2697916671875 0.5990740734375 0.2682291671875 0.6018518515625 0.2682291671875 0.63055555625 0.2723958328125 0.6333333328124999 0.2760416671875 0.6416666671875 0.284375 0.6416666671875
0 0.1588541671875 0.6370370375000001 0.16354166718750002 0.6611111109375 0.171875 0.6611111109375 0.17239583281249998 0.6583333328125 0.178125 0.6555555562500001 0.18125 0.65 0.18125 0.6240740734375 0.1770833328125 0.621296296875 0.1734375 0.6101851859375 0.1510416671875 0.6101851859375 0.1494791671875 0.6129629624999999 0.1510416671875 0.625 0.1536458328125 0.625 0.1541666671875 0.63055555625 0.1588541671875 0.6370370375000001
0 0.9609375 0.7666666671875 0.9703125 0.752777778125 0.9703125 0.7481481484375 0.9734375 0.74444444375 0.9734375 0.7351851859375 0.9703125 0.73148148125 0.9703125 0.7268518515625 0.9671875 0.7212962968750001 0.9510416671874999 0.7212962968750001 0.9494791671874999 0.7240740734375 0.9494791671874999 0.7611111109375 0.9526041671875 0.7666666671875 0.9609375 0.7666666671875
0 0.7885416671875001 0.775 0.7984375 0.775 0.7989583328125 0.772222221875 0.8046875 0.76944444375 0.8067708328125001 0.7638888890625 0.809375 0.7638888890625 0.8109375 0.7490740734375 0.80625 0.74351851875 0.7848958328125 0.74351851875 0.7796875 0.7324074078125 0.7744791671875 0.7351851859375 0.7744791671875 0.7611111109375 0.7776041671875 0.7666666671875 0.7817708328124999 0.7666666671875 0.7885416671875001 0.775
0 0.7171875 0.2638888890625 0.7177083328125 0.2611111109375 0.7234375 0.25833333281250004 0.7265625 0.252777778125 0.7265625 0.24814814843750002 0.7296875 0.24444444375000002 0.7296875 0.2398148140625 0.73125 0.2388888890625 0.73125 0.221296296875 0.728125 0.21296296250000002 0.7223958328125 0.2101851859375 0.7171875 0.1990740734375 0.7072916671875 0.1990740734375 0.7057291671875 0.2018518515625 0.7057291671875 0.252777778125 0.7088541671875 0.25833333281250004 0.7171875 0.2638888890625
0 0.690625 0.7583333328124999 0.690625 0.746296296875 0.6875 0.74351851875 0.6635416671875001 0.74351851875 0.6619791671875 0.746296296875 0.6619791671875 0.7638888890625 0.6697916671875 0.772222221875 0.6859375 0.76944444375 0.690625 0.7583333328124999
0 0.065625 0.3111111109375 0.06875 0.3083333328125 0.0692708328125 0.302777778125 0.071875 0.302777778125 0.0765625 0.29444444375 0.0765625 0.2768518515625 0.075 0.2759259265625 0.075 0.26851851875 0.0671875 0.2546296296875 0.05729166718749999 0.2546296296875 0.0557291671875 0.25740740781250004 0.0557291671875 0.30555555624999997 0.058854167187499994 0.3111111109375 0.065625 0.3111111109375
0 0.1421875 0.43333333281249997 0.14375 0.43055555625 0.14375 0.4018518515625 0.1421875 0.3990740734375 0.1260416671875 0.3990740734375 0.1244791671875 0.4018518515625 0.1244791671875 0.43055555625 0.1260416671875 0.43333333281249997 0.1421875 0.43333333281249997
0 0.71875 0.6388888890625 0.7171875 0.621296296875 0.6947916671875001 0.6240740734375 0.6932291671875 0.6296296296875 0.6947916671875001 0.6555555562500001 0.7171875 0.652777778125 0.71875 0.6388888890625
0 0.975 0.5861111109375 0.978125 0.575 0.978125 0.56851851875 0.9734375 0.5546296296875 0.9510416671874999 0.5546296296875 0.9494791671874999 0.5574074078125 0.9494791671874999 0.577777778125 0.9526041671875 0.5861111109375 0.971875 0.5888888890625 0.975 0.5861111109375
0 0.18697916718750002 0.352777778125 0.1885416671875 0.353703703125 0.1885416671875 0.3583333328125 0.1901041671875 0.3611111109375 0.1927083328125 0.3611111109375 0.1932291671875 0.3638888890625 0.203125 0.3638888890625 0.20677083281250003 0.35555555625 0.209375 0.35555555625 0.2109375 0.352777778125 0.2125 0.3379629625 0.2046875 0.321296296875 0.1963541671875 0.321296296875 0.1885416671875 0.3351851859375 0.1885416671875 0.3398148140625 0.18697916718750002 0.340740740625 0.18697916718750002 0.352777778125
0 0.6244791671875001 0.6638888890625 0.6276041671875 0.66944444375 0.6359375 0.6666666671875 0.6375 0.6611111109375 0.6375 0.6351851859375001 0.6359375 0.6324074078125 0.6197916671875 0.6324074078125 0.6182291671875 0.6351851859375001 0.6182291671875 0.65 0.6244791671875001 0.659259259375 0.6244791671875001 0.6638888890625
0 0.9421875 0.9888888890624999 0.9427083328125001 0.9861111109375 0.9484375 0.9861111109375 0.9515625 0.9703703703125001 0.9609375 0.9638888890624999 0.9609375 0.9490740734375 0.95625 0.94351851875 0.9385416671875 0.94351851875 0.9369791671875 0.946296296875 0.9369791671875 0.9833333328125 0.9401041671874999 0.9888888890624999 0.9421875 0.9888888890624999
0 0.9796875 0.83055555625 0.9875 0.8194444437499999 0.9859375 0.7990740734374999 0.9770833328125 0.796296296875 0.975 0.790740740625 0.9708333328125001 0.790740740625 0.9703125 0.7879629625 0.9635416671874999 0.7879629625 0.9619791671875 0.790740740625 0.9619791671875 0.8194444437499999 0.9692708328125 0.825 0.9713541671874999 0.83055555625 0.9796875 0.83055555625
0 0.446875 0.3101851859375 0.43854166718750004 0.3101851859375 0.4369791671875 0.3129629625 0.43854166718750004 0.325 0.44375 0.325 0.45 0.31944444375000003 0.446875 0.3101851859375
0 0.6713541671875001 0.0888888890625 0.675 0.0861111109375 0.675 0.0731481484375 0.68125 0.0638888890625 0.6796875 0.0546296296875 0.6697916671875 0.0546296296875 0.6682291671875 0.0574074078125 0.6682291671875 0.08333333281250001 0.6713541671875001 0.0888888890625
0 0.55 0.42222222187499997 0.5484375 0.41018518593750003 0.5307291671875001 0.4129629625 0.5322916671875 0.43333333281249997 0.5369791671875 0.4361111109375 0.5484375 0.43333333281249997 0.55 0.42222222187499997
0 0.9234375 0.9888888890624999 0.9296875 0.975 0.9296875 0.9574074078124999 0.928125 0.95648148125 0.928125 0.9518518515625001 0.9255208328125001 0.9518518515625001 0.921875 0.946296296875 0.9145833328125 0.9490740734375 0.9088541671874999 0.94351851875 0.9057291671875 0.9490740734375 0.9057291671875 0.9833333328125 0.9088541671874999 0.9888888890624999 0.9234375 0.9888888890624999
0 0.453125 0.07685185156249999 0.44322916718750005 0.07962962968750001 0.44322916718750005 0.0861111109375 0.44635416718750004 0.0916666671875 0.4546875 0.0888888890625 0.453125 0.07685185156249999
0 0.45625 0.7481481484375 0.4625 0.7388888890625 0.4625 0.7268518515625 0.459375 0.7212962968750001 0.4447916671875 0.7212962968750001 0.44322916718750005 0.7240740734375 0.44322916718750005 0.752777778125 0.4546875 0.75555555625 0.45625 0.7481481484375
0 0.0484375 0.9333333328125001 0.05 0.9305555562500001 0.05 0.9129629625 0.0484375 0.9101851859375 0.0385416671875 0.9101851859375 0.0369791671875 0.9129629625 0.0369791671875 0.9305555562500001 0.0385416671875 0.9333333328125001 0.0484375 0.9333333328125001
0 0.7671875 0.2388888890625 0.7671875 0.2296296296875 0.7609375 0.2101851859375 0.7447916671875 0.2101851859375 0.7432291671875 0.21296296250000002 0.7432291671875 0.23611111093749998 0.7463541671875 0.24444444375000002 0.7640625 0.24444444375000002 0.7671875 0.2388888890625
0 0.1359375 0.13333333281249998 0.1421875 0.125 0.14375 0.1148148140625 0.1484375 0.10833333281249999 0.1484375 0.09074074062500001 0.1442708328125 0.09074074062500001 0.14375 0.08796296249999999 0.1260416671875 0.08796296249999999 0.1244791671875 0.09074074062500001 0.1244791671875 0.11944444375 0.1291666671875 0.13055555624999998 0.1359375 0.13333333281249998
0 0.1875 0.28611111093749997 0.1875 0.271296296875 0.1859375 0.26851851875 0.1833333328125 0.26851851875 0.1828125 0.26574074062499997 0.1697916671875 0.26574074062499997 0.1682291671875 0.26851851875 0.1682291671875 0.29444444375 0.17135416718750002 0.3 0.1796875 0.29722222187499997 0.1875 0.28611111093749997
0 0.2078125 0.13055555624999998 0.2125 0.12222222187500001 0.2125 0.10185185156250001 0.2109375 0.0990740734375 0.19479166718750002 0.0990740734375 0.1932291671875 0.10185185156250001 0.1932291671875 0.13055555624999998 0.19479166718750002 0.13333333281249998 0.2078125 0.13055555624999998
0 0.9625 0.06851851875000001 0.9588541671874999 0.065740740625 0.9557291671874999 0.075 0.9572916671874999 0.08333333281250001 0.9609375 0.08333333281250001 0.9625 0.06851851875000001
0 0.2 0.04444444375 0.2015625 0.0259259265625 0.20625 0.019444443750000002 0.20625 0.0129629625 0.19583333281249998 0.0129629625 0.1953125 0.0101851859375 0.1760416671875 0.0101851859375 0.1744791671875 0.0129629625 0.1744791671875 0.030555556249999997 0.1833333328125 0.0361111109375 0.1885416671875 0.047222221875 0.2 0.04444444375
0 0.6234375 0.6777777781250001 0.6265625 0.672222221875 0.625 0.6546296296875 0.61875 0.64351851875 0.6135416671875 0.64351851875 0.6119791671875 0.646296296875 0.6119791671875 0.675 0.6135416671875 0.6777777781250001 0.6234375 0.6777777781250001
0 0.1135416671875 0.6138888890625 0.11510416718750001 0.6148148140624999 0.1119791671875 0.621296296875 0.1119791671875 0.6416666671875 0.1260416671875 0.6555555562500001 0.1359375 0.652777778125 0.1375 0.6398148140625 0.1390625 0.6388888890625 0.1375 0.6259259265625 0.1453125 0.6111111109375 0.14375 0.590740740625 0.14114583281249998 0.590740740625 0.140625 0.5879629625 0.1135416671875 0.5879629625 0.1119791671875 0.590740740625 0.1119791671875 0.6 0.1135416671875 0.6009259265625 0.1135416671875 0.6138888890625
0 0.4484375 0.397222221875 0.4546875 0.3861111109375 0.4546875 0.3796296296875 0.4447916671875 0.3768518515625 0.44322916718750005 0.3796296296875 0.44322916718750005 0.39444444375 0.4447916671875 0.397222221875 0.4484375 0.397222221875
0 0.640625 0.9768518515625001 0.6244791671875001 0.9796296296874999 0.6260416671875 0.9990740734375001 0.64375 0.997222221875 0.64375 0.9824074078124999 0.640625 0.9768518515625001
0 0.43125 0.7638888890625 0.43125 0.7351851859375 0.4296875 0.7324074078125 0.4135416671875 0.7324074078125 0.41197916718750005 0.7351851859375 0.4135416671875 0.76944444375 0.4234375 0.772222221875 0.43125 0.7638888890625
0 0.1125 0.8824074078124999 0.109375 0.8768518515625001 0.1010416671875 0.8768518515625001 0.1010416671875 0.902777778125 0.109375 0.902777778125 0.1125 0.897222221875 0.1125 0.8824074078124999
0 0.26875 0.5416666671875 0.265625 0.5240740734375 0.2625 0.521296296875 0.2510416671875 0.521296296875 0.2494791671875 0.5240740734375 0.2494791671875 0.5416666671875 0.2510416671875 0.54444444375 0.265625 0.547222221875 0.26875 0.5416666671875
0 0.5640625 0.3490740734375 0.5609375 0.34351851875 0.5572916671875 0.34351851875 0.5557291671875 0.34629629687499996 0.5557291671875 0.3638888890625 0.5609375 0.36666666718749996 0.5640625 0.3490740734375
0 0.1796875 0.5555555562500001 0.184375 0.5416666671875 0.184375 0.521296296875 0.1796875 0.5101851859375001 0.1697916671875 0.5101851859375001 0.1682291671875 0.5129629625 0.1682291671875 0.55 0.17135416718750002 0.5555555562500001 0.1796875 0.5555555562500001
0 0.7734375 0.072222221875 0.778125 0.0638888890625 0.778125 0.0490740734375 0.7734375 0.04351851875 0.7635416671875 0.04351851875 0.7619791671875 0.046296296875 0.7619791671875 0.0638888890625 0.7697916671875 0.072222221875 0.7734375 0.072222221875
0 0.16354166718750002 0.5527777781250001 0.1651041671875 0.5555555562500001 0.1796875 0.5555555562500001 0.1859375 0.5388888890625 0.184375 0.515740740625 0.1796875 0.5101851859375001 0.1651041671875 0.5101851859375001 0.1619791671875 0.515740740625 0.1619791671875 0.54444444375 0.16354166718750002 0.5453703703125 0.16354166718750002 0.5527777781250001
0 0.9953125 0.0990740734375 0.9869791671874999 0.10185185156250001 0.9885416671874999 0.12222222187500001 0.9994791671875 0.11944444375 0.9994791671875 0.10185185156250001 0.9953125 0.0990740734375
0 0.7489583328125 0.022222221875 0.75625 0.019444443750000002 0.7578125 0.004629629687499999 0.7546875 0 0.7307291671875 0.0018518515625 0.7307291671875 0.013888889062500001 0.7338541671875001 0.022222221875 0.7484375 0.025 0.7489583328125 0.022222221875
0 0.975 0.06851851875000001 0.9697916671875 0.065740740625 0.9682291671875 0.08055555625000001 0.9697916671875 0.0861111109375 0.9734375 0.0861111109375 0.975 0.06851851875000001
0 0.4171875 0.7194444437499999 0.4203125 0.7083333328125 0.4203125 0.69351851875 0.4171875 0.6879629625 0.4010416671875 0.6879629625 0.3994791671875 0.690740740625 0.3994791671875 0.7166666671875 0.40260416718750003 0.722222221875 0.4171875 0.7194444437499999
0 0.4546875 0.15 0.459375 0.1416666671875 0.459375 0.1268518515625 0.4546875 0.12129629687500001 0.4447916671875 0.12129629687500001 0.44322916718750005 0.12407407343750002 0.4447916671875 0.15 0.44635416718750004 0.15277777812499999 0.4546875 0.15
0 0.8359375 0.5305555562500001 0.8359375 0.5240740734375 0.8328125 0.521296296875 0.8213541671875 0.521296296875 0.8197916671875 0.5240740734375 0.8197916671875 0.5305555562500001 0.8260416671874999 0.5416666671875 0.83125 0.5416666671875 0.8359375 0.5305555562500001
0 0.23125 0.29722222187499997 0.2375 0.2888888890625 0.2359375 0.2768518515625 0.21979166718749998 0.2768518515625 0.2182291671875 0.2796296296875 0.2182291671875 0.28611111093749997 0.22239583281250003 0.2888888890625 0.2260416671875 0.29722222187499997 0.23125 0.29722222187499997
0 0.865625 0.44166666718750003 0.86875 0.415740740625 0.865625 0.41018518593750003 0.8510416671875 0.41018518593750003 0.8494791671874999 0.4129629625 0.8494791671874999 0.44166666718750003 0.8510416671875 0.44444444375 0.865625 0.44166666718750003
0 0.6953125 0.06851851875000001 0.6901041671875 0.065740740625 0.6869791671875001 0.075 0.6885416671875 0.077777778125 0.69375 0.077777778125 0.6953125 0.06851851875000001
0 0.9359375 0.6101851859375 0.9244791671874999 0.6129629624999999 0.9260416671874999 0.6333333328124999 0.9390625 0.63055555625 0.9390625 0.621296296875 0.9359375 0.6101851859375
0 0.2890625 0.7861111109375 0.2890625 0.7814814812499999 0.2921875 0.777777778125 0.2921875 0.7574074078125 0.2890625 0.746296296875 0.2697916671875 0.74351851875 0.2682291671875 0.746296296875 0.2697916671875 0.7888888890625 0.2796875 0.7916666671875 0.2890625 0.7861111109375
0 0.5609375 0.055555556250000006 0.56875 0.0416666671875 0.56875 0.0351851859375 0.565625 0.03148148125 0.565625 0.0268518515625 0.5640625 0.0240740734375 0.5614583328125 0.0240740734375 0.5609375 0.021296296875000002 0.5572916671875 0.021296296875000002 0.5557291671875 0.0240740734375 0.5557291671875 0.05 0.5588541671875 0.055555556250000006 0.5609375 0.055555556250000006
0 0.0635416671875 0.21944444375 0.08125 0.21944444375 0.0817708328125 0.2166666671875 0.084375 0.2166666671875 0.0875 0.21111111093749999 0.0875 0.190740740625 0.078125 0.1768518515625 0.06510416718749999 0.1768518515625 0.061979167187499996 0.1824074078125 0.061979167187499996 0.21111111093749999 0.0635416671875 0.21203703749999997 0.0635416671875 0.21944444375
0 0.2625 0.9611111109375001 0.2625 0.946296296875 0.2510416671875 0.94351851875 0.2494791671875 0.946296296875 0.2510416671875 0.975 0.259375 0.975 0.2625 0.9611111109375001
0 0.7828125 0.0111111109375 0.7828125 0.0018518515625 0.7796875 0 0.7682291671875 0.0018518515625 0.7682291671875 0.0166666671875 0.7713541671875 0.022222221875 0.778125 0.022222221875 0.7828125 0.0111111109375
0 0.425 0.18148148125000002 0.4296875 0.177777778125 0.43125 0.16851851874999998 0.428125 0.1574074078125 0.41979166718750005 0.1546296296875 0.41822916718750003 0.1574074078125 0.41822916718750003 0.1833333328125 0.425 0.1861111109375 0.425 0.18148148125000002
0 0.8375 0.9416666671874999 0.8375 0.9351851859375 0.8359375 0.9324074078125 0.8260416671874999 0.9324074078125 0.8244791671874999 0.9351851859375 0.8244791671874999 0.95 0.83125 0.952777778125 0.8375 0.9416666671874999
0 0.440625 0.15277777812499999 0.440625 0.146296296875 0.4322916671875 0.14351851875 0.43072916718750004 0.15555555625 0.4322916671875 0.1611111109375 0.4359375 0.1611111109375 0.440625 0.15277777812499999
0 0.453125 0.29722222187499997 0.45625 0.28611111093749997 0.453125 0.2768518515625 0.43854166718750004 0.2768518515625 0.4369791671875 0.2796296296875 0.4369791671875 0.29722222187499997 0.44427083281249996 0.3 0.4447916671875 0.302777778125 0.453125 0.29722222187499997
0 0.3796875 0.377777778125 0.38125 0.36851851875 0.378125 0.3648148140625 0.3765625 0.3574074078125 0.3734375 0.3546296296875 0.3635416671875 0.3546296296875 0.3619791671875 0.3574074078125 0.3619791671875 0.375 0.3651041671875 0.38055555625 0.3734375 0.38333333281250004 0.3796875 0.377777778125
0 0.7369791671875 0.18055555625 0.7385416671875 0.1861111109375 0.7421875 0.1861111109375 0.7484375 0.177777778125 0.7484375 0.17314814843749998 0.7546875 0.16388888906250001 0.753125 0.1574074078125 0.75 0.1546296296875 0.7385416671875 0.1546296296875 0.7369791671875 0.1574074078125 0.7369791671875 0.18055555625
0 0.7546875 0.2638888890625 0.753125 0.24814814843750002 0.7609375 0.24444444375000002 0.7625 0.2388888890625 0.7625 0.21296296250000002 0.7401041671875 0.2101851859375 0.7369791671875 0.21574074062499998 0.7369791671875 0.2611111109375 0.7401041671875 0.2666666671875 0.7546875 0.2638888890625
0 0.0984375 0.025 0.0984375 0.0129629625 0.096875 0.0101851859375 0.0760416671875 0.0101851859375 0.0744791671875 0.0129629625 0.0760416671875 0.027777778125000003 0.08072916718749999 0.0333333328125 0.0921875 0.0333333328125 0.0984375 0.025
0 0.140625 0.27777777812500004 0.1421875 0.275 0.140625 0.24907407343750002 0.1328125 0.24351851875000002 0.1260416671875 0.24351851875000002 0.1244791671875 0.246296296875 0.1244791671875 0.272222221875 0.13229166718750002 0.28055555625 0.140625 0.27777777812500004
0 0.128125 0.58055555625 0.1265625 0.5574074078125 0.1135416671875 0.5546296296875 0.1119791671875 0.5574074078125 0.1135416671875 0.5861111109375 0.125 0.5861111109375 0.128125 0.58055555625
0 0.3671875 0.3111111109375 0.36875 0.3083333328125 0.36875 0.290740740625 0.3671875 0.28796296250000003 0.3572916671875 0.28796296250000003 0.3557291671875 0.290740740625 0.3557291671875 0.3083333328125 0.3572916671875 0.3111111109375 0.3671875 0.3111111109375
0 0.1572916671875 0.11944444375 0.165625 0.11944444375 0.1625 0.09351851875 0.1609375 0.09074074062500001 0.15677083281249998 0.09074074062500001 0.15625 0.08796296249999999 0.1526041671875 0.08796296249999999 0.1494791671875 0.09351851875 0.1510416671875 0.10833333281249999 0.1552083328125 0.1111111109375 0.1572916671875 0.11944444375