0 0.446875 0.11640625 0.0359375 0.06875
0 0.471875 0.225 0.03203125 0.059375
0 0.49765625 0.0390625 0.040625 0.0703125
0 0.53046875 0.03125 0.0390625 0.0625
0 0.646875 0.084375 0.03984375 0.06875
0 0.78515625 0.21640625 0.03515625 0.0609375
0 0.93359375 0.0796875 0.04453125 0.06875
0 0.909375 0.13046875 0.03984375 0.0609375
0 0.959375 0.3046875 0.034375 0.0671875
0 0.8234375 0.35625 0.03515625 0.06640625
0 0.80234375 0.49921875 0.03046875 0.06484375
0 0.784375 0.68046875 0.03515625 0.0671875
0 0.8359375 0.51484375 0.03828125 0.06953125
0 0.88671875 0.6921875 0.0375 0.06875
0 0.94453125 0.8796875 0.04375 0.07421875
0 0.97421875 0.37890625 0.03828125 0.06640625
0 0.8125 0.09453125 0.0359375 0.065625
0 0.1765625 0.09140625 0.03046875 0.05703125
0 0.98828125 0.7765625 0.0234375 0.0625
0 0.22109375 0.09765625 0.0296875 0.0390625
0 0.26015625 0.1453125 0.028125 0.04609375
0 0.22890625 0.33828125 0.028125 0.03984375
0 0.1421875 0.42265625 0.028125 0.028125
0 0.07421875 0.56640625 0.01875 0.05078125
0 0.11015625 0.73984375 0.03203125 0.046875
0 0.71796875 0.51484375 0.03203125 0.0609375
0 0.86484375 0.13203125 0.02734375 0.0328125
0 0.8984375 0.2109375 0.021875 0.05546875
0 0.9234375 0.24453125 0.028125 0.0515625
0 0.78828125 0.27421875 0.02421875 0.0484375
0 0.4828125 0.4140625 0.034375 0.04375