0 0.1885416671875 0.83055555625 0.1911458328125 0.83055555625 0.1916666671875 0.8333333328125001 0.215625 0.8333333328125001 0.21614583281250002 0.83055555625 0.21875 0.83055555625 0.225 0.8194444437499999 0.225 0.8018518515625 0.2171875 0.7879629625 0.2125 0.784259259375 0.2109375 0.7740740734375 0.2078125 0.7703703703125 0.2078125 0.7601851859375001 0.2046875 0.7546296296875 0.1885416671875 0.7546296296875 0.18697916718750002 0.7574074078125 0.18697916718750002 0.825 0.1885416671875 0.8259259265625 0.1885416671875 0.83055555625
0 0.3151041671875 0.675 0.3177083328125 0.675 0.3182291671875 0.6777777781250001 0.3239583328125 0.6805555562500001 0.32760416718749996 0.6888888890625 0.340625 0.6888888890625 0.3458333328125 0.6777777781250001 0.3484375 0.6777777781250001 0.35 0.675 0.35 0.6351851859375001 0.3421875 0.621296296875 0.3135416671875 0.621296296875 0.31197916718749996 0.6240740734375 0.31197916718749996 0.6666666671875 0.3135416671875 0.6675925921875 0.3135416671875 0.672222221875 0.3151041671875 0.675
0 0.45885416718750005 0.2416666671875 0.4692708328125 0.24722222187499998 0.46979166718750004 0.25 0.484375 0.24444444375000002 0.4875 0.2388888890625 0.4875 0.22314814843750003 0.4890625 0.222222221875 0.4890625 0.21296296250000002 0.4875 0.21203703749999997 0.4859375 0.1990740734375 0.478125 0.1879629625 0.45885416718750005 0.1879629625 0.4557291671875 0.19351851874999998 0.4557291671875 0.23333333281250002 0.45885416718750005 0.2370370375 0.45885416718750005 0.2416666671875
0 0.48854166718750003 0.2166666671875 0.4994791671875 0.22777777812500002 0.5109375 0.22777777812500002 0.5145833328125 0.222222221875 0.51875 0.222222221875 0.5234375 0.2138888890625 0.525 0.19537037031249999 0.5265625 0.19444444375 0.5234375 0.1574074078125 0.5203125 0.1546296296875 0.4916666671875 0.1546296296875 0.48854166718750003 0.1574074078125 0.4869791671875 0.1629629625 0.4869791671875 0.20833333281250002 0.48854166718750003 0.209259259375 0.48854166718750003 0.2166666671875
0 0.7885416671875001 0.5898148140624999 0.7901041671875 0.597222221875 0.7973958328124999 0.6 0.7979166671875 0.602777778125 0.821875 0.6 0.83125 0.5833333328125 0.83125 0.5759259265625001 0.8359375 0.5666666671875 0.8359375 0.546296296875 0.834375 0.54351851875 0.8260416671874999 0.540740740625 0.8239583328125001 0.546296296875 0.8208333328125 0.546296296875 0.815625 0.5351851859375001 0.8130208328125 0.5351851859375001 0.8125 0.5324074078125001 0.7994791671875 0.5324074078125001 0.7989583328125 0.5351851859375001 0.7963541671875001 0.5351851859375001 0.7927083328125 0.54351851875 0.7885416671875001 0.546296296875 0.7885416671875001 0.5509259265625001 0.7869791671875 0.5518518515624999 0.7869791671875 0.5888888890625 0.7885416671875001 0.5898148140624999
0 0.5817708328125 0.58055555625 0.5822916671875 0.5833333328125 0.5875 0.58055555625 0.5880208328125 0.577777778125 0.5953125 0.575 0.6 0.5638888890625 0.6 0.54351851875 0.5984375 0.5425925921875 0.5984375 0.5379629625 0.59375 0.5314814812499999 0.59375 0.5268518515625 0.590625 0.521296296875 0.5713541671875 0.521296296875 0.5682291671875 0.5268518515625 0.5682291671875 0.5722222218749999 0.5713541671875 0.577777778125 0.5817708328125 0.58055555625
0 0.4265625 0.375 0.43125 0.36666666718749996 0.4328125 0.352777778125 0.43125 0.3351851859375 0.4296875 0.3324074078125 0.40729166718750004 0.3324074078125 0.4057291671875 0.3351851859375 0.4057291671875 0.375 0.40729166718750004 0.377777778125 0.4265625 0.375
0 0.6322916671875001 0.9888888890624999 0.6380208328125 0.9916666671875 0.6401041671875001 0.997222221875 0.646875 0.99444444375 0.646875 0.98148148125 0.65 0.9703703703125001 0.65625 0.9611111109375001 0.65625 0.953703703125 0.6578125 0.952777778125 0.65625 0.9351851859375 0.6546875 0.9324074078125 0.6260416671875 0.9324074078125 0.6244791671875001 0.9351851859375 0.6244791671875001 0.975 0.6286458328125 0.977777778125 0.6322916671875001 0.9888888890624999
0 0.5135416671875 0.475 0.5177083328125 0.475 0.5182291671875 0.477777778125 0.528125 0.475 0.5296875 0.47222222187499996 0.5296875 0.44629629687500005 0.5265625 0.44259259218749997 0.5265625 0.4379629625 0.5234375 0.43240740781250003 0.5072916671875001 0.43240740781250003 0.5057291671875 0.43518518593750005 0.5057291671875 0.46388888906250003 0.5098958328125 0.46666666718750005 0.5135416671875 0.475
0 0.8432291671875 0.9305555562500001 0.8458333328125001 0.9305555562500001 0.8510416671875 0.9416666671874999 0.8609375 0.9444444437499999 0.8614583328125001 0.9416666671874999 0.865625 0.9416666671874999 0.8692708328125001 0.9333333328125001 0.8734375 0.9305555562500001 0.8734375 0.9259259265625 0.875 0.925 0.875 0.8990740734375 0.8703125 0.8879629625 0.8635416671874999 0.8851851859375 0.8598958328125 0.890740740625 0.8567708328125001 0.890740740625 0.8484375 0.8768518515625001 0.8385416671874999 0.8768518515625001 0.8369791671875 0.8796296296874999 0.8369791671875 0.91944444375 0.8401041671874999 0.925 0.8427083328125 0.925 0.8432291671875 0.9305555562500001
0 0.7364583328125 0.0638888890625 0.7390625 0.0638888890625 0.7411458328125 0.058333332812500006 0.74375 0.058333332812500006 0.7484375 0.05 0.7484375 0.040740740625 0.746875 0.039814814062499995 0.746875 0.0351851859375 0.7442708328125 0.0351851859375 0.740625 0.0296296296875 0.7348958328124999 0.0296296296875 0.7328125 0.0240740734375 0.7302083328125 0.0240740734375 0.7296875 0.021296296875000002 0.7197916671875 0.021296296875000002 0.7182291671875001 0.0240740734375 0.7182291671875001 0.0638888890625 0.7213541671875 0.06944444375 0.7359375 0.0666666671875 0.7364583328125 0.0638888890625
0 0.39791666718749996 0.3138888890625 0.409375 0.3138888890625 0.4171875 0.3083333328125 0.41875 0.302777778125 0.41875 0.26574074062499997 0.4171875 0.2601851859375 0.4125 0.2546296296875 0.3885416671875 0.2546296296875 0.3869791671875 0.25740740781250004 0.3869791671875 0.29722222187499997 0.3885416671875 0.302777778125 0.39791666718749996 0.3138888890625
0 0.5401041671875 0.4916666671875 0.55 0.4916666671875 0.5505208328125 0.4888888890625 0.553125 0.4888888890625 0.5583333328125 0.477777778125 0.5625 0.475 0.5625 0.4546296296875 0.5578125 0.4453703703125 0.5578125 0.440740740625 0.55625 0.43981481406249995 0.5546875 0.43240740781250003 0.5338541671875 0.43240740781250003 0.5307291671875001 0.4379629625 0.5307291671875001 0.477777778125 0.5354166671875 0.4888888890625 0.5395833328124999 0.4888888890625 0.5401041671875 0.4916666671875
0 0.2109375 0.4 0.21458333281250003 0.3916666671875 0.2171875 0.3916666671875 0.21875 0.384259259375 0.2234375 0.377777778125 0.2234375 0.3546296296875 0.2203125 0.3509259265625 0.2203125 0.34629629687499996 0.21770833281250002 0.34629629687499996 0.2171875 0.34351851875 0.1963541671875 0.34351851875 0.1932291671875 0.3490740734375 0.1932291671875 0.39444444375 0.1963541671875 0.4 0.2109375 0.4
0 0.9125 0.65 0.9109375 0.61851851875 0.9083333328125001 0.61851851875 0.9046875 0.6101851859375 0.8885416671874999 0.6101851859375 0.8869791671874999 0.6129629624999999 0.8885416671874999 0.652777778125 0.909375 0.6555555562500001 0.9125 0.65
0 0.440625 0.24444444375000002 0.4453125 0.23055555625 0.44375 0.190740740625 0.4421875 0.1879629625 0.41979166718750005 0.1879629625 0.41822916718750003 0.190740740625 0.41822916718750003 0.2416666671875 0.42291666718750004 0.24722222187499998 0.440625 0.24444444375000002
0 0.9692708328125 0.94351851875 0.9666666671874999 0.94351851875 0.9619791671875 0.9546296296874999 0.9619791671875 0.975 0.9635416671874999 0.9759259265625 0.9635416671874999 0.98055555625 0.9697916671875 0.9888888890624999 0.9765625 0.9888888890624999 0.9833333328125 0.977777778125 0.9875 0.975 0.9875 0.9675925921875 0.990625 0.9611111109375001 0.990625 0.94351851875 0.9890625 0.9425925921875 0.9875 0.9240740734375 0.9859375 0.921296296875 0.9760416671875 0.921296296875 0.9729166671874999 0.9268518515625 0.9729166671874999 0.9370370375 0.9692708328125 0.94351851875
0 0.6520833328125 0.4916666671875 0.6526041671875 0.49444444374999996 0.6671875 0.4888888890625 0.66875 0.48148148125 0.675 0.47222222187499996 0.675 0.4601851859375 0.6734375 0.459259259375 0.6734375 0.4546296296875 0.6708333328125 0.4546296296875 0.6703125 0.44907407343749994 0.6671875 0.44351851875000003 0.6463541671875 0.44351851875000003 0.6432291671875 0.44907407343749994 0.6432291671875 0.4861111109375 0.6479166671875001 0.4916666671875 0.6520833328125 0.4916666671875
0 0.6234375 0.3166666671875 0.625 0.3018518515625 0.621875 0.296296296875 0.6161458328125 0.296296296875 0.6125 0.2898148140625 0.6109375 0.2796296296875 0.6067708328125 0.2796296296875 0.60625 0.2768518515625 0.5885416671875 0.2768518515625 0.5869791671875 0.2796296296875 0.5869791671875 0.31944444375000003 0.5885416671875 0.325 0.615625 0.32777777812500003 0.6234375 0.3166666671875
0 0.6057291671875 0.6333333328124999 0.6109375 0.6361111109375 0.6114583328125 0.6333333328124999 0.61875 0.63055555625 0.6203125 0.6046296296875 0.61875 0.603703703125 0.6171875 0.590740740625 0.6130208328125 0.590740740625 0.6125 0.5879629625 0.5885416671875 0.5879629625 0.5869791671875 0.590740740625 0.5885416671875 0.6083333328125 0.5901041671875 0.6111111109375 0.5958333328125 0.6111111109375 0.6057291671875 0.6333333328124999
0 0.6807291671875 0.7018518515625 0.6807291671875 0.727777778125 0.6869791671875001 0.7370370375 0.6869791671875001 0.7416666671875001 0.6901041671875 0.747222221875 0.6984375 0.75 0.6984375 0.7453703703125 0.703125 0.7416666671875001 0.7046875 0.7259259265625 0.7078125 0.725 0.7125 0.7166666671875 0.7125 0.690740740625 0.7109375 0.6879629625 0.6916666671875 0.6879629625 0.6911458328125 0.690740740625 0.6854166671875 0.690740740625 0.6807291671875 0.7018518515625
0 0.853125 0.16388888906250001 0.85625 0.1583333328125 0.85625 0.1481481484375 0.859375 0.1416666671875 0.8578125 0.12407407343750002 0.8385416671874999 0.12129629687500001 0.8369791671875 0.12407407343750002 0.8369791671875 0.1611111109375 0.8401041671874999 0.1666666671875 0.853125 0.16388888906250001
0 0.5182291671875 0.5916666671875 0.5197916671875 0.5925925921874999 0.5213541671875 0.6 0.5239583328124999 0.6 0.5260416671875 0.60555555625 0.5286458328125 0.60555555625 0.5322916671875 0.6111111109375 0.5453125 0.6111111109375 0.5458333328125 0.6083333328125 0.55 0.6083333328125 0.5515625 0.6009259265625 0.55625 0.5916666671875 0.55625 0.58148148125 0.5578125 0.58055555625 0.5578125 0.5731481484375001 0.5609375 0.5666666671875 0.5609375 0.5546296296875 0.559375 0.553703703125 0.5578125 0.54351851875 0.5546875 0.5398148140625 0.5546875 0.5351851859375001 0.55 0.5287037031249999 0.5484375 0.521296296875 0.5276041671875 0.521296296875 0.5213541671875 0.5324074078125001 0.5213541671875 0.5370370375 0.5182291671875 0.54351851875 0.5182291671875 0.5916666671875
0 0.2744791671875 0.61944444375 0.2802083328125 0.61944444375 0.28072916718749996 0.622222221875 0.2875 0.61944444375 0.2890625 0.5935185187500001 0.2859375 0.5879629625 0.2802083328125 0.5851851859375 0.275 0.5768518515625 0.2635416671875 0.5768518515625 0.2619791671875 0.5796296296875 0.2619791671875 0.6083333328125 0.26510416718749996 0.6138888890625 0.2708333328125 0.6138888890625 0.2744791671875 0.61944444375
0 0.47760416718750004 0 0.47447916718750005 0.004629629687499999 0.47447916718750005 0.022222221875 0.47760416718750004 0.030555556249999997 0.48072916718750003 0.0333333328125 0.5 0.030555556249999997 0.4984375 0 0.47760416718750004 0
0 0.3697916671875 0.2416666671875 0.3734375 0.2416666671875 0.37552083281250004 0.23611111093749998 0.378125 0.23611111093749998 0.3859375 0.21944444375 0.3859375 0.1990740734375 0.384375 0.1981481484375 0.384375 0.19351851874999998 0.3796875 0.1879629625 0.3697916671875 0.1879629625 0.3682291671875 0.190740740625 0.3682291671875 0.2388888890625 0.3697916671875 0.2416666671875
0 0.5057291671875 0.6574074078125001 0.5057291671875 0.6666666671875 0.5072916671875001 0.6675925921875 0.5072916671875001 0.675 0.5130208328125 0.6777777781250001 0.5151041671875001 0.6833333328125 0.5177083328125 0.6833333328125 0.5182291671875 0.6861111109375 0.5265625 0.6861111109375 0.5359375 0.672222221875 0.5359375 0.6490740734375 0.5328125 0.6453703703125 0.5296875 0.6324074078125 0.5197916671875 0.6324074078125 0.5192708328125 0.6351851859375001 0.5166666671875 0.6351851859375001 0.5135416671875 0.6481481484375 0.5057291671875 0.6574074078125001
0 0.31302083281250004 0.0916666671875 0.3135416671875 0.09444444375 0.315625 0.09444444375 0.3161458328125 0.0916666671875 0.31875 0.0916666671875 0.32083333281250004 0.0861111109375 0.3234375 0.0861111109375 0.3296875 0.075 0.33125 0.0574074078125 0.3296875 0.05648148125 0.328125 0.046296296875 0.321875 0.0351851859375 0.3192708328125 0.0351851859375 0.31875 0.0324074078125 0.3072916671875 0.0324074078125 0.3057291671875 0.0351851859375 0.3057291671875 0.0861111109375 0.3088541671875 0.0916666671875 0.31302083281250004 0.0916666671875
0 0.4859375 0.7833333328125 0.48645833281249995 0.7805555562500001 0.490625 0.7805555562500001 0.49114583281249996 0.777777778125 0.49375 0.777777778125 0.4953125 0.775 0.49583333281249997 0.76944444375 0.4984375 0.76944444375 0.5078125 0.752777778125 0.5078125 0.746296296875 0.50625 0.7453703703125 0.50625 0.740740740625 0.503125 0.7351851859375 0.5005208328124999 0.7351851859375 0.5 0.7324074078125 0.47760416718750004 0.7324074078125 0.47447916718750005 0.7379629624999999 0.47447916718750005 0.772222221875 0.47760416718750004 0.777777778125 0.48333333281249996 0.7805555562500001 0.4838541671875 0.7833333328125 0.4859375 0.7833333328125
0 0.9484375 0.975 0.9484375 0.9703703703125001 0.953125 0.9611111109375001 0.953125 0.9379629625 0.9484375 0.9324074078125 0.9260416671874999 0.9324074078125 0.9244791671874999 0.9351851859375 0.9260416671874999 0.972222221875 0.9307291671875 0.977777778125 0.9484375 0.975
0 0.3182291671875 0.5638888890625 0.32083333281250004 0.5638888890625 0.3213541671875 0.5666666671875 0.3375 0.5666666671875 0.3421875 0.5611111109375 0.34375 0.546296296875 0.340625 0.5379629625 0.32864583281250004 0.5379629625 0.31875 0.521296296875 0.3135416671875 0.521296296875 0.31197916718749996 0.5240740734375 0.31197916718749996 0.5527777781250001 0.3151041671875 0.5583333328125 0.3177083328125 0.5583333328125 0.3182291671875 0.5638888890625
0 0.9755208328125 0.26944444375 0.9921875 0.2638888890625 0.996875 0.2379629625 0.99375 0.23240740781250002 0.9760416671875 0.23240740781250002 0.9723958328125001 0.240740740625 0.9697916671875 0.240740740625 0.9697916671875 0.2453703703125 0.9682291671875 0.246296296875 0.9682291671875 0.2666666671875 0.9713541671874999 0.272222221875 0.975 0.272222221875 0.9755208328125 0.26944444375
0 0.45104166718750005 0.9638888890624999 0.4536458328125 0.9638888890624999 0.45416666718750004 0.9666666671874999 0.471875 0.9666666671874999 0.4734375 0.9638888890624999 0.4734375 0.946296296875 0.459375 0.921296296875 0.45104166718750005 0.921296296875 0.44947916718750003 0.9240740734375 0.44947916718750003 0.9583333328125001 0.45104166718750005 0.959259259375 0.45104166718750005 0.9638888890624999
0 0.9265625 0.7916666671875 0.934375 0.7861111109375 0.9375 0.775 0.934375 0.7620370375000001 0.934375 0.7379629624999999 0.93125 0.7324074078125 0.9197916671874999 0.7324074078125 0.9182291671874999 0.7351851859375 0.9182291671874999 0.7861111109375 0.9213541671875 0.7916666671875 0.9265625 0.7916666671875
0 0.5796875 0.6388888890625 0.5796875 0.6129629624999999 0.5755208328125 0.6129629624999999 0.575 0.6101851859375 0.5588541671875 0.6101851859375 0.5557291671875 0.615740740625 0.5557291671875 0.6416666671875 0.5572916671875 0.64444444375 0.5734375 0.647222221875 0.5796875 0.6388888890625
0 0.153125 0.5555555562500001 0.15625 0.55 0.15625 0.5398148140625 0.1625 0.5305555562500001 0.1640625 0.515740740625 0.1625 0.5148148140625 0.1609375 0.5018518515625 0.1447916671875 0.4990740734375 0.1432291671875 0.5018518515625 0.1432291671875 0.5527777781250001 0.1447916671875 0.5555555562500001 0.153125 0.5555555562500001
0 0.4640625 0.85648148125 0.46875 0.85 0.46875 0.8379629625 0.465625 0.8324074078124999 0.45104166718750005 0.8324074078124999 0.44947916718750003 0.86944444375 0.45104166718750005 0.875 0.459375 0.875 0.4640625 0.85648148125
0 0.6494791671875 0.221296296875 0.6494791671875 0.2416666671875 0.6510416671875 0.24444444375000002 0.6536458328125 0.24444444375000002 0.6541666671875 0.24722222187499998 0.665625 0.24722222187499998 0.675 0.23055555625 0.6765625 0.21296296250000002 0.675 0.21203703749999997 0.675 0.2018518515625 0.6734375 0.1990740734375 0.6572916671875 0.2018518515625 0.6510416671875 0.21296296250000002 0.6510416671875 0.2203703703125 0.6494791671875 0.221296296875
0 0.51875 0.013888889062500001 0.51875 0.004629629687499999 0.515625 0 0.4994791671875 0.0018518515625 0.4994791671875 0.019444443750000002 0.5010416671875 0.025 0.5125 0.025 0.51875 0.013888889062500001
0 0.6046875 0.35 0.6052083328125 0.34722222187499996 0.6109375 0.34444444375 0.61875 0.33055555625 0.61875 0.3240740734375 0.6171875 0.321296296875 0.5947916671875 0.321296296875 0.5932291671875001 0.3240740734375 0.5932291671875001 0.3416666671875 0.5963541671875 0.34722222187499996 0.5989583328125 0.34722222187499996 0.5994791671875 0.35 0.6046875 0.35
0 0.5609375 0.34722222187499996 0.5614583328125 0.34444444375 0.565625 0.34444444375 0.56875 0.33888888906250003 0.56875 0.315740740625 0.5671875 0.3148148140625 0.5671875 0.30740740781250003 0.5640625 0.3018518515625 0.5572916671875 0.29907407343750003 0.5557291671875 0.3018518515625 0.5557291671875 0.3416666671875 0.5588541671875 0.34722222187499996 0.5609375 0.34722222187499996
0 0.5880208328125 0.8861111109375001 0.5932291671875001 0.897222221875 0.609375 0.897222221875 0.609375 0.8953703703125001 0.6125 0.8916666671875 0.6125 0.871296296875 0.6114583328125 0.871296296875 0.6046875 0.8574074078124999 0.6005208328125 0.8574074078124999 0.6 0.8546296296874999 0.5885416671875 0.8546296296874999 0.5885416671875 0.85648148125 0.5869791671875 0.8574074078124999 0.5869791671875 0.8861111109375001 0.5880208328125 0.8861111109375001
0 0.7578125 0.28611111093749997 0.75625 0.26851851875 0.7447916671875 0.26574074062499997 0.7432291671875 0.26851851875 0.7447916671875 0.29722222187499997 0.7546875 0.29722222187499997 0.7578125 0.28611111093749997
0 0.0609375 0.6101851859375 0.0432291671875 0.6129629624999999 0.0447916671875 0.6333333328124999 0.065625 0.63055555625 0.065625 0.61851851875 0.0609375 0.6101851859375
0 0.03125 0.79351851875 0.028125 0.7879629625 0.0197916671875 0.7879629625 0.0182291671875 0.790740740625 0.0197916671875 0.825 0.0296875 0.8222222218749999 0.03125 0.79351851875
0 0.3177083328125 0.425 0.31979166718749996 0.43055555625 0.3234375 0.43055555625 0.3296875 0.41944444374999995 0.3296875 0.4018518515625 0.3265625 0.3981481484375 0.3265625 0.39351851875 0.3234375 0.3879629625 0.3135416671875 0.3879629625 0.31197916718749996 0.39074074062499997 0.31197916718749996 0.41944444374999995 0.3151041671875 0.425 0.3177083328125 0.425
0 0.5630208328124999 0.64444444375 0.5635416671875 0.647222221875 0.5734375 0.647222221875 0.5796875 0.6388888890625 0.58125 0.6240740734375 0.5796875 0.6231481484375 0.578125 0.6018518515625 0.5682291671875 0.6018518515625 0.5661458328125 0.6074074078125 0.5630208328124999 0.6074074078125 0.5625 0.6046296296875 0.5583333328125 0.6046296296875 0.5526041671875 0.5990740734375 0.5494791671875 0.6046296296875 0.5494791671875 0.6333333328124999 0.5510416671875 0.634259259375 0.5510416671875 0.6416666671875 0.5630208328124999 0.64444444375
0 0.7546875 0.3768518515625 0.7447916671875 0.3768518515625 0.7432291671875 0.3796296296875 0.7447916671875 0.3888888890625 0.7546875 0.3888888890625 0.75625 0.3861111109375 0.7546875 0.3768518515625
0 0.5916666671875 0.33888888906250003 0.5947916671875 0.34444444375 0.5973958328125 0.34444444375 0.5994791671875 0.35 0.6046875 0.35 0.6052083328125 0.34722222187499996 0.6109375 0.34444444375 0.61875 0.33055555625 0.6203125 0.3203703703125 0.625 0.3111111109375 0.625 0.3046296296875 0.621875 0.29907407343750003 0.5885416671875 0.29907407343750003 0.5869791671875 0.3018518515625 0.5869791671875 0.325 0.5885416671875 0.32592592656249997 0.5885416671875 0.33055555625 0.5916666671875 0.334259259375 0.5916666671875 0.33888888906250003
0 0.45625 0.075 0.4546875 0.0574074078125 0.45 0.0546296296875 0.4322916671875 0.0546296296875 0.43072916718750004 0.0574074078125 0.4322916671875 0.0861111109375 0.4484375 0.0861111109375 0.45208333281249996 0.077777778125 0.45625 0.075