0 0.27421875 0.40625 0.04609375 0.08125
0 0.3203125 0.41171875 0.040625 0.07421875
0 0.13359375 0.90078125 0.03828125 0.0765625
0 0.19609375 0.83671875 0.0390625 0.06875
0 0.2296875 0.93125 0.0421875 0.07578125
0 0.5890625 0.609375 0.04453125 0.0828125
0 0.73359375 0.5265625 0.0375 0.08203125
0 0.63984375 0.84609375 0.0421875 0.06796875
0 0.6046875 0.4015625 0.03984375 0.084375
0 0.58828125 0.28046875 0.03828125 0.06484375
0 0.63984375 0.35703125 0.0375 0.06640625
0 0.24609375 0.70546875 0.04453125 0.08203125
0 0.75 0.92890625 0.0375 0.06640625
0 0.17734375 0.89921875 0.028125 0.05859375
0 0.31875 0.91875 0.0265625 0.0484375
0 0.61484375 0.8921875 0.03671875 0.0453125
0 0.446875 0.9234375 0.0296875 0.06953125
0 0.653125 0.63046875 0.0375 0.06171875
0 0.64453125 0.1171875 0.03359375 0.0625
0 0.58671875 0.03828125 0.0328125 0.05078125
0 0.60078125 0.22890625 0.0328125 0.04609375
0 0.13125 0.28046875 0.028125 0.06484375
0 0.03359375 0.7046875 0.03046875 0.04375