0 0.41197916718750005 0.047222221875 0.4203125 0.047222221875 0.42083333281249996 0.04444444375 0.425 0.04444444375 0.43125 0.0333333328125 0.4328125 0.0018518515625 0.3994791671875 0.0018518515625 0.3994791671875 0.0361111109375 0.4010416671875 0.0416666671875 0.4114583328125 0.04444444375 0.41197916718750005 0.047222221875
0 0.8072916671874999 0.2916666671875 0.8135416671875 0.302777778125 0.8161458328125001 0.302777778125 0.8182291671874999 0.3083333328125 0.8208333328125 0.3083333328125 0.8213541671875 0.3111111109375 0.8359375 0.3111111109375 0.8364583328125 0.3083333328125 0.8390625 0.3083333328125 0.8484375 0.2888888890625 0.8484375 0.2546296296875 0.8453125 0.2509259265625 0.84375 0.240740740625 0.840625 0.23518518593749999 0.8380208328125001 0.23518518593749999 0.8375 0.23240740781250002 0.8088541671874999 0.23240740781250002 0.8057291671875 0.2379629625 0.8057291671875 0.28611111093749997 0.8072916671874999 0.2870370375 0.8072916671874999 0.2916666671875
0 0.3760416671875 0.16944444375 0.3838541671875 0.177777778125 0.39375 0.177777778125 0.3942708328125 0.175 0.396875 0.175 0.40625 0.15555555625 0.40625 0.1296296296875 0.4046875 0.12870370312499999 0.4046875 0.12407407343750002 0.40208333281249997 0.12407407343750002 0.4015625 0.12129629687500001 0.3760416671875 0.12129629687500001 0.37447916718749996 0.12407407343750002 0.37447916718749996 0.16388888906250001 0.3760416671875 0.1648148140625 0.3760416671875 0.16944444375
0 0.5682291671875 0.8638888890624999 0.5697916671875001 0.8666666671875 0.5755208328125 0.8666666671875 0.5760416671875 0.86944444375 0.5817708328125 0.86944444375 0.5822916671875 0.872222221875 0.5921875 0.86944444375 0.6015625 0.8416666671874999 0.6 0.8018518515625 0.5984375 0.8009259265625 0.5984375 0.796296296875 0.5921875 0.7879629625 0.5760416671875 0.7879629625 0.5755208328125 0.790740740625 0.5729166671875 0.790740740625 0.5682291671875 0.8018518515625 0.5682291671875 0.8638888890624999
0 0.4838541671875 0.072222221875 0.490625 0.072222221875 0.49114583281249996 0.06944444375 0.4953125 0.06944444375 0.5015625 0.0638888890625 0.5020833328125 0.058333332812500006 0.5046875 0.058333332812500006 0.50625 0.045370370312500005 0.5078125 0.04444444375 0.5078125 0.0351851859375 0.503125 0.021296296875000002 0.5005208328124999 0.021296296875000002 0.49375 0.0101851859375 0.47291666718750003 0.0101851859375 0.46979166718750004 0.0129629625 0.4682291671875 0.018518518749999997 0.4682291671875 0.052777778124999994 0.47447916718750005 0.0638888890625 0.4838541671875 0.072222221875
0 0.1973958328125 0.5888888890625 0.1979166671875 0.5916666671875 0.2171875 0.5916666671875 0.21770833281250002 0.5888888890625 0.225 0.5861111109375 0.225 0.54351851875 0.2203125 0.534259259375 0.21875 0.5240740734375 0.215625 0.521296296875 0.1979166671875 0.521296296875 0.1973958328125 0.5240740734375 0.1916666671875 0.5240740734375 0.1822916671875 0.5324074078125001 0.1807291671875 0.5379629625 0.1807291671875 0.5722222218749999 0.18697916718750002 0.5861111109375 0.1973958328125 0.5888888890625
0 0.9052083328125 0.48333333281249996 0.9057291671875 0.4861111109375 0.9109375 0.4861111109375 0.9145833328125 0.48055555625 0.921875 0.477777778125 0.9265625 0.46388888906250003 0.925 0.4268518515625 0.921875 0.42129629687500003 0.8947916671874999 0.42129629687500003 0.8932291671874999 0.4240740734375 0.8932291671874999 0.475 0.9010416671874999 0.48333333281249996 0.9052083328125 0.48333333281249996
0 0.3010416671875 0.8333333328125001 0.3171875 0.8333333328125001 0.31875 0.8259259265625 0.325 0.8194444437499999 0.325 0.790740740625 0.3234375 0.7898148140625 0.3234375 0.7851851859375001 0.3171875 0.7768518515625 0.2994791671875 0.7768518515625 0.2989583328125 0.7796296296875 0.29635416718749996 0.7796296296875 0.2947916671875 0.7870370375 0.2932291671875 0.7879629625 0.2932291671875 0.8194444437499999 0.3010416671875 0.8333333328125001
0 0.5932291671875001 0.8574074078124999 0.5947916671875 0.875 0.5989583328125 0.875 0.5994791671875 0.877777778125 0.6171875 0.877777778125 0.61875 0.8703703703125001 0.625 0.8638888890624999 0.625 0.8240740734375 0.621875 0.8129629625 0.61875 0.8101851859375 0.6041666671875 0.8101851859375 0.6010416671875001 0.8129629625 0.6010416671875001 0.8398148140625 0.5979166671875 0.8509259265625 0.5932291671875001 0.8574074078124999
0 0.8067708328125001 0.35555555625 0.8072916671874999 0.3583333328125 0.815625 0.35555555625 0.8234375 0.33055555625 0.8234375 0.315740740625 0.8171875 0.30648148124999997 0.8171875 0.3018518515625 0.8130208328125 0.3018518515625 0.8125 0.29907407343750003 0.7947916671875 0.29907407343750003 0.7932291671875 0.3018518515625 0.7932291671875 0.35 0.7963541671875001 0.35555555625 0.8067708328125001 0.35555555625
0 0.8338541671874999 0.3888888890625 0.8421875 0.3888888890625 0.8427083328125 0.3861111109375 0.846875 0.3861111109375 0.85625 0.372222221875 0.8578125 0.34351851875 0.85625 0.3425925921875 0.8546875 0.3296296296875 0.8515625 0.328703703125 0.8515625 0.3240740734375 0.8484375 0.321296296875 0.8244791671874999 0.321296296875 0.8239583328125001 0.3240740734375 0.8197916671875 0.3240740734375 0.8182291671874999 0.36666666718749996 0.8229166671874999 0.377777778125 0.8286458328125 0.38055555625 0.8338541671874999 0.3888888890625
0 0.6640625 0.597222221875 0.6692708328125 0.5888888890625 0.6734375 0.5888888890625 0.675 0.5861111109375 0.675 0.5759259265625001 0.6765625 0.575 0.675 0.5379629625 0.66875 0.5324074078125001 0.6463541671875 0.5324074078125001 0.6432291671875 0.5379629625 0.6432291671875 0.5861111109375 0.6510416671875 0.597222221875 0.6640625 0.597222221875
0 0.6244791671875001 0.847222221875 0.6260416671875 0.8481481484375 0.6260416671875 0.852777778125 0.6276041671875 0.85555555625 0.6484375 0.85555555625 0.65 0.852777778125 0.65 0.8481481484375 0.65625 0.8388888890624999 0.65625 0.8129629625 0.6484375 0.7990740734374999 0.6322916671875001 0.7990740734374999 0.6317708328125 0.8018518515625 0.6291666671875 0.8018518515625 0.6260416671875 0.8074074078125 0.6260416671875 0.8120370375 0.6244791671875001 0.8129629625 0.6244791671875001 0.847222221875
0 0.23697916718749998 0.23055555625 0.2401041671875 0.23611111093749998 0.2515625 0.23611111093749998 0.2520833328125 0.23333333281250002 0.25625 0.23333333281250002 0.2625 0.222222221875 0.2625 0.2175925921875 0.2671875 0.20555555625 0.2671875 0.190740740625 0.2625 0.178703703125 0.2625 0.171296296875 0.259375 0.165740740625 0.23854166718749997 0.165740740625 0.23802083281250003 0.16851851874999998 0.2338541671875 0.16851851874999998 0.23072916718749997 0.1768518515625 0.23072916718749997 0.20833333281250002 0.2322916671875 0.209259259375 0.23697916718749998 0.23055555625
0 0.6536458328125 0.925 0.6541666671875 0.9305555562500001 0.6572916671875 0.9333333328125001 0.675 0.9305555562500001 0.68125 0.91944444375 0.684375 0.897222221875 0.684375 0.8796296296874999 0.68125 0.8703703703125001 0.68125 0.8601851859374999 0.6765625 0.8546296296874999 0.6510416671875 0.8574074078124999 0.6494791671875 0.865740740625 0.6494791671875 0.91944444375 0.6510416671875 0.925 0.6536458328125 0.925
0 0.3578125 0.2166666671875 0.3671875 0.21111111093749999 0.3703125 0.2 0.36875 0.16851851874999998 0.3671875 0.165740740625 0.3447916671875 0.165740740625 0.34322916718749996 0.16851851874999998 0.34322916718749996 0.20833333281250002 0.3494791671875 0.2166666671875 0.3578125 0.2166666671875
0 0.9994791671875 0.12129629687500001 0.9885416671874999 0.12129629687500001 0.9869791671874999 0.175 0.9947916671874999 0.1861111109375 0.9994791671875 0.1861111109375 0.9994791671875 0.12129629687500001
0 0.9317708328125001 0.397222221875 0.9354166671874999 0.40277777812500004 0.9395833328125001 0.40277777812500004 0.9401041671874999 0.40555555625000006 0.9442708328125 0.40555555625000006 0.9447916671875 0.40833333281249995 0.9484375 0.40833333281249995 0.9489583328125001 0.40555555625000006 0.959375 0.40277777812500004 0.96875 0.3861111109375 0.9703125 0.3601851859375 0.96875 0.35925925937500003 0.9671875 0.3490740734375 0.9640625 0.34351851875 0.9614583328125 0.34351851875 0.9578125 0.3351851859375 0.9552083328125001 0.3351851859375 0.9546875 0.3324074078125 0.9307291671875 0.3324074078125 0.9302083328125 0.3351851859375 0.9276041671874999 0.3351851859375 0.9244791671874999 0.34351851875 0.9244791671874999 0.3861111109375 0.9291666671875 0.397222221875 0.9317708328125001 0.397222221875
0 0.7286458328125 0.2416666671875 0.7322916671875 0.24722222187499998 0.7421875 0.24722222187499998 0.7427083328124999 0.24444444375000002 0.7484375 0.24444444375000002 0.75625 0.23055555625 0.75625 0.1990740734375 0.753125 0.190740740625 0.7505208328124999 0.190740740625 0.75 0.1879629625 0.7197916671875 0.1879629625 0.7182291671875001 0.190740740625 0.7182291671875001 0.23055555625 0.7223958328125 0.23333333281250002 0.7260416671875001 0.2416666671875 0.7286458328125 0.2416666671875
0 0.5020833328125 0.41111111093749997 0.5026041671875 0.4138888890625 0.5171875 0.41111111093749997 0.51875 0.403703703125 0.5234375 0.397222221875 0.5234375 0.3898148140625 0.525 0.3888888890625 0.525 0.365740740625 0.5234375 0.3648148140625 0.5234375 0.3574074078125 0.51875 0.3509259265625 0.51875 0.34629629687499996 0.5161458328124999 0.34629629687499996 0.515625 0.34351851875 0.48854166718750003 0.34351851875 0.4869791671875 0.34629629687499996 0.4869791671875 0.397222221875 0.49635416718750003 0.41111111093749997 0.5020833328125 0.41111111093749997
0 0.5260416671875 0.13055555624999998 0.5286458328125 0.13055555624999998 0.5291666671875 0.13333333281249998 0.540625 0.13333333281249998 0.5411458328125 0.13055555624999998 0.54375 0.13055555624999998 0.5442708328125 0.125 0.546875 0.125 0.55 0.11944444375 0.5515625 0.109259259375 0.5546875 0.10555555624999999 0.5546875 0.08796296249999999 0.5515625 0.08425925937499999 0.5515625 0.07685185156249999 0.546875 0.065740740625 0.5260416671875 0.065740740625 0.5182291671875 0.07962962968750001 0.5182291671875 0.11944444375 0.5223958328125 0.12222222187500001 0.5260416671875 0.13055555624999998
0 0.934375 0.1916666671875 0.9348958328125001 0.1888888890625 0.94375 0.1861111109375 0.94375 0.18148148125000002 0.95 0.172222221875 0.95 0.14351851875 0.946875 0.1351851859375 0.94375 0.1324074078125 0.9135416671875 0.1324074078125 0.9119791671874999 0.1351851859375 0.9119791671874999 0.175 0.9166666671874999 0.1861111109375 0.9244791671874999 0.1916666671875 0.934375 0.1916666671875
0 0.5348958328125 0.6111111109375 0.5385416671875001 0.61944444375 0.546875 0.61944444375 0.5489583328125 0.6138888890625 0.5546875 0.6111111109375 0.5578125 0.60555555625 0.5578125 0.6009259265625 0.5609375 0.597222221875 0.5609375 0.5851851859375 0.559375 0.584259259375 0.559375 0.5796296296875 0.55625 0.5740740734374999 0.5536458328125 0.5740740734374999 0.553125 0.571296296875 0.5458333328125 0.571296296875 0.5390625 0.5574074078125 0.5364583328125 0.5574074078125 0.5359375 0.5546296296875 0.5260416671875 0.5546296296875 0.5244791671875 0.5574074078125 0.5244791671875 0.597222221875 0.5322916671875 0.6111111109375 0.5348958328125 0.6111111109375
0 0.6182291671875 0.5018518515625 0.6182291671875 0.5416666671875 0.6239583328125 0.54444444375 0.6260416671875 0.55 0.6359375 0.55 0.6364583328125 0.547222221875 0.6421875 0.54444444375 0.64375 0.5370370375 0.65 0.527777778125 0.65 0.5018518515625 0.6421875 0.4879629625 0.6244791671875001 0.4879629625 0.6239583328125 0.490740740625 0.6213541671875 0.490740740625 0.6213541671875 0.4953703703125 0.6182291671875 0.5018518515625
0 0.6291666671875 0.925 0.646875 0.922222221875 0.65 0.9138888890624999 0.65 0.896296296875 0.6484375 0.8953703703125001 0.65 0.871296296875 0.646875 0.865740740625 0.6213541671875 0.865740740625 0.6182291671875 0.871296296875 0.6197916671875 0.91944444375 0.6286458328125 0.922222221875 0.6291666671875 0.925
0 0.41979166718750005 0.5722222218749999 0.42760416718750005 0.58055555625 0.4421875 0.577777778125 0.4515625 0.5611111109375 0.4515625 0.553703703125 0.453125 0.5527777781250001 0.453125 0.5379629625 0.45 0.5314814812499999 0.45 0.5240740734375 0.4458333328125 0.521296296875 0.44375 0.5129629625 0.44114583281249997 0.5129629625 0.440625 0.5101851859375001 0.41979166718750005 0.5101851859375001 0.41822916718750003 0.5129629625 0.41822916718750003 0.5666666671875 0.41979166718750005 0.5675925921875 0.41979166718750005 0.5722222218749999
0 0.4770833328125 0.1833333328125 0.4796875 0.1833333328125 0.4875 0.172222221875 0.4890625 0.1546296296875 0.4875 0.15370370312499998 0.4875 0.1379629625 0.484375 0.1324074078125 0.45729166718750003 0.1324074078125 0.4557291671875 0.1351851859375 0.4557291671875 0.1833333328125 0.45885416718750005 0.1888888890625 0.475 0.1888888890625 0.4770833328125 0.1833333328125
0 0.1369791671875 0.6972222218749999 0.14010416718750002 0.7 0.153125 0.7 0.15625 0.6944444437499999 0.159375 0.6777777781250001 0.1578125 0.6601851859375001 0.1546875 0.6546296296875 0.13229166718750002 0.6546296296875 0.1307291671875 0.6574074078125001 0.13229166718750002 0.6888888890625 0.1348958328125 0.6888888890625 0.1369791671875 0.6972222218749999
0 0.453125 0.4 0.4536458328125 0.397222221875 0.45625 0.397222221875 0.4625 0.3861111109375 0.4625 0.378703703125 0.4640625 0.377777778125 0.4640625 0.3546296296875 0.4625 0.353703703125 0.4625 0.3490740734375 0.4578125 0.34351851875 0.4322916671875 0.34351851875 0.43072916718750004 0.34629629687499996 0.43072916718750004 0.38333333281250004 0.44166666718750003 0.4 0.453125 0.4
0 0.44322916718750005 0.0333333328125 0.453125 0.0333333328125 0.4536458328125 0.030555556249999997 0.45625 0.030555556249999997 0.45625 0.0259259265625 0.4609375 0.022222221875 0.4609375 0.0175925921875 0.4625 0.0166666671875 0.4625 0.0018518515625 0.4609375 0 0.4369791671875 0.0018518515625 0.4369791671875 0.022222221875 0.43854166718750004 0.0231481484375 0.43854166718750004 0.027777778125000003 0.44322916718750005 0.0333333328125
0 0.8760416671875 0.5638888890625 0.8786458328125001 0.5638888890625 0.8791666671874999 0.5666666671875 0.8880208328125001 0.5666666671875 0.8885416671874999 0.5694444437499999 0.8921875 0.5694444437499999 0.8927083328125001 0.5666666671875 0.9 0.5666666671875 0.9005208328125001 0.5638888890625 0.903125 0.5638888890625 0.909375 0.5527777781250001 0.9109375 0.5324074078125001 0.909375 0.5314814812499999 0.909375 0.5268518515625 0.90625 0.5203703703125 0.90625 0.5129629625 0.8984375 0.4990740734375 0.8744791671875 0.4990740734375 0.8739583328125 0.5018518515625 0.8713541671874999 0.5018518515625 0.8697916671874999 0.509259259375 0.8682291671875 0.5101851859375001 0.8682291671875 0.55 0.8760416671875 0.5638888890625
0 0.8010416671874999 0 0.7994791671875 0.0018518515625 0.7994791671875 0.0416666671875 0.8010416671874999 0.0425925921875 0.8010416671874999 0.047222221875 0.8135416671875 0.0666666671875 0.828125 0.0666666671875 0.8328125 0.055555556250000006 0.8328125 0.0231481484375 0.834375 0.022222221875 0.834375 0.0175925921875 0.8375 0.0111111109375 0.8375 0.0018518515625 0.834375 0 0.8010416671874999 0
0 0.040625 0.477777778125 0.0484375 0.46388888906250003 0.0484375 0.45648148125 0.05 0.45555555625000005 0.0484375 0.4379629625 0.0442708328125 0.43518518593750005 0.04375 0.43240740781250003 0.0260416671875 0.43240740781250003 0.0244791671875 0.43518518593750005 0.0244791671875 0.47222222187499996 0.0276041671875 0.477777778125 0.040625 0.477777778125
0 0.3010416671875 0.952777778125 0.3098958328125 0.95555555625 0.3104166671875 0.9583333328125001 0.31875 0.9583333328125001 0.3192708328125 0.95555555625 0.3265625 0.952777778125 0.33125 0.9416666671874999 0.33125 0.9129629625 0.3296875 0.9120370375 0.3296875 0.9074074078125 0.3234375 0.8990740734375 0.3072916671875 0.8990740734375 0.2994791671875 0.915740740625 0.2994791671875 0.9472222218749999 0.3010416671875 0.9481481484375 0.3010416671875 0.952777778125
0 0.9354166671874999 0.46666666718750005 0.95 0.46388888906250003 0.95625 0.45277777812500003 0.9546875 0.4379629625 0.953125 0.4370370375 0.9546875 0.4129629625 0.9515625 0.41018518593750003 0.9260416671874999 0.41018518593750003 0.9244791671874999 0.4129629625 0.9260416671874999 0.4611111109375 0.9348958328125001 0.46388888906250003 0.9354166671874999 0.46666666718750005
0 0.8260416671874999 0.20555555625 0.8302083328125001 0.20833333281250002 0.8307291671874999 0.21111111093749999 0.8395833328125001 0.2138888890625 0.8432291671875 0.222222221875 0.8546875 0.222222221875 0.8625 0.20833333281250002 0.8625 0.2009259265625 0.8640625 0.2 0.8640625 0.1898148140625 0.865625 0.1888888890625 0.8640625 0.16851851874999998 0.85625 0.15370370312499998 0.85625 0.1490740734375 0.8520833328125 0.146296296875 0.8515625 0.14351851875 0.8260416671874999 0.14351851875 0.8244791671874999 0.146296296875 0.8244791671874999 0.197222221875 0.8260416671874999 0.1981481484375 0.8260416671874999 0.20555555625
0 0.9197916671874999 0.577777778125 0.9255208328125001 0.58055555625 0.9276041671874999 0.5861111109375 0.9359375 0.5861111109375 0.9380208328125 0.58055555625 0.94375 0.577777778125 0.95 0.5583333328125 0.95 0.5509259265625001 0.953125 0.54444444375 0.953125 0.5351851859375001 0.9489583328125001 0.5351851859375001 0.9484375 0.5324074078125001 0.9213541671875 0.5324074078125001 0.9182291671874999 0.5379629625 0.9182291671874999 0.5722222218749999 0.9197916671874999 0.5731481484375001 0.9197916671874999 0.577777778125
0 0.5515625 0.5083333328124999 0.5567708328125 0.5 0.559375 0.5 0.565625 0.4888888890625 0.565625 0.47407407343749997 0.5640625 0.4731481484375 0.5625 0.46296296249999996 0.559375 0.4574074078125 0.5567708328125 0.4574074078125 0.55625 0.4546296296875 0.5385416671875001 0.4546296296875 0.5369791671875 0.4574074078125 0.5369791671875 0.5 0.5385416671875001 0.5009259265625 0.5401041671875 0.5083333328124999 0.5515625 0.5083333328124999
0 0.5796875 0.647222221875 0.5796875 0.6425925921875 0.58125 0.6416666671875 0.58125 0.6324074078125 0.5796875 0.63148148125 0.578125 0.61851851875 0.5734375 0.6101851859375 0.5541666671875001 0.6101851859375 0.5536458328125 0.6129629624999999 0.5510416671875 0.6129629624999999 0.5494791671875 0.615740740625 0.5494791671875 0.6416666671875 0.5572916671875 0.6555555562500001 0.575 0.6555555562500001 0.5796875 0.647222221875
0 0.3046875 0.74444444375 0.30520833281250004 0.7416666671875001 0.309375 0.7416666671875001 0.31302083281250004 0.7333333328125 0.315625 0.7333333328125 0.31875 0.7240740734375 0.315625 0.7185185187500001 0.3098958328125 0.715740740625 0.30625 0.70648148125 0.3078125 0.6796296296875 0.30520833281250004 0.6796296296875 0.3046875 0.6768518515624999 0.2947916671875 0.6768518515624999 0.2932291671875 0.6796296296875 0.2932291671875 0.73055555625 0.2979166671875 0.7416666671875001 0.3046875 0.74444444375
0 0.5125 0.997222221875 0.5145833328125 0.9888888890624999 0.5171875 0.9888888890624999 0.51875 0.9759259265625 0.5203125 0.975 0.5203125 0.9601851859374999 0.5140625 0.9490740734375 0.5052083328125 0.946296296875 0.5046875 0.94351851875 0.4838541671875 0.94351851875 0.48072916718750003 0.9490740734375 0.48072916718750003 0.9861111109375 0.48541666718750004 0.997222221875 0.509375 0.9990740734375001 0.5125 0.997222221875
0 0.2166666671875 0.5138888890625 0.22395833281250002 0.5166666671875 0.2260416671875 0.522222221875 0.2375 0.522222221875 0.240625 0.5166666671875 0.240625 0.490740740625 0.2375 0.48425925937500003 0.2375 0.4768518515625 0.2296875 0.465740740625 0.21510416718749997 0.465740740625 0.21197916718749998 0.471296296875 0.21197916718749998 0.5083333328124999 0.21614583281250002 0.5111111109375 0.2166666671875 0.5138888890625
0 0.18697916718750002 0.6074074078125 0.18697916718750002 0.63055555625 0.1963541671875 0.6416666671875 0.20208333281250002 0.6416666671875 0.2026041671875 0.64444444375 0.2109375 0.6416666671875 0.21875 0.627777778125 0.2203125 0.609259259375 0.2234375 0.6 0.2234375 0.590740740625 0.21614583281250002 0.590740740625 0.215625 0.5879629625 0.2130208328125 0.590740740625 0.1885416671875 0.5879629625 0.18697916718750002 0.590740740625 0.18697916718750002 0.602777778125 0.1885416671875 0.603703703125 0.18697916718750002 0.6074074078125
0 0.21979166718749998 0.2388888890625 0.22552083281250002 0.2388888890625 0.2260416671875 0.2416666671875 0.228125 0.2416666671875 0.2375 0.23055555625 0.2359375 0.21296296250000002 0.23125 0.20648148125 0.2296875 0.1990740734375 0.21354166718749998 0.1990740734375 0.21197916718749998 0.2018518515625 0.21197916718749998 0.23055555625 0.21354166718749998 0.23333333281250002 0.21770833281250002 0.23333333281250002 0.21979166718749998 0.2388888890625
0 0.5822916671875 0.527777778125 0.5854166671875001 0.5333333328125 0.5880208328125 0.5333333328125 0.5916666671875 0.5416666671875 0.5942708328124999 0.5416666671875 0.5947916671875 0.54444444375 0.6046875 0.54444444375 0.6052083328125 0.5416666671875 0.609375 0.5416666671875 0.6125 0.5361111109375 0.6125 0.5314814812499999 0.6140625 0.5305555562500001 0.6140625 0.5018518515625 0.6046875 0.4879629625 0.5838541671875 0.4879629625 0.5807291671875 0.49351851875 0.5807291671875 0.522222221875 0.5822916671875 0.5231481484375 0.5822916671875 0.527777778125
0 0.40729166718750004 0.502777778125 0.4171875 0.5083333328124999 0.41770833281249997 0.50555555625 0.4234375 0.50555555625 0.42552083281249997 0.5 0.428125 0.5 0.4296875 0.497222221875 0.4296875 0.471296296875 0.4265625 0.4601851859375 0.4234375 0.4546296296875 0.40729166718750004 0.4574074078125 0.40729166718750004 0.46481481406249997 0.4057291671875 0.465740740625 0.4057291671875 0.497222221875 0.40729166718750004 0.502777778125
0 0.46875 0.7333333328125 0.4692708328125 0.73055555625 0.471875 0.73055555625 0.475 0.725 0.475 0.7175925921874999 0.4765625 0.7166666671875 0.4765625 0.6824074078125 0.4734375 0.6768518515624999 0.4526041671875 0.6768518515624999 0.44947916718750003 0.6824074078125 0.44947916718750003 0.7166666671875 0.4604166671875 0.7333333328125 0.46875 0.7333333328125
0 0.1453125 0.9861111109375 0.1453125 0.9740740734375001 0.1390625 0.965740740625 0.1088541671875 0.965740740625 0.1057291671875 0.9712962968750001 0.1057291671875 0.997222221875 0.1390625 0.9990740734375001 0.1421875 0.997222221875 0.1453125 0.9861111109375
0 0.95625 0.51944444375 0.9583333328125001 0.5138888890625 0.9609375 0.5138888890625 0.9640625 0.5 0.9640625 0.4824074078125 0.953125 0.465740740625 0.9354166671874999 0.465740740625 0.9348958328125001 0.46851851875 0.9291666671875 0.46851851875 0.9260416671874999 0.47407407343749997 0.9260416671874999 0.48148148125 0.9244791671874999 0.4824074078125 0.9260416671874999 0.51944444375 0.95625 0.51944444375
0 0.7494791671875001 0.7481481484375 0.7473958328125 0.7546296296875 0.7453125 0.753703703125 0.7453125 0.7379629624999999 0.7385416671875 0.7379629624999999 0.7380208328125 0.740740740625 0.7322916671875 0.74351851875 0.7307291671875 0.746296296875 0.7307291671875 0.775 0.7385416671875 0.7888888890625 0.7427083328124999 0.7888888890625 0.7463541671875 0.79444444375 0.7546875 0.79444444375 0.7552083328125 0.7916666671875 0.7609375 0.7888888890625 0.7671875 0.775 0.7671875 0.7675925921875 0.76875 0.7666666671875 0.7671875 0.7379629624999999 0.765625 0.7351851859375 0.7572916671875001 0.7324074078125 0.7567708328125 0.7351851859375 0.7494791671875001 0.7379629624999999 0.7494791671875001 0.7481481484375
0 0.5885416671875 0.3083333328125 0.5984375 0.3111111109375 0.6015625 0.30555555624999997 0.6 0.2824074078125 0.596875 0.2768518515625 0.5885416671875 0.2768518515625 0.5869791671875 0.2796296296875 0.5869791671875 0.3 0.5885416671875 0.3009259265625 0.5885416671875 0.3083333328125
0 0.24322916718749998 0.8333333328125001 0.24479166718749998 0.8388888890624999 0.253125 0.8361111109375001 0.259375 0.825 0.2609375 0.8018518515625 0.2578125 0.7990740734374999 0.24479166718749998 0.7990740734374999 0.24322916718749998 0.8018518515625 0.24322916718749998 0.8333333328125001
0 0.5171875 0.025 0.5192708328125 0.019444443750000002 0.521875 0.019444443750000002 0.521875 0.0148148140625 0.525 0.0083333328125 0.525 0.004629629687499999 0.521875 0 0.49322916718750004 0.0018518515625 0.4947916671875 0.019444443750000002 0.4973958328125 0.019444443750000002 0.5026041671875 0.027777778125000003 0.5171875 0.025
0 0.6625 0.5 0.6625 0.4824074078125 0.659375 0.4768518515625 0.6510416671875 0.4768518515625 0.6494791671875 0.4796296296875 0.6494791671875 0.50555555625 0.6578125 0.5083333328124999 0.6625 0.5
0 0.9510416671874999 0.6416666671875 0.9536458328125 0.6416666671875 0.9557291671874999 0.647222221875 0.9583333328125001 0.647222221875 0.9635416671874999 0.6555555562500001 0.978125 0.6555555562500001 0.9786458328125001 0.652777778125 0.98125 0.652777778125 0.9921875 0.63055555625 0.9921875 0.6129629624999999 0.9859375 0.6018518515625 0.9817708328125001 0.6018518515625 0.98125 0.5990740734375 0.9697916671875 0.5990740734375 0.9692708328125 0.6018518515625 0.9619791671875 0.6018518515625 0.9583333328125001 0.6074074078125 0.9526041671875 0.6074074078125 0.9494791671874999 0.615740740625 0.9494791671874999 0.6333333328124999 0.9510416671874999 0.634259259375 0.9510416671874999 0.6416666671875
0 0.034375 0.19444444375 0.0328125 0.17962962968750001 0.0296875 0.1768518515625 0.0135416671875 0.1768518515625 0.0119791671875 0.17962962968750001 0.0119791671875 0.197222221875 0.0135416671875 0.2 0.0296875 0.20277777812500003 0.034375 0.19444444375
0 0.1 0.9925925921875001 0.10625 0.975 0.10625 0.9574074078124999 0.1046875 0.9546296296874999 0.0822916671875 0.9546296296874999 0.08072916718749999 0.9574074078124999 0.08072916718749999 0.997222221875 0.1 0.997222221875 0.1 0.9925925921875001
0 0.9546875 0.51944444375 0.95625 0.4824074078125 0.953125 0.4768518515625 0.9276041671874999 0.4768518515625 0.9244791671874999 0.4824074078125 0.9244791671874999 0.5166666671875 0.9276041671874999 0.522222221875 0.9515625 0.522222221875 0.9546875 0.51944444375
0 0.21197916718749998 0.83055555625 0.2234375 0.83055555625 0.2234375 0.8259259265625 0.2296875 0.8166666671874999 0.23125 0.8083333328125001 0.2296875 0.79351851875 0.225 0.7879629625 0.20729166718749997 0.7879629625 0.20572916718749998 0.790740740625 0.20572916718749998 0.8194444437499999 0.2114583328125 0.825 0.21197916718749998 0.83055555625
0 0.7984375 0.9666666671874999 0.7984375 0.9490740734375 0.7953125 0.9453703703125 0.79375 0.9351851859375 0.7760416671875 0.9324074078125 0.7744791671875 0.975 0.7760416671875 0.977777778125 0.7953125 0.975 0.7984375 0.9666666671874999
0 0.9510416671874999 0.577777778125 0.9578125 0.575 0.9625 0.5638888890625 0.9625 0.5490740734374999 0.959375 0.54351851875 0.9510416671874999 0.54351851875 0.9494791671874999 0.546296296875 0.9494791671874999 0.5722222218749999 0.9510416671874999 0.577777778125
0 0.8510416671875 0.284259259375 0.8510416671875 0.2888888890625 0.8557291671874999 0.29444444375 0.865625 0.29722222187499997 0.875 0.27777777812500004 0.8734375 0.24907407343750002 0.86875 0.24351851875000002 0.8557291671874999 0.24351851875000002 0.8552083328125001 0.246296296875 0.8510416671875 0.246296296875 0.8510416671875 0.2509259265625 0.8494791671874999 0.2518518515625 0.8494791671874999 0.2833333328125 0.8510416671875 0.284259259375
0 0.4010416671875 0.23518518593749999 0.3994791671875 0.2611111109375 0.40260416718750003 0.2666666671875 0.4140625 0.2666666671875 0.41875 0.2611111109375 0.42083333281249996 0.252777778125 0.4234375 0.252777778125 0.425 0.22685185156249998 0.421875 0.221296296875 0.4135416671875 0.221296296875 0.4088541671875 0.22685185156249998 0.40833333281249995 0.23240740781250002 0.4010416671875 0.23518518593749999
0 0.3984375 0.8611111109375 0.4 0.8379629625 0.396875 0.8324074078124999 0.3760416671875 0.8324074078124999 0.37447916718749996 0.8351851859374999 0.37447916718749996 0.8638888890624999 0.3760416671875 0.8666666671875 0.3890625 0.86944444375 0.3984375 0.8611111109375
0 0.6557291671875001 0.9888888890624999 0.6671875 0.9861111109375 0.671875 0.975 0.6703125 0.9490740734375 0.6671875 0.94351851875 0.6510416671875 0.94351851875 0.6494791671875 0.946296296875 0.6494791671875 0.98055555625 0.6510416671875 0.9861111109375 0.6557291671875001 0.9888888890624999