0 0.2421875 0.02256944375 0.244140625 0.0295138890625 0.2529296875 0.0416666671875 0.259765625 0.03993055625 0.259765625 0.015625 0.2548828125 0.006944443749999999 0.2490234375 0.006944443749999999 0.2421875 0.02256944375
0 0.3076171875 0.3263888890625 0.3037109375 0.3263888890625 0.2998046875 0.3298611109375 0.294921875 0.3420138890625 0.29296875 0.35590277812500004 0.3017578125 0.37152777812500004 0.3125 0.3697916671875 0.3125 0.359375 0.310546875 0.35590277812500004 0.3125 0.33506944375000003 0.3076171875 0.3263888890625
0 0.4853515625 0.9479166671874999 0.4892578125 0.9479166671874999 0.4921875 0.9392361109375 0.5 0.9288194437499999 0.4990234375 0.9201388890625 0.4873046875 0.909722221875 0.4765625 0.9114583328125001 0.478515625 0.9322916671874999 0.4716796875 0.934027778125 0.46875 0.949652778125 0.4736328125 0.9618055562500001 0.478515625 0.9600694437499999 0.48046875 0.956597221875 0.48046875 0.9427083328125001 0.4833984375 0.940972221875 0.4853515625 0.9479166671874999
0 0.1962890625 0.3854166671875 0.19140625 0.39409722187499996 0.19140625 0.4114583328125 0.1943359375 0.4166666671875 0.205078125 0.41493055625 0.208984375 0.4079861109375 0.208984375 0.39409722187499996 0.2041015625 0.3854166671875 0.1962890625 0.3854166671875
0 0.0458984375 0.25347222187499996 0.0439453125 0.25 0.0341796875 0.25 0.029296875 0.25868055624999997 0.025390625 0.2760416671875 0.0341796875 0.2951388890625 0.0400390625 0.2986111109375 0.056640625 0.296875 0.0625 0.2829861109375 0.0625 0.27256944375000003 0.0576171875 0.25694444375000003 0.0458984375 0.25347222187499996
0 0.3330078125 0.09375 0.3173828125 0.09375 0.3134765625 0.10069444375 0.3076171875 0.1041666671875 0.30078125 0.11631944375 0.298828125 0.12673611093749998 0.30078125 0.14756944375 0.3076171875 0.16319444375 0.3173828125 0.17013888906250002 0.32421875 0.16840277812499999 0.3349609375 0.15972222187500001 0.341796875 0.14409722187500001 0.341796875 0.112847221875 0.3330078125 0.09375
0 0.833984375 0.0017361109374999999 0.8408203125 0.0173611109375 0.8486328125 0.02430555625 0.865234375 0.02256944375 0.8720703125 0.0208333328125 0.876953125 0.012152778125 0.8759765625 0 0.833984375 0.0017361109374999999
0 0.177734375 0.012152778125 0.1796875 0.02256944375 0.1826171875 0.027777778125000003 0.1875 0.0260416671875 0.189453125 0.02256944375 0.189453125 0.0017361109374999999 0.1787109375 0 0.177734375 0.012152778125
0 0.09375 0.26909722187499996 0.0908203125 0.2638888890625 0.0791015625 0.2604166671875 0.0771484375 0.25694444375000003 0.0673828125 0.2604166671875 0.0625 0.27256944375000003 0.0625 0.2864583328125 0.06640625 0.296875 0.0751953125 0.30902777812500004 0.0859375 0.3072916671875 0.0927734375 0.3020833328125 0.095703125 0.29340277812500004 0.095703125 0.2760416671875 0.09375 0.26909722187499996
0 0.18359375 0.2864583328125 0.1865234375 0.2916666671875 0.1953125 0.28993055624999997 0.197265625 0.27256944375000003 0.1904296875 0.2638888890625 0.18359375 0.2760416671875 0.18359375 0.2864583328125
0 0.474609375 0.0607638890625 0.4775390625 0.06944444375 0.4853515625 0.06944444375 0.4931640625 0.07638888906249999 0.498046875 0.074652778125 0.505859375 0.06423611093750001 0.4990234375 0.0486111109375 0.4873046875 0.0486111109375 0.474609375 0.0607638890625
0 0.8935546875 0.8125 0.8818359375 0.8125 0.8779296875 0.815972221875 0.87109375 0.828125 0.87109375 0.8454861109375 0.873046875 0.8524305562500001 0.8837890625 0.8680555562500001 0.8984375 0.8697916671874999 0.904296875 0.859375 0.908203125 0.8420138890625 0.90625 0.824652778125 0.8935546875 0.8125
0 0.20703125 0.831597221875 0.2001953125 0.8229166671874999 0.1943359375 0.8263888890625 0.189453125 0.8350694437499999 0.185546875 0.8524305562500001 0.185546875 0.8975694437499999 0.1923828125 0.90625 0.19921875 0.9045138890625 0.203125 0.894097221875 0.203125 0.859375 0.20703125 0.8420138890625 0.20703125 0.831597221875
0 0.5712890625 0.1354166671875 0.5703125 0.1510416671875 0.572265625 0.15798611093749998 0.5751953125 0.16319444375 0.583984375 0.1614583328125 0.59375 0.14756944375 0.59375 0.140625 0.5810546875 0.13194444375 0.5712890625 0.1354166671875
0 0.5537109375 0.6354166671875 0.5439453125 0.6319444437499999 0.541015625 0.637152778125 0.541015625 0.6614583328125 0.5498046875 0.6736111109375 0.5546875 0.671875 0.5546875 0.6649305562500001 0.55859375 0.6579861109375 0.55859375 0.6475694437499999 0.5537109375 0.6354166671875
0 0.466796875 0.5364583328125 0.46484375 0.5260416671875 0.4765625 0.5260416671875 0.4765625 0.512152778125 0.46875 0.5017361109375 0.4638671875 0.4861111109375 0.4580078125 0.4895833328125 0.453125 0.4982638890625 0.451171875 0.5086805562500001 0.4462890625 0.5104166671875 0.4375 0.5295138890625 0.443359375 0.546875 0.4541015625 0.565972221875 0.458984375 0.5642361109375 0.4619140625 0.5625 0.46484375 0.5538194437499999 0.46484375 0.5399305562500001 0.466796875 0.5364583328125
0 0.0751953125 0.14236111093749998 0.072265625 0.14756944375 0.0703125 0.1614583328125 0.0732421875 0.1666666671875 0.0751953125 0.16319444375 0.08984375 0.16493055625 0.08984375 0.15798611093749998 0.083984375 0.14756944375 0.0849609375 0.14236111093749998 0.0751953125 0.14236111093749998
0 0.1669921875 0.40972222187499996 0.1708984375 0.41319444375 0.1796875 0.4114583328125 0.181640625 0.4045138890625 0.1748046875 0.3888888890625 0.166015625 0.39409722187499996 0.1669921875 0.40972222187499996