0 0.7609375 0.2609375 0.0203125 0.02890625
0 0.39453125 0.2953125 0.034375 0.04453125
0 0.87109375 0.21796875 0.0203125 0.0265625
0 0.81640625 0.740625 0.0375 0.0484375
0 0.85703125 0.36796875 0.02421875 0.0359375
0 0.4328125 0.97578125 0.02734375 0.046875
0 0.715625 0.4421875 0.01640625 0.025
0 0.8857421875 0.46527777812500004 0.8759765625 0.46527777812500004 0.8681640625 0.4826388890625 0.8662109375 0.4791666671875 0.8603515625 0.4826388890625 0.85546875 0.4982638890625 0.859375 0.515625 0.8681640625 0.527777778125 0.8720703125 0.53125 0.8828125 0.5295138890625 0.890625 0.5225694437499999 0.89453125 0.48784722187499996 0.892578125 0.47743055625 0.8857421875 0.46527777812500004
0 0.8125 0.5607638890625 0.8056640625 0.5486111109375 0.8017578125 0.5486111109375 0.7958984375 0.5555555562500001 0.7861328125 0.5555555562500001 0.78515625 0.578125 0.78125 0.5920138890625 0.783203125 0.605902778125 0.7880859375 0.6145833328125 0.7919921875 0.6180555562500001 0.80078125 0.6163194437499999 0.8076171875 0.6111111109375 0.814453125 0.5989583328125 0.814453125 0.5711805562500001 0.8125 0.5607638890625
0 0.0927734375 0.3020833328125 0.0849609375 0.30555555624999997 0.08203125 0.29340277812500004 0.08203125 0.2829861109375 0.0791015625 0.27777777812500004 0.0751953125 0.27777777812500004 0.072265625 0.2864583328125 0.072265625 0.3107638890625 0.076171875 0.33159722187499996 0.0849609375 0.34375 0.0908203125 0.34722222187499996 0.099609375 0.3454861109375 0.103515625 0.3420138890625 0.103515625 0.29340277812500004 0.1005859375 0.28819444375000003 0.0927734375 0.3020833328125
0 0.328125 0.3385416671875 0.326171875 0.33159722187499996 0.3173828125 0.31944444375000003 0.3154296875 0.3229166671875 0.2978515625 0.31944444375000003 0.291015625 0.33159722187499996 0.291015625 0.3454861109375 0.296875 0.36631944375000003 0.3037109375 0.37847222187499996 0.3076171875 0.38194444375000003 0.314453125 0.3802083328125 0.318359375 0.3767361109375 0.318359375 0.359375 0.328125 0.3489583328125 0.328125 0.3385416671875
0 0.78515625 0.5607638890625 0.7744140625 0.5451388890625 0.7587890625 0.5416666671875 0.748046875 0.5538194437499999 0.748046875 0.5920138890625 0.7548828125 0.6076388890625 0.7607421875 0.6111111109375 0.765625 0.609375 0.7724609375 0.6076388890625 0.78125 0.5920138890625 0.78515625 0.578125 0.78515625 0.5607638890625
0 0.9267578125 0.6423611109375 0.9169921875 0.6319444437499999 0.9033203125 0.6319444437499999 0.8984375 0.640625 0.896484375 0.6545138890625 0.900390625 0.6649305562500001 0.900390625 0.6788194437499999 0.904296875 0.6961805562500001 0.9072265625 0.7013888890625 0.927734375 0.699652778125 0.939453125 0.675347221875 0.939453125 0.6510416671875 0.9375 0.644097221875 0.9267578125 0.6423611109375
0 0.5556640625 0.1979166671875 0.5458984375 0.19097222187500001 0.52734375 0.21006944375 0.529296875 0.234375 0.5361328125 0.2604166671875 0.5546875 0.25868055624999997 0.560546875 0.2517361109375 0.564453125 0.237847221875 0.564453125 0.22048611093749998 0.5556640625 0.1979166671875
0 0.5869140625 0.19444444375 0.5751953125 0.19444444375 0.56640625 0.206597221875 0.564453125 0.230902778125 0.568359375 0.24479166718749998 0.5771484375 0.25694444375000003 0.587890625 0.2552083328125 0.595703125 0.24826388906250002 0.599609375 0.234375 0.599609375 0.21354166718749998 0.5869140625 0.19444444375
0 0.1611328125 0.4166666671875 0.1396484375 0.41319444375 0.1328125 0.421875 0.1328125 0.45659722187499996 0.1396484375 0.47222222187499996 0.15234375 0.4704861109375 0.1640625 0.453125 0.166015625 0.44618055625 0.166015625 0.42534722187499996 0.1611328125 0.4166666671875
0 0.1953125 0.5260416671875 0.1953125 0.5086805562500001 0.1923828125 0.503472221875 0.1845703125 0.503472221875 0.1787109375 0.49652777812500004 0.1650390625 0.49652777812500004 0.1611328125 0.5 0.158203125 0.5086805562500001 0.158203125 0.5329861109375 0.1728515625 0.5625 0.1796875 0.5607638890625 0.1826171875 0.5555555562500001 0.19140625 0.550347221875 0.193359375 0.5295138890625 0.1953125 0.5260416671875
0 0.90234375 0.671875 0.8984375 0.6545138890625 0.8935546875 0.6493055562500001 0.8798828125 0.652777778125 0.87109375 0.668402778125 0.87109375 0.6857638890625 0.876953125 0.7135416671875 0.8798828125 0.71875 0.90234375 0.7170138890625 0.90625 0.706597221875 0.90625 0.6961805562500001 0.90234375 0.6857638890625 0.90234375 0.671875
0 0.6259765625 0.7326388890625 0.6142578125 0.7291666671875 0.607421875 0.7447916671875 0.603515625 0.7795138890625 0.60546875 0.7864583328125 0.6123046875 0.7951388890625 0.626953125 0.793402778125 0.6318359375 0.7916666671875 0.634765625 0.7829861109375 0.634765625 0.762152778125 0.6259765625 0.7326388890625
0 0.833984375 0.24131944375 0.8271484375 0.23263888906250002 0.8154296875 0.23263888906250002 0.8056640625 0.23958333281250002 0.80078125 0.24826388906250002 0.798828125 0.25868055624999997 0.80859375 0.27256944375000003 0.80078125 0.2795138890625 0.802734375 0.28993055624999997 0.8115234375 0.3020833328125 0.8154296875 0.30555555624999997 0.818359375 0.30381944375000003 0.8330078125 0.2951388890625 0.837890625 0.27256944375000003 0.8359375 0.24826388906250002 0.833984375 0.24131944375
0 0.5546875 0.644097221875 0.5478515625 0.628472221875 0.5341796875 0.625 0.5234375 0.644097221875 0.51953125 0.675347221875 0.5283203125 0.6875 0.541015625 0.6857638890625 0.5478515625 0.684027778125 0.552734375 0.675347221875 0.5546875 0.668402778125 0.5546875 0.644097221875
0 0.0947265625 0.06944444375 0.0771484375 0.06944444375 0.068359375 0.081597221875 0.068359375 0.105902778125 0.0791015625 0.13194444375 0.091796875 0.13715277812499999 0.0966796875 0.1354166671875 0.10546875 0.11631944375 0.107421875 0.09548611093750001 0.0947265625 0.06944444375
0 0.5654296875 0.909722221875 0.556640625 0.9288194437499999 0.552734375 0.9461805562500001 0.5546875 0.9704861109375 0.556640625 0.980902778125 0.5654296875 0.9895833328125001 0.578125 0.987847221875 0.5859375 0.9704861109375 0.583984375 0.9288194437499999 0.5712890625 0.909722221875 0.5654296875 0.909722221875
0 0.4541015625 0.6701388890625 0.4482421875 0.6631944437499999 0.4384765625 0.6701388890625 0.4306640625 0.6701388890625 0.427734375 0.675347221875 0.431640625 0.699652778125 0.4365234375 0.7083333328125 0.4443359375 0.7083333328125 0.4462890625 0.7118055562500001 0.453125 0.7100694437499999 0.46484375 0.6961805562500001 0.466796875 0.6788194437499999 0.4638671875 0.6736111109375 0.4541015625 0.6701388890625
0 0.1767578125 0.121527778125 0.1708984375 0.121527778125 0.16015625 0.13368055625 0.158203125 0.140625 0.158203125 0.1614583328125 0.1630859375 0.17013888906250002 0.1689453125 0.17361111093749998 0.189453125 0.171875 0.193359375 0.1510416671875 0.1923828125 0.13888888906250002 0.1865234375 0.1354166671875 0.1767578125 0.121527778125
0 0.517578125 0.8072916671874999 0.515625 0.7899305562500001 0.5126953125 0.78125 0.5009765625 0.784722221875 0.4912109375 0.7743055562500001 0.474609375 0.800347221875 0.474609375 0.8177083328125001 0.4814453125 0.840277778125 0.4892578125 0.847222221875 0.501953125 0.8454861109375 0.51171875 0.831597221875 0.51171875 0.824652778125 0.515625 0.8177083328125001 0.517578125 0.8072916671874999
0 0.388671875 0.4739583328125 0.388671875 0.4635416671875 0.3837890625 0.4479166671875 0.3740234375 0.4513888890625 0.37109375 0.45659722187499996 0.37109375 0.4635416671875 0.376953125 0.48090277812500004 0.37890625 0.4982638890625 0.3818359375 0.503472221875 0.3984375 0.5017361109375 0.40625 0.484375 0.4033203125 0.4791666671875 0.3955078125 0.4861111109375 0.388671875 0.4739583328125
0 1 0.5260416671875 0.9833984375 0.5243055562500001 0.9755859375 0.53125 0.974609375 0.546875 0.978515625 0.5607638890625 0.978515625 0.5850694437499999 1 0.5850694437499999 1 0.5260416671875
0 0.431640625 0.605902778125 0.4228515625 0.59375 0.4091796875 0.59375 0.4013671875 0.6006944437499999 0.396484375 0.612847221875 0.396484375 0.6232638890625 0.39453125 0.6267361109375 0.39453125 0.6336805562500001 0.3974609375 0.6388888890625 0.400390625 0.637152778125 0.4091796875 0.6354166671875 0.4111328125 0.6319444437499999 0.4306640625 0.6319444437499999 0.431640625 0.605902778125
0 0.1630859375 0.30555555624999997 0.1513671875 0.30902777812500004 0.1484375 0.328125 0.1572265625 0.33680555624999997 0.162109375 0.3454861109375 0.1630859375 0.3541666671875 0.16796875 0.35590277812500004 0.171875 0.3489583328125 0.171875 0.32465277812500004 0.169921875 0.3177083328125 0.1630859375 0.30555555624999997
0 0.4306640625 0.96875 0.4267578125 0.96875 0.419921875 0.987847221875 0.419921875 0.9982638890625 0.439453125 0.9982638890625 0.439453125 0.9913194437499999 0.435546875 0.984375 0.43359375 0.9739583328125001 0.4306640625 0.96875
0 0.4521484375 0.940972221875 0.44921875 0.949652778125 0.44921875 0.9670138890625 0.451171875 0.9704861109375 0.453125 0.9913194437499999 0.45703125 0.9913194437499999 0.462890625 0.9739583328125001 0.462890625 0.949652778125 0.4560546875 0.940972221875 0.4521484375 0.940972221875
0 0.173828125 0.925347221875 0.1650390625 0.9131944437499999 0.1611328125 0.9131944437499999 0.1572265625 0.9201388890625 0.1455078125 0.9201388890625 0.140625 0.9288194437499999 0.140625 0.9635416671874999 0.1474609375 0.972222221875 0.1533203125 0.9756944437499999 0.158203125 0.9739583328125001 0.1650390625 0.972222221875 0.169921875 0.9635416671874999 0.173828125 0.9427083328125001 0.173828125 0.925347221875
0 0.5634765625 0.4201388890625 0.5625 0.42534722187499996 0.568359375 0.44618055625 0.5712890625 0.4513888890625 0.572265625 0.44965277812500004 0.57421875 0.4427083328125 0.57421875 0.42534722187499996 0.5712890625 0.4201388890625 0.5634765625 0.4201388890625
0 0.5478515625 0.43055555625 0.544921875 0.4357638890625 0.544921875 0.4427083328125 0.55078125 0.46006944375 0.55078125 0.4704861109375 0.5556640625 0.47569444375 0.564453125 0.4739583328125 0.568359375 0.4670138890625 0.568359375 0.46006944375 0.5576171875 0.44097222187499996 0.5478515625 0.43055555625
0 0.1962890625 0.9513888890625 0.193359375 0.9600694437499999 0.1953125 0.980902778125 0.2021484375 0.996527778125 0.205078125 0.9947916671874999 0.21484375 0.980902778125 0.21484375 0.9427083328125001 0.2119140625 0.9375 0.1962890625 0.9513888890625
0 0.0771484375 0.6111111109375 0.07421875 0.6163194437499999 0.07421875 0.637152778125 0.068359375 0.6510416671875 0.0712890625 0.65625 0.0791015625 0.65625 0.0869140625 0.6631944437499999 0.09375 0.6614583328125 0.09765625 0.6545138890625 0.09765625 0.6336805562500001 0.0888671875 0.6145833328125 0.0771484375 0.6111111109375
0 0.0654296875 0.25347222187499996 0.0576171875 0.25347222187499996 0.0546875 0.2864583328125 0.0458984375 0.2916666671875 0.04296875 0.296875 0.04296875 0.3072916671875 0.0517578125 0.31944444375000003 0.064453125 0.3177083328125 0.0703125 0.3107638890625 0.072265625 0.30034722187499996 0.072265625 0.2760416671875 0.0654296875 0.25347222187499996
0 0.92578125 0.234375 0.927734375 0.2517361109375 0.9306640625 0.25694444375000003 0.943359375 0.2552083328125 0.94921875 0.24826388906250002 0.9423828125 0.22916666718749998 0.9306640625 0.22569444375 0.92578125 0.234375
0 0.12890625 0.6614583328125 0.12890625 0.6510416671875 0.1201171875 0.621527778125 0.1123046875 0.621527778125 0.09765625 0.6475694437499999 0.09765625 0.6579861109375 0.1044921875 0.6666666671875 0.107421875 0.6649305562500001 0.1142578125 0.659722221875 0.1201171875 0.659722221875 0.1220703125 0.6631944437499999 0.12890625 0.6614583328125
0 0.517578125 0.8350694437499999 0.5146484375 0.8298611109375 0.5107421875 0.8298611109375 0.509765625 0.8350694437499999 0.5029296875 0.84375 0.4931640625 0.847222221875 0.486328125 0.862847221875 0.486328125 0.8697916671874999 0.4892578125 0.875 0.49609375 0.8732638890625 0.5087890625 0.871527778125 0.513671875 0.8663194437499999 0.517578125 0.855902778125 0.517578125 0.8350694437499999
0 0.0283203125 0.9131944437499999 0.0185546875 0.9131944437499999 0.0087890625 0.9201388890625 0.0009765625 0.9201388890625 0 0.9739583328125001 0.0048828125 0.9791666671874999 0.0078125 0.9774305562500001 0.0283203125 0.9756944437499999 0.0390625 0.956597221875 0.041015625 0.925347221875 0.0283203125 0.9131944437499999
0 0.404296875 0.2760416671875 0.404296875 0.27256944375000003 0.41015625 0.265625 0.41015625 0.2552083328125 0.4072265625 0.25 0.3876953125 0.25 0.3837890625 0.25347222187499996 0.380859375 0.25868055624999997 0.380859375 0.30034722187499996 0.3857421875 0.30902777812500004 0.40234375 0.3072916671875 0.4072265625 0.30555555624999997 0.412109375 0.296875 0.412109375 0.2829861109375 0.404296875 0.2760416671875
0 0.1318359375 0.2673611109375 0.1201171875 0.2673611109375 0.115234375 0.2760416671875 0.1171875 0.2864583328125 0.1220703125 0.2951388890625 0.1259765625 0.2986111109375 0.1357421875 0.2986111109375 0.1376953125 0.3020833328125 0.142578125 0.30034722187499996 0.14453125 0.296875 0.14453125 0.2829861109375 0.1416015625 0.27430555624999997 0.1318359375 0.2673611109375
0 0.4384765625 0.5451388890625 0.4296875 0.550347221875 0.4296875 0.5572916671875 0.4326171875 0.5625 0.4384765625 0.5625 0.4462890625 0.5798611109375 0.455078125 0.578125 0.45703125 0.574652778125 0.455078125 0.5642361109375 0.4423828125 0.5381944437499999 0.4384765625 0.5451388890625
0 0.5185546875 0.6076388890625 0.50390625 0.6197916671875 0.501953125 0.6336805562500001 0.5068359375 0.6458333328125 0.5146484375 0.6423611109375 0.5205078125 0.6493055562500001 0.5234375 0.6475694437499999 0.533203125 0.6267361109375 0.5283203125 0.6145833328125 0.5244140625 0.6145833328125 0.5185546875 0.6076388890625
0 0.138671875 0.3697916671875 0.1357421875 0.3611111109375 0.1318359375 0.3611111109375 0.1220703125 0.37847222187499996 0.1162109375 0.375 0.111328125 0.3767361109375 0.111328125 0.4114583328125 0.1142578125 0.4166666671875 0.119140625 0.41493055625 0.1220703125 0.41319444375 0.1328125 0.390625 0.1328125 0.38368055624999997 0.138671875 0.3697916671875
0 0.4931640625 0.2708333328125 0.4814453125 0.2708333328125 0.478515625 0.2760416671875 0.478515625 0.2864583328125 0.4873046875 0.2986111109375 0.48828125 0.296875 0.494140625 0.28993055624999997 0.494140625 0.2795138890625 0.49609375 0.2760416671875 0.4931640625 0.2708333328125
0 0.3525390625 0.30902777812500004 0.3505859375 0.3125 0.3447265625 0.3125 0.341796875 0.3177083328125 0.3427734375 0.3298611109375 0.3505859375 0.33680555624999997 0.361328125 0.33506944375000003 0.3642578125 0.3333333328125 0.3671875 0.32465277812500004 0.3603515625 0.3125 0.3525390625 0.30902777812500004
0 0.4111328125 0.27777777812500004 0.404296875 0.2760416671875 0.404296875 0.27256944375000003 0.41015625 0.265625 0.41015625 0.2552083328125 0.4072265625 0.25 0.3876953125 0.25 0.380859375 0.25868055624999997 0.380859375 0.30381944375000003 0.3857421875 0.3125 0.3916015625 0.31597222187499996 0.3984375 0.3142361109375 0.4072265625 0.30902777812500004 0.4140625 0.29340277812500004 0.4140625 0.2829861109375 0.4111328125 0.27777777812500004
0 0.1455078125 0.097222221875 0.1328125 0.1232638890625 0.134765625 0.1302083328125 0.1396484375 0.1354166671875 0.1455078125 0.13888888906250002 0.154296875 0.13715277812499999 0.16015625 0.1302083328125 0.162109375 0.112847221875 0.1533203125 0.097222221875 0.1455078125 0.097222221875
0 0.7509765625 0.7951388890625 0.74609375 0.8072916671874999 0.74609375 0.8177083328125001 0.7529296875 0.8263888890625 0.755859375 0.824652778125 0.7626953125 0.8194444437499999 0.767578125 0.8072916671874999 0.7587890625 0.7951388890625 0.7509765625 0.7951388890625
0 0.5888671875 0.9513888890625 0.5859375 0.956597221875 0.583984375 0.9739583328125001 0.5908203125 1 0.619140625 0.9982638890625 0.603515625 0.9774305562500001 0.599609375 0.9600694437499999 0.5947265625 0.9513888890625 0.5888671875 0.9513888890625
0 0.5244140625 0.6145833328125 0.5185546875 0.6076388890625 0.50390625 0.6197916671875 0.501953125 0.6336805562500001 0.5068359375 0.6458333328125 0.5146484375 0.6423611109375 0.5205078125 0.6493055562500001 0.5234375 0.6475694437499999 0.53125 0.6302083328125 0.53125 0.6197916671875 0.5283203125 0.6145833328125 0.5244140625 0.6145833328125
0 0.1376953125 0.18402777812499999 0.134765625 0.18923611093749998 0.134765625 0.19965277812499999 0.1298828125 0.20833333281250002 0.123046875 0.21354166718749998 0.123046875 0.22743055625 0.1337890625 0.24305555625 0.150390625 0.24131944375 0.16015625 0.22743055625 0.158203125 0.19965277812499999 0.1474609375 0.18402777812499999 0.1376953125 0.18402777812499999
0 0.4365234375 0.2673611109375 0.4267578125 0.2638888890625 0.4189453125 0.2708333328125 0.4140625 0.2795138890625 0.412109375 0.28993055624999997 0.4150390625 0.2986111109375 0.4296875 0.3072916671875 0.4404296875 0.2986111109375 0.4453125 0.2864583328125 0.4453125 0.2795138890625 0.4365234375 0.2673611109375
0 0.8837890625 0.7256944437499999 0.87890625 0.734375 0.880859375 0.7517361109375 0.8857421875 0.7569444437499999 0.892578125 0.7552083328125 0.8984375 0.7482638890625 0.8984375 0.737847221875 0.8896484375 0.7256944437499999 0.8837890625 0.7256944437499999
0 0.482421875 0.24479166718749998 0.482421875 0.24826388906250002 0.4892578125 0.25694444375000003 0.49609375 0.2552083328125 0.49609375 0.24826388906250002 0.4912109375 0.23958333281250002 0.4853515625 0.23958333281250002 0.482421875 0.24479166718749998
0 0.478515625 0.2760416671875 0.4794921875 0.28819444375000003 0.4853515625 0.2951388890625 0.4921875 0.29340277812500004 0.49609375 0.2760416671875 0.4931640625 0.2708333328125 0.4833984375 0.2708333328125 0.478515625 0.2760416671875
0 0.353515625 0.4392361109375 0.3642578125 0.4548611109375 0.369140625 0.453125 0.3671875 0.421875 0.3544921875 0.4201388890625 0.3515625 0.42881944375 0.353515625 0.4392361109375