0 0.253125 0.08046875 0.04140625 0.05703125
0 0.3171875 0.06953125 0.034375 0.065625
0 0.33515625 0.165625 0.03359375 0.0625
0 0.20625 0.3953125 0.03359375 0.06875
0 0.5046875 0.15546875 0.0359375 0.0640625
0 0.540625 0.1359375 0.034375 0.07265625
0 0.44375 0.92890625 0.0609375 0.10390625
0 0.76328125 0.63046875 0.03515625 0.065625
0 0.7625 0.49375 0.04140625 0.07578125
0 0.37109375 0.83515625 0.03515625 0.06875
0 0.321875 0.5046875 0.0328125 0.06796875
0 0.37578125 0.53828125 0.034375 0.06015625
0 0.15234375 0.3921875 0.0359375 0.07109375
0 0.18671875 0.515625 0.03359375 0.05390625
0 0.21796875 0.49140625 0.0359375 0.0671875
0 0.5453125 0.96015625 0.0421875 0.078125
0 0.72421875 0.1296875 0.03671875 0.065625
0 0.18984375 0.86953125 0.03671875 0.065625
0 0.28984375 0.875 0.02734375 0.046875
0 0.01015625 0.37421875 0.0203125 0.0671875
0 0.00703125 0.4375 0.0140625 0.059375
0 0.13046875 0.4171875 0.02734375 0.05390625
0 0.590625 0.9453125 0.03515625 0.06328125
0 0.890625 0.684375 0.0359375 0.05625
0 0.4875 0.38984375 0.034375 0.07265625
0 0.80703125 0.3125 0.0375 0.04921875
0 0.5703125 0.46171875 0.02734375 0.05546875