0 0.47447916718750005 0.4861111109375 0.47864583281249995 0.4888888890625 0.48229166718750005 0.5 0.48645833281249995 0.5 0.49010416718750005 0.50555555625 0.4984375 0.50555555625 0.49895833281249996 0.502777778125 0.5046875 0.5 0.5125 0.4861111109375 0.5109375 0.46851851875 0.509375 0.4675925921875 0.509375 0.46296296249999996 0.50625 0.45648148125 0.5046875 0.43518518593750005 0.5020833328125 0.43518518593750005 0.5015625 0.43240740781250003 0.48229166718750005 0.43240740781250003 0.4817708328125 0.43518518593750005 0.4791666671875 0.43518518593750005 0.47447916718750005 0.44629629687500005 0.47447916718750005 0.4861111109375
0 0.8140625 0.1416666671875 0.81875 0.13333333281249998 0.81875 0.12592592656249998 0.8234375 0.11944444375 0.8234375 0.109259259375 0.825 0.10833333281249999 0.8234375 0.09351851875 0.81875 0.08796296249999999 0.7885416671875001 0.08796296249999999 0.7869791671875 0.09074074062500001 0.7885416671875001 0.1416666671875 0.7916666671875 0.14444444375 0.8140625 0.1416666671875
0 0.43072916718750004 0.8 0.4322916671875 0.8009259265625 0.4322916671875 0.8083333328125001 0.4348958328125 0.8083333328125001 0.43541666718750005 0.8111111109375001 0.45625 0.8138888890624999 0.45677083281249997 0.8111111109375001 0.4609375 0.8111111109375001 0.46875 0.797222221875 0.4703125 0.7546296296875 0.46875 0.753703703125 0.46875 0.746296296875 0.459375 0.7351851859375 0.44895833281249997 0.7351851859375 0.4484375 0.7324074078125 0.4447916671875 0.7324074078125 0.44427083281249996 0.7351851859375 0.4401041671875 0.7351851859375 0.43072916718750004 0.7546296296875 0.43072916718750004 0.8
0 0.8739583328125 0.8 0.8776041671874999 0.8083333328125001 0.8921875 0.8083333328125001 0.8927083328125001 0.8055555562500001 0.896875 0.8055555562500001 0.8973958328125 0.8027777781250001 0.903125 0.8 0.90625 0.79444444375 0.9078125 0.7759259265625 0.909375 0.775 0.9078125 0.7574074078125 0.90625 0.75648148125 0.90625 0.746296296875 0.8984375 0.7324074078125 0.8713541671874999 0.7324074078125 0.8682291671875 0.7379629624999999 0.8682291671875 0.79444444375 0.8713541671874999 0.8 0.8739583328125 0.8
0 0.5645833328125 0.777777778125 0.5651041671875 0.7805555562500001 0.575 0.7805555562500001 0.58125 0.76944444375 0.58125 0.7620370375000001 0.5859375 0.75 0.584375 0.7240740734375 0.5572916671875 0.7212962968750001 0.5557291671875 0.7240740734375 0.5557291671875 0.772222221875 0.5588541671875 0.777777778125 0.5645833328125 0.777777778125
0 0.4447916671875 0.41111111093749997 0.4609375 0.41111111093749997 0.46875 0.397222221875 0.4703125 0.3759259265625 0.471875 0.375 0.4703125 0.36296296250000004 0.46875 0.3620370375 0.46875 0.3518518515625 0.4671875 0.3509259265625 0.4671875 0.34629629687499996 0.46458333281249997 0.34629629687499996 0.4640625 0.34351851875 0.4447916671875 0.34351851875 0.44427083281249996 0.34629629687499996 0.4401041671875 0.34629629687499996 0.43854166718750004 0.353703703125 0.4369791671875 0.3546296296875 0.4369791671875 0.397222221875 0.4447916671875 0.41111111093749997
0 0.9994791671875 0.5861111109375 0.9994791671875 0.5101851859375001 0.9760416671875 0.5101851859375001 0.9760416671875 0.575 0.9848958328125 0.58055555625 0.9869791671874999 0.5861111109375 0.9994791671875 0.5861111109375
0 0.6161458328125 0.46944444374999994 0.6197916671875 0.477777778125 0.6453125 0.477777778125 0.6484375 0.475 0.65 0.4620370375 0.653125 0.45555555625000005 0.653125 0.44629629687500005 0.65 0.44259259218749997 0.65 0.4379629625 0.6453125 0.43240740781250003 0.6286458328125 0.4268518515625 0.6234375 0.41018518593750003 0.6135416671875 0.41018518593750003 0.6119791671875 0.4129629625 0.6119791671875 0.46388888906250003 0.6135416671875 0.46944444374999994 0.6161458328125 0.46944444374999994
0 0.475 0.8638888890624999 0.475 0.8351851859374999 0.4734375 0.8324074078124999 0.4447916671875 0.8324074078124999 0.44322916718750005 0.8351851859374999 0.44322916718750005 0.86944444375 0.4447916671875 0.875 0.465625 0.877777778125 0.475 0.8638888890624999
0 0.5322916671875 0.0638888890625 0.5401041671875 0.06944444375 0.5484375 0.06944444375 0.553125 0.061111110937500004 0.5515625 0.0259259265625 0.55625 0.022222221875 0.5578125 0.015740740625 0.5546875 0.0101851859375 0.5338541671875 0.0101851859375 0.5307291671875001 0.015740740625 0.5307291671875001 0.055555556250000006 0.5322916671875 0.05648148125 0.5322916671875 0.0638888890625
0 0.8119791671875 0.597222221875 0.8135416671875 0.5981481484375 0.8135416671875 0.60555555625 0.8213541671875 0.61944444375 0.8302083328125001 0.625 0.8322916671874999 0.63055555625 0.840625 0.63055555625 0.8427083328125 0.625 0.8484375 0.622222221875 0.8484375 0.6175925921875 0.8515625 0.6111111109375 0.8515625 0.603703703125 0.8546875 0.6 0.8546875 0.5796296296875 0.85 0.5731481484375001 0.85 0.565740740625 0.8421875 0.5546296296875 0.8197916671875 0.5546296296875 0.8192708328125 0.5574074078125 0.8166666671874999 0.5574074078125 0.8135416671875 0.5629629625 0.8135416671875 0.5675925921875 0.8119791671875 0.56851851875 0.8119791671875 0.597222221875
0 0.0822916671875 0.9333333328125001 0.0848958328125 0.9333333328125001 0.08854166718749999 0.9416666671874999 0.09427083281250001 0.9416666671874999 0.0947916671875 0.9444444437499999 0.109375 0.9416666671874999 0.1130208328125 0.9333333328125001 0.115625 0.9333333328125001 0.1203125 0.925 0.1208333328125 0.91944444375 0.1234375 0.91944444375 0.125 0.8796296296874999 0.1171875 0.865740740625 0.08854166718749999 0.865740740625 0.0880208328125 0.86851851875 0.08541666718749999 0.86851851875 0.08072916718749999 0.8796296296874999 0.08072916718749999 0.9277777781250001 0.0822916671875 0.928703703125 0.0822916671875 0.9333333328125001
0 0.6484375 0.24444444375000002 0.6536458328125 0.2388888890625 0.6572916671875 0.24814814843750002 0.6557291671875001 0.2611111109375 0.6588541671875 0.26944444375 0.6619791671875 0.2703703703125 0.6619791671875 0.275 0.6677083328125 0.275 0.6682291671875 0.27777777812500004 0.675 0.275 0.675 0.2703703703125 0.68125 0.2638888890625 0.68125 0.21574074062499998 0.675 0.20648148125 0.6734375 0.1990740734375 0.6494791671875 0.1990740734375 0.6463541671875 0.2018518515625 0.6432291671875 0.2101851859375 0.6432291671875 0.23611111093749998 0.6447916671875 0.2416666671875 0.6484375 0.24444444375000002
0 0.3947916671875 0.9305555562500001 0.3973958328125 0.9305555562500001 0.39791666718749996 0.9333333328125001 0.4140625 0.9333333328125001 0.4145833328125 0.9305555562500001 0.4171875 0.9305555562500001 0.425 0.9138888890624999 0.425 0.871296296875 0.421875 0.865740740625 0.3963541671875 0.865740740625 0.3932291671875 0.871296296875 0.3932291671875 0.925 0.3947916671875 0.9259259265625 0.3947916671875 0.9305555562500001
0 0.8359375 0.8916666671875 0.8359375 0.865740740625 0.8322916671874999 0.8629629624999999 0.8286458328125 0.8824074078124999 0.8265625 0.878703703125 0.8265625 0.8601851859374999 0.8234375 0.8546296296874999 0.8197916671875 0.8546296296874999 0.8182291671874999 0.8574074078124999 0.8197916671875 0.89444444375 0.8328125 0.897222221875 0.8359375 0.8916666671875
0 0.69375 0.5046296296875 0.690625 0.4990740734375 0.6822916671875 0.4990740734375 0.6807291671875 0.51944444375 0.690625 0.522222221875 0.69375 0.5166666671875 0.69375 0.5046296296875
0 0.990625 0.46388888906250003 0.9942708328125001 0.4583333328125 0.9994791671875 0.4583333328125 0.9994791671875 0.39074074062499997 0.99375 0.3879629625 0.9666666671874999 0.3879629625 0.9635416671874999 0.39074074062499997 0.9619791671875 0.396296296875 0.9635416671874999 0.45 0.9744791671874999 0.46388888906250003 0.990625 0.46388888906250003
0 0.7807291671875001 0.222222221875 0.796875 0.222222221875 0.8015625 0.21111111093749999 0.8015625 0.1824074078125 0.796875 0.1768518515625 0.7760416671875 0.1768518515625 0.7744791671875 0.17962962968750001 0.7760416671875 0.21944444375 0.7802083328125 0.21944444375 0.7807291671875001 0.222222221875
0 0.2875 0.76851851875 0.2760416671875 0.765740740625 0.2744791671875 0.7861111109375 0.284375 0.7888888890625 0.2875 0.7833333328125 0.2875 0.76851851875
0 0.7046875 0.322222221875 0.70625 0.31944444375000003 0.70625 0.3120370375 0.7078125 0.3111111109375 0.7078125 0.3046296296875 0.7046875 0.29907407343750003 0.6947916671875001 0.29907407343750003 0.6932291671875 0.3018518515625 0.6932291671875 0.31944444375000003 0.6963541671875 0.325 0.7046875 0.322222221875
0 0.2921875 0.45555555625000005 0.296875 0.44166666718750003 0.296875 0.43518518593750005 0.2822916671875 0.43240740781250003 0.28072916718749996 0.43518518593750005 0.28072916718749996 0.45277777812500003 0.2822916671875 0.45555555625000005 0.2921875 0.45555555625000005
0 0.5489583328125 0.43055555625 0.5494791671875 0.43333333281249997 0.5609375 0.43333333281249997 0.5671875 0.42222222187499997 0.5671875 0.41018518593750003 0.559375 0.3990740734375 0.5447916671875 0.3990740734375 0.5432291671875 0.4018518515625 0.5432291671875 0.42222222187499997 0.5447916671875 0.42314814843750004 0.5447916671875 0.427777778125 0.5489583328125 0.43055555625
0 0.8359375 0.8888888890625 0.8359375 0.865740740625 0.834375 0.8629629624999999 0.8286458328125 0.865740740625 0.8265625 0.8574074078124999 0.8197916671875 0.8546296296874999 0.8182291671874999 0.8574074078124999 0.8197916671875 0.89444444375 0.8328125 0.897222221875 0.8359375 0.8888888890625
0 0.2984375 0.5324074078125001 0.28854166718749996 0.5324074078125001 0.2869791671875 0.5351851859375001 0.28854166718749996 0.5527777781250001 0.29375 0.5527777781250001 0.3 0.54444444375 0.2984375 0.5324074078125001
0 0.2421875 0.6944444437499999 0.25 0.6861111109375 0.25 0.671296296875 0.246875 0.665740740625 0.23854166718749997 0.665740740625 0.23697916718749998 0.66851851875 0.23854166718749997 0.6944444437499999 0.2421875 0.6944444437499999
0 0.5635416671875 0.40833333281249995 0.5734375 0.40833333281249995 0.575 0.40555555625000006 0.5734375 0.36296296250000004 0.56875 0.3546296296875 0.5572916671875 0.3546296296875 0.5557291671875 0.3574074078125 0.5572916671875 0.4 0.5598958328125 0.4 0.5635416671875 0.40833333281249995
0 0.571875 0.48055555625 0.575 0.475 0.5734375 0.465740740625 0.5635416671875 0.465740740625 0.5619791671875001 0.46851851875 0.5635416671875 0.4861111109375 0.5671875 0.4861111109375 0.5692708328125 0.48055555625 0.571875 0.48055555625
0 0.2401041671875 0.597222221875 0.2484375 0.5888888890625 0.2484375 0.5796296296875 0.246875 0.5768518515625 0.23854166718749997 0.5768518515625 0.23697916718749998 0.5796296296875 0.23697916718749998 0.5888888890625 0.2401041671875 0.597222221875
0 0.9 0.13333333281249998 0.90625 0.1166666671875 0.90625 0.09074074062500001 0.9046875 0.08796296249999999 0.8885416671874999 0.08796296249999999 0.8869791671874999 0.09074074062500001 0.8869791671874999 0.125 0.8916666671875 0.13333333281249998 0.9 0.13333333281249998
0 0.5677083328125 0.3138888890625 0.5697916671875001 0.31944444375000003 0.5765625 0.31944444375000003 0.58125 0.30555555624999997 0.58125 0.29351851875 0.578125 0.28796296250000003 0.5635416671875 0.28796296250000003 0.5619791671875001 0.290740740625 0.5619791671875001 0.3083333328125 0.5651041671875 0.3138888890625 0.5677083328125 0.3138888890625
0 0.2822916671875 0.8111111109375001 0.2859375 0.8111111109375001 0.2921875 0.8027777781250001 0.29375 0.79351851875 0.290625 0.7879629625 0.2822916671875 0.7879629625 0.28072916718749996 0.790740740625 0.28072916718749996 0.8083333328125001 0.2822916671875 0.8111111109375001
0 0.5375 0.74444444375 0.540625 0.7388888890625 0.5421875 0.7240740734375 0.5380208328125 0.7240740734375 0.5375 0.7212962968750001 0.5197916671875 0.7212962968750001 0.5182291671875 0.7240740734375 0.5182291671875 0.752777778125 0.5197916671875 0.75555555625 0.5296875 0.75555555625 0.5348958328125 0.74444444375 0.5375 0.74444444375
0 0.4734375 0.9083333328125001 0.4734375 0.9018518515625 0.4703125 0.8981481484374999 0.4703125 0.89351851875 0.4671875 0.8879629625 0.45104166718750005 0.8879629625 0.44947916718750003 0.890740740625 0.44947916718750003 0.9166666671874999 0.4526041671875 0.922222221875 0.4671875 0.922222221875 0.4734375 0.9083333328125001
0 0.2859375 0.8444444437499999 0.2890625 0.8388888890624999 0.290625 0.8268518515625001 0.2859375 0.821296296875 0.2760416671875 0.821296296875 0.2744791671875 0.8240740734375 0.2744791671875 0.8416666671874999 0.2760416671875 0.8444444437499999 0.2859375 0.8444444437499999
0 0.821875 0.3990740734375 0.8119791671875 0.4018518515625 0.8135416671875 0.4138888890625 0.81875 0.4138888890625 0.8234375 0.40833333281249995 0.821875 0.3990740734375
0 0.7484375 0.4861111109375 0.7484375 0.4796296296875 0.74375 0.4768518515625 0.7322916671875 0.4768518515625 0.7307291671875 0.4796296296875 0.7322916671875 0.497222221875 0.7421875 0.5 0.74375 0.49259259218749996 0.7484375 0.4861111109375
0 0.5359375 0.997222221875 0.5375 0.9898148140625 0.5421875 0.9861111109375 0.5453125 0.9648148140625 0.546875 0.9638888890624999 0.5453125 0.9490740734375 0.5421875 0.94351851875 0.5307291671875001 0.94351851875 0.5260416671875 0.9490740734375 0.5260416671875 0.997222221875 0.5359375 0.997222221875
0 0.5640625 0.3129629625 0.5572916671875 0.3101851859375 0.5557291671875 0.31944444375000003 0.5572916671875 0.322222221875 0.5625 0.322222221875 0.5640625 0.3129629625
0 0.3171875 0.8574074078124999 0.3072916671875 0.8546296296874999 0.3057291671875 0.8833333328125 0.3140625 0.8861111109375001 0.3171875 0.875 0.3171875 0.8574074078124999
0 0.7265625 0.5018518515625 0.7197916671875 0.4990740734375 0.7182291671875001 0.51944444375 0.7234375 0.522222221875 0.7265625 0.51944444375 0.7265625 0.5018518515625
0 0.5536458328125 0.3916666671875 0.5557291671875 0.397222221875 0.5614583328125 0.4 0.5666666671875 0.40833333281249995 0.5734375 0.40833333281249995 0.575 0.40555555625000006 0.575 0.36851851875 0.5734375 0.36296296250000004 0.5671875 0.3546296296875 0.5526041671875 0.3546296296875 0.5520833328125 0.3574074078125 0.5515625 0.3546296296875 0.5463541671875001 0.3546296296875 0.5432291671875 0.3601851859375 0.5447916671875 0.3916666671875 0.5463541671875001 0.39444444375 0.5536458328125 0.3916666671875
0 0.5625 0.290740740625 0.5572916671875 0.28796296250000003 0.5557291671875 0.3 0.5572916671875 0.3083333328125 0.5609375 0.3083333328125 0.5625 0.290740740625
0 0.7359375 0.5018518515625 0.7260416671875001 0.4990740734375 0.7244791671875 0.51944444375 0.7260416671875001 0.522222221875 0.734375 0.51944444375 0.7359375 0.5018518515625
0 0.5432291671875 0.75555555625 0.5484375 0.75555555625 0.5484375 0.7351851859375 0.5442708328125 0.7324074078125 0.5421875 0.7240740734375 0.5390625 0.7212962968750001 0.5182291671875 0.7240740734375 0.5197916671875 0.75555555625 0.5296875 0.75555555625 0.5395833328124999 0.747222221875 0.5432291671875 0.75555555625
0 0.7296875 0.477777778125 0.73125 0.4601851859375 0.728125 0.4546296296875 0.7197916671875 0.4546296296875 0.7182291671875001 0.4574074078125 0.7182291671875001 0.475 0.7213541671875 0.48055555625 0.7296875 0.477777778125
0 0.8265625 0.321296296875 0.8182291671874999 0.3240740734375 0.8197916671875 0.3333333328125 0.8296875 0.33055555625 0.8296875 0.3240740734375 0.8265625 0.321296296875
0 0.5260416671875 0.990740740625 0.5276041671875 0.997222221875 0.534375 0.997222221875 0.5375 0.9870370375 0.540625 0.9861111109375 0.54375 0.977777778125 0.5453125 0.946296296875 0.5421875 0.9324074078125 0.5322916671875 0.9324074078125 0.5276041671875 0.9379629625 0.5276041671875 0.9898148140625 0.5260416671875 0.990740740625
0 0.3140625 0.4268518515625 0.3109375 0.42129629687500003 0.3010416671875 0.42129629687500003 0.2994791671875 0.44166666718750003 0.3109375 0.44444444375 0.3140625 0.4361111109375 0.3140625 0.4268518515625
0 0.48854166718750003 0.3333333328125 0.49322916718750004 0.3416666671875 0.4984375 0.3416666671875 0.5 0.334259259375 0.503125 0.33055555625 0.5 0.3129629625 0.4984375 0.3101851859375 0.48854166718750003 0.3101851859375 0.4869791671875 0.3129629625 0.4869791671875 0.32777777812500003 0.48854166718750003 0.328703703125 0.48854166718750003 0.3333333328125
0 0.7328125 0.6 0.7333333328125 0.597222221875 0.7359375 0.597222221875 0.7390625 0.5824074078125 0.7359375 0.5768518515625 0.7260416671875001 0.5768518515625 0.7244791671875 0.5796296296875 0.7244791671875 0.5944444437499999 0.7276041671875 0.6 0.7328125 0.6
0 0.771875 0.3879629625 0.7635416671875 0.3879629625 0.7619791671875 0.39074074062499997 0.7635416671875 0.40277777812500004 0.7703125 0.40277777812500004 0.775 0.397222221875 0.771875 0.3879629625
0 0.5609375 0.31944444375000003 0.5645833328125 0.3111111109375 0.5713541671875 0.31944444375000003 0.5796875 0.3111111109375 0.5796875 0.29814814843750004 0.58125 0.29722222187499997 0.5796875 0.2796296296875 0.5572916671875 0.2796296296875 0.5557291671875 0.2824074078125 0.5557291671875 0.3 0.5572916671875 0.3009259265625 0.5572916671875 0.3166666671875 0.5609375 0.31944444375000003
0 0.4203125 0.44629629687500005 0.4135416671875 0.44351851875000003 0.41197916718750005 0.46666666718750005 0.4171875 0.47222222187499996 0.4203125 0.46388888906250003 0.4203125 0.44629629687500005
0 0.74375 0.3240740734375 0.7322916671875 0.321296296875 0.7307291671875 0.3416666671875 0.7322916671875 0.34444444375 0.7421875 0.3416666671875 0.74375 0.3240740734375
0 0.3234375 0.88148148125 0.328125 0.875 0.328125 0.86851851875 0.31979166718749996 0.865740740625 0.3182291671875 0.877777778125 0.31979166718749996 0.8861111109375001 0.3234375 0.8861111109375001 0.3234375 0.88148148125
0 0.4947916671875 0.9879629624999999 0.4947916671875 0.997222221875 0.5078125 0.997222221875 0.5078125 0.9925925921875001 0.5109375 0.9888888890624999 0.5109375 0.9740740734375001 0.5046875 0.965740740625 0.4947916671875 0.965740740625 0.49322916718750004 0.975 0.4994791671875 0.98148148125 0.49895833281249996 0.9851851859374999 0.4947916671875 0.9879629624999999
0 0.2734375 0.546296296875 0.2635416671875 0.54351851875 0.2619791671875 0.5666666671875 0.26875 0.575 0.2734375 0.5694444437499999 0.2734375 0.546296296875
0 0.5088541671875 0.477777778125 0.5171875 0.48055555625 0.5203125 0.475 0.5203125 0.4703703703125 0.5234375 0.46666666718750005 0.5234375 0.44351851875000003 0.51875 0.43518518593750005 0.5088541671875 0.43240740781250003 0.5057291671875 0.4379629625 0.5057291671875 0.46388888906250003 0.5072916671875001 0.46481481406249997 0.5088541671875 0.477777778125
0 0.4859375 0.34444444375 0.4875 0.3416666671875 0.4875 0.3240740734375 0.4859375 0.321296296875 0.4760416671875 0.321296296875 0.47447916718750005 0.3240740734375 0.47447916718750005 0.3416666671875 0.4760416671875 0.34444444375 0.4859375 0.34444444375
0 0.515625 0.972222221875 0.521875 0.952777778125 0.521875 0.9379629625 0.5171875 0.9324074078125 0.5072916671875001 0.9324074078125 0.5057291671875 0.9351851859375 0.5072916671875001 0.9694444437499999 0.5088541671875 0.972222221875 0.515625 0.972222221875
0 0.5859375 0.7861111109375 0.5880208328125 0.7805555562500001 0.59375 0.777777778125 0.5953125 0.772222221875 0.5953125 0.7518518515625 0.5921875 0.74351851875 0.5854166671875001 0.74351851875 0.5807291671875 0.7518518515625 0.5822916671875 0.7861111109375 0.5859375 0.7861111109375