0 0.46510416718750003 0.977777778125 0.4859375 0.977777778125 0.48645833281249995 0.975 0.4890625 0.975 0.49375 0.9666666671874999 0.4953125 0.95648148125 0.4984375 0.952777778125 0.4984375 0.9379629625 0.49375 0.9259259265625 0.4921875 0.9129629625 0.4895833328125 0.9129629625 0.4890625 0.9101851859375 0.45885416718750005 0.9101851859375 0.4557291671875 0.915740740625 0.4557291671875 0.9638888890624999 0.45989583281249996 0.9666666671874999 0.46510416718750003 0.977777778125
0 0.1010416671875 0.3361111109375 0.10729166718750001 0.34722222187499996 0.1098958328125 0.34722222187499996 0.1119791671875 0.352777778125 0.1203125 0.352777778125 0.1208333328125 0.35 0.1234375 0.35 0.12395833281249999 0.34722222187499996 0.1296875 0.34444444375 0.1375 0.33055555625 0.1375 0.3018518515625 0.13125 0.2925925921875 0.13125 0.28796296250000003 0.1265625 0.2796296296875 0.12395833281249999 0.2796296296875 0.1234375 0.2768518515625 0.1010416671875 0.2768518515625 0.0994791671875 0.2796296296875 0.0994791671875 0.33055555625 0.1010416671875 0.33148148125 0.1010416671875 0.3361111109375
0 0.6447916671875 0.2648148140625 0.6432291671875 0.26574074062499997 0.6432291671875 0.3166666671875 0.6463541671875 0.322222221875 0.665625 0.322222221875 0.6708333328125 0.3111111109375 0.6734375 0.3111111109375 0.675 0.3083333328125 0.675 0.303703703125 0.6796875 0.29722222187499997 0.6796875 0.2898148140625 0.68125 0.2888888890625 0.68125 0.2740740734375 0.671875 0.2546296296875 0.6494791671875 0.2546296296875 0.6489583328124999 0.25740740781250004 0.6463541671875 0.25740740781250004 0.6447916671875 0.2601851859375 0.6447916671875 0.2648148140625
0 0.6635416671875001 0.3583333328125 0.6666666671875 0.3638888890625 0.6692708328125 0.3638888890625 0.6697916671875 0.36666666718749996 0.6859375 0.36666666718749996 0.6953125 0.35 0.6953125 0.3453703703125 0.6984375 0.3416666671875 0.6984375 0.3296296296875 0.696875 0.328703703125 0.696875 0.3240740734375 0.6953125 0.3231481484375 0.69375 0.3129629625 0.6921875 0.3101851859375 0.6697916671875 0.3101851859375 0.6619791671875 0.3240740734375 0.6619791671875 0.352777778125 0.6635416671875001 0.353703703125 0.6635416671875001 0.3583333328125
0 0.47447916718750005 0.0425925921875 0.46979166718750004 0.046296296875 0.46979166718750004 0.0509259265625 0.4682291671875 0.051851851562499995 0.4682291671875 0.075 0.47291666718750003 0.0861111109375 0.47552083281249996 0.0861111109375 0.4760416671875 0.0888888890625 0.4875 0.0888888890625 0.4927083328125 0.08055555625000001 0.4984375 0.077777778125 0.5 0.0703703703125 0.5046875 0.0638888890625 0.5046875 0.046296296875 0.5015625 0.0425925921875 0.5 0.0268518515625 0.496875 0.021296296875000002 0.48229166718750005 0.021296296875000002 0.4817708328125 0.0240740734375 0.4791666671875 0.0240740734375 0.47447916718750005 0.0425925921875
0 0.3692708328125 0.4296296296875 0.36666666718749996 0.4296296296875 0.3661458328125 0.43240740781250003 0.3635416671875 0.43240740781250003 0.3619791671875 0.43518518593750005 0.3619791671875 0.475 0.3697916671875 0.4888888890625 0.3828125 0.4888888890625 0.38333333281250004 0.4861111109375 0.3859375 0.4861111109375 0.3880208328125 0.48055555625 0.390625 0.48055555625 0.4 0.46388888906250003 0.4 0.44351851875000003 0.3984375 0.44259259218749997 0.3984375 0.43518518593750005 0.39375 0.42870370312499995 0.39375 0.4240740734375 0.3921875 0.42129629687500003 0.37447916718749996 0.42129629687500003 0.3739583328125 0.4240740734375 0.3713541671875 0.4240740734375 0.3692708328125 0.4296296296875
0 0.38333333281250004 0.23611111093749998 0.3984375 0.23333333281250002 0.4015625 0.225 0.4015625 0.21296296250000002 0.396875 0.1990740734375 0.3697916671875 0.1990740734375 0.3682291671875 0.2018518515625 0.3682291671875 0.2416666671875 0.3697916671875 0.24444444375000002 0.3796875 0.24444444375000002 0.38333333281250004 0.23611111093749998
0 0.44322916718750005 0.047222221875 0.4447916671875 0.048148148437499996 0.4447916671875 0.052777778124999994 0.45208333281249996 0.055555556250000006 0.45729166718750003 0.0638888890625 0.4609375 0.0638888890625 0.46302083281249995 0.058333332812500006 0.46875 0.055555556250000006 0.4734375 0.047222221875 0.475 0.037037037499999995 0.4796875 0.027777778125000003 0.4796875 0.0074074078125 0.478125 0.00648148125 0.478125 0.0018518515625 0.475 0 0.44635416718750004 0.0018518515625 0.44322916718750005 0.0101851859375 0.44322916718750005 0.047222221875
0 0.0109375 0.5638888890625 0.0171875 0.5527777781250001 0.0171875 0.5481481484375 0.01875 0.547222221875 0.01875 0.515740740625 0.0125 0.50648148125 0.0125 0.5018518515625 0.0109375 0.4990740734375 0.007291667187500001 0.4990740734375 0.0057291671875 0.5018518515625 0.0057291671875 0.5611111109375 0.007291667187500001 0.5638888890625 0.0109375 0.5638888890625
0 0.45104166718750005 0.5296296296875 0.45104166718750005 0.534259259375 0.44947916718750003 0.5351851859375001 0.44947916718750003 0.5833333328125 0.45416666718750004 0.5888888890625 0.471875 0.5888888890625 0.475 0.5833333328125 0.4765625 0.5731481484375001 0.4859375 0.5611111109375 0.4875 0.54351851875 0.4859375 0.5425925921875 0.4859375 0.5379629625 0.475 0.521296296875 0.45729166718750003 0.521296296875 0.45677083281249997 0.5240740734375 0.45416666718750004 0.5240740734375 0.45416666718750004 0.5287037031249999 0.45104166718750005 0.5296296296875
0 0.2942708328125 0.777777778125 0.2984375 0.777777778125 0.30625 0.7638888890625 0.30625 0.74351851875 0.303125 0.7351851859375 0.3 0.7324074078125 0.2760416671875 0.7324074078125 0.2744791671875 0.7351851859375 0.2744791671875 0.772222221875 0.2760416671875 0.777777778125 0.29375 0.7805555562500001 0.2942708328125 0.777777778125
0 0.35885416718749996 0.32777777812500003 0.3640625 0.32777777812500003 0.3645833328125 0.325 0.371875 0.322222221875 0.38125 0.30555555624999997 0.38125 0.29351851875 0.3796875 0.2925925921875 0.3796875 0.28796296250000003 0.371875 0.2768518515625 0.35104166718749996 0.2768518515625 0.3494791671875 0.2796296296875 0.3494791671875 0.31944444375000003 0.35104166718749996 0.322222221875 0.3552083328125 0.322222221875 0.35885416718749996 0.32777777812500003
0 0.40520833281249996 0.64444444375 0.4088541671875 0.65 0.415625 0.65 0.41614583281249995 0.647222221875 0.425 0.64444444375 0.4296875 0.6388888890625 0.43125 0.621296296875 0.428125 0.6175925921875 0.428125 0.6129629624999999 0.425 0.609259259375 0.425 0.6046296296875 0.4171875 0.5879629625 0.39791666718749996 0.5879629625 0.3947916671875 0.590740740625 0.3932291671875 0.5962962968750001 0.3932291671875 0.6333333328124999 0.3963541671875 0.6416666671875 0.40520833281249996 0.64444444375
0 0.8302083328125001 0.6888888890625 0.8421875 0.6861111109375 0.8421875 0.68148148125 0.8484375 0.6638888890625 0.8484375 0.6574074078125001 0.8453125 0.6537037031249999 0.84375 0.6379629625 0.840625 0.6324074078125 0.8072916671874999 0.6324074078125 0.8057291671875 0.6351851859375001 0.8057291671875 0.6833333328125 0.8088541671874999 0.6888888890625 0.8296875 0.6916666671875 0.8302083328125001 0.6888888890625
0 0.06979166718749999 0.352777778125 0.0723958328125 0.352777778125 0.07760416718749999 0.3638888890625 0.0817708328125 0.3638888890625 0.0822916671875 0.36666666718749996 0.0953125 0.36666666718749996 0.0958333328125 0.3638888890625 0.1 0.3638888890625 0.10625 0.352777778125 0.10625 0.34351851875 0.1 0.33148148125 0.0984375 0.321296296875 0.0953125 0.31759259218749997 0.0953125 0.3101851859375 0.09375 0.309259259375 0.09375 0.290740740625 0.0921875 0.28796296250000003 0.0760416671875 0.28796296250000003 0.0682291671875 0.3018518515625 0.0682291671875 0.34444444375 0.06979166718749999 0.3453703703125 0.06979166718749999 0.352777778125
0 0.5640625 0.6166666671875001 0.5661458328125 0.6111111109375 0.5703125 0.6111111109375 0.575 0.602777778125 0.575 0.5898148140624999 0.5765625 0.5888888890625 0.575 0.56851851875 0.5708333328124999 0.565740740625 0.5671875 0.5546296296875 0.5385416671875001 0.5546296296875 0.5369791671875 0.5574074078125 0.5369791671875 0.6111111109375 0.5401041671875 0.61944444375 0.55625 0.622222221875 0.5640625 0.6166666671875001
0 0.4526041671875 0.252777778125 0.4614583328125 0.25555555625 0.4682291671875 0.2666666671875 0.478125 0.2666666671875 0.48125 0.2611111109375 0.4828125 0.2453703703125 0.4859375 0.2416666671875 0.4859375 0.23518518593749999 0.4828125 0.22870370312500002 0.4828125 0.221296296875 0.48125 0.2203703703125 0.4796875 0.2101851859375 0.4770833328125 0.2101851859375 0.475 0.20648148125 0.475 0.2018518515625 0.47239583281249997 0.2018518515625 0.471875 0.1990740734375 0.45104166718750005 0.1990740734375 0.44322916718750005 0.21296296250000002 0.44322916718750005 0.2416666671875 0.4505208328125 0.24722222187499998 0.4526041671875 0.252777778125
0 0.43072916718750004 0.3138888890625 0.4322916671875 0.3148148140625 0.4322916671875 0.31944444375000003 0.43645833281249996 0.322222221875 0.43854166718750004 0.32777777812500003 0.4484375 0.32777777812500003 0.4505208328125 0.322222221875 0.45625 0.31944444375000003 0.45989583281249996 0.3111111109375 0.4640625 0.3083333328125 0.4640625 0.303703703125 0.46875 0.2916666671875 0.46875 0.284259259375 0.4703125 0.2833333328125 0.4703125 0.26851851875 0.4671875 0.2629629625 0.46458333281249997 0.2629629625 0.4640625 0.25740740781250004 0.45989583281249996 0.2546296296875 0.45625 0.246296296875 0.45208333281249996 0.246296296875 0.4515625 0.24351851875000002 0.43854166718750004 0.24351851875000002 0.4380208328125 0.246296296875 0.43541666718750005 0.246296296875 0.43072916718750004 0.25740740781250004 0.43072916718750004 0.3138888890625
0 0.48072916718750003 0.6555555562500001 0.48229166718750005 0.6564814812499999 0.48072916718750003 0.6972222218749999 0.48229166718750005 0.7 0.503125 0.7 0.509375 0.675 0.50625 0.6351851859375001 0.5046875 0.6324074078125 0.4869791671875 0.6324074078125 0.48229166718750005 0.6379629625 0.48229166718750005 0.6453703703125 0.48072916718750003 0.646296296875 0.48072916718750003 0.6555555562500001
0 0.05729166718749999 0.1888888890625 0.0671875 0.1888888890625 0.06770833281250001 0.1861111109375 0.0703125 0.1861111109375 0.075 0.177777778125 0.075 0.16851851874999998 0.0703125 0.1620370375 0.0703125 0.1574074078125 0.0640625 0.1481481484375 0.0640625 0.14351851875 0.0625 0.1425925921875 0.0625 0.1379629625 0.0609375 0.1351851859375 0.051041667187499994 0.1351851859375 0.051041667187499994 0.13981481406250001 0.0494791671875 0.140740740625 0.0494791671875 0.177777778125 0.05729166718749999 0.1888888890625
0 0.05625 0.25833333281250004 0.056770832812500005 0.25555555625 0.0640625 0.252777778125 0.071875 0.22777777812500002 0.071875 0.21296296250000002 0.0692708328125 0.21296296250000002 0.06875 0.2101851859375 0.0447916671875 0.2101851859375 0.0432291671875 0.21296296250000002 0.0432291671875 0.25 0.051041667187499994 0.25833333281250004 0.05625 0.25833333281250004
0 0.3385416671875 0.922222221875 0.34427083281250004 0.922222221875 0.3447916671875 0.925 0.359375 0.922222221875 0.3640625 0.9083333328125001 0.3609375 0.8851851859375 0.3546875 0.8768518515625001 0.34322916718749996 0.8768518515625001 0.3401041671875 0.8796296296874999 0.3401041671875 0.8953703703125001 0.3369791671875 0.9018518515625 0.3369791671875 0.91944444375 0.3385416671875 0.922222221875
0 0.007291667187500001 0.08148148125 0.007291667187500001 0.0861111109375 0.0109375 0.0861111109375 0.0140625 0.0703703703125 0.0171875 0.06944444375 0.0234375 0.058333332812500006 0.025 0.0490740734375 0.021875 0.04351851875 0.007291667187500001 0.04351851875 0.0057291671875 0.046296296875 0.0057291671875 0.08055555625000001 0.007291667187500001 0.08148148125
0 0.0197916671875 0.13333333281249998 0.0223958328125 0.13333333281249998 0.0260416671875 0.13888888906250002 0.03125 0.13888888906250002 0.0317708328125 0.1361111109375 0.0359375 0.1361111109375 0.0380208328125 0.13055555624999998 0.040625 0.13055555624999998 0.040625 0.12592592656249998 0.04375 0.11944444375 0.04375 0.09074074062500001 0.0421875 0.08796296249999999 0.0260416671875 0.08796296249999999 0.0182291671875 0.10185185156250001 0.0182291671875 0.13055555624999998 0.0197916671875 0.13333333281249998
0 0.4 0.9305555562500001 0.4 0.890740740625 0.38229166718749996 0.8879629625 0.3807291671875 0.9333333328125001 0.38229166718749996 0.9388888890624999 0.3921875 0.9388888890624999 0.4 0.9305555562500001
0 0.0322916671875 0.44166666718750003 0.0411458328125 0.447222221875 0.0447916671875 0.45555555625000005 0.0546875 0.4583333328125 0.0578125 0.45277777812500003 0.05625 0.42592592656250006 0.059375 0.4166666671875 0.059375 0.4046296296875 0.05625 0.3990740734375 0.0322916671875 0.3990740734375 0.0307291671875 0.4018518515625 0.0307291671875 0.43333333281249997 0.0322916671875 0.434259259375 0.0322916671875 0.44166666718750003
0 0.7479166671875 0.197222221875 0.75625 0.197222221875 0.7567708328125 0.19444444375 0.759375 0.19444444375 0.7671875 0.177777778125 0.7671875 0.1601851859375 0.7625 0.1546296296875 0.7385416671875 0.1546296296875 0.7369791671875 0.1574074078125 0.7369791671875 0.18055555625 0.7401041671875 0.1888888890625 0.7458333328125 0.1916666671875 0.7479166671875 0.197222221875
0 0.540625 0.0861111109375 0.54375 0.075 0.54375 0.0675925921875 0.5453125 0.0666666671875 0.5453125 0.059259259375 0.546875 0.058333332812500006 0.546875 0.04351851875 0.5421875 0.0324074078125 0.5260416671875 0.0324074078125 0.5244791671875 0.0351851859375 0.5244791671875 0.075 0.5338541671875 0.0888888890625 0.540625 0.0861111109375
0 0.21875 0.5722222218749999 0.228125 0.5666666671875 0.2328125 0.5527777781250001 0.23125 0.5240740734375 0.2296875 0.521296296875 0.20729166718749997 0.521296296875 0.20572916718749998 0.5240740734375 0.20572916718749998 0.5638888890625 0.20729166718749997 0.5694444437499999 0.21875 0.5722222218749999
0 0.5442708328125 0.0861111109375 0.5510416671875 0.1 0.5625 0.1 0.5625 0.0981481484375 0.5671875 0.0916666671875 0.5671875 0.0870370375 0.56875 0.0861111109375 0.56875 0.06851851875000001 0.5677083328125 0.06851851875000001 0.5609375 0.0546296296875 0.5494791671875 0.0546296296875 0.5489583328125 0.0574074078125 0.5447916671875 0.0574074078125 0.5447916671875 0.0648148140625 0.5432291671875 0.065740740625 0.5432291671875 0.0861111109375 0.5442708328125 0.0861111109375
0 0.9208333328125 0.28055555625 0.928125 0.28055555625 0.9359375 0.272222221875 0.9359375 0.25740740781250004 0.93125 0.2509259265625 0.9296875 0.24351851875000002 0.9135416671875 0.24351851875000002 0.9119791671874999 0.246296296875 0.9119791671874999 0.27777777812500004 0.9151041671875 0.28611111093749997 0.9203125 0.2833333328125 0.9208333328125 0.28055555625
0 0.5947916671875 0.33148148125 0.5932291671875001 0.3324074078125 0.5932291671875001 0.35555555625 0.5947916671875 0.35648148125 0.5947916671875 0.3611111109375 0.603125 0.3638888890625 0.6052083328125 0.3583333328125 0.6109375 0.35555555625 0.6125 0.3481481484375 0.6171875 0.3416666671875 0.6171875 0.3240740734375 0.6109375 0.3101851859375 0.6010416671875001 0.3101851859375 0.5979166671875 0.3231481484375 0.5947916671875 0.32685185156249996 0.5947916671875 0.33148148125
0 0.46458333281249997 0.315740740625 0.45885416718750005 0.315740740625 0.45104166718750005 0.3240740734375 0.44947916718750003 0.35555555625 0.4526041671875 0.3638888890625 0.4609375 0.36666666718749996 0.46302083281249995 0.3611111109375 0.465625 0.3611111109375 0.46770833281249996 0.35555555625 0.4734375 0.352777778125 0.4770833328125 0.34444444375 0.4796875 0.34444444375 0.48125 0.33888888906250003 0.4796875 0.3018518515625 0.47552083281249996 0.3018518515625 0.475 0.29907407343750003 0.46510416718750003 0.3018518515625 0.46458333281249997 0.315740740625
0 0.084375 0.13055555624999998 0.0921875 0.1166666671875 0.0921875 0.109259259375 0.09375 0.10833333281249999 0.09375 0.09074074062500001 0.0921875 0.08796296249999999 0.08072916718749999 0.08796296249999999 0.0802083328125 0.09074074062500001 0.06979166718749999 0.08796296249999999 0.0682291671875 0.09074074062500001 0.0682291671875 0.127777778125 0.0713541671875 0.13333333281249998 0.084375 0.13055555624999998
0 0.0416666671875 0.027777778125000003 0.0484375 0.027777778125000003 0.0484375 0.0203703703125 0.05 0.019444443750000002 0.05 0.004629629687499999 0.0484375 0.0018518515625 0.0244791671875 0.0018518515625 0.0244791671875 0.025 0.0276041671875 0.0361111109375 0.0395833328125 0.025 0.0416666671875 0.027777778125000003
0 0.8088541671874999 0.73055555625 0.8114583328125 0.73055555625 0.8119791671875 0.7333333328125 0.828125 0.7333333328125 0.8333333328125001 0.722222221875 0.8359375 0.722222221875 0.84375 0.7083333328125 0.84375 0.690740740625 0.8421875 0.6879629625 0.8276041671875 0.6879629625 0.8270833328125 0.690740740625 0.8177083328125001 0.690740740625 0.8171875 0.6879629625 0.8026041671874999 0.6879629625 0.7994791671875 0.69351851875 0.7994791671875 0.7166666671875 0.8026041671874999 0.722222221875 0.8052083328125 0.722222221875 0.8088541671874999 0.73055555625
0 0.2552083328125 0.36666666718749996 0.2557291671875 0.36944444375 0.2614583328125 0.36944444375 0.2619791671875 0.372222221875 0.26875 0.372222221875 0.2692708328125 0.36944444375 0.278125 0.36666666718749996 0.2859375 0.35 0.2828125 0.3398148140625 0.2828125 0.3324074078125 0.278125 0.321296296875 0.2635416671875 0.321296296875 0.2598958328125 0.3296296296875 0.2557291671875 0.3296296296875 0.2510416671875 0.3351851859375 0.2510416671875 0.3398148140625 0.2494791671875 0.340740740625 0.2494791671875 0.3638888890625 0.2552083328125 0.36666666718749996
0 0.98125 0.5916666671875 0.9890625 0.5861111109375 0.9921875 0.577777778125 0.9921875 0.565740740625 0.9890625 0.5620370375 0.9875 0.5518518515624999 0.98125 0.54351851875 0.9697916671875 0.54351851875 0.9682291671875 0.546296296875 0.9682291671875 0.5861111109375 0.9697916671875 0.5916666671875 0.98125 0.5916666671875
0 0.0671875 0.0101851859375 0.051041667187499994 0.0101851859375 0.0494791671875 0.0129629625 0.051041667187499994 0.0333333328125 0.0609375 0.0361111109375 0.06875 0.030555556249999997 0.0671875 0.0101851859375
0 0.55625 0.98055555625 0.5567708328125 0.977777778125 0.5614583328125 0.977777778125 0.5635416671875 0.9833333328125 0.565625 0.9833333328125 0.5671875 0.977777778125 0.565625 0.9601851859374999 0.5625 0.9490740734375 0.55625 0.9398148140625 0.55625 0.9351851859375 0.553125 0.9324074078125 0.5401041671875 0.9324074078125 0.5348958328125 0.940740740625 0.5322916671875 0.940740740625 0.5307291671875001 0.946296296875 0.5307291671875001 0.975 0.5338541671875 0.98055555625 0.55625 0.98055555625
0 0.36875 0.7111111109375 0.36875 0.7018518515625 0.3671875 0.6990740734374999 0.3572916671875 0.6990740734374999 0.3557291671875 0.7166666671875 0.35885416718749996 0.722222221875 0.365625 0.7194444437499999 0.36875 0.7111111109375
0 0.0348958328125 0.6 0.0385416671875 0.61944444375 0.046875 0.622222221875 0.05 0.6166666671875001 0.05 0.6018518515625 0.0484375 0.6009259265625 0.0484375 0.5962962968750001 0.0317708328125 0.590740740625 0.03125 0.5879629625 0.0260416671875 0.5879629625 0.0244791671875 0.590740740625 0.0244791671875 0.6111111109375 0.0276041671875 0.61944444375 0.0296875 0.61944444375 0.0348958328125 0.6
0 0.58125 0.6972222218749999 0.5875 0.6861111109375 0.5859375 0.66851851875 0.584375 0.6675925921875 0.584375 0.6629629625 0.58125 0.6574074078125001 0.5786458328124999 0.6574074078125001 0.578125 0.6546296296875 0.5697916671875001 0.6546296296875 0.5682291671875 0.6574074078125001 0.5682291671875 0.6888888890625 0.5729166671875 0.6972222218749999 0.58125 0.6972222218749999
0 0.9276041671874999 0.32777777812500003 0.934375 0.32777777812500003 0.9375 0.31944444375000003 0.9375 0.29351851875 0.934375 0.28796296250000003 0.9197916671874999 0.28796296250000003 0.9182291671874999 0.290740740625 0.9182291671874999 0.3111111109375 0.9197916671874999 0.3166666671875 0.9276041671874999 0.32777777812500003
0 0.95 0.8444444437499999 0.9484375 0.8324074078124999 0.9369791671875 0.8351851859374999 0.9369791671875 0.8416666671874999 0.9401041671874999 0.847222221875 0.9484375 0.85 0.95 0.8444444437499999
0 0.25 0.5638888890625 0.2552083328125 0.5555555562500001 0.2578125 0.5555555562500001 0.2625 0.54444444375 0.2625 0.5129629625 0.259375 0.5101851859375001 0.2567708328125 0.5129629625 0.23854166718749997 0.5101851859375001 0.23697916718749998 0.5129629625 0.23854166718749997 0.5611111109375 0.2401041671875 0.5638888890625 0.25 0.5638888890625
0 0.9546875 0.29907407343750003 0.9369791671875 0.3018518515625 0.9385416671875 0.3138888890625 0.953125 0.3138888890625 0.9578125 0.3083333328125 0.9546875 0.29907407343750003
0 0.53125 0.99444444375 0.53125 0.9898148140625 0.534375 0.9861111109375 0.534375 0.9796296296874999 0.5328125 0.978703703125 0.5296875 0.965740740625 0.5135416671875 0.965740740625 0.5088541671875 0.9740740734375001 0.5088541671875 0.978703703125 0.5057291671875 0.9851851859374999 0.5057291671875 0.997222221875 0.5072916671875001 0.9990740734375001 0.5265625 0.9990740734375001 0.53125 0.99444444375
0 0.1510416671875 0.13055555624999998 0.1546875 0.13055555624999998 0.1583333328125 0.12222222187500001 0.1625 0.11944444375 0.1625 0.09351851875 0.1546875 0.07685185156249999 0.1510416671875 0.07685185156249999 0.1494791671875 0.07962962968750001 0.1494791671875 0.12222222187500001 0.1510416671875 0.1231481484375 0.1510416671875 0.13055555624999998
0 0.2671875 0.372222221875 0.2723958328125 0.36666666718749996 0.278125 0.36666666718749996 0.2859375 0.35 0.2796875 0.321296296875 0.27395833281250004 0.31851851875000003 0.271875 0.3129629625 0.26510416718749996 0.3129629625 0.2619791671875 0.31851851875000003 0.2604166671875 0.328703703125 0.2557291671875 0.3296296296875 0.2552083328125 0.3324074078125 0.2515625 0.33148148125 0.2515625 0.32685185156249996 0.25 0.32592592656249997 0.2515625 0.325 0.2515625 0.315740740625 0.2484375 0.3101851859375 0.2416666671875 0.3101851859375 0.24114583281250002 0.3129629625 0.23854166718749997 0.3129629625 0.23854166718749997 0.31759259218749997 0.23697916718749998 0.31851851875000003 0.23697916718749998 0.352777778125 0.24114583281250002 0.35555555625 0.24479166718749998 0.3638888890625 0.2671875 0.372222221875
0 0.0734375 0.5101851859375001 0.0635416671875 0.5101851859375001 0.061979167187499996 0.5129629625 0.0635416671875 0.522222221875 0.0734375 0.522222221875 0.075 0.51944444375 0.0734375 0.5101851859375001
0 0.1427083328125 0.6638888890625 0.1447916671875 0.66944444375 0.1484375 0.66944444375 0.14895833281249998 0.6666666671875 0.1546875 0.6638888890625 0.1583333328125 0.6555555562500001 0.1609375 0.6555555562500001 0.1609375 0.6509259265625 0.1625 0.65 0.159375 0.6379629625 0.1520833328125 0.6379629625 0.15 0.6324074078125 0.1385416671875 0.6324074078125 0.1369791671875 0.6351851859375001 0.1369791671875 0.6555555562500001 0.1385416671875 0.6564814812499999 0.1385416671875 0.6611111109375 0.1427083328125 0.6638888890625
0 0.0828125 0.25555555625 0.0921875 0.2416666671875 0.0921875 0.23518518593749999 0.090625 0.234259259375 0.0890625 0.22407407343750002 0.08645833281250001 0.22407407343750002 0.0859375 0.221296296875 0.06979166718749999 0.22407407343750002 0.06979166718749999 0.2398148140625 0.0682291671875 0.240740740625 0.06979166718749999 0.25555555625 0.0828125 0.25555555625
0 0.19583333281249998 0.030555556249999997 0.1984375 0.030555556249999997 0.2 0.0018518515625 0.1807291671875 0.0018518515625 0.1807291671875 0.027777778125000003 0.1822916671875 0.0333333328125 0.19375 0.0361111109375 0.19583333281249998 0.030555556249999997
0 0.5822916671875 0.3425925921875 0.5822916671875 0.35 0.5859375 0.35 0.5921875 0.33888888906250003 0.5921875 0.334259259375 0.5984375 0.32777777812500003 0.6 0.322222221875 0.6 0.3018518515625 0.5984375 0.29907407343750003 0.5838541671875 0.29907407343750003 0.5807291671875 0.3046296296875 0.5807291671875 0.3416666671875 0.5822916671875 0.3425925921875
0 0.5807291671875 0.3046296296875 0.5807291671875 0.3416666671875 0.5822916671875 0.34722222187499996 0.5875 0.34722222187499996 0.5911458328125 0.3361111109375 0.59375 0.3361111109375 0.5958333328125 0.33055555625 0.6 0.32777777812500003 0.6046875 0.3111111109375 0.6046875 0.3018518515625 0.6005208328125 0.3018518515625 0.6 0.29907407343750003 0.5838541671875 0.29907407343750003 0.5807291671875 0.3046296296875
0 0.2526041671875 0.6074074078125 0.2494791671875 0.6129629624999999 0.2494791671875 0.627777778125 0.2526041671875 0.6333333328124999 0.259375 0.6333333328124999 0.2598958328125 0.63055555625 0.2625 0.63055555625 0.26614583281250004 0.622222221875 0.26875 0.622222221875 0.2734375 0.6138888890625 0.2734375 0.6018518515625 0.271875 0.5990740734375 0.2635416671875 0.5990740734375 0.25833333281250004 0.6074074078125 0.2526041671875 0.6074074078125
0 0.084375 0.13055555624999998 0.0880208328125 0.12222222187500001 0.09427083281250001 0.1166666671875 0.0973958328125 0.1166666671875 0.0994791671875 0.12222222187500001 0.1046875 0.12222222187500001 0.10625 0.1166666671875 0.1046875 0.1046296296875 0.10052083281249999 0.10185185156250001 0.0921875 0.08796296249999999 0.08072916718749999 0.08796296249999999 0.0802083328125 0.09074074062500001 0.06979166718749999 0.08796296249999999 0.0682291671875 0.09074074062500001 0.0682291671875 0.12222222187500001 0.06979166718749999 0.1231481484375 0.06979166718749999 0.13055555624999998 0.084375 0.13055555624999998
0 0.9307291671875 0.46666666718750005 0.9364583328125 0.46944444374999994 0.9385416671875 0.475 0.9484375 0.47222222187499996 0.953125 0.46388888906250003 0.9515625 0.44907407343749994 0.9484375 0.44351851875000003 0.9458333328125 0.44351851875000003 0.9453125 0.440740740625 0.9395833328125001 0.4379629625 0.9390625 0.43518518593750005 0.9348958328125001 0.43518518593750005 0.934375 0.43240740781250003 0.9197916671874999 0.43240740781250003 0.9182291671874999 0.43518518593750005 0.9182291671874999 0.45277777812500003 0.9213541671875 0.4583333328125 0.9270833328125001 0.4583333328125 0.9307291671875 0.46666666718750005
0 0.3640625 0.252777778125 0.3640625 0.24907407343750002 0.3609375 0.24351851875000002 0.35104166718749996 0.24351851875000002 0.3494791671875 0.246296296875 0.3494791671875 0.25555555625 0.3526041671875 0.2638888890625 0.359375 0.2611111109375 0.3640625 0.252777778125
0 0.0333333328125 0.60555555625 0.0354166671875 0.60648148125 0.0369791671875 0.6166666671875001 0.0416666671875 0.622222221875 0.0484375 0.622222221875 0.0546875 0.6138888890625 0.0546875 0.6018518515625 0.0442708328125 0.5962962968750001 0.04375 0.5935185187500001 0.0395833328125 0.5935185187500001 0.0390625 0.590740740625 0.021354167187500002 0.5879629625 0.0182291671875 0.5935185187500001 0.0182291671875 0.61944444375 0.0197916671875 0.622222221875 0.028125 0.622222221875 0.0333333328125 0.60555555625
0 0.5885416671875 0.34629629687499996 0.5901041671875 0.35555555625 0.5927083328125 0.35555555625 0.5947916671875 0.3611111109375 0.6005208328125 0.3611111109375 0.6010416671875001 0.3638888890625 0.6109375 0.35555555625 0.6140625 0.3425925921875 0.6171875 0.33888888906250003 0.6171875 0.3240740734375 0.6140625 0.3203703703125 0.6140625 0.315740740625 0.6109375 0.3101851859375 0.5885416671875 0.3101851859375 0.5869791671875 0.322222221875 0.5901041671875 0.33148148125 0.5901041671875 0.3453703703125 0.5885416671875 0.34629629687499996
0 0.8010416671874999 0.6861111109375 0.8036458328125 0.6861111109375 0.8072916671874999 0.6916666671875 0.8130208328125 0.6916666671875 0.8135416671875 0.6953703703125 0.8088541671874999 0.696296296875 0.8083333328125001 0.6990740734374999 0.8010416671874999 0.6990740734374999 0.7994791671875 0.7166666671875 0.8026041671874999 0.722222221875 0.8052083328125 0.722222221875 0.8088541671874999 0.73055555625 0.8130208328125 0.73055555625 0.8135416671875 0.7333333328125 0.8296875 0.73055555625 0.84375 0.70555555625 0.8421875 0.6898148140625 0.84375 0.6888888890625 0.84375 0.678703703125 0.8484375 0.6638888890625 0.8453125 0.6537037031249999 0.8453125 0.646296296875 0.84375 0.6453703703125 0.84375 0.6379629625 0.8390625 0.6324074078125 0.8072916671874999 0.6324074078125 0.7994791671875 0.646296296875 0.7994791671875 0.6777777781250001 0.8010416671874999 0.678703703125 0.8010416671874999 0.6861111109375
0 0.22760416718749998 0.9759259265625 0.21979166718749998 0.990740740625 0.21979166718749998 0.997222221875 0.2359375 0.9990740734375001 0.2390625 0.9916666671875 0.2390625 0.978703703125 0.240625 0.977777778125 0.240625 0.9703703703125001 0.2421875 0.9694444437499999 0.2421875 0.9620370375 0.24375 0.9611111109375001 0.24375 0.9574074078124999 0.2421875 0.95648148125 0.2421875 0.946296296875 0.23958333281250002 0.946296296875 0.234375 0.9324074078125 0.21979166718749998 0.9324074078125 0.2182291671875 0.9351851859375 0.2182291671875 0.9444444437499999 0.22760416718749998 0.9648148140625 0.22760416718749998 0.9759259265625
0 0.584375 0.5611111109375 0.584375 0.553703703125 0.5859375 0.5527777781250001 0.5875 0.5240740734375 0.584375 0.5175925921875 0.5828125 0.5018518515625 0.5697916671875001 0.4990740734375 0.5682291671875 0.5018518515625 0.5697916671875001 0.5638888890625 0.5796875 0.5666666671875 0.584375 0.5611111109375
0 0.0369791671875 0.7796296296875 0.0369791671875 0.797222221875 0.04375 0.8 0.0442708328125 0.797222221875 0.0484375 0.797222221875 0.05208333281250001 0.7888888890625 0.0546875 0.7888888890625 0.0578125 0.777777778125 0.0578125 0.76851851875 0.0479166671875 0.765740740625 0.0427083328125 0.7740740734375 0.0401041671875 0.7740740734375 0.0369791671875 0.7796296296875
0 0.734375 0.64444444375 0.7359375 0.6416666671875 0.734375 0.6268518515625 0.7296875 0.621296296875 0.7260416671875001 0.621296296875 0.7244791671875 0.6240740734375 0.7244791671875 0.6416666671875 0.7276041671875 0.647222221875 0.734375 0.64444444375
0 0.9427083328125001 0.47222222187499996 0.9484375 0.47222222187499996 0.9505208328125001 0.46666666718750005 0.953125 0.46666666718750005 0.953125 0.4546296296875 0.95 0.4509259265625 0.9484375 0.44351851875000003 0.9411458328125001 0.440740740625 0.9390625 0.43518518593750005 0.9322916671874999 0.43518518593750005 0.9307291671875 0.4379629625 0.9307291671875 0.46388888906250003 0.9338541671874999 0.46944444374999994 0.9421875 0.475 0.9427083328125001 0.47222222187499996