0 0.48854166718750003 0.6972222218749999 0.5140625 0.6972222218749999 0.5145833328125 0.6944444437499999 0.5234375 0.6888888890625 0.53125 0.675 0.5328125 0.6490740734375 0.5296875 0.640740740625 0.5223958328125 0.640740740625 0.5171875 0.6240740734375 0.5145833328125 0.6240740734375 0.5140625 0.621296296875 0.4947916671875 0.621296296875 0.49427083281249995 0.6240740734375 0.4916666671875 0.6240740734375 0.4869791671875 0.6351851859375001 0.4869791671875 0.6916666671875 0.48854166718750003 0.6925925921875 0.48854166718750003 0.6972222218749999
0 0.1244791671875 0.3583333328125 0.1260416671875 0.35925925937500003 0.1260416671875 0.3638888890625 0.1286458328125 0.3638888890625 0.1291666671875 0.36666666718749996 0.1421875 0.372222221875 0.1427083328125 0.36944444375 0.1484375 0.36666666718749996 0.15625 0.352777778125 0.1578125 0.321296296875 0.15625 0.3203703703125 0.15625 0.3101851859375 0.15 0.29907407343750003 0.13229166718750002 0.29907407343750003 0.1317708328125 0.3018518515625 0.1291666671875 0.3018518515625 0.1244791671875 0.3129629625 0.1244791671875 0.3583333328125
0 0.34427083281250004 0.2 0.3447916671875 0.20277777812500003 0.359375 0.20277777812500003 0.35989583281250004 0.2 0.365625 0.2 0.3734375 0.18055555625 0.3734375 0.1574074078125 0.3703125 0.15092592656249998 0.36875 0.1379629625 0.365625 0.1324074078125 0.34322916718749996 0.1324074078125 0.3427083328125 0.1351851859375 0.3401041671875 0.1351851859375 0.3369791671875 0.14351851875 0.3369791671875 0.19444444375 0.3401041671875 0.2 0.34427083281250004 0.2
0 0.021875 0.25555555625 0.0265625 0.25 0.0265625 0.2453703703125 0.03125 0.23611111093749998 0.03125 0.22314814843750003 0.0328125 0.222222221875 0.03125 0.1990740734375 0.025 0.1879629625 0.008854167187500001 0.1879629625 0.0057291671875 0.19351851874999998 0.0057291671875 0.24722222187499998 0.010416667187500001 0.25555555625 0.021875 0.25555555625
0 0.1307291671875 0.1888888890625 0.1380208328125 0.1888888890625 0.1385416671875 0.1916666671875 0.146875 0.1916666671875 0.1546875 0.1861111109375 0.1578125 0.1703703703125 0.1625 0.1611111109375 0.1625 0.1490740734375 0.15625 0.13981481406250001 0.1546875 0.1324074078125 0.1307291671875 0.1324074078125 0.1302083328125 0.1351851859375 0.1260416671875 0.1351851859375 0.1260416671875 0.1425925921875 0.1244791671875 0.14351851875 0.1244791671875 0.175 0.1307291671875 0.1888888890625
0 0.8848958328125001 0.30555555624999997 0.8854166671874999 0.3083333328125 0.8984375 0.3083333328125 0.8989583328125 0.30555555624999997 0.9171875 0.302777778125 0.9177083328125001 0.3 0.921875 0.3 0.925 0.2916666671875 0.925 0.2740740734375 0.9171875 0.2546296296875 0.8885416671874999 0.2546296296875 0.8880208328125001 0.25740740781250004 0.8854166671874999 0.25740740781250004 0.8807291671874999 0.26851851875 0.8807291671874999 0.3 0.8822916671875 0.3009259265625 0.8822916671875 0.30555555624999997 0.8848958328125001 0.30555555624999997
0 0.4390625 0.7333333328125 0.43958333281249995 0.73055555625 0.4421875 0.73055555625 0.4484375 0.7194444437499999 0.45 0.703703703125 0.4515625 0.702777778125 0.4515625 0.6851851859375 0.45 0.684259259375 0.4484375 0.671296296875 0.4427083328125 0.66851851875 0.4421875 0.665740740625 0.4213541671875 0.665740740625 0.41822916718750003 0.671296296875 0.41822916718750003 0.7194444437499999 0.4291666671875 0.7333333328125 0.4390625 0.7333333328125
0 0.4635416671875 0.2888888890625 0.46979166718750004 0.3 0.4859375 0.3 0.48645833281249995 0.29722222187499997 0.4890625 0.29722222187499997 0.49375 0.2888888890625 0.49375 0.28148148125 0.496875 0.275 0.496875 0.25740740781250004 0.49375 0.2509259265625 0.4921875 0.2379629625 0.4875 0.23240740781250002 0.46510416718750003 0.23240740781250002 0.46197916718750004 0.2379629625 0.46197916718750004 0.2833333328125 0.4635416671875 0.284259259375 0.4635416671875 0.2888888890625
0 0.29635416718749996 0 0.2932291671875 0.004629629687499999 0.2932291671875 0.0333333328125 0.3010416671875 0.045370370312500005 0.3010416671875 0.05 0.3036458328125 0.05 0.30416666718749996 0.052777778124999994 0.3125 0.052777778124999994 0.31302083281250004 0.05 0.315625 0.05 0.3203125 0.0416666671875 0.3203125 0.037037037499999995 0.3234375 0.0333333328125 0.3234375 0.028703703125 0.325 0.027777778125000003 0.325 0.0018518515625 0.321875 0 0.29635416718749996 0
0 0.5885416671875 0.45555555625000005 0.5958333328125 0.45555555625000005 0.5963541671875 0.4583333328125 0.6 0.4583333328125 0.6005208328125 0.45555555625000005 0.609375 0.45555555625000005 0.61875 0.4388888890625 0.61875 0.434259259375 0.621875 0.427777778125 0.621875 0.4203703703125 0.6234375 0.41944444374999995 0.6203125 0.4046296296875 0.6171875 0.3990740734375 0.6072916671875 0.3990740734375 0.6067708328125 0.4018518515625 0.5942708328124999 0.4018518515625 0.59375 0.3990740734375 0.5885416671875 0.3990740734375 0.5880208328125 0.4018518515625 0.5822916671875 0.4018518515625 0.5822916671875 0.40648148125 0.5807291671875 0.4074074078125 0.5807291671875 0.44166666718750003 0.5885416671875 0.45555555625000005
0 0.35 0.0361111109375 0.3515625 0.0120370375 0.353125 0.0111111109375 0.353125 0.004629629687499999 0.3515625 0.0018518515625 0.3244791671875 0.0018518515625 0.3244791671875 0.0388888890625 0.32760416718749996 0.04444444375 0.34375 0.04444444375 0.35 0.0361111109375
0 0.1572916671875 0.21111111093749999 0.1770833328125 0.2138888890625 0.1776041671875 0.2166666671875 0.1921875 0.2138888890625 0.196875 0.197222221875 0.196875 0.1768518515625 0.1953125 0.1759259265625 0.1921875 0.1574074078125 0.1890625 0.1546296296875 0.1666666671875 0.1546296296875 0.1572916671875 0.16851851874999998 0.1572916671875 0.1759259265625 0.15572916718750002 0.1768518515625 0.15572916718750002 0.20555555625 0.1572916671875 0.21111111093749999
0 0.6635416671875001 0.16388888906250001 0.6677083328125 0.1666666671875 0.6697916671875 0.175 0.6739583328125 0.175 0.6744791671875 0.177777778125 0.6859375 0.175 0.6859375 0.1703703703125 0.690625 0.16388888906250001 0.690625 0.15925925937500002 0.69375 0.15555555625 0.69375 0.1481481484375 0.696875 0.1416666671875 0.69375 0.12407407343750002 0.6859375 0.1101851859375 0.6651041671875 0.1101851859375 0.6619791671875 0.11574074062499999 0.6619791671875 0.15555555625 0.6635416671875001 0.15648148125 0.6635416671875001 0.16388888906250001
0 0.38229166718749996 0.20833333281250002 0.3875 0.20833333281250002 0.3895833328125 0.20277777812500003 0.3921875 0.20277777812500003 0.3958333328125 0.19444444375 0.3984375 0.19444444375 0.40208333281249997 0.1861111109375 0.4057291671875 0.1898148140625 0.4057291671875 0.19444444375 0.40729166718750004 0.197222221875 0.4109375 0.19444444375 0.4125 0.171296296875 0.40625 0.1574074078125 0.4036458328125 0.1574074078125 0.403125 0.1546296296875 0.3776041671875 0.1546296296875 0.37447916718749996 0.1601851859375 0.37447916718749996 0.197222221875 0.3791666671875 0.20555555625 0.3817708328125 0.20555555625 0.38229166718749996 0.20833333281250002
0 0.1020833328125 0.0388888890625 0.10260416718750001 0.0416666671875 0.1109375 0.0416666671875 0.11145833281249999 0.0388888890625 0.1203125 0.0333333328125 0.125 0.019444443750000002 0.125 0.0018518515625 0.121875 0 0.0869791671875 0.0018518515625 0.0869791671875 0.022222221875 0.08854166718749999 0.0231481484375 0.08854166718749999 0.027777778125000003 0.1020833328125 0.0388888890625
0 0.3635416671875 0.075 0.3734375 0.075 0.37552083281250004 0.06944444375 0.38125 0.0666666671875 0.3828125 0.059259259375 0.3875 0.052777778124999994 0.3890625 0.0268518515625 0.3875 0.0259259265625 0.3875 0.015740740625 0.3828125 0.0101851859375 0.3635416671875 0.0129629625 0.3619791671875 0.021296296875000002 0.3619791671875 0.06944444375 0.3635416671875 0.075
0 0.3635416671875 0.5925925921874999 0.3604166671875 0.5990740734375 0.3604166671875 0.6083333328125 0.3661458328125 0.6083333328125 0.36666666718749996 0.6111111109375 0.3921875 0.6111111109375 0.3953125 0.6083333328125 0.3953125 0.6009259265625 0.396875 0.6 0.396875 0.56851851875 0.3953125 0.5675925921875 0.39375 0.5546296296875 0.3859375 0.54351851875 0.3526041671875 0.54351851875 0.3494791671875 0.5490740734374999 0.3494791671875 0.575 0.3526041671875 0.58055555625 0.3567708328125 0.58055555625 0.3635416671875 0.5925925921874999
0 0.49322916718750004 0.24444444375000002 0.5026041671875 0.2638888890625 0.5203125 0.2638888890625 0.5208333328125 0.2611111109375 0.5234375 0.2611111109375 0.5234375 0.25648148125 0.528125 0.25 0.53125 0.2203703703125 0.534375 0.21111111093749999 0.534375 0.1990740734375 0.53125 0.1925925921875 0.53125 0.1824074078125 0.5265625 0.1768518515625 0.5072916671875001 0.1768518515625 0.5067708328125 0.17962962968750001 0.4994791671875 0.17962962968750001 0.49895833281249996 0.1824074078125 0.49635416718750003 0.1824074078125 0.49322916718750004 0.190740740625 0.49322916718750004 0.24444444375000002
0 0.6916666671875 0.8416666671874999 0.7046875 0.8444444437499999 0.7052083328125 0.8416666671874999 0.715625 0.8361111109375001 0.71875 0.83055555625 0.71875 0.8101851859375 0.715625 0.8018518515625 0.7114583328124999 0.8018518515625 0.7109375 0.7990740734374999 0.6822916671875 0.7990740734374999 0.6807291671875 0.8018518515625 0.6807291671875 0.825 0.6838541671875 0.8333333328125001 0.6895833328125 0.8361111109375001 0.6916666671875 0.8416666671874999
0 0.425 0.5083333328124999 0.4359375 0.49444444374999996 0.4375 0.478703703125 0.4390625 0.477777778125 0.4390625 0.46481481406249997 0.440625 0.46388888906250003 0.440625 0.44907407343749994 0.4390625 0.4481481484375 0.4390625 0.440740740625 0.4359375 0.43240740781250003 0.41041666718750003 0.43240740781250003 0.40989583281249997 0.43518518593750005 0.40520833281249996 0.43518518593750005 0.4046875 0.43240740781250003 0.3947916671875 0.43240740781250003 0.3932291671875 0.43518518593750005 0.3932291671875 0.477777778125 0.4057291671875 0.5009259265625 0.40729166718750004 0.5083333328124999 0.425 0.5083333328124999
0 0.3572916671875 0.5851851859375 0.3572916671875 0.5981481484375 0.3557291671875 0.5990740734375 0.3572916671875 0.625 0.3635416671875 0.6333333328124999 0.3859375 0.6333333328124999 0.39375 0.61944444375 0.396875 0.6083333328125 0.396875 0.5981481484375 0.3984375 0.597222221875 0.3984375 0.5796296296875 0.396875 0.578703703125 0.396875 0.56851851875 0.39375 0.5546296296875 0.3859375 0.54351851875 0.3572916671875 0.54351851875 0.3557291671875 0.546296296875 0.3557291671875 0.575 0.35885416718749996 0.584259259375 0.3572916671875 0.5851851859375
0 0.7010416671875 0.225 0.709375 0.225 0.721875 0.20555555625 0.721875 0.2009259265625 0.7234375 0.2 0.7234375 0.190740740625 0.7203125 0.1870370375 0.7203125 0.1824074078125 0.7171875 0.1768518515625 0.7010416671875 0.1768518515625 0.6994791671875 0.17962962968750001 0.6994791671875 0.21944444375 0.7010416671875 0.2203703703125 0.7010416671875 0.225
0 0.3447916671875 0.475 0.3546875 0.475 0.3578125 0.46388888906250003 0.359375 0.4453703703125 0.3609375 0.44444444375 0.3609375 0.4240740734375 0.3578125 0.42129629687500003 0.3463541671875 0.42129629687500003 0.3369791671875 0.43518518593750005 0.3369791671875 0.46388888906250003 0.34427083281250004 0.46944444374999994 0.3447916671875 0.475
0 0.3921875 0.8638888890624999 0.3921875 0.8574074078124999 0.390625 0.8546296296874999 0.3697916671875 0.8546296296874999 0.3682291671875 0.875 0.3697916671875 0.877777778125 0.38125 0.877777778125 0.3848958328125 0.86944444375 0.3921875 0.8638888890624999
0 0.9994791671875 0.64444444375 0.9994791671875 0.621296296875 0.9744791671874999 0.621296296875 0.9739583328125001 0.6240740734375 0.9697916671875 0.6240740734375 0.9682291671875 0.6296296296875 0.9682291671875 0.6611111109375 0.9713541671874999 0.6666666671875 0.9796875 0.6638888890625 0.9864583328125001 0.647222221875 0.9994791671875 0.64444444375
0 0.4947916671875 0.252777778125 0.5005208328124999 0.25833333281250004 0.5010416671875 0.2638888890625 0.5052083328125 0.2638888890625 0.5057291671875 0.2666666671875 0.5234375 0.2638888890625 0.5296875 0.252777778125 0.5296875 0.2453703703125 0.53125 0.24444444375000002 0.5296875 0.2259259265625 0.534375 0.2046296296875 0.5296875 0.1990740734375 0.4947916671875 0.1990740734375 0.49322916718750004 0.2018518515625 0.49322916718750004 0.24444444375000002 0.4947916671875 0.2453703703125 0.4947916671875 0.252777778125
0 0.7114583328124999 0.16388888906250001 0.7119791671875 0.1666666671875 0.7203125 0.16388888906250001 0.7328125 0.1416666671875 0.7328125 0.1296296296875 0.728125 0.12129629687500001 0.7072916671875 0.12129629687500001 0.7057291671875 0.12407407343750002 0.7057291671875 0.1583333328125 0.7072916671875 0.15925925937500002 0.7072916671875 0.16388888906250001 0.7114583328124999 0.16388888906250001
0 0.3932291671875 0.2166666671875 0.3947916671875 0.21944444375 0.403125 0.21944444375 0.40833333281249995 0.20833333281250002 0.4109375 0.20833333281250002 0.4125 0.20277777812500003 0.4125 0.16851851874999998 0.4109375 0.165740740625 0.3994791671875 0.16851851874999998 0.3994791671875 0.18148148125000002 0.3932291671875 0.19351851874999998 0.3932291671875 0.2166666671875
0 0.3635416671875 0.5888888890625 0.3723958328125 0.5888888890625 0.3729166671875 0.5916666671875 0.3802083328125 0.5916666671875 0.3807291671875 0.5944444437499999 0.3953125 0.5944444437499999 0.396875 0.56851851875 0.3890625 0.546296296875 0.3859375 0.54351851875 0.3526041671875 0.54351851875 0.3494791671875 0.5490740734374999 0.3494791671875 0.575 0.3526041671875 0.58055555625 0.3614583328125 0.5833333328125 0.3635416671875 0.5888888890625
0 0.4322916671875 0.8222222218749999 0.4348958328125 0.8222222218749999 0.4447916671875 0.8416666671874999 0.45625 0.8416666671874999 0.45677083281249997 0.8388888890624999 0.459375 0.8388888890624999 0.4625 0.83055555625 0.4625 0.8231481484375 0.4671875 0.8111111109375001 0.4671875 0.8018518515625 0.4640625 0.7981481484375 0.4640625 0.79351851875 0.459375 0.7879629625 0.4322916671875 0.7879629625 0.43072916718750004 0.790740740625 0.43072916718750004 0.8166666671874999 0.4322916671875 0.8175925921875 0.4322916671875 0.8222222218749999
0 0.1921875 0.21296296250000002 0.1890625 0.2101851859375 0.1697916671875 0.2101851859375 0.1682291671875 0.21296296250000002 0.1682291671875 0.23055555625 0.1760416671875 0.23611111093749998 0.1859375 0.23333333281250002 0.190625 0.225 0.1921875 0.21296296250000002
0 0.3557291671875 0.61944444375 0.3572916671875 0.6203703703125 0.3572916671875 0.625 0.3635416671875 0.6333333328124999 0.3859375 0.6333333328124999 0.39375 0.61944444375 0.3953125 0.60648148125 0.396875 0.60555555625 0.396875 0.571296296875 0.3921875 0.565740740625 0.35885416718749996 0.565740740625 0.3572916671875 0.56851851875 0.35885416718749996 0.5898148140624999 0.3557291671875 0.5990740734375 0.3557291671875 0.61944444375
0 0.3885416671875 0.1898148140625 0.3869791671875 0.190740740625 0.3869791671875 0.19444444375 0.3885416671875 0.19537037031249999 0.3885416671875 0.20833333281250002 0.3947916671875 0.21944444375 0.4 0.21944444375 0.40052083281249995 0.2166666671875 0.403125 0.2166666671875 0.4125 0.197222221875 0.4125 0.16851851874999998 0.40625 0.1574074078125 0.4036458328125 0.1574074078125 0.403125 0.1546296296875 0.3885416671875 0.1546296296875 0.3869791671875 0.1574074078125 0.3869791671875 0.18055555625 0.3885416671875 0.18148148125000002 0.3885416671875 0.1898148140625
0 0.0953125 0.652777778125 0.0958333328125 0.65 0.0979166671875 0.652777778125 0.115625 0.652777778125 0.1208333328125 0.64444444375 0.125 0.64444444375 0.1270833328125 0.6388888890625 0.1296875 0.6388888890625 0.1359375 0.627777778125 0.1375 0.6018518515625 0.1359375 0.6009259265625 0.1359375 0.590740740625 0.13125 0.5879629625 0.09635416718749999 0.5879629625 0.0916666671875 0.590740740625 0.0869791671875 0.6046296296875 0.08854166718749999 0.6361111109375 0.0901041671875 0.6370370375000001 0.08854166718749999 0.652777778125 0.0953125 0.652777778125
0 0.703125 0.24444444375000002 0.7046875 0.2416666671875 0.7046875 0.23148148124999998 0.70625 0.23055555625 0.70625 0.22685185156249998 0.703125 0.221296296875 0.6947916671875001 0.221296296875 0.6932291671875 0.22407407343750002 0.6932291671875 0.2416666671875 0.6963541671875 0.24722222187499998 0.703125 0.24444444375000002
0 0.16875 0.21111111093749999 0.17239583281249998 0.20555555625 0.1859375 0.20833333281250002 0.1859375 0.2009259265625 0.1875 0.2 0.1875 0.1574074078125 0.1859375 0.1546296296875 0.1619791671875 0.1574074078125 0.15572916718750002 0.1740740734375 0.15572916718750002 0.20833333281250002 0.1572916671875 0.21111111093749999 0.16875 0.21111111093749999
0 0.0296875 0.43518518593750005 0.0265625 0.43148148124999997 0.0265625 0.4268518515625 0.0234375 0.42129629687500003 0.0135416671875 0.42129629687500003 0.0119791671875 0.45 0.0151041671875 0.45555555625000005 0.028125 0.45277777812500003 0.0296875 0.43518518593750005