0 0.8744791671875 0.6796296296875 0.8744791671875 0.727777778125 0.8776041671874999 0.7333333328125 0.8802083328125001 0.7333333328125 0.8807291671874999 0.7361111109375 0.8833333328125 0.7361111109375 0.8885416671874999 0.74444444375 0.8927083328125001 0.74444444375 0.8932291671874999 0.747222221875 0.9 0.747222221875 0.9005208328125001 0.74444444375 0.909375 0.7416666671875001 0.9130208328125 0.7333333328125 0.915625 0.7333333328125 0.91875 0.727777778125 0.91875 0.7231481484375 0.9234375 0.7111111109375 0.9234375 0.7009259265625001 0.925 0.7 0.9234375 0.6796296296875 0.915625 0.665740740625 0.8822916671875 0.665740740625 0.8786458328125001 0.6740740734374999 0.8760416671875 0.6740740734374999 0.8760416671875 0.678703703125 0.8744791671875 0.6796296296875
0 0.6135416671875 0.3583333328125 0.6182291671875 0.3638888890625 0.6265625 0.3638888890625 0.6302083328125 0.3583333328125 0.634375 0.3583333328125 0.64375 0.33888888906250003 0.64375 0.3240740734375 0.6421875 0.3231481484375 0.640625 0.3046296296875 0.6375 0.29907407343750003 0.6151041671875 0.29907407343750003 0.6119791671875 0.3046296296875 0.6119791671875 0.352777778125 0.6135416671875 0.353703703125 0.6135416671875 0.3583333328125
0 0.2442708328125 0.4888888890625 0.24479166718749998 0.4916666671875 0.2546875 0.4916666671875 0.2552083328125 0.4888888890625 0.2609375 0.4888888890625 0.26614583281250004 0.477777778125 0.26875 0.477777778125 0.2703125 0.4703703703125 0.275 0.46388888906250003 0.275 0.43240740781250003 0.2671875 0.42129629687500003 0.2401041671875 0.42129629687500003 0.23697916718749998 0.4268518515625 0.23697916718749998 0.48333333281249996 0.2401041671875 0.4888888890625 0.2442708328125 0.4888888890625
0 0.5348958328125 0.7666666671875 0.5385416671875001 0.772222221875 0.5427083328125 0.772222221875 0.5432291671875 0.775 0.55 0.775 0.5505208328125 0.772222221875 0.5546875 0.772222221875 0.5552083328124999 0.76944444375 0.5609375 0.7666666671875 0.56875 0.752777778125 0.5703125 0.734259259375 0.5734375 0.727777778125 0.5734375 0.7018518515625 0.5703125 0.6981481484375001 0.5703125 0.69351851875 0.5671875 0.6879629625 0.5307291671875001 0.6879629625 0.5302083328125 0.690740740625 0.5276041671875 0.690740740625 0.5244791671875 0.6990740734374999 0.5244791671875 0.752777778125 0.5322916671875 0.7666666671875 0.5348958328125 0.7666666671875
0 0.3260416671875 0.2009259265625 0.32760416718749996 0.20833333281250002 0.3333333328125 0.20833333281250002 0.3338541671875 0.21111111093749999 0.3546875 0.21111111093749999 0.3625 0.197222221875 0.3625 0.171296296875 0.3546875 0.1546296296875 0.3307291671875 0.1546296296875 0.3302083328125 0.1574074078125 0.32760416718749996 0.1574074078125 0.3260416671875 0.1648148140625 0.3244791671875 0.165740740625 0.3244791671875 0.2 0.3260416671875 0.2009259265625
0 0.9697916671875 0.38333333281250004 0.9723958328125001 0.38333333281250004 0.9760416671875 0.3888888890625 0.9859375 0.3888888890625 0.9864583328125001 0.3861111109375 0.9890625 0.3861111109375 0.9958333328125001 0.372222221875 0.9994791671875 0.372222221875 0.9994791671875 0.32685185156249996 0.9942708328125001 0.3240740734375 0.99375 0.321296296875 0.9682291671875 0.321296296875 0.9677083328125 0.3240740734375 0.9635416671874999 0.32685185156249996 0.9635416671874999 0.33148148125 0.9619791671875 0.3324074078125 0.9619791671875 0.36666666718749996 0.9697916671875 0.38333333281250004
0 0.6270833328125 0.9361111109375001 0.6276041671875 0.9388888890624999 0.6359375 0.9388888890624999 0.6364583328125 0.9361111109375001 0.6421875 0.9361111109375001 0.6484375 0.9305555562500001 0.6546875 0.9111111109375001 0.6546875 0.8879629625 0.653125 0.8870370375000001 0.653125 0.8796296296874999 0.65 0.8759259265624999 0.65 0.86851851875 0.646875 0.865740740625 0.6151041671875 0.865740740625 0.6119791671875 0.871296296875 0.6119791671875 0.91944444375 0.6197916671875 0.9333333328125001 0.6270833328125 0.9361111109375001
0 0.7072916671875 0.31944444375000003 0.7119791671875 0.32592592656249997 0.7119791671875 0.33055555625 0.7145833328125 0.33055555625 0.7182291671875001 0.3361111109375 0.73125 0.3361111109375 0.7317708328125 0.3333333328125 0.7359375 0.3333333328125 0.74375 0.31944444375000003 0.74375 0.3120370375 0.7453125 0.3111111109375 0.7453125 0.29351851875 0.74375 0.2925925921875 0.7421875 0.2796296296875 0.7328125 0.26851851875 0.7088541671875 0.26574074062499997 0.7057291671875 0.271296296875 0.7057291671875 0.3138888890625 0.7072916671875 0.3148148140625 0.7072916671875 0.31944444375000003
0 0.9322916671874999 0 0.9244791671874999 0.0129629625 0.9244791671874999 0.0416666671875 0.9322916671874999 0.055555556250000006 0.9348958328125001 0.055555556250000006 0.9385416671875 0.061111110937500004 0.946875 0.061111110937500004 0.9473958328125001 0.058333332812500006 0.9546875 0.055555556250000006 0.9578125 0.05 0.9578125 0.045370370312500005 0.9609375 0.0416666671875 0.9609375 0.037037037499999995 0.9640625 0.0333333328125 0.9640625 0.028703703125 0.965625 0.027777778125000003 0.965625 0.015740740625 0.9640625 0.0148148140625 0.9625 0.004629629687499999 0.959375 0 0.9322916671874999 0
0 0.30416666718749996 0.502777778125 0.321875 0.502777778125 0.3223958328125 0.5 0.328125 0.5 0.3359375 0.4861111109375 0.3359375 0.478703703125 0.3375 0.477777778125 0.3375 0.44629629687500005 0.3296875 0.43240740781250003 0.30416666718749996 0.43240740781250003 0.3036458328125 0.43518518593750005 0.3010416671875 0.43518518593750005 0.3010416671875 0.43981481406249995 0.2994791671875 0.440740740625 0.2994791671875 0.497222221875 0.30416666718749996 0.502777778125
0 0.6171875 0.827777778125 0.61875 0.8222222218749999 0.61875 0.790740740625 0.6171875 0.7879629625 0.5822916671875 0.7879629625 0.5807291671875 0.790740740625 0.5822916671875 0.8333333328125001 0.5901041671875 0.8388888890624999 0.603125 0.8388888890624999 0.6171875 0.827777778125
0 0.3723958328125 0.752777778125 0.3729166671875 0.75555555625 0.384375 0.75555555625 0.3848958328125 0.752777778125 0.390625 0.75 0.3942708328125 0.7416666671875001 0.396875 0.7416666671875001 0.396875 0.7370370375 0.4 0.73055555625 0.4 0.7148148140624999 0.4015625 0.7138888890625 0.4 0.6824074078125 0.3953125 0.6768518515624999 0.3697916671875 0.6768518515624999 0.3619791671875 0.69351851875 0.3619791671875 0.7388888890625 0.3682291671875 0.752777778125 0.3723958328125 0.752777778125
0 0.31979166718749996 0.2638888890625 0.3359375 0.2638888890625 0.33645833281250004 0.2611111109375 0.3421875 0.25833333281250004 0.3453125 0.252777778125 0.3453125 0.24814814843750002 0.35 0.2416666671875 0.35 0.22685185156249998 0.3421875 0.2101851859375 0.3166666671875 0.2101851859375 0.3161458328125 0.21296296250000002 0.3135416671875 0.21296296250000002 0.3135416671875 0.2175925921875 0.31197916718749996 0.21851851875 0.31197916718749996 0.252777778125 0.3151041671875 0.25833333281250004 0.3177083328125 0.25833333281250004 0.31979166718749996 0.2638888890625
0 0.8994791671875 0.8074074078125 0.8994791671875 0.8638888890624999 0.9088541671874999 0.877777778125 0.9234375 0.877777778125 0.9239583328125001 0.875 0.9265625 0.875 0.928125 0.8675925921875001 0.93125 0.8638888890624999 0.93125 0.8462962968750001 0.9286458328125 0.8462962968750001 0.928125 0.840740740625 0.9265625 0.8398148140625 0.9265625 0.828703703125 0.93125 0.8222222218749999 0.93125 0.8046296296875 0.9296875 0.8018518515625 0.9255208328125001 0.8018518515625 0.925 0.7990740734374999 0.9041666671874999 0.7990740734374999 0.9036458328125001 0.8018518515625 0.9010416671874999 0.8018518515625 0.9010416671874999 0.80648148125 0.8994791671875 0.8074074078125
0 0.8760416671875 0.3583333328125 0.8791666671874999 0.3638888890625 0.8921875 0.3638888890625 0.9 0.34722222187499996 0.9 0.3398148140625 0.903125 0.33055555625 0.9015625 0.315740740625 0.8984375 0.3101851859375 0.8760416671875 0.3101851859375 0.8744791671875 0.3129629625 0.8744791671875 0.352777778125 0.8760416671875 0.353703703125 0.8760416671875 0.3583333328125
0 0.4859375 0.6416666671875 0.4875 0.61851851875 0.484375 0.6101851859375 0.45885416718750005 0.6101851859375 0.4557291671875 0.615740740625 0.4557291671875 0.6416666671875 0.45729166718750003 0.64444444375 0.478125 0.647222221875 0.4859375 0.6416666671875
0 0.7302083328125 0.752777778125 0.7328125 0.752777778125 0.7375 0.74444444375 0.7375 0.7212962968750001 0.7328125 0.7129629625 0.7302083328125 0.7129629625 0.7296875 0.7101851859375 0.7088541671875 0.7101851859375 0.7057291671875 0.715740740625 0.7057291671875 0.75 0.7088541671875 0.75555555625 0.7296875 0.75555555625 0.7302083328125 0.752777778125
0 0.2557291671875 0.51944444375 0.25729166718749996 0.5203703703125 0.25729166718749996 0.525 0.26510416718749996 0.5333333328125 0.28125 0.5333333328125 0.2859375 0.525 0.2875 0.509259259375 0.2890625 0.5083333328124999 0.2875 0.4796296296875 0.2859375 0.4768518515625 0.26510416718749996 0.4768518515625 0.2614583328125 0.48518518593750004 0.2588541671875 0.48518518593750004 0.2557291671875 0.490740740625 0.2557291671875 0.51944444375
0 0.5697916671875001 0.0648148140625 0.5697916671875001 0.06944444375 0.5791666671875 0.08055555625000001 0.5921875 0.08055555625000001 0.5984375 0.0638888890625 0.5984375 0.0379629625 0.596875 0.037037037499999995 0.5953125 0.0268518515625 0.5921875 0.021296296875000002 0.5729166671875 0.021296296875000002 0.5723958328125 0.0240740734375 0.5697916671875001 0.0240740734375 0.5697916671875001 0.028703703125 0.5682291671875 0.0296296296875 0.5682291671875 0.0638888890625 0.5697916671875001 0.0648148140625
0 0.6880208328124999 0.5796296296875 0.6838541671875 0.5796296296875 0.6760416671875 0.5935185187500001 0.6760416671875 0.5981481484375 0.6744791671875 0.5990740734375 0.6744791671875 0.63055555625 0.6760416671875 0.63148148125 0.6760416671875 0.6361111109375 0.6791666671875001 0.6370370375000001 0.6791666671875001 0.6416666671875 0.6817708328125 0.6416666671875 0.6822916671875 0.64444444375 0.69375 0.64444444375 0.7078125 0.622222221875 0.7078125 0.6175925921875 0.7109375 0.6111111109375 0.7109375 0.5990740734375 0.709375 0.5981481484375 0.709375 0.590740740625 0.7078125 0.5898148140624999 0.70625 0.5796296296875 0.7036458328124999 0.5796296296875 0.703125 0.5768518515625 0.6885416671875 0.5768518515625 0.6880208328124999 0.5796296296875
0 0.5822916671875 0.35555555625 0.5880208328125 0.3583333328125 0.5901041671875 0.3638888890625 0.5942708328124999 0.3638888890625 0.5947916671875 0.36666666718749996 0.6046875 0.3638888890625 0.60625 0.35648148125 0.609375 0.352777778125 0.6078125 0.3046296296875 0.6046875 0.29907407343750003 0.5807291671875 0.29907407343750003 0.5802083328125 0.3018518515625 0.5760416671875 0.3018518515625 0.5760416671875 0.309259259375 0.5744791671875 0.3101851859375 0.5744791671875 0.3416666671875 0.5822916671875 0.35555555625
0 0.08854166718749999 0.6083333328125 0.0958333328125 0.6111111109375 0.09635416718749999 0.6138888890625 0.10625 0.6138888890625 0.1109375 0.60555555625 0.1109375 0.5935185187500001 0.1046875 0.5824074078125 0.1020833328125 0.5824074078125 0.1015625 0.5768518515625 0.096875 0.56851851875 0.08854166718749999 0.565740740625 0.0869791671875 0.56851851875 0.0869791671875 0.6 0.08854166718749999 0.6009259265625 0.08854166718749999 0.6083333328125
0 0.440625 0.9472222218749999 0.4453125 0.9416666671874999 0.44375 0.9240740734375 0.44114583281249997 0.9240740734375 0.4375 0.9148148140625001 0.4390625 0.9037037031249999 0.44375 0.9 0.44375 0.890740740625 0.4291666671875 0.8879629625 0.4244791671875 0.8990740734375 0.4244791671875 0.9416666671874999 0.43072916718750004 0.9472222218749999 0.440625 0.9472222218749999
0 0.2338541671875 0.397222221875 0.24114583281250002 0.397222221875 0.2416666671875 0.4 0.2546875 0.397222221875 0.2598958328125 0.3861111109375 0.2640625 0.38333333281250004 0.259375 0.3648148140625 0.259375 0.3490740734375 0.2546875 0.34351851875 0.2416666671875 0.34351851875 0.24114583281250002 0.34629629687499996 0.23072916718749997 0.34351851875 0.2260416671875 0.34629629687499996 0.2244791671875 0.3518518515625 0.2244791671875 0.38333333281250004 0.2260416671875 0.3888888890625 0.23177083281250002 0.3916666671875 0.2338541671875 0.397222221875
0 0.8421875 0.302777778125 0.8515625 0.28611111093749997 0.8515625 0.2740740734375 0.85 0.26851851875 0.8453125 0.26574074062499997 0.8322916671874999 0.26574074062499997 0.8307291671874999 0.26851851875 0.8307291671874999 0.29722222187499997 0.8322916671874999 0.302777778125 0.8421875 0.302777778125
0 0.11614583281249999 0.6796296296875 0.1135416671875 0.6796296296875 0.1135416671875 0.684259259375 0.1119791671875 0.6851851859375 0.1119791671875 0.7194444437499999 0.1166666671875 0.73055555625 0.1234375 0.7333333328125 0.13125 0.725 0.1328125 0.7148148140624999 0.140625 0.7 0.140625 0.6870370375 0.1421875 0.6861111109375 0.140625 0.6796296296875 0.1364583328125 0.6796296296875 0.1359375 0.6768518515624999 0.1166666671875 0.6768518515624999 0.11614583281249999 0.6796296296875
0 0.5932291671875001 0.15277777812499999 0.5984375 0.15277777812499999 0.6046875 0.1416666671875 0.6046875 0.12407407343750002 0.6015625 0.1203703703125 0.6015625 0.11574074062499999 0.596875 0.1101851859375 0.5697916671875001 0.1101851859375 0.5682291671875 0.1129629625 0.5682291671875 0.1416666671875 0.5729166671875 0.147222221875 0.5911458328125 0.147222221875 0.5932291671875001 0.15277777812499999
0 0.6109375 0.45 0.6171875 0.44166666718750003 0.6171875 0.415740740625 0.6125 0.41018518593750003 0.6010416671875001 0.41018518593750003 0.5994791671875 0.4129629625 0.5994791671875 0.44166666718750003 0.6041666671875 0.45 0.6109375 0.45
0 0.178125 0.477777778125 0.1859375 0.46388888906250003 0.1859375 0.44629629687500005 0.1828125 0.43518518593750005 0.1796875 0.43240740781250003 0.1697916671875 0.43240740781250003 0.1682291671875 0.43518518593750005 0.1682291671875 0.47222222187499996 0.17135416718750002 0.477777778125 0.178125 0.477777778125
0 0.16875 0.45277777812500003 0.16875 0.4240740734375 0.1572916671875 0.42129629687500003 0.15572916718750002 0.45277777812500003 0.1588541671875 0.4583333328125 0.165625 0.4583333328125 0.16875 0.45277777812500003
0 0.5744791671875 0.146296296875 0.5760416671875 0.172222221875 0.5776041671875001 0.175 0.590625 0.175 0.5942708328124999 0.1666666671875 0.6 0.1611111109375 0.6 0.15370370312499998 0.6015625 0.15277777812499999 0.6015625 0.1453703703125 0.6046875 0.1416666671875 0.6046875 0.1351851859375 0.5885416671875 0.1324074078125 0.5848958328125 0.1379629625 0.5776041671875001 0.1379629625 0.5744791671875 0.146296296875
0 0.0734375 0.875 0.0734375 0.86851851875 0.0703125 0.8648148140625 0.065625 0.8462962968750001 0.0625 0.8435185187500001 0.051041667187499994 0.8435185187500001 0.0494791671875 0.8462962968750001 0.0494791671875 0.875 0.051041667187499994 0.877777778125 0.065625 0.88055555625 0.0734375 0.875
0 0.1921875 0.32777777812500003 0.1984375 0.3083333328125 0.2 0.29351851875 0.19375 0.28796296250000003 0.1885416671875 0.28796296250000003 0.18697916718750002 0.290740740625 0.18697916718750002 0.322222221875 0.1885416671875 0.32777777812500003 0.1921875 0.32777777812500003
0 0.9572916671874999 0.6175925921875 0.9572916671874999 0.622222221875 0.9635416671874999 0.6333333328124999 0.9661458328125001 0.6333333328124999 0.9697916671875 0.6388888890625 0.978125 0.6388888890625 0.98125 0.6259259265625 0.9828125 0.625 0.9828125 0.6175925921875 0.984375 0.6166666671875001 0.984375 0.6046296296875 0.9828125 0.603703703125 0.9828125 0.5990740734375 0.96875 0.5768518515625 0.9572916671874999 0.5796296296875 0.9572916671874999 0.5870370375 0.9557291671874999 0.5879629625 0.9557291671874999 0.6166666671875001 0.9572916671874999 0.6175925921875
0 0.396875 0.5611111109375 0.396875 0.5490740734374999 0.3885416671875 0.54351851875 0.3869791671875 0.5638888890625 0.3885416671875 0.5694444437499999 0.3921875 0.5694444437499999 0.396875 0.5611111109375
0 0.48229166718750005 0.23611111093749998 0.4921875 0.23333333281250002 0.4953125 0.225 0.49375 0.2018518515625 0.4760416671875 0.1990740734375 0.47447916718750005 0.2018518515625 0.4760416671875 0.23333333281250002 0.4817708328125 0.23333333281250002 0.48229166718750005 0.23611111093749998
0 0.7260416671875001 0.95648148125 0.7244791671875 0.9574074078124999 0.7260416671875001 0.997222221875 0.74375 0.997222221875 0.7453125 0.990740740625 0.7421875 0.9851851859374999 0.7395833328125 0.9851851859374999 0.7390625 0.98148148125 0.74375 0.975 0.74375 0.9703703703125001 0.7484375 0.9638888890624999 0.7484375 0.9574074078124999 0.746875 0.95648148125 0.746875 0.9518518515625001 0.7421875 0.94351851875 0.7322916671875 0.94351851875 0.7317708328125 0.946296296875 0.7291666671875 0.946296296875 0.7260416671875001 0.9518518515625001 0.7260416671875001 0.95648148125
0 0.5552083328124999 0.1916666671875 0.559375 0.1916666671875 0.5671875 0.1833333328125 0.5671875 0.1629629625 0.565625 0.1620370375 0.565625 0.1518518515625 0.5625 0.146296296875 0.5598958328125 0.146296296875 0.559375 0.14351851875 0.5401041671875 0.14351851875 0.5369791671875 0.1490740734375 0.5369791671875 0.175 0.5447916671875 0.1888888890625 0.5546875 0.19444444375 0.5552083328124999 0.1916666671875
0 0.9296875 0.365740740625 0.9197916671874999 0.365740740625 0.9182291671874999 0.36851851875 0.9197916671874999 0.38333333281250004 0.9234375 0.38333333281250004 0.93125 0.375 0.9296875 0.365740740625