0 0.3135416671875 0.0425925921875 0.3135416671875 0.047222221875 0.31979166718749996 0.055555556250000006 0.34375 0.055555556250000006 0.35 0.047222221875 0.35 0.0425925921875 0.3546875 0.0333333328125 0.3546875 0.015740740625 0.35 0.009259259374999999 0.3484375 0.0018518515625 0.31979166718749996 0 0.3135416671875 0.004629629687499999 0.3135416671875 0.0148148140625 0.31197916718749996 0.015740740625 0.31197916718749996 0.0416666671875 0.3135416671875 0.0425925921875
0 0.013020832812499999 0.9361111109375001 0.0135416671875 0.9388888890624999 0.0203125 0.9388888890624999 0.0208333328125 0.9361111109375001 0.025 0.9361111109375001 0.025520832812499998 0.9333333328125001 0.0328125 0.9305555562500001 0.0375 0.922222221875 0.0390625 0.909259259375 0.040625 0.9083333328125001 0.040625 0.89351851875 0.0390625 0.8925925921875001 0.0375 0.8824074078124999 0.0234375 0.865740740625 0.007291667187500001 0.865740740625 0.0057291671875 0.86851851875 0.0057291671875 0.9305555562500001 0.008854167187500001 0.9361111109375001 0.013020832812499999 0.9361111109375001
0 0.0322916671875 0.13888888906250002 0.0354166671875 0.14444444375 0.0427083328125 0.147222221875 0.0432291671875 0.15 0.0546875 0.15 0.055208332812500004 0.147222221875 0.0609375 0.14444444375 0.0625 0.13703703750000001 0.0671875 0.13055555624999998 0.0671875 0.1231481484375 0.06875 0.12222222187500001 0.0671875 0.09074074062500001 0.0578125 0.07685185156249999 0.0338541671875 0.07685185156249999 0.0307291671875 0.0824074078125 0.0307291671875 0.13333333281249998 0.0322916671875 0.134259259375 0.0322916671875 0.13888888906250002
0 0.05 0.6888888890625 0.050520832812500006 0.6861111109375 0.0546875 0.6861111109375 0.0625 0.672222221875 0.0625 0.6648148140625 0.0640625 0.6638888890625 0.0640625 0.6537037031249999 0.065625 0.652777778125 0.065625 0.646296296875 0.0625 0.6398148140625 0.0625 0.6324074078125 0.0578125 0.6240740734375 0.055208332812500004 0.6240740734375 0.0546875 0.621296296875 0.0276041671875 0.621296296875 0.0244791671875 0.6268518515625 0.0244791671875 0.675 0.0338541671875 0.6888888890625 0.05 0.6888888890625
0 0.8875 0.12407407343750002 0.8760416671875 0.12129629687500001 0.8744791671875 0.1416666671875 0.884375 0.14444444375 0.8875 0.13888888906250002 0.8875 0.12407407343750002
0 0.79375 0.13703703750000001 0.7984375 0.13055555624999998 0.796875 0.12129629687500001 0.7822916671875 0.12129629687500001 0.7807291671875001 0.12407407343750002 0.7822916671875 0.1416666671875 0.7869791671875 0.14444444375 0.79375 0.1416666671875 0.79375 0.13703703750000001
0 0.8515625 0.11944444375 0.8546875 0.10185185156250001 0.8447916671875 0.0990740734375 0.8432291671875 0.10185185156250001 0.8432291671875 0.11944444375 0.8484375 0.12222222187500001 0.8515625 0.11944444375
0 0.9421875 0.20833333281250002 0.940625 0.1990740734375 0.9260416671874999 0.1990740734375 0.9244791671874999 0.2018518515625 0.9260416671874999 0.21944444375 0.9359375 0.2166666671875 0.9380208328125 0.21111111093749999 0.9421875 0.20833333281250002
0 0.6864583328125 0.3 0.6885416671875 0.30555555624999997 0.6927083328125 0.30555555624999997 0.6932291671875 0.3083333328125 0.7046875 0.30555555624999997 0.7052083328125 0.302777778125 0.7171875 0.29722222187499997 0.7171875 0.2925925921875 0.721875 0.28611111093749997 0.721875 0.26851851875 0.7203125 0.2675925921875 0.71875 0.25740740781250004 0.709375 0.246296296875 0.6885416671875 0.24351851875000002 0.6869791671875001 0.2509259265625 0.6807291671875 0.25740740781250004 0.6807291671875 0.2888888890625 0.6822916671875 0.2898148140625 0.6822916671875 0.29722222187499997 0.6864583328125 0.3
0 0.7484375 0.1666666671875 0.75625 0.15277777812499999 0.75625 0.12407407343750002 0.7546875 0.12129629687500001 0.7385416671875 0.12129629687500001 0.7369791671875 0.12407407343750002 0.7369791671875 0.1583333328125 0.7416666671875001 0.1666666671875 0.7484375 0.1666666671875
0 0.08541666718749999 0.077777778125 0.0984375 0.077777778125 0.1020833328125 0.06944444375 0.1171875 0.061111110937500004 0.121875 0.052777778124999994 0.121875 0.0425925921875 0.1234375 0.0416666671875 0.121875 0.0268518515625 0.1145833328125 0.0268518515625 0.1109375 0.021296296875000002 0.0869791671875 0.021296296875000002 0.08072916718749999 0.0324074078125 0.08072916718749999 0.0666666671875 0.0822916671875 0.0675925921875 0.0822916671875 0.075 0.08541666718749999 0.077777778125
0 0.5828125 0.33888888906250003 0.5848958328125 0.3333333328125 0.5921875 0.33055555625 0.5958333328125 0.325 0.6036458328125 0.325 0.6072916671875 0.3333333328125 0.6109375 0.3333333328125 0.6130208328125 0.32777777812500003 0.615625 0.32777777812500003 0.6171875 0.322222221875 0.6171875 0.3046296296875 0.609375 0.2796296296875 0.60625 0.2768518515625 0.5697916671875001 0.2796296296875 0.5697916671875001 0.2870370375 0.5682291671875 0.28796296250000003 0.5697916671875001 0.33888888906250003 0.5828125 0.33888888906250003
0 0.47552083281249996 0.5833333328125 0.478125 0.5833333328125 0.4859375 0.5666666671875 0.4859375 0.5574074078125 0.484375 0.5546296296875 0.4635416671875 0.5546296296875 0.46197916718750004 0.5574074078125 0.46197916718750004 0.575 0.46666666718750005 0.5861111109375 0.475 0.5861111109375 0.47552083281249996 0.5833333328125
0 0.1776041671875 0.2888888890625 0.18020833281249998 0.2888888890625 0.1901041671875 0.3083333328125 0.2 0.3083333328125 0.2125 0.29444444375 0.2125 0.2898148140625 0.215625 0.2833333328125 0.215625 0.2703703703125 0.2171875 0.26944444375 0.2171875 0.25740740781250004 0.215625 0.25648148125 0.215625 0.246296296875 0.2140625 0.2453703703125 0.2125 0.23518518593749999 0.20989583281250002 0.23518518593749999 0.209375 0.23240740781250002 0.17916666718750002 0.23240740781250002 0.1786458328125 0.23518518593749999 0.1760416671875 0.23518518593749999 0.1760416671875 0.2398148140625 0.1744791671875 0.240740740625 0.1744791671875 0.2833333328125 0.1776041671875 0.2888888890625
0 0.265625 0.177777778125 0.26875 0.16944444375 0.2671875 0.146296296875 0.2630208328125 0.146296296875 0.2625 0.14351851875 0.2510416671875 0.14351851875 0.2494791671875 0.146296296875 0.2494791671875 0.175 0.2526041671875 0.18055555625 0.265625 0.177777778125
0 0.0182291671875 0.46388888906250003 0.0296875 0.46388888906250003 0.0302083328125 0.4611111109375 0.034375 0.4611111109375 0.04375 0.45 0.04375 0.4453703703125 0.046875 0.4388888890625 0.046875 0.42129629687500003 0.0453125 0.4203703703125 0.04375 0.41018518593750003 0.0390625 0.4018518515625 0.0364583328125 0.4018518515625 0.0359375 0.3990740734375 0.007291667187500001 0.3990740734375 0.0057291671875 0.4018518515625 0.0057291671875 0.44166666718750003 0.0135416671875 0.4583333328125 0.0161458328125 0.4583333328125 0.0182291671875 0.46388888906250003
0 0.9869791671874999 0.190740740625 0.9885416671874999 0.2 0.9994791671875 0.20277777812500003 0.9994791671875 0.1879629625 0.9869791671874999 0.190740740625
0 0.41822916718750003 0.9574074078124999 0.41822916718750003 0.975 0.41979166718750005 0.977777778125 0.4223958328125 0.977777778125 0.42291666718750004 0.98055555625 0.4328125 0.98055555625 0.43958333281249995 0.9694444437499999 0.44375 0.9666666671874999 0.4453125 0.953703703125 0.446875 0.952777778125 0.446875 0.940740740625 0.4453125 0.9398148140625 0.4453125 0.9296296296875 0.4421875 0.921296296875 0.4322916671875 0.921296296875 0.43072916718750004 0.9240740734375 0.4291666671875 0.9370370375 0.41822916718750003 0.9574074078124999
0 0.5651041671875 0.3583333328125 0.5666666671875 0.35925925937500003 0.5682291671875 0.377777778125 0.5723958328125 0.38055555625 0.5760416671875 0.3888888890625 0.5786458328124999 0.3888888890625 0.5822916671875 0.39444444375 0.5864583328124999 0.39444444375 0.5869791671875 0.397222221875 0.5953125 0.397222221875 0.6020833328124999 0.3888888890625 0.60625 0.3888888890625 0.609375 0.38333333281250004 0.6109375 0.3703703703125 0.6125 0.36944444375 0.6125 0.3398148140625 0.6140625 0.33888888906250003 0.6140625 0.334259259375 0.6171875 0.32777777812500003 0.6171875 0.3203703703125 0.61875 0.31944444375000003 0.6171875 0.3018518515625 0.6140625 0.29814814843750004 0.6125 0.2851851859375 0.60625 0.2768518515625 0.5697916671875001 0.2796296296875 0.5619791671875001 0.296296296875 0.5635416671875 0.3416666671875 0.5651041671875 0.3425925921875 0.5651041671875 0.3583333328125
0 0.8859375 0.165740740625 0.8760416671875 0.165740740625 0.8744791671875 0.16851851874999998 0.8760416671875 0.1833333328125 0.88125 0.1833333328125 0.8875 0.175 0.8859375 0.165740740625
0 0.903125 0.0101851859375 0.8947916671874999 0.0101851859375 0.8932291671874999 0.0129629625 0.8947916671874999 0.022222221875 0.903125 0.022222221875 0.9046875 0.019444443750000002 0.903125 0.0101851859375
0 0.1197916671875 0.2601851859375 0.1197916671875 0.2675925921875 0.11822916718750001 0.26851851875 0.11822916718750001 0.30555555624999997 0.1197916671875 0.3111111109375 0.13125 0.3138888890625 0.1317708328125 0.3111111109375 0.1359375 0.3111111109375 0.14375 0.29722222187499997 0.1453125 0.271296296875 0.1421875 0.25740740781250004 0.1307291671875 0.2546296296875 0.1302083328125 0.25740740781250004 0.1213541671875 0.25740740781250004 0.1197916671875 0.2601851859375
0 0.9421875 0.177777778125 0.94375 0.175 0.94375 0.16851851874999998 0.9421875 0.165740740625 0.9385416671875 0.165740740625 0.9369791671875 0.16851851874999998 0.9369791671875 0.175 0.9385416671875 0.177777778125 0.9421875 0.177777778125
0 0.0135416671875 0.1666666671875 0.028125 0.1666666671875 0.0286458328125 0.16388888906250001 0.0328125 0.16388888906250001 0.0328125 0.1351851859375 0.03125 0.134259259375 0.03125 0.1268518515625 0.028125 0.11574074062499999 0.021875 0.10185185156250001 0.008854167187500001 0.0990740734375 0.0057291671875 0.1046296296875 0.0057291671875 0.15277777812499999 0.007291667187500001 0.1583333328125 0.0135416671875 0.1666666671875