0 0.6177083328124999 0.9694444437499999 0.6197916671875 0.975 0.6265625 0.975 0.6333333328124999 0.9638888890624999 0.6359375 0.9638888890624999 0.6375 0.9583333328125001 0.6375 0.915740740625 0.634375 0.9101851859375 0.6244791671875001 0.9101851859375 0.6239583328125 0.9129629625 0.6072916671875 0.9101851859375 0.6057291671875 0.9129629625 0.6057291671875 0.952777778125 0.6119791671875 0.9666666671874999 0.6177083328124999 0.9694444437499999
0 0.1734375 0.41111111093749997 0.1770833328125 0.40277777812500004 0.1796875 0.40277777812500004 0.18125 0.397222221875 0.1796875 0.365740740625 0.1494791671875 0.36851851875 0.1494791671875 0.397222221875 0.1541666671875 0.403703703125 0.1541666671875 0.40833333281249995 0.1734375 0.41111111093749997
0 0.9401041671874999 0.3416666671875 0.95 0.3416666671875 0.9520833328125 0.3361111109375 0.9609375 0.3333333328125 0.96875 0.31944444375000003 0.96875 0.290740740625 0.9671875 0.2898148140625 0.9671875 0.2851851859375 0.9645833328125001 0.2851851859375 0.9640625 0.2796296296875 0.9614583328125 0.2796296296875 0.9609375 0.2768518515625 0.9369791671875 0.2768518515625 0.9307291671875 0.28796296250000003 0.9307291671875 0.33055555625 0.9380208328125 0.3361111109375 0.9401041671874999 0.3416666671875
0 0.5171875 0.28611111093749997 0.5203125 0.2638888890625 0.51875 0.246296296875 0.5171875 0.24351851875000002 0.4947916671875 0.24351851875000002 0.49322916718750004 0.246296296875 0.49322916718750004 0.28611111093749997 0.4947916671875 0.2888888890625 0.5171875 0.28611111093749997
0 0.7994791671875 0.075 0.8026041671874999 0.08055555625000001 0.8052083328125 0.08055555625000001 0.8057291671875 0.0861111109375 0.8083333328125001 0.0861111109375 0.8088541671874999 0.0888888890625 0.815625 0.0888888890625 0.8161458328125001 0.0861111109375 0.81875 0.0861111109375 0.825 0.075 0.825 0.0703703703125 0.8296875 0.0638888890625 0.8296875 0.059259259375 0.83125 0.058333332812500006 0.83125 0.0351851859375 0.8296875 0.034259259375000004 0.8296875 0.0296296296875 0.8270833328125 0.0296296296875 0.8265625 0.0240740734375 0.8239583328125001 0.0240740734375 0.8234375 0.021296296875000002 0.8057291671875 0.021296296875000002 0.8052083328125 0.0240740734375 0.8026041671874999 0.0240740734375 0.7994791671875 0.0324074078125 0.7994791671875 0.075
0 0.0817708328125 0.852777778125 0.08854166718749999 0.8666666671875 0.0958333328125 0.8666666671875 0.09635416718749999 0.86944444375 0.103125 0.86944444375 0.10364583281249999 0.8666666671875 0.10625 0.8666666671875 0.10625 0.8648148140625 0.1125 0.85555555625 0.1125 0.8453703703125001 0.1140625 0.8444444437499999 0.1140625 0.8351851859374999 0.1125 0.834259259375 0.1125 0.8240740734375 0.11145833281249999 0.8240740734375 0.1046875 0.8101851859375 0.0838541671875 0.8101851859375 0.0838541671875 0.8120370375 0.08072916718749999 0.815740740625 0.08072916718749999 0.852777778125 0.0817708328125 0.852777778125
0 0.9609375 0.525 0.9614583328125 0.522222221875 0.96875 0.522222221875 0.9734375 0.5166666671875 0.9734375 0.5120370375000001 0.975 0.5111111109375 0.975 0.4981481484375 0.9765625 0.497222221875 0.9734375 0.4796296296875 0.9682291671875 0.4796296296875 0.9682291671875 0.48425925937500003 0.9645833328125001 0.490740740625 0.95625 0.4768518515625 0.9447916671875 0.4768518515625 0.9432291671874999 0.4796296296875 0.9432291671874999 0.5083333328124999 0.9479166671874999 0.5148148140625 0.9479166671874999 0.51944444375 0.9609375 0.525
0 0.6848958328125 0.27777777812500004 0.6869791671875001 0.28611111093749997 0.6901041671875 0.2888888890625 0.7046875 0.2888888890625 0.7125 0.275 0.7125 0.2379629625 0.7078125 0.23240740781250002 0.6838541671875 0.23240740781250002 0.6807291671875 0.2379629625 0.6807291671875 0.272222221875 0.6822916671875 0.27777777812500004 0.6848958328125 0.27777777812500004
0 0.4546875 0.32777777812500003 0.45677083281249997 0.322222221875 0.459375 0.322222221875 0.4625 0.3166666671875 0.4625 0.2796296296875 0.4609375 0.2768518515625 0.43854166718750004 0.2768518515625 0.4369791671875 0.2796296296875 0.4369791671875 0.3166666671875 0.4447916671875 0.32777777812500003 0.4546875 0.32777777812500003
0 0.7197916671875 0.1361111109375 0.7260416671875001 0.14444444375 0.740625 0.14444444375 0.7453125 0.1361111109375 0.7453125 0.13148148125 0.7484375 0.127777778125 0.7484375 0.0990740734375 0.7421875 0.08796296249999999 0.7260416671875001 0.08796296249999999 0.7255208328125 0.09074074062500001 0.7229166671875 0.09074074062500001 0.7182291671875001 0.10185185156250001 0.7182291671875001 0.13055555624999998 0.7197916671875 0.13148148125 0.7197916671875 0.1361111109375
0 0.7432291671875 0.5888888890625 0.7515625 0.5888888890625 0.7625 0.5722222218749999 0.7625 0.5351851859375001 0.7609375 0.5324074078125001 0.7385416671875 0.5324074078125001 0.7369791671875 0.5351851859375001 0.7369791671875 0.58055555625 0.7385416671875 0.5861111109375 0.7432291671875 0.5888888890625
0 0.36875 0.24444444375000002 0.3734375 0.23611111093749998 0.3765625 0.2175925921875 0.3859375 0.21111111093749999 0.3859375 0.2018518515625 0.38125 0.19537037031249999 0.38125 0.190740740625 0.3786458328125 0.190740740625 0.378125 0.1879629625 0.3572916671875 0.1879629625 0.3557291671875 0.190740740625 0.3557291671875 0.2416666671875 0.3572916671875 0.24444444375000002 0.36875 0.24444444375000002
0 0.73125 0.577777778125 0.7359375 0.5666666671875 0.7375 0.5351851859375001 0.7359375 0.5324074078125001 0.7135416671875 0.5324074078125001 0.7119791671875 0.5351851859375001 0.7119791671875 0.575 0.7182291671875001 0.58055555625 0.73125 0.577777778125
0 0.9994791671875 0.6388888890625 0.9994791671875 0.6046296296875 0.9864583328125001 0.6074074078125 0.98125 0.5990740734375 0.9744791671874999 0.6018518515625 0.9744791671874999 0.6361111109375 0.9760416671875 0.6416666671875 0.9921875 0.64444444375 0.9994791671875 0.6388888890625
0 0.459375 0.44166666718750003 0.459375 0.4240740734375 0.4546875 0.41018518593750003 0.4322916671875 0.41018518593750003 0.43072916718750004 0.4129629625 0.43072916718750004 0.45 0.43385416718750003 0.45555555625000005 0.45625 0.45277777812500003 0.459375 0.44166666718750003
0 0.9572916671874999 0.852777778125 0.9598958328125 0.852777778125 0.9666666671874999 0.8638888890624999 0.975 0.8638888890624999 0.9770833328125 0.8583333328125 0.9796875 0.8583333328125 0.9828125 0.8453703703125001 0.9859375 0.8416666671874999 0.9859375 0.8268518515625001 0.9828125 0.8231481484375 0.9796875 0.8101851859375 0.9572916671874999 0.8101851859375 0.9557291671874999 0.8129629625 0.9557291671874999 0.8444444437499999 0.9572916671874999 0.8453703703125001 0.9572916671874999 0.852777778125
0 0.6557291671875001 0.76851851875 0.6557291671875001 0.7888888890625 0.6604166671875 0.797222221875 0.66875 0.8 0.6692708328125 0.797222221875 0.6734375 0.797222221875 0.6734375 0.7925925921875 0.6770833328125 0.7861111109375 0.6796875 0.7861111109375 0.68125 0.7601851859375001 0.678125 0.7546296296875 0.6666666671875 0.7546296296875 0.6661458328125 0.7574074078125 0.6619791671875 0.7574074078125 0.6557291671875001 0.76851851875
0 0.2234375 0.43333333281249997 0.2265625 0.427777778125 0.2265625 0.41018518593750003 0.225 0.409259259375 0.225 0.3990740734375 0.2234375 0.3981481484375 0.2234375 0.39351851875 0.2192708328125 0.39074074062499997 0.21875 0.3879629625 0.20729166718749997 0.3879629625 0.20572916718749998 0.39074074062499997 0.20572916718749998 0.41944444374999995 0.21354166718749998 0.43333333281249997 0.2234375 0.43333333281249997
0 0.4859375 0.65 0.4875 0.6324074078125 0.484375 0.6240740734375 0.48125 0.621296296875 0.4635416671875 0.621296296875 0.46197916718750004 0.6240740734375 0.46197916718750004 0.652777778125 0.4635416671875 0.6555555562500001 0.4796875 0.6583333328125 0.4859375 0.65
0 0.5182291671875 0.2740740734375 0.5182291671875 0.31944444375000003 0.5223958328125 0.322222221875 0.5260416671875 0.33055555625 0.534375 0.3333333328125 0.54375 0.31944444375000003 0.54375 0.3120370375 0.5484375 0.302777778125 0.5484375 0.2953703703125 0.55 0.29444444375 0.5484375 0.2796296296875 0.5453125 0.2759259265625 0.5453125 0.271296296875 0.5421875 0.26574074062499997 0.5244791671875 0.26574074062499997 0.5239583328124999 0.26851851875 0.5197916671875 0.26851851875 0.5197916671875 0.2731481484375 0.5182291671875 0.2740740734375
0 0.0796875 0.14444444375 0.0875 0.125 0.0875 0.10185185156250001 0.0859375 0.0990740734375 0.0666666671875 0.0990740734375 0.0635416671875 0.10185185156250001 0.061979167187499996 0.1074074078125 0.061979167187499996 0.1416666671875 0.0635416671875 0.14444444375 0.0796875 0.14444444375
0 0.95625 0.097222221875 0.9567708328125001 0.09444444375 0.9703125 0.09444444375 0.9734375 0.0916666671875 0.98125 0.075 0.98125 0.0490740734375 0.978125 0.04351851875 0.9526041671875 0.04351851875 0.9494791671874999 0.0490740734375 0.9494791671874999 0.0888888890625 0.9510416671874999 0.09444444375 0.95625 0.097222221875
0 0.7484375 0.4 0.7489583328125 0.397222221875 0.7546875 0.39444444375 0.7546875 0.3898148140625 0.7578125 0.38333333281250004 0.7578125 0.3759259265625 0.7640625 0.3638888890625 0.7640625 0.3518518515625 0.7625 0.3509259265625 0.7625 0.34351851875 0.7546875 0.3324074078125 0.7385416671875 0.3324074078125 0.7369791671875 0.3351851859375 0.7369791671875 0.39444444375 0.7401041671875 0.4 0.7484375 0.4
0 0.4484375 0.022222221875 0.446875 0.0101851859375 0.43072916718750004 0.0129629625 0.4322916671875 0.0333333328125 0.4421875 0.0333333328125 0.44375 0.0259259265625 0.4484375 0.022222221875
0 0.18697916718750002 0.8055555562500001 0.1885416671875 0.8083333328125001 0.2 0.8083333328125001 0.20208333281250002 0.8027777781250001 0.2109375 0.797222221875 0.2109375 0.7898148140625 0.2125 0.7888888890625 0.2109375 0.76851851875 0.1979166671875 0.765740740625 0.1885416671875 0.7740740734375 0.18697916718750002 0.7796296296875 0.18697916718750002 0.8055555562500001
0 0.9296875 0.5416666671875 0.9296875 0.5268518515625 0.925 0.521296296875 0.9072916671875 0.521296296875 0.9057291671875 0.5240740734375 0.9057291671875 0.5527777781250001 0.9072916671875 0.5555555562500001 0.9234375 0.5555555562500001 0.9296875 0.5416666671875
0 0.1046875 0.075 0.1046875 0.0703703703125 0.10625 0.06944444375 0.10625 0.0574074078125 0.1046875 0.05648148125 0.1046875 0.0490740734375 0.103125 0.046296296875 0.10052083281249999 0.046296296875 0.1 0.04351851875 0.0760416671875 0.04351851875 0.0744791671875 0.046296296875 0.0744791671875 0.075 0.0822916671875 0.0888888890625 0.096875 0.0888888890625 0.1046875 0.075
0 0.6859375 0.9861111109375 0.6875 0.98055555625 0.6859375 0.9546296296874999 0.6619791671875 0.9574074078124999 0.6619791671875 0.9861111109375 0.6651041671875 0.9916666671875 0.678125 0.9916666671875 0.6859375 0.9861111109375
0 0.7421875 0.1898148140625 0.7453125 0.1861111109375 0.74375 0.171296296875 0.740625 0.165740740625 0.7244791671875 0.16851851874999998 0.7244791671875 0.1861111109375 0.7291666671875 0.1916666671875 0.7421875 0.19444444375 0.7421875 0.1898148140625
0 0.9046875 0.75555555625 0.9078125 0.75 0.90625 0.7268518515625 0.9015625 0.7212962968750001 0.8838541671875 0.7212962968750001 0.8807291671874999 0.7268518515625 0.8822916671875 0.752777778125 0.8864583328125001 0.752777778125 0.8869791671874999 0.75555555625 0.9046875 0.75555555625
0 0.4322916671875 0.9416666671874999 0.4380208328125 0.9416666671874999 0.43854166718750004 0.9444444437499999 0.44375 0.9416666671874999 0.4453125 0.9268518515625 0.4421875 0.915740740625 0.4390625 0.9120370375 0.4359375 0.8990740734375 0.42604166718750003 0.8990740734375 0.4244791671875 0.9018518515625 0.4244791671875 0.9305555562500001 0.42864583281249996 0.9333333328125001 0.4322916671875 0.9416666671874999
0 0.11875 0.10833333281249999 0.11875 0.07962962968750001 0.1171875 0.07685185156249999 0.1010416671875 0.07685185156249999 0.0947916671875 0.08518518593749999 0.09322916718749999 0.10555555624999999 0.09635416718749999 0.1111111109375 0.1171875 0.1111111109375 0.11875 0.10833333281249999
0 0.1859375 0.037037037499999995 0.1921875 0.0333333328125 0.19375 0.027777778125000003 0.1921875 0.0101851859375 0.1682291671875 0.0129629625 0.1682291671875 0.030555556249999997 0.1760416671875 0.0416666671875 0.1859375 0.0416666671875 0.1859375 0.037037037499999995
0 0.8114583328125 0.85555555625 0.8151041671874999 0.8638888890624999 0.8234375 0.8638888890624999 0.8296875 0.852777778125 0.8296875 0.8462962968750001 0.825 0.8398148140625 0.825 0.8351851859374999 0.8203125 0.828703703125 0.8203125 0.8240740734375 0.81875 0.8231481484375 0.81875 0.8129629625 0.8171875 0.8101851859375 0.8072916671874999 0.8101851859375 0.8057291671875 0.8129629625 0.8057291671875 0.85 0.8088541671874999 0.85555555625 0.8114583328125 0.85555555625
0 0.9328125 0.6240740734375 0.9197916671874999 0.621296296875 0.9182291671874999 0.652777778125 0.9296875 0.6555555562500001 0.9328125 0.6416666671875 0.9328125 0.6240740734375
0 0.7697916671875 0.7333333328125 0.7739583328124999 0.7333333328125 0.7776041671875 0.7416666671875001 0.7859375 0.7416666671875001 0.7859375 0.7370370375 0.790625 0.73055555625 0.7921875 0.7148148140624999 0.7953125 0.7083333328125 0.7953125 0.690740740625 0.7927083328125 0.690740740625 0.7921875 0.6879629625 0.7760416671875 0.6879629625 0.7682291671875 0.7018518515625 0.7682291671875 0.727777778125 0.7697916671875 0.728703703125 0.7697916671875 0.7333333328125
0 0.1447916671875 0.030555556249999997 0.15 0.030555556249999997 0.15625 0.022222221875 0.15625 0.0018518515625 0.1546875 0 0.1244791671875 0.0018518515625 0.1244791671875 0.0166666671875 0.1276041671875 0.022222221875 0.1395833328125 0.025 0.1447916671875 0.030555556249999997
0 0.45104166718750005 0.797222221875 0.45520833281249995 0.797222221875 0.4557291671875 0.8 0.4609375 0.8 0.4671875 0.7916666671875 0.46875 0.7601851859375001 0.465625 0.7546296296875 0.43854166718750004 0.7546296296875 0.4369791671875 0.7574074078125 0.4369791671875 0.7833333328125 0.4401041671875 0.7888888890625 0.44739583281249995 0.7861111109375 0.45104166718750005 0.797222221875
0 0.9015625 0.9731481484375 0.9015625 0.9685185187500001 0.8984375 0.965740740625 0.8807291671874999 0.9685185187500001 0.8807291671874999 0.997222221875 0.903125 0.997222221875 0.9046875 0.9768518515625001 0.9015625 0.9731481484375
0 0.3859375 0.33055555625 0.3875 0.325 0.3859375 0.3018518515625 0.3760416671875 0.29907407343750003 0.37447916718749996 0.3018518515625 0.37447916718749996 0.32777777812500003 0.3776041671875 0.3333333328125 0.3859375 0.33055555625
0 0.196875 0.377777778125 0.20625 0.36666666718749996 0.20625 0.3574074078125 0.2046875 0.3546296296875 0.1885416671875 0.3546296296875 0.18697916718750002 0.3574074078125 0.18697916718750002 0.375 0.1885416671875 0.3759259265625 0.1885416671875 0.38055555625 0.196875 0.377777778125
0 0.09427083281250001 0.1583333328125 0.10625 0.15277777812499999 0.10625 0.1351851859375 0.1046875 0.1324074078125 0.08854166718749999 0.1324074078125 0.0838541671875 0.1351851859375 0.08072916718749999 0.14351851875 0.08072916718749999 0.1611111109375 0.0838541671875 0.1666666671875 0.090625 0.1666666671875 0.09427083281250001 0.1583333328125
0 0.25625 0.3703703703125 0.2609375 0.36666666718749996 0.259375 0.3546296296875 0.2494791671875 0.3574074078125 0.2510416671875 0.377777778125 0.2546875 0.377777778125 0.25625 0.3703703703125
0 0.8635416671874999 0.9398148140625 0.8619791671874999 0.940740740625 0.8619791671874999 0.9638888890624999 0.8697916671874999 0.977777778125 0.8734375 0.977777778125 0.8739583328125 0.975 0.8765625 0.975 0.8786458328125001 0.9694444437499999 0.88125 0.9694444437499999 0.8817708328125 0.9666666671874999 0.890625 0.9638888890624999 0.890625 0.9546296296874999 0.8890625 0.953703703125 0.8890625 0.9490740734375 0.8859375 0.94351851875 0.8833333328125 0.94351851875 0.88125 0.9398148140625 0.88125 0.9351851859375 0.8796875 0.9324074078125 0.8765625 0.93148148125 0.8765625 0.9268518515625 0.8734375 0.921296296875 0.8697916671874999 0.921296296875 0.8666666671875 0.9268518515625 0.8666666671875 0.93148148125 0.8635416671874999 0.9351851859375 0.8635416671874999 0.9398148140625
0 0.23125 0.9638888890624999 0.2375 0.952777778125 0.2359375 0.9379629625 0.23125 0.9324074078125 0.21979166718749998 0.9324074078125 0.2182291671875 0.9351851859375 0.2182291671875 0.9583333328125001 0.21979166718749998 0.9638888890624999 0.23125 0.9638888890624999
0 0.5421875 0.2666666671875 0.5421875 0.25740740781250004 0.5375 0.2509259265625 0.5359375 0.24351851875000002 0.5197916671875 0.24351851875000002 0.5182291671875 0.246296296875 0.5182291671875 0.2638888890625 0.5213541671875 0.275 0.534375 0.275 0.5421875 0.2666666671875
0 0.1328125 0.0416666671875 0.1328125 0.0268518515625 0.1296875 0.021296296875000002 0.1135416671875 0.021296296875000002 0.1119791671875 0.0240740734375 0.1119791671875 0.0416666671875 0.1135416671875 0.047222221875 0.1234375 0.05 0.1328125 0.0416666671875
0 0.4671875 0.55 0.4692708328125 0.54444444375 0.4765625 0.5416666671875 0.4796875 0.5361111109375 0.4796875 0.5314814812499999 0.48125 0.5305555562500001 0.48125 0.515740740625 0.478125 0.5101851859375001 0.45729166718750003 0.5101851859375001 0.44947916718750003 0.5268518515625 0.44947916718750003 0.5527777781250001 0.45104166718750005 0.5555555562500001 0.4609375 0.5555555562500001 0.4614583328125 0.5527777781250001 0.4671875 0.55
0 0.7421875 0.0888888890625 0.7453125 0.077777778125 0.7453125 0.065740740625 0.74375 0.0648148140625 0.7421875 0.051851851562499995 0.740625 0.0490740734375 0.7348958328124999 0.051851851562499995 0.7328125 0.046296296875 0.7260416671875001 0.04351851875 0.7244791671875 0.046296296875 0.7244791671875 0.0861111109375 0.7291666671875 0.0916666671875 0.7421875 0.0888888890625
0 0.7645833328125 0.27777777812500004 0.76875 0.27777777812500004 0.7708333328125 0.272222221875 0.7796875 0.275 0.7796875 0.25740740781250004 0.778125 0.2546296296875 0.7708333328125 0.25740740781250004 0.76875 0.24907407343750002 0.7625 0.24351851875000002 0.7510416671875 0.24351851875000002 0.7494791671875001 0.246296296875 0.7494791671875001 0.2833333328125 0.7526041671875 0.2888888890625 0.7609375 0.28611111093749997 0.7645833328125 0.27777777812500004
0 0.7796875 0.21111111093749999 0.78125 0.20833333281250002 0.78125 0.190740740625 0.7796875 0.1879629625 0.7697916671875 0.1879629625 0.7682291671875 0.190740740625 0.7682291671875 0.20833333281250002 0.7697916671875 0.21111111093749999 0.7796875 0.21111111093749999
0 0.9947916671874999 0.965740740625 0.9932291671875 0.997222221875 0.9994791671875 0.9990740734375001 0.9994791671875 0.965740740625 0.9947916671874999 0.965740740625
0 0.9322916671874999 0.4 0.9385416671875 0.41111111093749997 0.946875 0.40833333281249995 0.95 0.4 0.95 0.3925925921875 0.9515625 0.3916666671875 0.95 0.36851851875 0.9473958328125001 0.36851851875 0.946875 0.365740740625 0.9322916671874999 0.365740740625 0.9307291671875 0.36851851875 0.9307291671875 0.39444444375 0.9322916671874999 0.3953703703125 0.9322916671874999 0.4
0 0.7645833328125 0.27777777812500004 0.76875 0.27777777812500004 0.7692708328125 0.275 0.790625 0.27777777812500004 0.79375 0.272222221875 0.7921875 0.2518518515625 0.7708333328125 0.2546296296875 0.7671875 0.246296296875 0.7630208328125 0.246296296875 0.7625 0.24351851875000002 0.7510416671875 0.24351851875000002 0.7494791671875001 0.246296296875 0.7494791671875001 0.2833333328125 0.7526041671875 0.2888888890625 0.7609375 0.28611111093749997 0.7645833328125 0.27777777812500004
0 0.1755208328125 0.8361111109375001 0.178125 0.8361111109375001 0.18125 0.83055555625 0.1828125 0.8129629625 0.18020833281249998 0.8129629625 0.1796875 0.8101851859375 0.16354166718750002 0.8101851859375 0.1619791671875 0.8129629625 0.1619791671875 0.83055555625 0.1666666671875 0.8388888890624999 0.1734375 0.8416666671874999 0.1755208328125 0.8361111109375001
0 0.7390625 0.9685185187500001 0.7359375 0.965740740625 0.7244791671875 0.9685185187500001 0.7260416671875001 0.9888888890624999 0.7375 0.9888888890624999 0.740625 0.9833333328125 0.7390625 0.9685185187500001
0 0.5359375 0.2833333328125 0.5364583328125 0.28055555625 0.5390625 0.28055555625 0.5421875 0.275 0.5421875 0.25740740781250004 0.5375 0.2509259265625 0.5375 0.246296296875 0.5359375 0.24351851875000002 0.5197916671875 0.24351851875000002 0.5182291671875 0.246296296875 0.5197916671875 0.28611111093749997 0.525 0.28611111093749997 0.5270833328125 0.28055555625 0.5359375 0.2833333328125
0 0.7911458328125 0.447222221875 0.7973958328124999 0.447222221875 0.7994791671875 0.45277777812500003 0.8046875 0.45277777812500003 0.8078125 0.44444444375 0.8078125 0.43518518593750005 0.8020833328125001 0.43240740781250003 0.7984375 0.4240740734375 0.79375 0.42129629687500003 0.7807291671875001 0.4240740734375 0.7807291671875001 0.45277777812500003 0.7822916671875 0.45555555625000005 0.7875 0.45555555625000005 0.7911458328125 0.447222221875
0 0.084375 0.1861111109375 0.0828125 0.17962962968750001 0.0796875 0.1768518515625 0.0682291671875 0.17962962968750001 0.0682291671875 0.1888888890625 0.0713541671875 0.197222221875 0.0828125 0.19444444375 0.084375 0.1861111109375
0 0.6572916671875 0.1361111109375 0.6697916671875 0.15555555625 0.6765625 0.15277777812499999 0.6765625 0.140740740625 0.675 0.13981481406250001 0.675 0.1324074078125 0.671875 0.12870370312499999 0.66875 0.1129629625 0.6661458328125 0.1129629625 0.665625 0.1101851859375 0.6572916671875 0.1101851859375 0.6557291671875001 0.1129629625 0.6557291671875001 0.13055555624999998 0.6572916671875 0.13148148125 0.6572916671875 0.1361111109375