0 0.14140625 0.3125 0.03515625 0.0578125
0 0.2796875 0.540625 0.03671875 0.06953125
0 0.2578125 0.39765625 0.03203125 0.05703125
0 0.21640625 0.10625 0.04140625 0.07265625
0 0.36640625 0.0515625 0.0296875 0.06796875
0 0.27265625 0.24609375 0.03515625 0.0671875
0 0.36484375 0.32421875 0.03671875 0.07890625
0 0.35234375 0.44140625 0.03671875 0.0609375
0 0.396875 0.41171875 0.03359375 0.0609375
0 0.3859375 0.50859375 0.03203125 0.059375
0 0.5109375 0.4296875 0.028125 0.059375
0 0.50078125 0.26171875 0.0296875 0.05859375
0 0.565625 0.4421875 0.03203125 0.0546875
0 0.59140625 0.47734375 0.03828125 0.07734375
0 0.67890625 0.23046875 0.03359375 0.05625
0 0.66015625 0.0734375 0.03359375 0.06640625
0 0.63671875 0.0890625 0.02734375 0.06328125
0 0.6234375 0.21171875 0.034375 0.0609375
0 0.74296875 0.303125 0.028125 0.05625
0 0.7609375 0.4078125 0.02578125 0.05
0 0.62109375 0.92578125 0.03125 0.06015625
0 0.675 0.83828125 0.0390625 0.07109375
0 0.3953125 0.8671875 0.034375 0.065625
0 0.38046875 0.765625 0.03828125 0.0734375
0 0.86640625 0.425 0.034375 0.046875
0 0.8703125 0.3625 0.0296875 0.0453125
0 0.88359375 0.315625 0.03828125 0.0609375
0 0.81953125 0.14375 0.0359375 0.071875
0 0.7890625 0.128125 0.034375 0.06875
0 0.959375 0.5890625 0.0359375 0.0578125
0 0.94609375 0.49609375 0.03203125 0.04453125
0 0.9890625 0.57734375 0.02109375 0.06875
0 0.846875 0.91328125 0.03046875 0.05546875
0 0.6453125 0.16796875 0.0234375 0.05703125
0 0.91171875 0.51171875 0.0328125 0.0390625
0 0.89296875 0.44921875 0.01953125 0.05234375
0 0.90703125 0.33046875 0.01640625 0.05703125
0 0.8953125 0.07890625 0.01953125 0.059375
0 0.72265625 0.0921875 0.0359375 0.05859375
0 0.91015625 0.16328125 0.0375 0.06484375
0 0.6671875 0.3734375 0.01640625 0.0546875
0 0.665625 0.66875 0.01953125 0.05078125
0 0.809375 0.9796875 0.034375 0.03984375