0 0 0.26944444375 0.0109375 0.26944444375 0.0114583328125 0.2666666671875 0.0171875 0.2666666671875 0.025 0.252777778125 0.025 0.22407407343750002 0.0234375 0.22314814843750003 0.0234375 0.21851851875 0.0171875 0.2101851859375 0 0.2101851859375 0 0.26944444375
0 0.14114583281249998 0.5305555562500001 0.1484375 0.527777778125 0.1505208328125 0.522222221875 0.1546875 0.522222221875 0.1546875 0.5175925921875 0.15625 0.5166666671875 0.15625 0.490740740625 0.1484375 0.4768518515625 0.1260416671875 0.4768518515625 0.1244791671875 0.4796296296875 0.1244791671875 0.51944444375 0.1276041671875 0.527777778125 0.140625 0.5333333328125 0.14114583281249998 0.5305555562500001
0 0.4192708328125 0.44444444375 0.41979166718750005 0.447222221875 0.4328125 0.44444444375 0.4380208328125 0.43333333281249997 0.440625 0.43333333281249997 0.44375 0.427777778125 0.44375 0.4203703703125 0.4453125 0.41944444374999995 0.4453125 0.41203703750000004 0.446875 0.41111111093749997 0.4453125 0.3851851859375 0.44375 0.384259259375 0.4421875 0.371296296875 0.4375 0.365740740625 0.4088541671875 0.365740740625 0.4057291671875 0.371296296875 0.4057291671875 0.43055555625 0.4135416671875 0.44444444375 0.4192708328125 0.44444444375
0 0.45104166718750005 0.147222221875 0.4604166671875 0.15555555625 0.4671875 0.15555555625 0.48125 0.1416666671875 0.48125 0.12870370312499999 0.4828125 0.127777778125 0.4828125 0.11574074062499999 0.48125 0.1148148140625 0.4796875 0.0990740734375 0.4734375 0.08796296249999999 0.4557291671875 0.08796296249999999 0.45520833281249995 0.09074074062500001 0.45104166718750005 0.09074074062500001 0.45104166718750005 0.0981481484375 0.44947916718750003 0.0990740734375 0.44947916718750003 0.1416666671875 0.45104166718750005 0.147222221875
0 0.5296875 0.73055555625 0.5333333328125 0.722222221875 0.5359375 0.722222221875 0.54375 0.7083333328125 0.54375 0.6981481484375001 0.5453125 0.6972222218749999 0.54375 0.690740740625 0.5369791671875 0.690740740625 0.5333333328125 0.696296296875 0.5286458328125 0.696296296875 0.5296875 0.6796296296875 0.5255208328125 0.6796296296875 0.525 0.6768518515624999 0.5151041671875001 0.6768518515624999 0.5119791671875 0.6824074078125 0.5119791671875 0.7194444437499999 0.5192708328125 0.725 0.5213541671875 0.73055555625 0.5296875 0.73055555625
0 0.5260416671875 0.40277777812500004 0.5291666671875 0.403703703125 0.5291666671875 0.40833333281249995 0.5322916671875 0.4138888890625 0.5348958328125 0.4138888890625 0.5385416671875001 0.41944444374999995 0.5484375 0.41944444374999995 0.5489583328125 0.4166666671875 0.5546875 0.4138888890625 0.5625 0.397222221875 0.5625 0.38703703749999996 0.5640625 0.3861111109375 0.5640625 0.3601851859375 0.5625 0.35925925937500003 0.5625 0.3518518515625 0.559375 0.34629629687499996 0.5536458328125 0.3490740734375 0.5484375 0.34351851875 0.5322916671875 0.34351851875 0.5244791671875 0.3574074078125 0.5244791671875 0.397222221875 0.5260416671875 0.3981481484375 0.5260416671875 0.40277777812500004
0 0.1510416671875 0.4861111109375 0.1651041671875 0.5 0.1734375 0.497222221875 0.175 0.49444444374999996 0.175 0.48425925937500003 0.1765625 0.48333333281249996 0.1765625 0.44907407343749994 0.171875 0.44351851875000003 0.1526041671875 0.44629629687500005 0.1494791671875 0.4546296296875 0.1494791671875 0.48055555625 0.1510416671875 0.48148148125 0.1510416671875 0.4861111109375
0 0.1385416671875 0.05 0.1416666671875 0.055555556250000006 0.14895833281249998 0.058333332812500006 0.1494791671875 0.061111110937500004 0.15625 0.061111110937500004 0.1598958328125 0.055555556250000006 0.1671875 0.052777778124999994 0.1703125 0.04444444375 0.1703125 0.037037037499999995 0.1734375 0.030555556249999997 0.1734375 0.0203703703125 0.175 0.019444443750000002 0.175 0.0129629625 0.171875 0.009259259374999999 0.171875 0.004629629687499999 0.1671875 0 0.14010416718750002 0.0018518515625 0.1369791671875 0.0101851859375 0.1369791671875 0.04444444375 0.1385416671875 0.045370370312500005 0.1385416671875 0.05
0 0.7276041671875 0.31944444375000003 0.7375 0.31944444375000003 0.7411458328125 0.3138888890625 0.753125 0.3111111109375 0.75625 0.30555555624999997 0.75625 0.29814814843750004 0.7578125 0.29722222187499997 0.7578125 0.2601851859375 0.75625 0.25740740781250004 0.7536458328125 0.25740740781250004 0.753125 0.2546296296875 0.7244791671875 0.2546296296875 0.7197916671875 0.2601851859375 0.7197916671875 0.2703703703125 0.7182291671875001 0.271296296875 0.7182291671875001 0.302777778125 0.7276041671875 0.31944444375000003
0 0.2635416671875 0.45 0.271875 0.45 0.2755208328125 0.44444444375 0.2796875 0.44444444375 0.28125 0.4370370375 0.2875 0.43055555625 0.2890625 0.4046296296875 0.284375 0.39074074062499997 0.28177083281250004 0.39074074062499997 0.28125 0.3879629625 0.2526041671875 0.3879629625 0.2494791671875 0.39351851875 0.2494791671875 0.43333333281249997 0.2526041671875 0.44166666718750003 0.2598958328125 0.44444444375 0.2635416671875 0.45
0 0.1130208328125 0.597222221875 0.11875 0.597222221875 0.1223958328125 0.5916666671875 0.1375 0.5916666671875 0.1421875 0.5861111109375 0.1421875 0.56851851875 0.1390625 0.5620370375 0.1375 0.54351851875 0.1328125 0.5351851859375001 0.1302083328125 0.5351851859375001 0.1296875 0.5324074078125001 0.1119791671875 0.5324074078125001 0.11145833281249999 0.5351851859375001 0.10729166718750001 0.5351851859375001 0.0994791671875 0.546296296875 0.0994791671875 0.5861111109375 0.1057291671875 0.597222221875 0.1125 0.6 0.1130208328125 0.597222221875
0 0.1432291671875 0.54351851875 0.1432291671875 0.575 0.1473958328125 0.577777778125 0.1510416671875 0.5888888890625 0.1609375 0.5888888890625 0.1661458328125 0.577777778125 0.16875 0.577777778125 0.16875 0.5731481484375001 0.175 0.5638888890625 0.1765625 0.54351851875 0.175 0.5425925921875 0.175 0.5351851859375001 0.1734375 0.5324074078125001 0.1494791671875 0.5324074078125001 0.1447916671875 0.5379629625 0.1447916671875 0.5425925921875 0.1432291671875 0.54351851875
0 0.1609375 0.2611111109375 0.16458333281249998 0.252777778125 0.1671875 0.252777778125 0.16875 0.23518518593749999 0.1671875 0.234259259375 0.1671875 0.22407407343750002 0.1625 0.2175925921875 0.1625 0.21296296250000002 0.159375 0.2101851859375 0.13229166718750002 0.2101851859375 0.1307291671875 0.21296296250000002 0.13229166718750002 0.25833333281250004 0.1447916671875 0.2666666671875 0.1546875 0.2666666671875 0.1609375 0.2611111109375
0 0.2036458328125 0.91944444375 0.20416666718749998 0.922222221875 0.215625 0.922222221875 0.21614583281250002 0.91944444375 0.21875 0.91944444375 0.228125 0.9 0.228125 0.8879629625 0.2234375 0.8768518515625001 0.2010416671875 0.8768518515625001 0.1994791671875 0.8796296296874999 0.1994791671875 0.9138888890624999 0.2010416671875 0.9148148140625001 0.2010416671875 0.91944444375 0.2036458328125 0.91944444375
0 0.2088541671875 0.702777778125 0.21458333281250003 0.702777778125 0.21510416718749997 0.70555555625 0.225 0.702777778125 0.22552083281250002 0.7 0.2328125 0.6972222218749999 0.2359375 0.6916666671875 0.2359375 0.6870370375 0.2375 0.6861111109375 0.2359375 0.6574074078125001 0.23333333281250002 0.6574074078125001 0.2328125 0.6546296296875 0.21510416718749997 0.6546296296875 0.21458333281250003 0.6574074078125001 0.21197916718749998 0.6574074078125001 0.2104166671875 0.6675925921875 0.20572916718749998 0.6768518515624999 0.20572916718749998 0.6972222218749999 0.2088541671875 0.702777778125
0 0.9255208328125001 0.8018518515625 0.9119791671874999 0.8018518515625 0.9114583328125001 0.8046296296875 0.9057291671875 0.8074074078125 0.8994791671875 0.821296296875 0.8994791671875 0.8638888890624999 0.9010416671874999 0.8648148140625 0.9010416671874999 0.86944444375 0.9057291671875 0.877777778125 0.915625 0.877777778125 0.9161458328125001 0.875 0.9239583328125001 0.877777778125 0.9244791671874999 0.88055555625 0.934375 0.88055555625 0.9348958328125001 0.877777778125 0.9375 0.877777778125 0.94375 0.8666666671875 0.9453125 0.85648148125 0.9484375 0.852777778125 0.9484375 0.840740740625 0.9421875 0.8296296296874999 0.9380208328125 0.8296296296874999 0.9328125 0.8175925921875 0.9348958328125001 0.8138888890624999 0.9354166671874999 0.8166666671874999 0.9395833328125001 0.8166666671874999 0.9447916671875 0.8222222218749999 0.953125 0.8194444437499999 0.95 0.8018518515625 0.9473958328125001 0.8018518515625 0.946875 0.7990740734374999 0.9260416671874999 0.7990740734374999 0.9255208328125001 0.8018518515625
0 0.1927083328125 0.41944444374999995 0.1932291671875 0.42222222187499997 0.203125 0.41944444374999995 0.20625 0.409259259375 0.2109375 0.40277777812500004 0.2109375 0.3953703703125 0.2125 0.39444444375 0.2109375 0.3796296296875 0.2078125 0.3759259265625 0.2078125 0.371296296875 0.2046875 0.365740740625 0.1822916671875 0.365740740625 0.1807291671875 0.36851851875 0.1807291671875 0.40833333281249995 0.18697916718750002 0.41944444374999995 0.1927083328125 0.41944444374999995
0 0.15677083281249998 0.447222221875 0.1671875 0.44444444375 0.175 0.43055555625 0.175 0.4129629625 0.1734375 0.41018518593750003 0.1447916671875 0.41018518593750003 0.1432291671875 0.4129629625 0.1432291671875 0.44166666718750003 0.1494791671875 0.45 0.15625 0.45 0.15677083281249998 0.447222221875
0 0.7385416671875 0.2416666671875 0.7432291671875 0.25 0.7505208328124999 0.252777778125 0.7510416671875 0.25555555625 0.7640625 0.25555555625 0.7645833328125 0.252777778125 0.7671875 0.252777778125 0.775 0.2388888890625 0.775 0.23148148124999998 0.78125 0.2166666671875 0.78125 0.21296296250000002 0.7796875 0.21203703749999997 0.7796875 0.19351851874999998 0.778125 0.1925925921875 0.778125 0.1879629625 0.775 0.1824074078125 0.7677083328125 0.17962962968750001 0.7671875 0.1768518515625 0.7385416671875 0.1768518515625 0.7369791671875 0.17962962968750001 0.7369791671875 0.23333333281250002 0.7385416671875 0.234259259375 0.7385416671875 0.2416666671875
0 0.8338541671874999 0.23611111093749998 0.8421875 0.23611111093749998 0.8453125 0.23055555625 0.8453125 0.2259259265625 0.8489583328125001 0.222222221875 0.8552083328125001 0.225 0.8604166671875 0.23333333281250002 0.8671875 0.23333333281250002 0.8734375 0.22777777812500002 0.8734375 0.22314814843750003 0.878125 0.2138888890625 0.878125 0.196296296875 0.8765625 0.19537037031249999 0.875 0.1768518515625 0.8671875 0.165740740625 0.8385416671874999 0.165740740625 0.8322916671874999 0.171296296875 0.8322916671874999 0.178703703125 0.8307291671874999 0.17962962968750001 0.8307291671874999 0.23055555625 0.8338541671874999 0.23611111093749998
0 0.6557291671875001 0.475 0.6572916671875 0.47592592656250005 0.6572916671875 0.48055555625 0.6619791671875 0.4888888890625 0.6645833328124999 0.4888888890625 0.6682291671875 0.497222221875 0.68125 0.497222221875 0.6880208328124999 0.4861111109375 0.690625 0.4861111109375 0.69375 0.477777778125 0.69375 0.46296296249999996 0.6921875 0.4620370375 0.6921875 0.44259259218749997 0.69375 0.4379629625 0.6859375 0.42129629687500003 0.6619791671875 0.42129629687500003 0.6614583328125 0.4240740734375 0.6588541671875 0.4240740734375 0.6557291671875001 0.43240740781250003 0.6557291671875001 0.475
0 0.8546875 0.375 0.85625 0.3620370375 0.8671875 0.34722222187499996 0.8671875 0.3351851859375 0.865625 0.3324074078125 0.8401041671874999 0.3324074078125 0.8369791671875 0.3379629625 0.8369791671875 0.36944444375 0.8416666671874999 0.377777778125 0.8515625 0.377777778125 0.8520833328125 0.375 0.8546875 0.375
0 0.7848958328125 0.302777778125 0.796875 0.3 0.8 0.28055555625 0.8 0.26851851875 0.796875 0.25740740781250004 0.790625 0.2546296296875 0.7635416671875 0.2546296296875 0.7619791671875 0.25740740781250004 0.7635416671875 0.3111111109375 0.775 0.3138888890625 0.7828125 0.3083333328125 0.7848958328125 0.302777778125
0 0.21770833281250002 0.0333333328125 0.228125 0.0333333328125 0.23125 0.027777778125000003 0.2328125 0.004629629687499999 0.2296875 0 0.1994791671875 0.0018518515625 0.1994791671875 0.025 0.20416666718749998 0.0333333328125 0.2171875 0.0361111109375 0.21770833281250002 0.0333333328125
0 0.8197916671875 0.497222221875 0.8244791671874999 0.503703703125 0.8244791671874999 0.5166666671875 0.8260416671874999 0.5175925921875 0.8260416671874999 0.522222221875 0.8286458328125 0.522222221875 0.8338541671874999 0.5333333328125 0.846875 0.5305555562500001 0.85 0.5175925921875 0.8515625 0.5166666671875 0.8515625 0.509259259375 0.8546875 0.50555555625 0.8546875 0.4879629625 0.8515625 0.48425925937500003 0.8484375 0.471296296875 0.84375 0.465740740625 0.8197916671875 0.465740740625 0.8182291671874999 0.46851851875 0.8182291671874999 0.4888888890625 0.8197916671875 0.48981481406249994 0.8197916671875 0.497222221875
0 0.7744791671875 0.61944444375 0.7848958328125 0.625 0.7932291671875 0.6398148140625 0.7947916671875 0.65 0.8010416671874999 0.6611111109375 0.8046875 0.6611111109375 0.8052083328125 0.6583333328125 0.8078125 0.6583333328125 0.8109375 0.652777778125 0.8109375 0.6425925921875 0.8125 0.6416666671875 0.8109375 0.6268518515625 0.809375 0.6259259265625 0.809375 0.621296296875 0.8078125 0.6203703703125 0.8046875 0.6046296296875 0.7984375 0.5935185187500001 0.7916666671875 0.5935185187500001 0.7911458328125 0.5962962968750001 0.7895833328124999 0.5962962968750001 0.7890625 0.5935185187500001 0.7817708328124999 0.590740740625 0.78125 0.5879629625 0.7697916671875 0.5879629625 0.7682291671875 0.590740740625 0.7682291671875 0.6083333328125 0.7713541671875 0.6138888890625 0.7739583328124999 0.6138888890625 0.7744791671875 0.61944444375
0 0.5625 0.7805555562500001 0.5671875 0.775 0.565625 0.75648148125 0.5671875 0.7351851859375 0.5526041671875 0.7324074078125 0.5494791671875 0.7379629624999999 0.5494791671875 0.775 0.5557291671875 0.7805555562500001 0.5625 0.7805555562500001
0 0.21979166718749998 0.51944444375 0.22239583281250003 0.51944444375 0.22291666718749997 0.525 0.23072916718749997 0.5370370375 0.23072916718749997 0.5416666671875 0.2338541671875 0.54444444375 0.2390625 0.5416666671875 0.24375 0.5333333328125 0.24375 0.49629629687500004 0.2421875 0.490740740625 0.23802083281250003 0.490740740625 0.2375 0.4879629625 0.21354166718749998 0.4879629625 0.21197916718749998 0.490740740625 0.21354166718749998 0.5111111109375 0.21614583281250002 0.5111111109375 0.21979166718749998 0.51944444375
0 0.7161458328125 0.9138888890624999 0.7197916671875 0.922222221875 0.7296875 0.91944444375 0.7296875 0.9148148140625001 0.7359375 0.9055555562500001 0.734375 0.890740740625 0.73125 0.8870370375000001 0.73125 0.8824074078124999 0.725 0.8768518515625001 0.7135416671875 0.8768518515625001 0.7119791671875 0.8796296296874999 0.7119791671875 0.9083333328125001 0.7135416671875 0.9138888890624999 0.7161458328125 0.9138888890624999
0 0.0703125 0.7833333328125 0.071875 0.7620370375000001 0.075 0.75555555625 0.075 0.7379629624999999 0.0703125 0.7324074078125 0.051041667187499994 0.7324074078125 0.0494791671875 0.7861111109375 0.0557291671875 0.7916666671875 0.065625 0.7916666671875 0.0703125 0.7833333328125
0 0.21354166718749998 0.847222221875 0.21979166718749998 0.85555555625 0.2359375 0.852777778125 0.2359375 0.8481481484375 0.240625 0.8416666671874999 0.240625 0.83148148125 0.2421875 0.83055555625 0.240625 0.821296296875 0.2375 0.815740740625 0.23020833281250003 0.8129629625 0.2296875 0.8101851859375 0.21354166718749998 0.8101851859375 0.21197916718749998 0.8129629625 0.21197916718749998 0.8416666671874999 0.21354166718749998 0.8425925921875 0.21354166718749998 0.847222221875
0 0.5380208328125 0.5 0.5385416671875001 0.502777778125 0.5453125 0.5 0.5484375 0.49444444374999996 0.5484375 0.4824074078125 0.546875 0.48148148125 0.5453125 0.465740740625 0.5375 0.4546296296875 0.5260416671875 0.4546296296875 0.5244791671875 0.4574074078125 0.5244791671875 0.49444444374999996 0.5276041671875 0.5 0.5380208328125 0.5
0 0.6932291671875 0.3083333328125 0.6994791671875 0.31944444375000003 0.7109375 0.31944444375000003 0.71875 0.3083333328125 0.71875 0.27870370312500004 0.7234375 0.2638888890625 0.7234375 0.25740740781250004 0.7192708328124999 0.25740740781250004 0.71875 0.2546296296875 0.6947916671875001 0.25740740781250004 0.6947916671875001 0.26944444375 0.6963541671875 0.2703703703125 0.6932291671875 0.2796296296875 0.6932291671875 0.3083333328125
0 0.5385416671875001 0.15277777812499999 0.5411458328125 0.15277777812499999 0.5416666671875 0.15555555625 0.55625 0.15555555625 0.5567708328125 0.15277777812499999 0.559375 0.15277777812499999 0.565625 0.1416666671875 0.565625 0.1268518515625 0.5640625 0.12592592656249998 0.5640625 0.12129629687500001 0.5625 0.11851851875 0.5598958328125 0.11851851875 0.5515625 0.10185185156250001 0.5473958328124999 0.10185185156250001 0.546875 0.0990740734375 0.5260416671875 0.0990740734375 0.5244791671875 0.10185185156250001 0.5244791671875 0.13055555624999998 0.5322916671875 0.14444444375 0.5348958328125 0.14444444375 0.5385416671875001 0.15277777812499999
0 0.4546875 0.25 0.4546875 0.2296296296875 0.4484375 0.221296296875 0.4291666671875 0.221296296875 0.4244791671875 0.2296296296875 0.4244791671875 0.24722222187499998 0.42760416718750005 0.25555555625 0.45 0.25555555625 0.4546875 0.25
0 0.5296875 0.352777778125 0.5348958328125 0.3416666671875 0.5375 0.3416666671875 0.5375 0.3240740734375 0.5328125 0.321296296875 0.5135416671875 0.321296296875 0.5119791671875 0.3240740734375 0.5119791671875 0.35 0.5151041671875001 0.35555555625 0.5234375 0.3583333328125 0.5296875 0.352777778125
0 0.21614583281250002 0.24444444375000002 0.21979166718749998 0.25 0.2296875 0.25 0.23020833281250003 0.24722222187499998 0.2421875 0.2388888890625 0.240625 0.196296296875 0.2375 0.190740740625 0.23177083281250002 0.190740740625 0.23125 0.1879629625 0.2088541671875 0.1879629625 0.20572916718749998 0.19351851874999998 0.20572916718749998 0.23055555625 0.20729166718749997 0.23148148124999998 0.2088541671875 0.2416666671875 0.21614583281250002 0.24444444375000002
0 0.8010416671874999 0.15555555625 0.8052083328125 0.1583333328125 0.8072916671874999 0.16388888906250001 0.8125 0.16388888906250001 0.8130208328125 0.1611111109375 0.815625 0.1611111109375 0.81875 0.15277777812499999 0.81875 0.1453703703125 0.821875 0.13888888906250002 0.821875 0.13148148125 0.8234375 0.13055555624999998 0.825 0.1175925921875 0.8265625 0.1166666671875 0.8265625 0.1046296296875 0.821875 0.0990740734375 0.8010416671874999 0.0990740734375 0.7994791671875 0.10185185156250001 0.7994791671875 0.15 0.8010416671874999 0.15092592656249998 0.8010416671874999 0.15555555625
0 0.4760416671875 0.3861111109375 0.484375 0.3861111109375 0.4848958328125 0.38333333281250004 0.496875 0.38055555625 0.5015625 0.372222221875 0.503125 0.3351851859375 0.5005208328124999 0.3351851859375 0.4953125 0.3240740734375 0.4895833328125 0.3240740734375 0.4890625 0.321296296875 0.46979166718750004 0.321296296875 0.4682291671875 0.3240740734375 0.4682291671875 0.372222221875 0.46979166718750004 0.377777778125 0.4760416671875 0.3861111109375
0 0.2666666671875 0.2416666671875 0.2734375 0.2416666671875 0.2796875 0.23055555625 0.2796875 0.21296296250000002 0.2765625 0.209259259375 0.2765625 0.2046296296875 0.2734375 0.1990740734375 0.25729166718749996 0.1990740734375 0.2557291671875 0.2018518515625 0.2557291671875 0.22777777812500002 0.25729166718749996 0.23333333281250002 0.2666666671875 0.2416666671875
0 0.58125 0.47222222187499996 0.5796875 0.4546296296875 0.5635416671875 0.4546296296875 0.5619791671875001 0.4574074078125 0.5635416671875 0.4861111109375 0.5734375 0.4861111109375 0.5796875 0.477777778125 0.58125 0.47222222187499996
0 0.6776041671875 0.63055555625 0.6859375 0.6333333328124999 0.6864583328125 0.63055555625 0.6921875 0.627777778125 0.6921875 0.6231481484375 0.69375 0.622222221875 0.69375 0.6129629624999999 0.6921875 0.6101851859375 0.6880208328124999 0.6101851859375 0.68125 0.5990740734375 0.6697916671875 0.5990740734375 0.6682291671875 0.6018518515625 0.6682291671875 0.6166666671875001 0.6713541671875001 0.622222221875 0.6739583328125 0.622222221875 0.6776041671875 0.63055555625
0 0.45104166718750005 0.43333333281249997 0.45729166718750003 0.44166666718750003 0.4671875 0.44166666718750003 0.47083333281249995 0.43333333281249997 0.4734375 0.43333333281249997 0.4765625 0.41944444374999995 0.4734375 0.39074074062499997 0.4703125 0.3879629625 0.45104166718750005 0.39074074062499997 0.45104166718750005 0.3981481484375 0.44947916718750003 0.3990740734375 0.44947916718750003 0.427777778125 0.45104166718750005 0.43333333281249997
0 0.7666666671875 0.16388888906250001 0.796875 0.1611111109375 0.7953125 0.11574074062499999 0.790625 0.1101851859375 0.7682291671875 0.1101851859375 0.7635416671875 0.11574074062499999 0.7619791671875 0.12129629687500001 0.7619791671875 0.14444444375 0.7635416671875 0.1453703703125 0.7666666671875 0.16388888906250001
0 0.6484375 0.7138888890625 0.6515625 0.7083333328125 0.65 0.690740740625 0.6484375 0.6879629625 0.6260416671875 0.6879629625 0.6244791671875001 0.690740740625 0.6244791671875001 0.727777778125 0.6260416671875 0.73055555625 0.634375 0.73055555625 0.6395833328125 0.7166666671875 0.6484375 0.7138888890625
0 0 0 0 0.0361111109375 0.0057291671875 0.0388888890625 0.015625 0.0361111109375 0.01875 0.030555556249999997 0.0171875 0.004629629687499999 0.0125 0 0 0
0 0.3671875 0.7638888890625 0.3671875 0.759259259375 0.36875 0.7583333328124999 0.3671875 0.7351851859375 0.3645833328125 0.7351851859375 0.3640625 0.7324074078125 0.3463541671875 0.7324074078125 0.34322916718749996 0.7379629624999999 0.34322916718749996 0.775 0.3447916671875 0.777777778125 0.3546875 0.777777778125 0.3671875 0.7638888890625
0 0.1296875 0.622222221875 0.1375 0.6083333328125 0.1375 0.603703703125 0.140625 0.597222221875 0.140625 0.590740740625 0.1380208328125 0.590740740625 0.1375 0.5879629625 0.11822916718750001 0.5879629625 0.1177083328125 0.590740740625 0.1135416671875 0.590740740625 0.1119791671875 0.6083333328125 0.1135416671875 0.609259259375 0.1135416671875 0.6138888890625 0.1197916671875 0.622222221875 0.1296875 0.622222221875
0 0.49375 0.41111111093749997 0.5 0.4 0.503125 0.38240740781250004 0.4984375 0.3768518515625 0.4760416671875 0.3768518515625 0.47447916718750005 0.3796296296875 0.47447916718750005 0.40277777812500004 0.4760416671875 0.403703703125 0.4760416671875 0.41111111093749997 0.48072916718750003 0.4166666671875 0.4859375 0.4166666671875 0.4895833328125 0.41111111093749997 0.49375 0.41111111093749997
0 0.45625 0.497222221875 0.4609375 0.4916666671875 0.4609375 0.46296296249999996 0.4578125 0.4574074078125 0.42760416718750005 0.4546296296875 0.4244791671875 0.4601851859375 0.42604166718750003 0.497222221875 0.44375 0.5 0.44427083281249996 0.497222221875 0.45625 0.497222221875
0 0.49583333281249997 0.2611111109375 0.5015625 0.2611111109375 0.5125 0.252777778125 0.5125 0.2296296296875 0.50625 0.221296296875 0.49010416718750005 0.221296296875 0.4848958328125 0.2296296296875 0.48229166718750005 0.2296296296875 0.48072916718750003 0.23518518593749999 0.48072916718750003 0.25555555625 0.4838541671875 0.2638888890625 0.4953125 0.2638888890625 0.49583333281249997 0.2611111109375
0 0.7692708328125 0.1888888890625 0.7760416671875 0.20833333281250002 0.7802083328125 0.20833333281250002 0.7807291671875001 0.21111111093749999 0.7921875 0.20833333281250002 0.79375 0.20555555625 0.79375 0.196296296875 0.7921875 0.19537037031249999 0.7984375 0.1861111109375 0.7984375 0.178703703125 0.8 0.177777778125 0.7984375 0.1490740734375 0.790625 0.14351851875 0.7635416671875 0.146296296875 0.7635416671875 0.1620370375 0.7619791671875 0.1629629625 0.7635416671875 0.1861111109375 0.7692708328125 0.1888888890625
0 0.871875 0.1166666671875 0.8703125 0.1046296296875 0.8671875 0.0990740734375 0.8510416671875 0.0990740734375 0.8494791671874999 0.10185185156250001 0.8494791671874999 0.1166666671875 0.8526041671875 0.125 0.8671875 0.125 0.871875 0.1166666671875
0 0.7953125 0.1833333328125 0.7984375 0.177777778125 0.7953125 0.12407407343750002 0.7921875 0.12129629687500001 0.7635416671875 0.12129629687500001 0.7619791671875 0.12407407343750002 0.7635416671875 0.1833333328125 0.7666666671875 0.1861111109375 0.7953125 0.1833333328125
0 0.7125 0.31944444375000003 0.71875 0.3083333328125 0.71875 0.2796296296875 0.7171875 0.2768518515625 0.6947916671875001 0.2768518515625 0.6932291671875 0.2796296296875 0.6947916671875001 0.31944444375000003 0.6994791671875 0.322222221875 0.7125 0.31944444375000003
0 0.5734375 0.4861111109375 0.5770833328125 0.477777778125 0.58125 0.475 0.58125 0.46481481406249997 0.5828125 0.46388888906250003 0.5796875 0.4546296296875 0.5588541671875 0.4546296296875 0.5557291671875 0.4601851859375 0.5557291671875 0.477777778125 0.5588541671875 0.4888888890625 0.5703125 0.4888888890625 0.5734375 0.4861111109375
0 0.4348958328125 0.502777778125 0.43854166718750004 0.5111111109375 0.44166666718750003 0.5120370375000001 0.44322916718750005 0.51944444375 0.4505208328125 0.51944444375 0.45104166718750005 0.522222221875 0.4609375 0.51944444375 0.4640625 0.502777778125 0.4609375 0.4601851859375 0.4546875 0.4546296296875 0.42604166718750003 0.4546296296875 0.4244791671875 0.4574074078125 0.42604166718750003 0.497222221875 0.43072916718750004 0.502777778125 0.4348958328125 0.502777778125
0 0.2515625 0.0018518515625 0.2484375 0 0.23072916718749997 0.0018518515625 0.2322916671875 0.025 0.2453125 0.025 0.2515625 0.013888889062500001 0.2515625 0.0018518515625
0 0.5708333328124999 0.0416666671875 0.5734375 0.0416666671875 0.575 0.0240740734375 0.56875 0.0101851859375 0.5635416671875 0.0101851859375 0.5619791671875001 0.0129629625 0.5619791671875001 0.04444444375 0.56875 0.047222221875 0.5708333328124999 0.0416666671875
0 0.6213541671875 0.690740740625 0.6208333328125 0.69351851875 0.6135416671875 0.69351851875 0.6088541671875001 0.7018518515625 0.6088541671875001 0.7083333328125 0.6104166671875 0.709259259375 0.6098958328124999 0.7185185187500001 0.6046875 0.7101851859375 0.5963541671875 0.7074074078125 0.5932291671875001 0.7129629625 0.5932291671875001 0.75 0.5963541671875 0.75555555625 0.6046875 0.752777778125 0.6083333328125 0.747222221875 0.6125 0.747222221875 0.6192708328125 0.7361111109375 0.6265625 0.7361111109375 0.6270833328125 0.7333333328125 0.6359375 0.73055555625 0.6359375 0.7259259265625 0.6395833328125 0.7194444437499999 0.65 0.7138888890625 0.65 0.709259259375 0.6515625 0.7083333328125 0.65 0.690740740625 0.6484375 0.6879629625 0.6260416671875 0.6879629625 0.6255208328124999 0.690740740625 0.6213541671875 0.690740740625
0 0.215625 0.146296296875 0.2125 0.14351851875 0.18697916718750002 0.146296296875 0.1885416671875 0.175 0.1916666671875 0.177777778125 0.2171875 0.175 0.215625 0.146296296875
0 0.1734375 0.40555555625000006 0.175 0.38240740781250004 0.171875 0.3768518515625 0.1572916671875 0.3768518515625 0.15572916718750002 0.3796296296875 0.1572916671875 0.40277777812500004 0.16458333281249998 0.40555555625000006 0.1651041671875 0.40833333281249995 0.1734375 0.40555555625000006
0 0.6135416671875 0.7148148140624999 0.6130208328125 0.7185185187500001 0.6083333328125 0.7185185187500001 0.60625 0.7101851859375 0.6020833328124999 0.7101851859375 0.6015625 0.7074074078125 0.5901041671875 0.7074074078125 0.5869791671875 0.7129629625 0.5869791671875 0.75 0.5901041671875 0.75555555625 0.6 0.75555555625 0.6005208328125 0.752777778125 0.6046875 0.752777778125 0.6140625 0.74444444375 0.6192708328125 0.7361111109375 0.6328125 0.73055555625 0.6359375 0.722222221875 0.6375 0.7018518515625 0.6359375 0.6990740734374999 0.6104166671875 0.7018518515625 0.6088541671875001 0.7083333328125 0.6135416671875 0.7148148140624999
0 0.21197916718749998 0.4611111109375 0.21510416718749997 0.46666666718750005 0.225 0.46666666718750005 0.22552083281250002 0.46388888906250003 0.2296875 0.46388888906250003 0.23333333281250002 0.45555555625000005 0.2359375 0.45555555625000005 0.2390625 0.44166666718750003 0.2390625 0.4268518515625 0.2359375 0.42129629687500003 0.21979166718749998 0.42129629687500003 0.21354166718749998 0.4296296296875 0.21197916718749998 0.43518518593750005 0.21197916718749998 0.4611111109375