0 0.0671875 0.39765625 0.04453125 0.0765625
0 0.0375 0.2390625 0.0359375 0.06953125
0 0.11171875 0.4203125 0.04296875 0.07421875
0 0.259375 0.68671875 0.03203125 0.06953125
0 0.296875 0.69296875 0.0328125 0.0640625
0 0.20078125 0.4734375 0.034375 0.06796875
0 0.228125 0.47421875 0.02578125 0.059375
0 0.3046875 0.23125 0.0390625 0.07734375
0 0.4015625 0.2265625 0.03828125 0.08046875
0 0.446875 0.225 0.0484375 0.0796875
0 0.55078125 0.11171875 0.03984375 0.0703125
0 0.53515625 0.034375 0.0453125 0.06875
0 0.840625 0.35859375 0.0375 0.06953125
0 0.4875 0.09765625 0.0328125 0.05703125
0 0.19921875 0.04375 0.0390625 0.05859375