0 0.05546875 0.18671875 0.0375 0.05703125
0 0.13671875 0.48828125 0.0421875 0.07109375
0 0.09609375 0.509375 0.03828125 0.0765625
0 0.19453125 0.5640625 0.04921875 0.08984375
0 0.24765625 0.55390625 0.0515625 0.084375
0 0.20390625 0.31015625 0.0484375 0.08828125
0 0.24453125 0.17109375 0.040625 0.0703125
0 0.246875 0.30859375 0.0484375 0.0828125
0 0.36484375 0.49609375 0.0515625 0.075
0 0.46015625 0.553125 0.03125 0.08046875
0 0.51640625 0.409375 0.05625 0.10390625
0 0.58203125 0.20625 0.0453125 0.090625
0 0.70859375 0.03828125 0.05625 0.0734375
0 0.715625 0.17265625 0.05 0.07734375
0 0.61796875 0.29453125 0.0484375 0.075
0 0.815625 0.85 0.0625 0.10546875
0 0.4 0.95234375 0.04375 0.0703125
0 0.49296875 0.79140625 0.0375 0.0609375
0 0.703125 0.7171875 0.04765625 0.0609375
0 0.97265625 0.55390625 0.03984375 0.0734375
0 0.9328125 0.6875 0.05 0.090625
0 0.6984375 0.084375 0.0421875 0.05859375
0 0.57890625 0.10625 0.0296875 0.03984375
0 0.88125 0.6671875 0.0390625 0.0546875
0 0.60859375 0.75234375 0.03046875 0.05625
0 0.98203125 0.66875 0.03515625 0.04140625
0 0.62890625 0.396875 0.046875 0.075
0 0.27265625 0.11875 0.03828125 0.07890625