0 0.025520832812499998 0.772222221875 0.0276041671875 0.777777778125 0.0333333328125 0.777777778125 0.0338541671875 0.7805555562500001 0.0421875 0.7805555562500001 0.0427083328125 0.777777778125 0.0484375 0.777777778125 0.0484375 0.7759259265625 0.05625 0.7638888890625 0.05625 0.7351851859375 0.055208332812500004 0.7351851859375 0.0484375 0.7212962968750001 0.0260416671875 0.7212962968750001 0.0260416671875 0.7231481484375 0.0244791671875 0.7240740734375 0.0244791671875 0.772222221875 0.025520832812499998 0.772222221875
0 0.21197916718749998 0.5416666671875 0.21354166718749998 0.54444444375 0.2192708328125 0.54444444375 0.21979166718749998 0.547222221875 0.2390625 0.5416666671875 0.24375 0.5333333328125 0.2453125 0.5101851859375001 0.24375 0.509259259375 0.24375 0.49351851875 0.2375 0.48425925937500003 0.2375 0.4796296296875 0.2359375 0.4768518515625 0.20729166718749997 0.4768518515625 0.20572916718749998 0.4796296296875 0.20572916718749998 0.51944444375 0.2104166671875 0.5287037031249999 0.21197916718749998 0.5416666671875
0 0.8041666671875 0.652777778125 0.8182291671874999 0.6638888890625 0.8234375 0.6638888890625 0.8375 0.65 0.8390625 0.6240740734375 0.8375 0.6231481484375 0.8375 0.6129629624999999 0.8359375 0.6074074078125 0.8328125 0.60648148125 0.8328125 0.6018518515625 0.8296875 0.5990740734375 0.8026041671874999 0.5990740734375 0.7994791671875 0.6046296296875 0.7994791671875 0.6416666671875 0.8010416671874999 0.647222221875 0.8041666671875 0.6481481484375 0.8041666671875 0.652777778125
0 0.0354166671875 0.08055555625000001 0.0453125 0.08055555625000001 0.0458333328125 0.077777778125 0.0515625 0.075 0.0515625 0.0703703703125 0.05625 0.0638888890625 0.05625 0.05648148125 0.0578125 0.055555556250000006 0.0578125 0.0351851859375 0.053125 0.0268518515625 0.0427083328125 0.0240740734375 0.0421875 0.021296296875000002 0.0197916671875 0.021296296875000002 0.0182291671875 0.0240740734375 0.0182291671875 0.052777778124999994 0.0276041671875 0.075 0.0348958328125 0.077777778125 0.0354166671875 0.08055555625000001
0 0.240625 0.6777777781250001 0.246875 0.6638888890625 0.246875 0.659259259375 0.25 0.6555555562500001 0.2515625 0.6240740734375 0.2484375 0.621296296875 0.22760416718749998 0.621296296875 0.2244791671875 0.6268518515625 0.2244791671875 0.675 0.2260416671875 0.6777777781250001 0.240625 0.6777777781250001
0 0.4447916671875 0.31944444375000003 0.459375 0.31944444375000003 0.4614583328125 0.3138888890625 0.4671875 0.3111111109375 0.46875 0.3009259265625 0.4734375 0.29444444375 0.4734375 0.271296296875 0.4703125 0.2675925921875 0.4703125 0.2629629625 0.4640625 0.2546296296875 0.43854166718750004 0.2546296296875 0.4369791671875 0.25740740781250004 0.43854166718750004 0.3111111109375 0.44114583281249997 0.3111111109375 0.4447916671875 0.31944444375000003
0 0.0234375 0.10833333281249999 0.025 0.10092592656249999 0.028125 0.097222221875 0.0296875 0.07962962968750001 0.0265625 0.0759259265625 0.025 0.0629629625 0.021875 0.0574074078125 0.0192708328125 0.0574074078125 0.01875 0.0546296296875 0.008854167187500001 0.0546296296875 0.0057291671875 0.060185185937499996 0.0057291671875 0.10555555624999999 0.008854167187500001 0.1111111109375 0.0234375 0.10833333281249999
0 0.3057291671875 0.477777778125 0.3098958328125 0.477777778125 0.3135416671875 0.48333333281249996 0.321875 0.48333333281249996 0.3296875 0.46666666718750005 0.3296875 0.44629629687500005 0.328125 0.44351851875000003 0.3010416671875 0.44351851875000003 0.2994791671875 0.44629629687500005 0.2994791671875 0.46666666718750005 0.3010416671875 0.4675925921875 0.3010416671875 0.47222222187499996 0.3057291671875 0.477777778125
0 0.75625 0.675 0.75625 0.6546296296875 0.753125 0.646296296875 0.75 0.64351851875 0.7307291671875 0.646296296875 0.7322916671875 0.675 0.7432291671875 0.6805555562500001 0.75 0.6805555562500001 0.75625 0.675
0 0.1885416671875 0.8111111109375001 0.215625 0.8111111109375001 0.21614583281250002 0.8083333328125001 0.221875 0.8055555562500001 0.2234375 0.7953703703125 0.2296875 0.7861111109375 0.2296875 0.7814814812499999 0.23125 0.7805555562500001 0.23125 0.765740740625 0.2234375 0.7546296296875 0.19479166718750002 0.7546296296875 0.1885416671875 0.7629629625 0.1885416671875 0.7675925921875 0.18697916718750002 0.76851851875 0.18697916718750002 0.8083333328125001 0.1885416671875 0.8111111109375001
0 0.1822916671875 0.5416666671875 0.190625 0.54444444375 0.196875 0.5361111109375 0.1984375 0.5148148140625 0.203125 0.5083333328124999 0.203125 0.5018518515625 0.1984375 0.4879629625 0.1822916671875 0.4879629625 0.1807291671875 0.490740740625 0.1807291671875 0.5333333328125 0.1822916671875 0.534259259375 0.1822916671875 0.5416666671875
0 0.007291667187500001 0.7898148140625 0.007291667187500001 0.79444444375 0.0125 0.79444444375 0.014583332812499999 0.7888888890625 0.0171875 0.7888888890625 0.025 0.772222221875 0.025 0.7574074078125 0.0234375 0.75648148125 0.0234375 0.746296296875 0.021875 0.7453703703125 0.021875 0.740740740625 0.0171875 0.7324074078125 0.008854167187500001 0.7324074078125 0.0057291671875 0.7379629624999999 0.0057291671875 0.7888888890625 0.007291667187500001 0.7898148140625
0 0.26510416718749996 0.6888888890625 0.28125 0.6861111109375 0.2828125 0.6759259265625001 0.2859375 0.672222221875 0.2859375 0.646296296875 0.2828125 0.6398148140625 0.28125 0.6240740734375 0.25729166718749996 0.621296296875 0.2557291671875 0.6240740734375 0.2557291671875 0.675 0.25729166718749996 0.6805555562500001 0.26510416718749996 0.6888888890625
0 0.7078125 0.2 0.7109375 0.19444444375 0.709375 0.1759259265625 0.7125 0.16944444375 0.7125 0.146296296875 0.6885416671875 0.14351851875 0.6869791671875001 0.146296296875 0.6869791671875001 0.197222221875 0.6916666671875 0.20277777812500003 0.7078125 0.2
0 0.2286458328125 0.3111111109375 0.22916666718749998 0.3138888890625 0.23177083281250002 0.3138888890625 0.2338541671875 0.31944444375000003 0.2427083328125 0.325 0.24322916718749998 0.33055555625 0.2546875 0.33055555625 0.25625 0.32777777812500003 0.25625 0.3231481484375 0.259375 0.31944444375000003 0.259375 0.3148148140625 0.2609375 0.3138888890625 0.2609375 0.3018518515625 0.25625 0.29351851875 0.2536458328125 0.29351851875 0.25 0.2851851859375 0.24739583281250002 0.2851851859375 0.2453125 0.2796296296875 0.2427083328125 0.2796296296875 0.2421875 0.2768518515625 0.2260416671875 0.2768518515625 0.2244791671875 0.2796296296875 0.2244791671875 0.3083333328125 0.2260416671875 0.3111111109375 0.2286458328125 0.3111111109375
0 0.3057291671875 0.39074074062499997 0.3057291671875 0.41944444374999995 0.3088541671875 0.425 0.321875 0.42222222187499997 0.3223958328125 0.41944444374999995 0.325 0.41944444374999995 0.325 0.4148148140625 0.33125 0.40555555625000006 0.33125 0.3796296296875 0.3296875 0.3768518515625 0.3151041671875 0.3768518515625 0.3072916671875 0.3851851859375 0.3072916671875 0.3898148140625 0.3057291671875 0.39074074062499997
0 0.6932291671875 0.7518518515625 0.6932291671875 0.775 0.6994791671875 0.7861111109375 0.7026041671875001 0.7870370375 0.7041666671875 0.797222221875 0.7072916671875 0.8027777781250001 0.7125 0.8027777781250001 0.7130208328125 0.8 0.715625 0.8 0.71875 0.79444444375 0.71875 0.7574074078125 0.7109375 0.74351851875 0.6979166671875 0.74351851875 0.6973958328125 0.746296296875 0.6947916671875001 0.746296296875 0.6947916671875001 0.7509259265625 0.6932291671875 0.7518518515625
0 0.1416666671875 0.99444444375 0.1484375 0.99444444375 0.14895833281249998 0.9916666671875 0.15625 0.9861111109375 0.1578125 0.9685185187500001 0.15625 0.9675925921875 0.15625 0.9601851859374999 0.153125 0.9546296296874999 0.13229166718750002 0.9546296296874999 0.1307291671875 0.9574074078124999 0.1307291671875 0.9833333328125 0.1338541671875 0.9888888890624999 0.14114583281249998 0.9916666671875 0.1416666671875 0.99444444375
0 0.7296875 0.675 0.73125 0.6601851859375001 0.728125 0.6546296296875 0.7135416671875 0.6546296296875 0.7119791671875 0.6574074078125001 0.7135416671875 0.66944444375 0.7161458328125 0.66944444375 0.7197916671875 0.6777777781250001 0.7296875 0.675
0 0.3072916671875 0.12222222187500001 0.3098958328125 0.12222222187500001 0.3135416671875 0.13055555624999998 0.3171875 0.13055555624999998 0.3177083328125 0.127777778125 0.3203125 0.127777778125 0.3203125 0.1231481484375 0.321875 0.12222222187500001 0.321875 0.0990740734375 0.3171875 0.08796296249999999 0.3072916671875 0.08796296249999999 0.3057291671875 0.09074074062500001 0.3057291671875 0.1166666671875 0.3072916671875 0.1175925921875 0.3072916671875 0.12222222187500001
0 0.41875 0.425 0.425 0.4166666671875 0.4265625 0.4018518515625 0.4135416671875 0.3990740734375 0.41197916718750005 0.4018518515625 0.41197916718750005 0.41944444374999995 0.4135416671875 0.425 0.41875 0.425
0 0.6671875 0.21944444375 0.66875 0.21203703749999997 0.6734375 0.20833333281250002 0.6770833328125 0.197222221875 0.6796875 0.197222221875 0.68125 0.1574074078125 0.6796875 0.1546296296875 0.6510416671875 0.1546296296875 0.6494791671875 0.1574074078125 0.6494791671875 0.20833333281250002 0.6572916671875 0.21944444375 0.6671875 0.21944444375
0 0.7697916671875 0.6361111109375 0.7760416671875 0.64444444375 0.7921875 0.64444444375 0.8 0.63055555625 0.7984375 0.5935185187500001 0.7927083328125 0.590740740625 0.7921875 0.5879629625 0.7697916671875 0.5879629625 0.7682291671875 0.590740740625 0.7682291671875 0.63055555625 0.7697916671875 0.63148148125 0.7697916671875 0.6361111109375
0 0.275 0.23611111093749998 0.2734375 0.21574074062499998 0.26875 0.2101851859375 0.25729166718749996 0.2101851859375 0.2557291671875 0.21296296250000002 0.25729166718749996 0.2388888890625 0.2734375 0.2416666671875 0.275 0.23611111093749998
0 0.2578125 0.252777778125 0.25833333281250004 0.25 0.2588541671875 0.252777778125 0.2671875 0.252777778125 0.2734375 0.24444444375000002 0.275 0.221296296875 0.271875 0.21296296250000002 0.26875 0.2101851859375 0.2526041671875 0.21296296250000002 0.2494791671875 0.22685185156249998 0.2494791671875 0.24444444375000002 0.2526041671875 0.252777778125 0.2578125 0.252777778125
0 0.3859375 0.28055555625 0.390625 0.275 0.390625 0.2601851859375 0.3875 0.24351851875000002 0.384375 0.23518518593749999 0.3760416671875 0.23240740781250002 0.37447916718749996 0.23518518593749999 0.37447916718749996 0.275 0.3807291671875 0.28055555625 0.3859375 0.28055555625