0 0.7494791671875001 0.7990740734374999 0.7494791671875001 0.83055555625 0.7572916671875001 0.8416666671874999 0.765625 0.8416666671874999 0.7677083328125 0.8361111109375001 0.7734375 0.8333333328125001 0.775 0.8259259265625 0.7796875 0.8194444437499999 0.78125 0.8018518515625 0.7765625 0.7925925921875 0.775 0.7796296296875 0.7723958328125 0.7796296296875 0.771875 0.7768518515625 0.7572916671875001 0.7768518515625 0.7567708328125 0.7796296296875 0.7541666671875 0.7796296296875 0.7526041671875 0.7953703703125 0.7494791671875001 0.7990740734374999
0 0.7135416671875 0.83055555625 0.7192708328124999 0.83055555625 0.7197916671875 0.8333333328125001 0.721875 0.8333333328125001 0.7270833328124999 0.825 0.7296875 0.825 0.73125 0.8175925921875 0.7375 0.8083333328125001 0.7375 0.803703703125 0.740625 0.797222221875 0.740625 0.790740740625 0.7328125 0.7814814812499999 0.7328125 0.7740740734375 0.73125 0.7731481484375 0.7296875 0.765740740625 0.7088541671875 0.765740740625 0.7057291671875 0.771296296875 0.7057291671875 0.8194444437499999 0.7098958328125 0.8222222218749999 0.7135416671875 0.83055555625
0 0.6328125 0.877777778125 0.6359375 0.875 0.6375 0.859259259375 0.6390625 0.8583333328125 0.6390625 0.8509259265625 0.6421875 0.8416666671874999 0.6375 0.815740740625 0.634375 0.8101851859375 0.6135416671875 0.8101851859375 0.6119791671875 0.8129629625 0.6119791671875 0.872222221875 0.6151041671875 0.877777778125 0.6328125 0.877777778125
0 0.60625 0.5888888890625 0.609375 0.5861111109375 0.6078125 0.5675925921875 0.6098958328124999 0.5638888890625 0.6171875 0.5666666671875 0.621875 0.5611111109375 0.6234375 0.5555555562500001 0.6234375 0.5351851859375001 0.6203125 0.5240740734375 0.6171875 0.521296296875 0.5947916671875 0.521296296875 0.5932291671875001 0.5240740734375 0.5932291671875001 0.577777778125 0.6010416671875001 0.5888888890625 0.60625 0.5888888890625
0 0.6421875 0.5083333328124999 0.6453125 0.4953703703125 0.65 0.4888888890625 0.65 0.48148148125 0.6546875 0.475 0.6546875 0.4574074078125 0.6515625 0.4546296296875 0.6322916671875001 0.4546296296875 0.6307291671875 0.4574074078125 0.6307291671875 0.5 0.6354166671875 0.5083333328124999 0.6421875 0.5083333328124999
0 0.221875 0.21944444375 0.2270833328125 0.20833333281250002 0.2296875 0.20833333281250002 0.2296875 0.1824074078125 0.2265625 0.178703703125 0.2234375 0.165740740625 0.2010416671875 0.165740740625 0.1994791671875 0.16851851874999998 0.1994791671875 0.21111111093749999 0.2026041671875 0.21944444375 0.2171875 0.222222221875 0.221875 0.21944444375
0 0.2697916671875 0.222222221875 0.2760416671875 0.23333333281250002 0.2802083328125 0.23333333281250002 0.2838541671875 0.2416666671875 0.2864583328125 0.2416666671875 0.2869791671875 0.24444444375000002 0.29739583281250004 0.24722222187499998 0.2979166671875 0.25 0.303125 0.25 0.3125 0.22777777812500002 0.3125 0.20740740781250003 0.3109375 0.20648148125 0.3109375 0.2018518515625 0.30625 0.19537037031249999 0.30625 0.1925925921875 0.309375 0.1888888890625 0.309375 0.1759259265625 0.3109375 0.175 0.3109375 0.171296296875 0.309375 0.16851851874999998 0.30520833281250004 0.16851851874999998 0.3046875 0.165740740625 0.2713541671875 0.165740740625 0.2682291671875 0.171296296875 0.2682291671875 0.2166666671875 0.2697916671875 0.2175925921875 0.2697916671875 0.222222221875
0 0.42864583281249996 0.177777778125 0.4322916671875 0.1861111109375 0.4375 0.1861111109375 0.4458333328125 0.177777778125 0.4546875 0.175 0.4578125 0.16388888906250001 0.4578125 0.1351851859375 0.4546875 0.12407407343750002 0.4515625 0.12129629687500001 0.42760416718750005 0.12129629687500001 0.4244791671875 0.1268518515625 0.4244791671875 0.172222221875 0.42604166718750003 0.177777778125 0.42864583281249996 0.177777778125
0 0.48854166718750003 0.7861111109375 0.4927083328125 0.7861111109375 0.49322916718750004 0.7888888890625 0.503125 0.7861111109375 0.50625 0.777777778125 0.50625 0.765740740625 0.5 0.753703703125 0.5 0.746296296875 0.496875 0.7398148140624999 0.496875 0.7240740734375 0.49427083281249995 0.7240740734375 0.49375 0.7212962968750001 0.48229166718750005 0.7212962968750001 0.48072916718750003 0.7240740734375 0.48072916718750003 0.775 0.4848958328125 0.777777778125 0.48854166718750003 0.7861111109375
0 0.3994791671875 0.3638888890625 0.40260416718750003 0.3648148140625 0.40416666718750005 0.3731481484375 0.3947916671875 0.3796296296875 0.3932291671875 0.40555555625000006 0.3947916671875 0.40648148125 0.3947916671875 0.41111111093749997 0.3973958328125 0.41111111093749997 0.40260416718750003 0.42222222187499997 0.4109375 0.42222222187499997 0.4145833328125 0.4138888890625 0.4171875 0.4138888890625 0.4171875 0.409259259375 0.425 0.397222221875 0.4265625 0.36851851875 0.425 0.36759259218749996 0.425 0.3601851859375 0.421875 0.3546296296875 0.4057291671875 0.3546296296875 0.40520833281249996 0.3574074078125 0.3994791671875 0.3601851859375 0.3994791671875 0.3638888890625
0 0.9994791671875 0.7546296296875 0.9822916671874999 0.7574074078125 0.9807291671874999 0.797222221875 0.9838541671875 0.8027777781250001 0.9994791671875 0.8 0.9994791671875 0.7546296296875
0 0.23854166718749997 0.20833333281250002 0.2421875 0.20833333281250002 0.2427083328125 0.20555555625 0.2484375 0.20277777812500003 0.25 0.19537037031249999 0.25625 0.1861111109375 0.25625 0.178703703125 0.259375 0.172222221875 0.259375 0.1574074078125 0.2578125 0.15648148125 0.2546875 0.14351851875 0.2322916671875 0.14351851875 0.23072916718749997 0.146296296875 0.23072916718749997 0.197222221875 0.23854166718749997 0.20833333281250002
0 0.2526041671875 0.8888888890625 0.25625 0.8888888890625 0.2567708328125 0.8861111109375001 0.259375 0.8861111109375001 0.2625 0.88055555625 0.2640625 0.8620370375 0.2703125 0.852777778125 0.2703125 0.8490740734375001 0.2671875 0.8435185187500001 0.2510416671875 0.8435185187500001 0.2494791671875 0.8462962968750001 0.2494791671875 0.8833333328125 0.2526041671875 0.8888888890625
0 0.0135416671875 0.8620370375 0.007291667187500001 0.8740740734375001 0.007291667187500001 0.878703703125 0.0057291671875 0.8796296296874999 0.0057291671875 0.9111111109375001 0.008854167187500001 0.91944444375 0.014583332812499999 0.91944444375 0.0151041671875 0.922222221875 0.017708332812499998 0.91944444375 0.025 0.91944444375 0.03125 0.9083333328125001 0.0328125 0.8925925921875001 0.0359375 0.8861111109375001 0.0375 0.86851851875 0.0359375 0.8675925921875001 0.0359375 0.8629629624999999 0.0296875 0.8546296296874999 0.0182291671875 0.8546296296874999 0.017708332812499998 0.8574074078124999 0.0135416671875 0.8574074078124999 0.0135416671875 0.8620370375
0 0.4583333328125 0.7333333328125 0.46666666718750005 0.747222221875 0.4734375 0.747222221875 0.4765625 0.7388888890625 0.4765625 0.7212962968750001 0.475 0.7203703703125 0.475 0.7129629625 0.4703125 0.70648148125 0.4703125 0.7018518515625 0.4671875 0.6990740734374999 0.45104166718750005 0.6990740734374999 0.44947916718750003 0.7018518515625 0.44947916718750003 0.722222221875 0.45104166718750005 0.727777778125 0.4583333328125 0.7333333328125
0 0.3776041671875 0.0509259265625 0.3760416671875 0.051851851562499995 0.3760416671875 0.0870370375 0.37447916718749996 0.08796296249999999 0.37447916718749996 0.10555555624999999 0.3760416671875 0.10648148125000001 0.3760416671875 0.12222222187500001 0.3776041671875 0.125 0.39375 0.12222222187500001 0.3942708328125 0.11944444375 0.403125 0.11388888906250001 0.4125 0.097222221875 0.4125 0.0870370375 0.4140625 0.0861111109375 0.4125 0.060185185937499996 0.403125 0.04351851875 0.38229166718749996 0.04351851875 0.3817708328125 0.046296296875 0.3776041671875 0.046296296875 0.3776041671875 0.0509259265625
0 0.3947916671875 0.522222221875 0.4078125 0.51944444375 0.4109375 0.5083333328124999 0.4125 0.48981481406249994 0.4140625 0.4888888890625 0.4140625 0.4796296296875 0.4109375 0.4768518515625 0.3885416671875 0.4768518515625 0.3869791671875 0.4796296296875 0.3869791671875 0.5083333328124999 0.3885416671875 0.5138888890625 0.3947916671875 0.522222221875
0 0.98125 0.2166666671875 0.98125 0.190740740625 0.9796875 0.1879629625 0.9588541671874999 0.1879629625 0.9557291671874999 0.19351851874999998 0.9557291671874999 0.21111111093749999 0.9588541671874999 0.21944444375 0.978125 0.222222221875 0.98125 0.2166666671875
0 0.9390625 0.372222221875 0.940625 0.36666666718749996 0.9390625 0.34629629687499996 0.9359375 0.34351851875 0.9182291671874999 0.34629629687499996 0.9182291671874999 0.36666666718749996 0.9213541671875 0.375 0.934375 0.377777778125 0.9390625 0.372222221875
0 0.9140625 0.027777778125000003 0.9140625 0.015740740625 0.9109375 0.0101851859375 0.8932291671874999 0.0129629625 0.8932291671874999 0.025 0.8963541671874999 0.0333333328125 0.9109375 0.0333333328125 0.9140625 0.027777778125000003
0 0.9583333328125001 0.3416666671875 0.965625 0.3416666671875 0.9671875 0.33888888906250003 0.9671875 0.31851851875000003 0.9609375 0.3101851859375 0.9432291671874999 0.3101851859375 0.9369791671875 0.321296296875 0.9369791671875 0.3416666671875 0.9432291671874999 0.34722222187499996 0.9578125 0.34444444375 0.9583333328125001 0.3416666671875
0 0.9697916671875 0.43055555625 0.9723958328125001 0.43055555625 0.9760416671875 0.4361111109375 0.9796875 0.4361111109375 0.9828125 0.43055555625 0.98125 0.4018518515625 0.9765625 0.39074074062499997 0.9697916671875 0.3879629625 0.9682291671875 0.39074074062499997 0.9682291671875 0.42222222187499997 0.9697916671875 0.42314814843750004 0.9697916671875 0.43055555625
0 0.3828125 0.5768518515625 0.37447916718749996 0.5796296296875 0.3760416671875 0.6 0.3875 0.597222221875 0.3859375 0.5796296296875 0.3828125 0.5768518515625
0 0.2828125 0.246296296875 0.2796875 0.24351851875000002 0.2635416671875 0.24351851875000002 0.2619791671875 0.246296296875 0.2619791671875 0.2638888890625 0.2635416671875 0.2666666671875 0.2734375 0.2666666671875 0.2828125 0.252777778125 0.2828125 0.246296296875
0 0.3838541671875 0.5555555562500001 0.3859375 0.5555555562500001 0.39114583281250004 0.54444444375 0.3953125 0.5416666671875 0.396875 0.5268518515625 0.3927083328125 0.5240740734375 0.3921875 0.521296296875 0.38229166718749996 0.521296296875 0.3807291671875 0.5240740734375 0.3807291671875 0.55 0.3838541671875 0.5555555562500001