0 0.12578125 0.146875 0.053125 0.090625
0 0.10625 0.2375 0.0578125 0.08828125
0 0.12109375 0.36953125 0.053125 0.08828125
0 0.02109375 0.41640625 0.0421875 0.0859375
0 0.2578125 0.37578125 0.046875 0.08046875
0 0.19765625 0.36015625 0.04765625 0.078125
0 0.371875 0.515625 0.05390625 0.09296875
0 0.425 0.4875 0.0515625 0.0921875
0 0.57109375 0.20078125 0.0375 0.07890625
0 0.58203125 0.0265625 0.03671875 0.053125
0 0.6296875 0.053125 0.04453125 0.07890625
0 0.7234375 0.09453125 0.0375 0.0703125
0 0.65859375 0.57734375 0.02890625 0.05859375
0 0.503125 0.16875 0.03828125 0.07890625
0 0.5828125 0.8546875 0.04609375 0.09453125
0 0.9703125 0.778125 0.059375 0.115625
0 0.76484375 0.18671875 0.03984375 0.075
0 0.09375 0.39609375 0.02578125 0.07109375
0 0.203125 0.67890625 0.0453125 0.05859375
0 0.06328125 0.87578125 0.03515625 0.04609375