0 0.13671875 0.46171875 0.03828125 0.06640625
0 0.21640625 0.45859375 0.03203125 0.053125
0 0.18671875 0.43203125 0.02890625 0.05
0 0.12734375 0.6328125 0.0375 0.059375
0 0.153125 0.87421875 0.04140625 0.07734375
0 0.0953125 0.734375 0.02890625 0.046875
0 0.1796875 0.6078125 0.034375 0.06015625
0 0.11953125 0.51328125 0.0375 0.05546875
0 0.49453125 0.7828125 0.03828125 0.05234375
0 0.4859375 0.8421875 0.04296875 0.07578125
0 0.49140625 0.5390625 0.034375 0.06875
0 0.5171875 0.55546875 0.03046875 0.05703125
0 0.55625 0.4484375 0.0296875 0.06171875
0 0.7140625 0.34140625 0.0359375 0.046875
0 0.69140625 0.78828125 0.03828125 0.059375
0 0.77578125 0.65234375 0.03359375 0.06328125
0 0.52578125 0.43671875 0.0296875 0.0625
0 0.48203125 0.4609375 0.0296875 0.053125
0 0.56328125 0.53125 0.0296875 0.05703125
0 0.08671875 0.54140625 0.0328125 0.05703125
0 0.1234375 0.87890625 0.0265625 0.06484375
0 0.709375 0.8328125 0.0296875 0.05234375
0 0.7953125 0.60859375 0.02265625 0.0328125