0 0.3463541671875 0.522222221875 0.3640625 0.522222221875 0.3671875 0.51944444375 0.3703125 0.5083333328124999 0.3703125 0.49351851875 0.3661458328125 0.490740740625 0.3625 0.48148148125 0.3625 0.46481481406249997 0.3640625 0.4601851859375 0.359375 0.4546296296875 0.3385416671875 0.4546296296875 0.3369791671875 0.4574074078125 0.3369791671875 0.5083333328124999 0.3411458328125 0.5111111109375 0.3463541671875 0.522222221875
0 0.5807291671875 0.075 0.5822916671875 0.0759259265625 0.5822916671875 0.08055555625000001 0.5885416671875 0.0888888890625 0.5989583328125 0.0916666671875 0.6072916671875 0.102777778125 0.6171875 0.10555555624999999 0.6234375 0.09444444375 0.6234375 0.0870370375 0.625 0.0861111109375 0.625 0.0574074078125 0.61875 0.048148148437499996 0.6171875 0.0379629625 0.6125 0.0324074078125 0.5885416671875 0.0324074078125 0.5880208328125 0.0351851859375 0.5838541671875 0.0351851859375 0.5822916671875 0.0379629625 0.5822916671875 0.045370370312500005 0.5807291671875 0.046296296875 0.5807291671875 0.075
0 0.8572916671874999 0.3166666671875 0.8604166671875 0.322222221875 0.8630208328125001 0.322222221875 0.8635416671874999 0.325 0.8677083328125 0.325 0.8682291671875 0.32777777812500003 0.8796875 0.32777777812500003 0.8802083328125001 0.325 0.8859375 0.322222221875 0.8921875 0.3111111109375 0.8921875 0.30648148124999997 0.89375 0.30555555624999997 0.89375 0.2796296296875 0.8921875 0.27870370312500004 0.8921875 0.2740740734375 0.8828125 0.25740740781250004 0.8802083328125001 0.25740740781250004 0.8796875 0.2546296296875 0.8572916671874999 0.2546296296875 0.8557291671874999 0.25740740781250004 0.8557291671874999 0.3111111109375 0.8572916671874999 0.3120370375 0.8572916671874999 0.3166666671875
0 0.3098958328125 0.5166666671875 0.328125 0.5166666671875 0.32864583281250004 0.5138888890625 0.3359375 0.5083333328124999 0.3359375 0.4879629625 0.334375 0.48703703750000005 0.334375 0.4796296296875 0.3328125 0.478703703125 0.3296875 0.465740740625 0.3072916671875 0.465740740625 0.3005208328125 0.4768518515625 0.2979166671875 0.4768518515625 0.2932291671875 0.4879629625 0.2932291671875 0.51944444375 0.2979166671875 0.525 0.3046875 0.525 0.3098958328125 0.5166666671875
0 0.8072916671874999 0.28611111093749997 0.8098958328125001 0.28611111093749997 0.8119791671875 0.2898148140625 0.8119791671875 0.29444444375 0.8197916671875 0.3083333328125 0.8234375 0.3083333328125 0.8255208328125001 0.302777778125 0.83125 0.3 0.8375 0.2888888890625 0.8375 0.2546296296875 0.8359375 0.253703703125 0.8359375 0.24907407343750002 0.83125 0.24351851875000002 0.8088541671874999 0.24351851875000002 0.8057291671875 0.24907407343750002 0.8057291671875 0.27777777812500004 0.8072916671874999 0.27870370312500004 0.8072916671874999 0.28611111093749997
0 0.3776041671875 0.6324074078125 0.37447916718749996 0.6379629625 0.37447916718749996 0.675 0.38229166718749996 0.6888888890625 0.4015625 0.6888888890625 0.40208333281249997 0.6861111109375 0.40625 0.6833333328125 0.40625 0.678703703125 0.4125 0.6666666671875 0.4125 0.6351851859375001 0.4109375 0.634259259375 0.4109375 0.6296296296875 0.4046875 0.621296296875 0.3885416671875 0.621296296875 0.3880208328125 0.6240740734375 0.3854166671875 0.6240740734375 0.38333333281250004 0.6296296296875 0.3776041671875 0.6324074078125
0 0.8427083328125 0.13333333281249998 0.8447916671875 0.13888888906250002 0.8489583328125001 0.13888888906250002 0.8494791671874999 0.1416666671875 0.8625 0.1416666671875 0.8630208328125001 0.13888888906250002 0.8671875 0.13888888906250002 0.8692708328125001 0.13333333281249998 0.8734375 0.13055555624999998 0.8765625 0.1120370375 0.8796875 0.1111111109375 0.884375 0.102777778125 0.884375 0.0981481484375 0.8859375 0.097222221875 0.8859375 0.0740740734375 0.8796875 0.065740740625 0.8447916671875 0.065740740625 0.8369791671875 0.07962962968750001 0.8369791671875 0.127777778125 0.8401041671874999 0.13333333281249998 0.8427083328125 0.13333333281249998
0 0.8385416671874999 0.7888888890625 0.8447916671875 0.79444444375 0.8489583328125001 0.79444444375 0.8494791671874999 0.797222221875 0.8578125 0.797222221875 0.86875 0.7861111109375 0.8703125 0.7675925921875 0.8734375 0.7583333328124999 0.8734375 0.74351851875 0.8703125 0.7324074078125 0.8671875 0.728703703125 0.8671875 0.7240740734375 0.8640625 0.7212962968750001 0.8479166671874999 0.7212962968750001 0.8473958328125001 0.7240740734375 0.8197916671875 0.7212962968750001 0.8182291671874999 0.7240740734375 0.8182291671874999 0.76944444375 0.8197916671875 0.775 0.8348958328125 0.7805555562500001 0.8385416671874999 0.7888888890625
0 0.3307291671875 0.7194444437499999 0.3338541671875 0.725 0.3380208328125 0.725 0.3401041671875 0.73055555625 0.35625 0.73055555625 0.3640625 0.7194444437499999 0.3640625 0.7129629625 0.3625 0.7120370375 0.3625 0.6768518515624999 0.3609375 0.6759259265625001 0.3609375 0.671296296875 0.35625 0.665740740625 0.3416666671875 0.665740740625 0.3411458328125 0.66851851875 0.3385416671875 0.66851851875 0.3307291671875 0.6851851859375 0.3307291671875 0.7194444437499999
0 0.5286458328125 0.12222222187500001 0.5322916671875 0.13055555624999998 0.5380208328125 0.13055555624999998 0.5385416671875001 0.13333333281249998 0.5546875 0.13055555624999998 0.5567708328125 0.125 0.5625 0.12222222187500001 0.5671875 0.11388888906250001 0.5671875 0.109259259375 0.56875 0.10833333281249999 0.56875 0.071296296875 0.5625 0.0620370375 0.5609375 0.0546296296875 0.5276041671875 0.0546296296875 0.5244791671875 0.060185185937499996 0.5244791671875 0.1166666671875 0.5260416671875 0.1175925921875 0.5260416671875 0.12222222187500001 0.5286458328125 0.12222222187500001
0 0.7942708328125 0.6888888890625 0.8 0.6888888890625 0.80625 0.675 0.80625 0.6601851859375001 0.803125 0.6546296296875 0.7838541671875 0.6546296296875 0.7807291671875001 0.6601851859375001 0.7807291671875001 0.6861111109375 0.7838541671875 0.6916666671875 0.79375 0.6916666671875 0.7942708328125 0.6888888890625
0 0.40729166718750004 0.8166666671874999 0.41041666718750003 0.8222222218749999 0.4203125 0.8222222218749999 0.4234375 0.8194444437499999 0.4265625 0.8083333328125001 0.425 0.76851851875 0.4234375 0.765740740625 0.4010416671875 0.765740740625 0.3994791671875 0.76851851875 0.3994791671875 0.7861111109375 0.40416666718750005 0.7953703703125 0.40729166718750004 0.8166666671874999
0 0.3885416671875 0.5203703703125 0.3885416671875 0.525 0.3916666671875 0.5305555562500001 0.40052083281249995 0.5361111109375 0.40260416718750003 0.5416666671875 0.40989583281249997 0.54444444375 0.4135416671875 0.55 0.4234375 0.55 0.4270833328125 0.54444444375 0.43125 0.54444444375 0.4375 0.5333333328125 0.4375 0.5287037031249999 0.4421875 0.5166666671875 0.4421875 0.4796296296875 0.440625 0.478703703125 0.440625 0.471296296875 0.4390625 0.4703703703125 0.4375 0.4601851859375 0.434375 0.4546296296875 0.3994791671875 0.4546296296875 0.39895833281250004 0.4574074078125 0.3947916671875 0.4574074078125 0.3932291671875 0.46481481406249997 0.3869791671875 0.4768518515625 0.3869791671875 0.51944444375 0.3885416671875 0.5203703703125
0 0.2635416671875 0.35 0.2677083328125 0.352777778125 0.2713541671875 0.3611111109375 0.2770833328125 0.3611111109375 0.2776041671875 0.3638888890625 0.2802083328125 0.3611111109375 0.2848958328125 0.3611111109375 0.2854166671875 0.3638888890625 0.3046875 0.3638888890625 0.3083333328125 0.35555555625 0.3109375 0.35555555625 0.3125 0.3453703703125 0.3171875 0.33888888906250003 0.3171875 0.32592592656249997 0.31875 0.325 0.3171875 0.29907407343750003 0.315625 0.29814814843750004 0.315625 0.290740740625 0.3140625 0.2898148140625 0.3125 0.2796296296875 0.3046875 0.26574074062499997 0.2760416671875 0.26574074062499997 0.2755208328125 0.26851851875 0.27291666718749996 0.26851851875 0.2619791671875 0.28796296250000003 0.2619791671875 0.33888888906250003 0.2635416671875 0.3398148140625 0.2635416671875 0.35
0 0.9296875 0.6777777781250001 0.9380208328125 0.6638888890625 0.940625 0.6638888890625 0.940625 0.6490740734375 0.9359375 0.6324074078125 0.9197916671874999 0.6324074078125 0.9182291671874999 0.6351851859375001 0.9182291671874999 0.675 0.9197916671874999 0.6777777781250001 0.9296875 0.6777777781250001
0 0.5213541671875 0.22685185156249998 0.5182291671875 0.2379629625 0.5182291671875 0.2638888890625 0.5197916671875 0.26944444375 0.5296875 0.272222221875 0.540625 0.2638888890625 0.5458333328125 0.25555555625 0.553125 0.252777778125 0.5546875 0.25 0.5546875 0.23518518593749999 0.5515625 0.23148148124999998 0.5515625 0.22685185156249998 0.5484375 0.221296296875 0.5307291671875001 0.221296296875 0.5302083328125 0.22407407343750002 0.5213541671875 0.22685185156249998
0 0.9 0.6916666671875 0.9005208328125001 0.6888888890625 0.9109375 0.6861111109375 0.9125 0.6805555562500001 0.9125 0.6601851859375001 0.9109375 0.6546296296875 0.9078125 0.6537037031249999 0.9078125 0.6490740734375 0.9046875 0.64351851875 0.8760416671875 0.64351851875 0.8744791671875 0.646296296875 0.8744791671875 0.6638888890625 0.8869791671874999 0.68148148125 0.8885416671874999 0.6916666671875 0.9 0.6916666671875
0 0.5958333328125 0.622222221875 0.5963541671875 0.625 0.603125 0.625 0.6046875 0.622222221875 0.6046875 0.6175925921875 0.60625 0.6166666671875001 0.6078125 0.603703703125 0.6125 0.597222221875 0.6125 0.56851851875 0.6109375 0.565740740625 0.5947916671875 0.565740740625 0.5869791671875 0.5796296296875 0.5869791671875 0.6083333328125 0.5932291671875001 0.622222221875 0.5958333328125 0.622222221875
0 0.3322916671875 0.1231481484375 0.3307291671875 0.12407407343750002 0.3307291671875 0.1611111109375 0.3322916671875 0.1620370375 0.3322916671875 0.1666666671875 0.3348958328125 0.1666666671875 0.3369791671875 0.172222221875 0.3395833328125 0.172222221875 0.3416666671875 0.177777778125 0.34427083281250004 0.177777778125 0.3447916671875 0.18055555625 0.3546875 0.18055555625 0.3640625 0.16388888906250001 0.3640625 0.15925925937500002 0.3661458328125 0.15555555625 0.36875 0.15555555625 0.36875 0.15092592656249998 0.371875 0.14444444375 0.371875 0.1324074078125 0.3703125 0.13148148125 0.3703125 0.12407407343750002 0.3609375 0.1101851859375 0.3385416671875 0.1101851859375 0.3380208328125 0.1129629625 0.33541666718749996 0.1129629625 0.3322916671875 0.11851851875 0.3322916671875 0.1231481484375
0 0.3135416671875 0.29722222187499997 0.3166666671875 0.303703703125 0.3182291671875 0.325 0.3260416671875 0.33888888906250003 0.32864583281250004 0.33888888906250003 0.3322916671875 0.34444444375 0.3421875 0.34444444375 0.3427083328125 0.3416666671875 0.3484375 0.3416666671875 0.35625 0.32777777812500003 0.35625 0.3231481484375 0.3609375 0.3138888890625 0.3609375 0.28796296250000003 0.359375 0.2870370375 0.359375 0.2740740734375 0.3578125 0.2731481484375 0.3578125 0.26574074062499997 0.3546875 0.26203703749999996 0.3546875 0.25740740781250004 0.3515625 0.253703703125 0.3515625 0.24907407343750002 0.3473958328125 0.246296296875 0.346875 0.24351851875000002 0.3151041671875 0.24351851875000002 0.31197916718749996 0.24907407343750002 0.31197916718749996 0.28055555625 0.3135416671875 0.28148148125 0.3135416671875 0.29722222187499997
0 0.8354166671875 0.9444444437499999 0.8395833328125001 0.9444444437499999 0.8432291671875 0.952777778125 0.8505208328125 0.95555555625 0.8572916671874999 0.9638888890624999 0.8625 0.9611111109375001 0.8625 0.95648148125 0.865625 0.95 0.865625 0.9240740734375 0.8640625 0.9231481484374999 0.8640625 0.915740740625 0.859375 0.9018518515625 0.8567708328125001 0.9018518515625 0.85625 0.8990740734375 0.8401041671874999 0.8990740734375 0.8395833328125001 0.9018518515625 0.8260416671874999 0.9018518515625 0.8244791671874999 0.9046296296874999 0.8244791671874999 0.9305555562500001 0.8276041671875 0.9361111109375001 0.8302083328125001 0.9361111109375001 0.8354166671875 0.9444444437499999
0 0.7421875 0.9685185187500001 0.7380208328125 0.9685185187500001 0.7375 0.965740740625 0.7088541671875 0.965740740625 0.7057291671875 0.9712962968750001 0.7072916671875 0.9990740734375001 0.746875 0.997222221875 0.746875 0.9851851859374999 0.7421875 0.9685185187500001
0 0.0125 0.5388888890625 0.0125 0.5240740734375 0.007291667187500001 0.521296296875 0.0057291671875 0.5240740734375 0.0057291671875 0.5388888890625 0.0109375 0.5416666671875 0.0125 0.5388888890625
0 0.628125 0.3240740734375 0.625 0.321296296875 0.6135416671875 0.321296296875 0.6119791671875 0.3240740734375 0.6135416671875 0.34444444375 0.6234375 0.34722222187499996 0.6296875 0.3416666671875 0.628125 0.3240740734375
0 0.9041666671874999 0.13888888906250002 0.9067708328125 0.13888888906250002 0.9072916671875 0.1416666671875 0.915625 0.1416666671875 0.9161458328125001 0.13888888906250002 0.9265625 0.1361111109375 0.9359375 0.12222222187500001 0.9359375 0.1074074078125 0.9328125 0.10185185156250001 0.9302083328125 0.10185185156250001 0.9265625 0.09351851875 0.9239583328125001 0.09351851875 0.9234375 0.09074074062500001 0.9192708328125001 0.09074074062500001 0.91875 0.08796296249999999 0.9010416671874999 0.08796296249999999 0.8994791671875 0.09074074062500001 0.8994791671875 0.127777778125 0.9010416671874999 0.12870370312499999 0.9010416671874999 0.13333333281249998 0.9041666671874999 0.13888888906250002
0 0.371875 0.29444444375 0.3765625 0.27777777812500004 0.3765625 0.24259259218749998 0.378125 0.2416666671875 0.3765625 0.22407407343750002 0.3572916671875 0.221296296875 0.3557291671875 0.22407407343750002 0.3572916671875 0.2888888890625 0.3604166671875 0.29444444375 0.371875 0.29444444375
0 0.0546875 0.827777778125 0.059375 0.8083333328125001 0.059375 0.79351851875 0.05625 0.7879629625 0.0385416671875 0.7879629625 0.0369791671875 0.790740740625 0.0385416671875 0.8222222218749999 0.0447916671875 0.827777778125 0.0546875 0.827777778125
0 0.5494791671875 0.8194444437499999 0.5578125 0.8194444437499999 0.559375 0.8166666671874999 0.5578125 0.7925925921875 0.5625 0.7833333328125 0.5625 0.76851851875 0.5609375 0.765740740625 0.5385416671875001 0.76851851875 0.5369791671875 0.7740740734375 0.5385416671875001 0.8083333328125001 0.5473958328124999 0.8138888890624999 0.5494791671875 0.8194444437499999
0 0.8885416671874999 0.197222221875 0.8947916671874999 0.20833333281250002 0.8984375 0.20833333281250002 0.9098958328125001 0.1861111109375 0.9125 0.1861111109375 0.9125 0.18148148125000002 0.9140625 0.18055555625 0.915625 0.171296296875 0.9140625 0.1703703703125 0.9140625 0.165740740625 0.909375 0.1574074078125 0.9067708328125 0.1574074078125 0.90625 0.1546296296875 0.8885416671874999 0.1546296296875 0.8869791671874999 0.1574074078125 0.8869791671874999 0.1888888890625 0.8885416671874999 0.1898148140625 0.8885416671874999 0.197222221875
0 0.2427083328125 0.4166666671875 0.2484375 0.4166666671875 0.24895833281250002 0.4138888890625 0.25625 0.40833333281249995 0.25625 0.3981481484375 0.2578125 0.397222221875 0.2578125 0.39351851875 0.2546875 0.3879629625 0.2322916671875 0.3879629625 0.23072916718749997 0.39074074062499997 0.23072916718749997 0.40833333281249995 0.2401041671875 0.41944444374999995 0.2421875 0.41944444374999995 0.2427083328125 0.4166666671875
0 0.8359375 0.5240740734375 0.834375 0.521296296875 0.8135416671875 0.521296296875 0.8119791671875 0.5240740734375 0.8119791671875 0.5416666671875 0.8135416671875 0.54444444375 0.8265625 0.54444444375 0.8359375 0.5305555562500001 0.8359375 0.5240740734375
0 0.5171875 0.4611111109375 0.51875 0.45555555625000005 0.5171875 0.43518518593750005 0.5140625 0.43240740781250003 0.49322916718750004 0.43518518593750005 0.4947916671875 0.45555555625000005 0.5005208328124999 0.4583333328125 0.5026041671875 0.46388888906250003 0.5171875 0.4611111109375
0 0.8833333328125 0.2138888890625 0.890625 0.2166666671875 0.890625 0.209259259375 0.8921875 0.20833333281250002 0.890625 0.190740740625 0.884375 0.17962962968750001 0.8817708328125 0.17962962968750001 0.88125 0.1768518515625 0.8635416671874999 0.1768518515625 0.8619791671874999 0.17962962968750001 0.8619791671874999 0.2 0.8697916671874999 0.2166666671875 0.8828125 0.2166666671875 0.8833333328125 0.2138888890625
0 0.9947916671874999 0.14351851875 0.9932291671875 0.197222221875 0.9994791671875 0.20555555625 0.9994791671875 0.14351851875 0.9947916671874999 0.14351851875
0 0.0796875 0.35555555625 0.08125 0.352777778125 0.08125 0.3351851859375 0.0796875 0.3324074078125 0.06979166718749999 0.3324074078125 0.0682291671875 0.3351851859375 0.0682291671875 0.352777778125 0.06979166718749999 0.35555555625 0.0796875 0.35555555625
0 0.41979166718750005 0.646296296875 0.41979166718750005 0.6583333328125 0.42604166718750003 0.6703703703125 0.42760416718750005 0.6777777781250001 0.434375 0.6805555562500001 0.434375 0.6759259265625001 0.4359375 0.675 0.434375 0.6481481484375 0.44114583281249997 0.647222221875 0.45104166718750005 0.6620370375 0.45104166718750005 0.6666666671875 0.45416666718750004 0.6703703703125 0.4557291671875 0.6833333328125 0.45885416718750005 0.6888888890625 0.4614583328125 0.6888888890625 0.4635416671875 0.6944444437499999 0.4671875 0.6944444437499999 0.4734375 0.6861111109375 0.475 0.64351851875 0.4671875 0.628703703125 0.4671875 0.6240740734375 0.46458333281249997 0.6240740734375 0.4609375 0.6175925921875 0.4609375 0.6129629624999999 0.45677083281249997 0.6129629624999999 0.45625 0.6101851859375 0.4291666671875 0.6101851859375 0.42864583281249996 0.6129629624999999 0.42604166718750003 0.6129629624999999 0.42604166718750003 0.6175925921875 0.4244791671875 0.61851851875 0.4244791671875 0.6398148140625 0.41979166718750005 0.646296296875
0 0.9760416671875 0.2453703703125 0.9744791671874999 0.246296296875 0.9744791671874999 0.26944444375 0.9791666671874999 0.28055555625 0.9890625 0.27777777812500004 0.9973958328125001 0.2611111109375 0.9994791671875 0.2611111109375 0.9994791671875 0.23240740781250002 0.9822916671874999 0.23240740781250002 0.9817708328125001 0.23518518593749999 0.9760416671875 0.2379629625 0.9760416671875 0.2453703703125
0 0.9671875 0.627777778125 0.9671875 0.6240740734375 0.9640625 0.6203703703125 0.9640625 0.615740740625 0.9609375 0.6101851859375 0.9447916671875 0.6101851859375 0.9432291671874999 0.6129629624999999 0.9432291671874999 0.63055555625 0.9447916671875 0.6333333328124999 0.9609375 0.6361111109375 0.9671875 0.627777778125
0 0.6572916671875 0.63055555625 0.6645833328124999 0.6333333328124999 0.6682291671875 0.6416666671875 0.675 0.6416666671875 0.68125 0.63055555625 0.6796875 0.615740740625 0.6765625 0.6101851859375 0.6739583328125 0.6101851859375 0.671875 0.6046296296875 0.6692708328125 0.6046296296875 0.665625 0.5990740734375 0.6510416671875 0.5990740734375 0.6494791671875 0.6018518515625 0.6494791671875 0.61944444375 0.6541666671875 0.625 0.6567708328124999 0.625 0.6572916671875 0.63055555625
0 0.4953125 0.9712962968750001 0.4921875 0.965740740625 0.4791666671875 0.965740740625 0.4760416671875 0.9685185187500001 0.47447916718750005 0.9740740734375001 0.47447916718750005 0.997222221875 0.49375 0.997222221875 0.4953125 0.9712962968750001
0 0.6572916671875 0.63055555625 0.6598958328125 0.63055555625 0.6604166671875 0.6333333328124999 0.6677083328125 0.6361111109375 0.6697916671875 0.6416666671875 0.675 0.6416666671875 0.68125 0.63055555625 0.6796875 0.615740740625 0.6755208328125 0.6129629624999999 0.675 0.6101851859375 0.6510416671875 0.6101851859375 0.6494791671875 0.6129629624999999 0.6494791671875 0.61944444375 0.6510416671875 0.622222221875 0.6536458328125 0.622222221875 0.6572916671875 0.63055555625
0 0.056770832812500005 0.5388888890625 0.059375 0.5388888890625 0.0614583328125 0.5333333328125 0.0671875 0.5305555562500001 0.06875 0.515740740625 0.065625 0.5101851859375001 0.051041667187499994 0.5101851859375001 0.0494791671875 0.5129629625 0.0494791671875 0.5388888890625 0.052604167187499995 0.54444444375 0.0546875 0.54444444375 0.056770832812500005 0.5388888890625
0 0.1963541671875 0.3138888890625 0.203125 0.3166666671875 0.2078125 0.3083333328125 0.2078125 0.3009259265625 0.2109375 0.2916666671875 0.2109375 0.2796296296875 0.209375 0.2768518515625 0.19479166718750002 0.2796296296875 0.1932291671875 0.2851851859375 0.1932291671875 0.3083333328125 0.1963541671875 0.3138888890625
0 0.24479166718749998 0 0.24322916718749998 0.0018518515625 0.24479166718749998 0.0166666671875 0.24895833281250002 0.019444443750000002 0.2494791671875 0.022222221875 0.271875 0.022222221875 0.2770833328125 0.0111111109375 0.28125 0.0083333328125 0.28125 0.0018518515625 0.278125 0 0.24479166718749998 0
0 0.6984375 0.34351851875 0.6822916671875 0.34351851875 0.6807291671875 0.34629629687499996 0.6822916671875 0.36666666718749996 0.69375 0.36666666718749996 0.7 0.35555555625 0.6984375 0.34351851875
0 0.1375 0.3240740734375 0.1260416671875 0.321296296875 0.1244791671875 0.3240740734375 0.1260416671875 0.34722222187499996 0.1359375 0.34444444375 0.1375 0.3240740734375
0 0.6463541671875 0.6138888890625 0.6546875 0.6138888890625 0.6567708328124999 0.6083333328125 0.659375 0.6083333328125 0.665625 0.597222221875 0.665625 0.5824074078125 0.6614583328125 0.5796296296875 0.6609375 0.5768518515625 0.6463541671875 0.5768518515625 0.6432291671875 0.5824074078125 0.6432291671875 0.60555555625 0.6447916671875 0.60648148125 0.6463541671875 0.6138888890625
0 0.6494791671875 0.2138888890625 0.6609375 0.21111111093749999 0.66875 0.197222221875 0.66875 0.190740740625 0.6630208328125 0.1851851859375 0.6625 0.17962962968750001 0.659375 0.1768518515625 0.6447916671875 0.1768518515625 0.6432291671875 0.17962962968750001 0.6432291671875 0.20833333281250002 0.6447916671875 0.21111111093749999 0.6489583328124999 0.21111111093749999 0.6494791671875 0.2138888890625
0 0.41979166718750005 0.646296296875 0.41979166718750005 0.6583333328125 0.4213541671875 0.659259259375 0.4213541671875 0.6638888890625 0.4296875 0.6666666671875 0.43125 0.6537037031249999 0.4328125 0.652777778125 0.4328125 0.6425925921875 0.43645833281249996 0.6416666671875 0.4369791671875 0.64444444375 0.44427083281249996 0.647222221875 0.4479166671875 0.6555555562500001 0.4505208328125 0.6555555562500001 0.4635416671875 0.6833333328125 0.471875 0.6805555562500001 0.471875 0.6703703703125 0.4734375 0.66944444375 0.4734375 0.64351851875 0.471875 0.6425925921875 0.4703125 0.6324074078125 0.459375 0.6129629624999999 0.45677083281249997 0.6129629624999999 0.45625 0.6101851859375 0.4291666671875 0.6101851859375 0.42864583281249996 0.6129629624999999 0.42604166718750003 0.6129629624999999 0.42604166718750003 0.6175925921875 0.4244791671875 0.61851851875 0.4244791671875 0.6398148140625 0.41979166718750005 0.646296296875
0 0.3015625 0.6805555562500001 0.3078125 0.672222221875 0.3078125 0.6675925921875 0.3125 0.6583333328125 0.3109375 0.64351851875 0.2947916671875 0.64351851875 0.2932291671875 0.646296296875 0.2947916671875 0.6805555562500001 0.3015625 0.6805555562500001
0 0.640625 0.6361111109375 0.6453125 0.627777778125 0.64375 0.6129629624999999 0.6421875 0.6101851859375 0.6322916671875001 0.6101851859375 0.6307291671875 0.6129629624999999 0.6322916671875001 0.6361111109375 0.6338541671875 0.6388888890625 0.640625 0.6361111109375
0 0.8505208328125 0.95555555625 0.8510416671875 0.9583333328125001 0.8536458328125001 0.9583333328125001 0.8572916671874999 0.9638888890624999 0.8609375 0.9638888890624999 0.8625 0.95648148125 0.8640625 0.95555555625 0.8640625 0.9481481484375 0.865625 0.9472222218749999 0.865625 0.9240740734375 0.8640625 0.9231481484374999 0.8625 0.9101851859375 0.85625 0.8990740734375 0.8401041671874999 0.8990740734375 0.8369791671875 0.9046296296874999 0.8369791671875 0.9416666671874999 0.8432291671875 0.952777778125 0.8505208328125 0.95555555625
0 0.3984375 0.2 0.3984375 0.190740740625 0.396875 0.1879629625 0.38229166718749996 0.1879629625 0.3807291671875 0.190740740625 0.38229166718749996 0.2138888890625 0.3921875 0.2138888890625 0.3984375 0.2
0 0.9744791671874999 0.240740740625 0.9744791671874999 0.2453703703125 0.9697916671875 0.2518518515625 0.9697916671875 0.25648148125 0.9682291671875 0.25740740781250004 0.9682291671875 0.26944444375 0.9697916671875 0.2703703703125 0.9697916671875 0.27777777812500004 0.9729166671874999 0.2833333328125 0.984375 0.2833333328125 0.9848958328125 0.28055555625 0.9875 0.28055555625 0.9953125 0.2666666671875 0.9958333328125001 0.2611111109375 0.9994791671875 0.2611111109375 0.9994791671875 0.23240740781250002 0.9807291671874999 0.23240740781250002 0.9802083328125001 0.23518518593749999 0.9776041671875 0.23518518593749999 0.9744791671874999 0.240740740625
0 0.1265625 0.44907407343749994 0.1234375 0.44351851875000003 0.1135416671875 0.44351851875000003 0.1119791671875 0.46388888906250003 0.1234375 0.46666666718750005 0.1265625 0.4611111109375 0.1265625 0.44907407343749994