0 0.1973958328125 0.777777778125 0.2010416671875 0.7833333328125 0.2052083328125 0.7833333328125 0.20572916718749998 0.7861111109375 0.2125 0.7861111109375 0.2130208328125 0.7833333328125 0.2171875 0.7833333328125 0.2208333328125 0.777777778125 0.225 0.777777778125 0.2296875 0.76944444375 0.2296875 0.7648148140625 0.23125 0.7638888890625 0.23125 0.759259259375 0.2359375 0.747222221875 0.2359375 0.7296296296875 0.23125 0.7203703703125 0.23125 0.7129629625 0.2296875 0.7101851859375 0.19479166718750002 0.7101851859375 0.18697916718750002 0.7240740734375 0.18697916718750002 0.7638888890625 0.19479166718750002 0.777777778125 0.1973958328125 0.777777778125
0 0.3447916671875 0.5888888890625 0.3536458328125 0.5916666671875 0.3572916671875 0.597222221875 0.3671875 0.5916666671875 0.3671875 0.5870370375 0.375 0.575 0.375 0.5648148140625 0.3765625 0.5638888890625 0.375 0.5379629625 0.371875 0.5324074078125001 0.3447916671875 0.5324074078125001 0.34322916718749996 0.5351851859375001 0.34322916718749996 0.5833333328125 0.3447916671875 0.584259259375 0.3447916671875 0.5888888890625
0 0.3135416671875 0.5083333328124999 0.325 0.5083333328124999 0.3255208328125 0.50555555625 0.3296875 0.50555555625 0.3390625 0.497222221875 0.3411458328125 0.4916666671875 0.3484375 0.4888888890625 0.35 0.48333333281249996 0.3484375 0.4574074078125 0.3421875 0.4509259265625 0.3421875 0.44629629687500005 0.3375 0.43981481406249995 0.3375 0.43518518593750005 0.334375 0.43240740781250003 0.3088541671875 0.43240740781250003 0.3057291671875 0.4379629625 0.3057291671875 0.497222221875 0.3088541671875 0.502777778125 0.3114583328125 0.502777778125 0.3135416671875 0.5083333328124999
0 0.478125 0.4 0.48125 0.3898148140625 0.4859375 0.38333333281250004 0.4859375 0.3759259265625 0.4875 0.375 0.4859375 0.365740740625 0.4796875 0.3546296296875 0.4635416671875 0.3546296296875 0.46197916718750004 0.3574074078125 0.46197916718750004 0.397222221875 0.4635416671875 0.4 0.478125 0.4
0 0.3359375 0.172222221875 0.3390625 0.15277777812499999 0.3390625 0.1351851859375 0.3359375 0.12129629687500001 0.3072916671875 0.12129629687500001 0.3057291671875 0.12407407343750002 0.3072916671875 0.1666666671875 0.3177083328125 0.1666666671875 0.3260416671875 0.175 0.3359375 0.172222221875
0 0.9151041671875 0.497222221875 0.9177083328125001 0.497222221875 0.9197916671874999 0.502777778125 0.9239583328125001 0.502777778125 0.9276041671874999 0.5083333328124999 0.9375 0.5083333328124999 0.9380208328125 0.50555555625 0.95 0.5 0.953125 0.49444444374999996 0.953125 0.48981481406249994 0.9609375 0.477777778125 0.9609375 0.4675925921875 0.9625 0.46666666718750005 0.9625 0.4574074078125 0.9609375 0.45648148125 0.9609375 0.44629629687500005 0.9572916671874999 0.44351851875000003 0.9536458328125 0.45185185156249996 0.9473958328125001 0.4546296296875 0.9390625 0.4453703703125 0.9359375 0.43240740781250003 0.9197916671874999 0.43240740781250003 0.9166666671874999 0.4379629625 0.9166666671874999 0.4481481484375 0.9145833328125 0.45185185156249996 0.9088541671874999 0.45185185156249996 0.9057291671875 0.4574074078125 0.9057291671875 0.48333333281249996 0.9088541671874999 0.4888888890625 0.9114583328125001 0.4888888890625 0.9151041671875 0.497222221875
0 0.3046875 0.64444444375 0.3171875 0.622222221875 0.3171875 0.6101851859375 0.315625 0.6074074078125 0.3083333328125 0.6074074078125 0.30625 0.603703703125 0.3083333328125 0.6 0.3104166671875 0.602777778125 0.3171875 0.602777778125 0.31875 0.6 0.31875 0.590740740625 0.28854166718749996 0.5879629625 0.2869791671875 0.590740740625 0.2869791671875 0.6388888890625 0.2901041671875 0.64444444375 0.3046875 0.64444444375
0 0.8947916671874999 0.5370370375 0.8947916671874999 0.5416666671875 0.8973958328125 0.5416666671875 0.8979166671875 0.54444444375 0.9171875 0.54444444375 0.9177083328125001 0.5416666671875 0.9234375 0.5388888890625 0.9296875 0.522222221875 0.9296875 0.5129629625 0.9255208328125001 0.5101851859375001 0.9234375 0.5018518515625 0.9145833328125 0.49629629687500004 0.9140625 0.490740740625 0.9114583328125001 0.490740740625 0.9109375 0.4879629625 0.9010416671874999 0.490740740625 0.8994791671875 0.5009259265625 0.8932291671874999 0.5129629625 0.8932291671874999 0.5361111109375 0.8947916671874999 0.5370370375
0 0.0432291671875 0.477777778125 0.0447916671875 0.48055555625 0.0473958328125 0.48055555625 0.0494791671875 0.4861111109375 0.05208333281250001 0.4861111109375 0.052604167187499995 0.4888888890625 0.065625 0.4888888890625 0.0661458328125 0.4861111109375 0.06875 0.4861111109375 0.075 0.475 0.075 0.4675925921875 0.0765625 0.46666666718750005 0.0765625 0.4620370375 0.0796875 0.45555555625000005 0.0796875 0.43518518593750005 0.0703125 0.42129629687500003 0.0401041671875 0.42129629687500003 0.0369791671875 0.4268518515625 0.0369791671875 0.46388888906250003 0.0432291671875 0.4731481484375 0.0432291671875 0.477777778125
0 0.2833333328125 0.1111111109375 0.2838541671875 0.11388888906250001 0.2864583328125 0.1111111109375 0.2989583328125 0.1111111109375 0.2994791671875 0.11388888906250001 0.3078125 0.1111111109375 0.3109375 0.10555555624999999 0.3109375 0.09074074062500001 0.3 0.059259259375 0.3 0.046296296875 0.2984375 0.04351851875 0.2760416671875 0.04351851875 0.2744791671875 0.046296296875 0.2744791671875 0.10555555624999999 0.2776041671875 0.1111111109375 0.2833333328125 0.1111111109375
0 0.1989583328125 0.4138888890625 0.2026041671875 0.41944444374999995 0.20677083281250003 0.41944444374999995 0.20729166718749997 0.42222222187499997 0.2171875 0.41944444374999995 0.225 0.40555555625000006 0.225 0.3953703703125 0.228125 0.3861111109375 0.2265625 0.371296296875 0.225 0.3703703703125 0.225 0.3601851859375 0.221875 0.3546296296875 0.21197916718749998 0.3574074078125 0.2104166671875 0.3601851859375 0.21197916718749998 0.3731481484375 0.20833333281250002 0.3768518515625 0.20625 0.3703703703125 0.2078125 0.36944444375 0.2078125 0.3601851859375 0.20625 0.3574074078125 0.2036458328125 0.3574074078125 0.203125 0.3546296296875 0.1963541671875 0.3574074078125 0.1932291671875 0.365740740625 0.1932291671875 0.40833333281249995 0.1963541671875 0.4138888890625 0.1989583328125 0.4138888890625
0 0.23854166718749997 0.047222221875 0.24479166718749998 0.055555556250000006 0.2578125 0.055555556250000006 0.25833333281250004 0.052777778124999994 0.2609375 0.052777778124999994 0.2640625 0.04444444375 0.2625 0.0268518515625 0.259375 0.021296296875000002 0.2520833328125 0.018518518749999997 0.246875 0.0101851859375 0.23854166718749997 0.0101851859375 0.23697916718749998 0.0129629625 0.23697916718749998 0.0416666671875 0.23854166718749997 0.0425925921875 0.23854166718749997 0.047222221875
0 0.11822916718750001 0.26944444375 0.12291666718750001 0.27777777812500004 0.13333333281249998 0.27777777812500004 0.1338541671875 0.28055555625 0.14375 0.27777777812500004 0.1484375 0.272222221875 0.14895833281249998 0.2666666671875 0.1546875 0.2638888890625 0.1546875 0.246296296875 0.1484375 0.2398148140625 0.1546875 0.23055555625 0.1546875 0.21851851875 0.153125 0.21296296250000002 0.1484375 0.2101851859375 0.1291666671875 0.2101851859375 0.1244791671875 0.21574074062499998 0.1244791671875 0.2203703703125 0.11822916718750001 0.23240740781250002 0.11822916718750001 0.26944444375
0 0.1796875 0.8444444437499999 0.1875 0.83055555625 0.1875 0.8046296296875 0.184375 0.7990740734374999 0.1697916671875 0.7990740734374999 0.1682291671875 0.8018518515625 0.1682291671875 0.8416666671874999 0.1697916671875 0.8444444437499999 0.1796875 0.8444444437499999
0 0.8036458328125 0.2666666671875 0.8041666671875 0.26944444375 0.8098958328125001 0.26944444375 0.8104166671874999 0.272222221875 0.8234375 0.272222221875 0.8296875 0.2666666671875 0.83125 0.253703703125 0.8359375 0.2416666671875 0.8359375 0.23240740781250002 0.8296875 0.2203703703125 0.8296875 0.21574074062499998 0.8234375 0.2101851859375 0.8197916671875 0.2101851859375 0.8192708328125 0.21296296250000002 0.8010416671874999 0.2101851859375 0.7947916671875 0.21851851875 0.7932291671875 0.22407407343750002 0.7932291671875 0.2611111109375 0.7963541671875001 0.2666666671875 0.8036458328125 0.2666666671875
0 0.175 0.3611111109375 0.175 0.3490740734375 0.171875 0.34351851875 0.16354166718750002 0.34351851875 0.1619791671875 0.34629629687499996 0.1619791671875 0.36666666718749996 0.16875 0.36944444375 0.175 0.3611111109375
0 0.2671875 0.7574074078125 0.2510416671875 0.7546296296875 0.2494791671875 0.7574074078125 0.2494791671875 0.775 0.2510416671875 0.777777778125 0.2609375 0.777777778125 0.265625 0.76944444375 0.2671875 0.7574074078125
0 0.4875 0.66851851875 0.4859375 0.665740740625 0.46979166718750004 0.665740740625 0.4682291671875 0.66851851875 0.4682291671875 0.6861111109375 0.4734375 0.6888888890625 0.4770833328125 0.6805555562500001 0.4859375 0.6777777781250001 0.4875 0.66851851875
0 0.1375 0.3111111109375 0.1390625 0.30555555624999997 0.1359375 0.28796296250000003 0.1197916671875 0.28796296250000003 0.11822916718750001 0.290740740625 0.11822916718750001 0.3111111109375 0.1213541671875 0.31944444375000003 0.1296875 0.31944444375000003 0.1375 0.3111111109375
0 0.3796875 0.7666666671875 0.384375 0.7583333328124999 0.384375 0.753703703125 0.3859375 0.752777778125 0.3859375 0.74351851875 0.3796875 0.7324074078125 0.3760416671875 0.7324074078125 0.37447916718749996 0.7351851859375 0.37447916718749996 0.7638888890625 0.3760416671875 0.7666666671875 0.3796875 0.7666666671875
0 0.3375 0.7083333328125 0.3375 0.6703703703125 0.3421875 0.6666666671875 0.3421875 0.6574074078125001 0.3260416671875 0.6546296296875 0.3244791671875 0.6574074078125001 0.3244791671875 0.7083333328125 0.334375 0.7138888890625 0.3375 0.7083333328125
0 0.1875 0.0333333328125 0.1875 0.0129629625 0.1859375 0.0101851859375 0.1697916671875 0.0101851859375 0.1682291671875 0.0129629625 0.1682291671875 0.0416666671875 0.1828125 0.04444444375 0.1875 0.0333333328125
0 0.39375 0.10833333281249999 0.3921875 0.08796296249999999 0.3760416671875 0.08796296249999999 0.37447916718749996 0.09074074062500001 0.37447916718749996 0.10555555624999999 0.3776041671875 0.1111111109375 0.3859375 0.11388888906250001 0.39375 0.10833333281249999
0 0.3734375 0.1361111109375 0.3796875 0.125 0.3796875 0.1203703703125 0.38125 0.11944444375 0.38125 0.1129629625 0.3796875 0.1120370375 0.3796875 0.1074074078125 0.375 0.0990740734375 0.3697916671875 0.0990740734375 0.3682291671875 0.10185185156250001 0.3682291671875 0.13055555624999998 0.3713541671875 0.1361111109375 0.3734375 0.1361111109375
0 0.3234375 0.197222221875 0.3255208328125 0.1916666671875 0.334375 0.1861111109375 0.3390625 0.16944444375 0.3390625 0.1574074078125 0.3359375 0.1546296296875 0.3260416671875 0.1546296296875 0.3255208328125 0.1574074078125 0.3072916671875 0.1546296296875 0.3057291671875 0.1574074078125 0.3057291671875 0.1861111109375 0.31302083281250004 0.1916666671875 0.3151041671875 0.197222221875 0.3234375 0.197222221875
0 0.09322916718749999 0.877777778125 0.09635416718749999 0.8861111109375001 0.109375 0.8861111109375001 0.115625 0.875 0.115625 0.8648148140625 0.1171875 0.8638888890624999 0.1171875 0.8601851859374999 0.1140625 0.85648148125 0.1109375 0.8435185187500001 0.0994791671875 0.8435185187500001 0.09895833281250001 0.8462962968750001 0.09635416718749999 0.8462962968750001 0.09322916718749999 0.8546296296874999 0.09322916718749999 0.877777778125
0 0.2421875 0.1324074078125 0.23072916718749997 0.1351851859375 0.2322916671875 0.15555555625 0.2453125 0.15277777812499999 0.2453125 0.1351851859375 0.2421875 0.1324074078125
0 0.1359375 0.165740740625 0.11822916718750001 0.16851851874999998 0.1197916671875 0.1888888890625 0.1328125 0.1888888890625 0.1375 0.18055555625 0.1359375 0.165740740625
0 0.2125 0.10185185156250001 0.2010416671875 0.0990740734375 0.1994791671875 0.1166666671875 0.2026041671875 0.12222222187500001 0.2109375 0.12222222187500001 0.2125 0.10185185156250001
0 0.9302083328125 0.6361111109375 0.9322916671874999 0.6416666671875 0.9375 0.6416666671875 0.9375 0.6370370375000001 0.9421875 0.63055555625 0.9421875 0.6046296296875 0.9359375 0.5879629625 0.9260416671874999 0.5879629625 0.9244791671874999 0.590740740625 0.9244791671874999 0.63055555625 0.9276041671874999 0.6361111109375 0.9302083328125 0.6361111109375
0 0.28854166718749996 0.109259259375 0.28854166718749996 0.11388888906250001 0.2932291671875 0.1203703703125 0.2947916671875 0.13055555624999998 0.2984375 0.13055555624999998 0.2989583328125 0.127777778125 0.3015625 0.127777778125 0.3125 0.10833333281249999 0.3125 0.09351851875 0.3109375 0.09074074062500001 0.3083333328125 0.09074074062500001 0.3078125 0.08796296249999999 0.2901041671875 0.08796296249999999 0.2869791671875 0.09351851875 0.2869791671875 0.10833333281249999 0.28854166718749996 0.109259259375
0 0.9442708328125 0.6972222218749999 0.9447916671875 0.7 0.959375 0.6972222218749999 0.9578125 0.6490740734375 0.9546875 0.64351851875 0.9463541671875 0.64351851875 0.9411458328125001 0.6518518515625 0.9322916671874999 0.6574074078125001 0.9307291671875 0.6629629625 0.9307291671875 0.6888888890625 0.9338541671874999 0.6972222218749999 0.9442708328125 0.6972222218749999
0 0.4739583328125 0.4 0.478125 0.4 0.48125 0.3898148140625 0.4859375 0.38333333281250004 0.4859375 0.36851851875 0.484375 0.365740740625 0.45885416718750005 0.365740740625 0.4557291671875 0.371296296875 0.4557291671875 0.39444444375 0.45729166718750003 0.4 0.4734375 0.40277777812500004 0.4739583328125 0.4
0 0.6697916671875 0 0.6682291671875 0.0018518515625 0.6682291671875 0.019444443750000002 0.6739583328125 0.025 0.6744791671875 0.030555556249999997 0.6776041671875 0.0333333328125 0.6984375 0.0333333328125 0.7 0.0259259265625 0.7046875 0.019444443750000002 0.70625 0.004629629687499999 0.703125 0 0.6697916671875 0
0 0.2625 0.597222221875 0.2625 0.590740740625 0.2609375 0.5879629625 0.2510416671875 0.5879629625 0.2494791671875 0.590740740625 0.2494791671875 0.60555555625 0.25625 0.6083333328125 0.2625 0.597222221875
0 0.2453125 0.47222222187499996 0.2453125 0.4574074078125 0.2421875 0.4546296296875 0.2260416671875 0.4546296296875 0.2244791671875 0.4574074078125 0.2244791671875 0.48055555625 0.2260416671875 0.4861111109375 0.2359375 0.48333333281249996 0.2453125 0.47222222187499996
0 0.9588541671874999 0.997222221875 0.9635416671874999 0.9990740734375001 0.96875 0.997222221875 0.975 0.9861111109375 0.9734375 0.9685185187500001 0.9703125 0.9648148140625 0.9703125 0.9601851859374999 0.9671875 0.9546296296874999 0.9572916671874999 0.9546296296874999 0.9557291671874999 0.9574074078124999 0.9557291671874999 0.9888888890624999 0.9572916671874999 0.9898148140625 0.9588541671874999 0.997222221875
0 0.475 0.41944444374999995 0.475 0.4046296296875 0.471875 0.3990740734375 0.4557291671875 0.4018518515625 0.4557291671875 0.41944444374999995 0.45885416718750005 0.425 0.46875 0.425 0.475 0.41944444374999995
0 0.2515625 0.5888888890625 0.2536458328125 0.5861111109375 0.2557291671875 0.5944444437499999 0.259375 0.597222221875 0.2609375 0.5944444437499999 0.2609375 0.56851851875 0.259375 0.5675925921875 0.259375 0.5629629625 0.2546875 0.5546296296875 0.2401041671875 0.5546296296875 0.23697916718749998 0.5601851859375 0.23854166718749997 0.58055555625 0.24322916718749998 0.5888888890625 0.2515625 0.5888888890625
0 0.2140625 0.4388888890625 0.2140625 0.4268518515625 0.2109375 0.42129629687500003 0.1963541671875 0.42129629687500003 0.1932291671875 0.4268518515625 0.1932291671875 0.4388888890625 0.1963541671875 0.44444444375 0.2109375 0.44444444375 0.2140625 0.4388888890625
0 0.146875 0.275 0.15 0.2648148140625 0.153125 0.2638888890625 0.153125 0.2518518515625 0.1473958328125 0.2546296296875 0.1453125 0.2509259265625 0.1453125 0.2379629625 0.140625 0.23240740781250002 0.1364583328125 0.23518518593749999 0.1213541671875 0.23240740781250002 0.11822916718750001 0.2379629625 0.11822916718750001 0.26944444375 0.1213541671875 0.27777777812500004 0.1390625 0.28055555625 0.146875 0.275
0 0.1427083328125 0.19444444375 0.1447916671875 0.2 0.15625 0.20277777812500003 0.15677083281249998 0.2 0.159375 0.2 0.1640625 0.1888888890625 0.1640625 0.1768518515625 0.1609375 0.16851851874999998 0.1505208328125 0.16851851874999998 0.15 0.165740740625 0.1385416671875 0.165740740625 0.1369791671875 0.16851851874999998 0.1369791671875 0.1861111109375 0.1385416671875 0.1870370375 0.1385416671875 0.1916666671875 0.1427083328125 0.19444444375
0 0.6619791671875 0.9055555562500001 0.6635416671875001 0.9083333328125001 0.66875 0.9083333328125001 0.6723958328124999 0.9 0.675 0.9 0.6765625 0.8925925921875001 0.6796875 0.8916666671875 0.6796875 0.8870370375000001 0.68125 0.8861111109375001 0.68125 0.8601851859374999 0.678125 0.8546296296874999 0.6697916671875 0.8546296296874999 0.6651041671875 0.8731481484374999 0.6619791671875 0.8768518515625001 0.6619791671875 0.9055555562500001
0 0.0744791671875 0.42222222187499997 0.0859375 0.41944444374999995 0.0875 0.41203703750000004 0.0921875 0.40555555625000006 0.0921875 0.40092592656250003 0.096875 0.397222221875 0.09375 0.3740740734375 0.0921875 0.371296296875 0.0802083328125 0.3740740734375 0.075 0.365740740625 0.06979166718749999 0.365740740625 0.0682291671875 0.36851851875 0.06979166718749999 0.41944444374999995 0.0739583328125 0.41944444374999995 0.0744791671875 0.42222222187499997
0 0.19375 0.40555555625000006 0.19375 0.39351851875 0.190625 0.3851851859375 0.18802083281249998 0.3851851859375 0.1859375 0.3796296296875 0.1822916671875 0.3796296296875 0.1807291671875 0.40555555625000006 0.1838541671875 0.41111111093749997 0.190625 0.41111111093749997 0.19375 0.40555555625000006
0 0.4984375 0.765740740625 0.48854166718750003 0.765740740625 0.4869791671875 0.76851851875 0.48854166718750003 0.7833333328125 0.49375 0.7833333328125 0.5 0.775 0.4984375 0.765740740625
0 0.3114583328125 0.1888888890625 0.3151041671875 0.197222221875 0.321875 0.197222221875 0.3270833328125 0.1888888890625 0.3328125 0.1861111109375 0.3359375 0.177777778125 0.3359375 0.17314814843749998 0.3375 0.172222221875 0.3390625 0.1379629625 0.3359375 0.1324074078125 0.3072916671875 0.1324074078125 0.3057291671875 0.1351851859375 0.3057291671875 0.1833333328125 0.3088541671875 0.1888888890625 0.3114583328125 0.1888888890625
0 0.44375 0.3333333328125 0.44375 0.3240740734375 0.4322916671875 0.321296296875 0.43072916718750004 0.3416666671875 0.4322916671875 0.34444444375 0.440625 0.3416666671875 0.44375 0.3333333328125
0 0.775 0.647222221875 0.7796875 0.6416666671875 0.7796875 0.6324074078125 0.7765625 0.6259259265625 0.7786458328125 0.622222221875 0.7822916671875 0.63055555625 0.7859375 0.627777778125 0.7875 0.6046296296875 0.784375 0.5990740734375 0.7635416671875 0.5990740734375 0.7619791671875 0.6018518515625 0.7619791671875 0.6416666671875 0.7682291671875 0.647222221875 0.775 0.647222221875
0 0.7463541671875 0.45277777812500003 0.7489583328125 0.45277777812500003 0.7494791671875001 0.45555555625000005 0.7552083328125 0.45555555625000005 0.7557291671875 0.4583333328125 0.7671875 0.45555555625000005 0.775 0.44166666718750003 0.775 0.4370370375 0.7796875 0.43055555625 0.78125 0.4046296296875 0.778125 0.3990740734375 0.7463541671875 0.3990740734375 0.7432291671875 0.4046296296875 0.7432291671875 0.44444444375 0.7463541671875 0.4481481484375 0.7463541671875 0.45277777812500003
0 0.1046875 0.375 0.1125 0.34722222187499996 0.1125 0.32685185156249996 0.109375 0.321296296875 0.0947916671875 0.321296296875 0.09322916718749999 0.3240740734375 0.09322916718749999 0.36944444375 0.0947916671875 0.375 0.1046875 0.375
0 0.2927083328125 0.10555555624999999 0.2984375 0.10555555624999999 0.3046875 0.097222221875 0.30625 0.07962962968750001 0.3015625 0.0675925921875 0.3015625 0.060185185937499996 0.2984375 0.0546296296875 0.2760416671875 0.0546296296875 0.2744791671875 0.0574074078125 0.2744791671875 0.10555555624999999 0.2760416671875 0.10833333281249999 0.2875 0.1111111109375 0.2927083328125 0.10555555624999999