0 0.10833333281249999 0.42222222187499997 0.1088541671875 0.425 0.128125 0.42222222187499997 0.13125 0.4166666671875 0.13125 0.41203703750000004 0.1328125 0.41111111093749997 0.1328125 0.40648148125 0.1375 0.39444444375 0.1375 0.3768518515625 0.1359375 0.3759259265625 0.1359375 0.36851851875 0.13125 0.3620370375 0.1296875 0.3546296296875 0.10729166718750001 0.3546296296875 0.1067708328125 0.3574074078125 0.1041666671875 0.3574074078125 0.0994791671875 0.36851851875 0.0994791671875 0.4166666671875 0.10260416718750001 0.42222222187499997 0.10833333281249999 0.42222222187499997
0 0.3296875 0.75555555625 0.3375 0.7416666671875001 0.3375 0.7101851859375 0.3359375 0.709259259375 0.3359375 0.7046296296875 0.3317708328125 0.7018518515625 0.33125 0.6990740734374999 0.3072916671875 0.6990740734374999 0.3057291671875 0.7018518515625 0.3057291671875 0.74444444375 0.31197916718749996 0.75555555625 0.3296875 0.75555555625
0 0.48229166718750005 0.547222221875 0.48541666718750004 0.5527777781250001 0.4895833328125 0.5527777781250001 0.49010416718750005 0.5555555562500001 0.503125 0.5527777781250001 0.5125 0.5333333328125 0.5125 0.515740740625 0.5109375 0.5148148140625 0.5109375 0.5101851859375001 0.5046875 0.4990740734375 0.48229166718750005 0.4990740734375 0.48072916718750003 0.5018518515625 0.48072916718750003 0.5416666671875 0.48229166718750005 0.5425925921875 0.48229166718750005 0.547222221875
0 0.4609375 0.5666666671875 0.4614583328125 0.5638888890625 0.471875 0.5611111109375 0.478125 0.55 0.478125 0.5425925921875 0.4796875 0.5416666671875 0.475 0.5129629625 0.4734375 0.5101851859375001 0.45104166718750005 0.5101851859375001 0.44947916718750003 0.5129629625 0.44947916718750003 0.5583333328125 0.45104166718750005 0.5638888890625 0.4609375 0.5666666671875
0 0.3338541671875 0.4 0.34375 0.4 0.34427083281250004 0.397222221875 0.3484375 0.397222221875 0.35208333281250004 0.3888888890625 0.35625 0.3861111109375 0.35625 0.3490740734375 0.353125 0.34351851875 0.32760416718749996 0.34351851875 0.3244791671875 0.3490740734375 0.3244791671875 0.3861111109375 0.32760416718749996 0.39444444375 0.3302083328125 0.39444444375 0.3338541671875 0.4
0 0.4640625 0.36666666718749996 0.46875 0.3583333328125 0.4703125 0.3453703703125 0.4734375 0.33888888906250003 0.471875 0.32685185156249996 0.46770833281249996 0.3240740734375 0.4671875 0.321296296875 0.4447916671875 0.321296296875 0.44322916718750005 0.3240740734375 0.44322916718750005 0.3611111109375 0.44635416718750004 0.36666666718749996 0.4640625 0.36666666718749996
0 0.19479166718750002 0.5675925921875 0.19479166718750002 0.5722222218749999 0.1994791671875 0.577777778125 0.2052083328125 0.577777778125 0.20572916718749998 0.58055555625 0.2171875 0.577777778125 0.225 0.5638888890625 0.225 0.559259259375 0.23125 0.547222221875 0.23125 0.5351851859375001 0.2265625 0.5259259265625 0.225 0.515740740625 0.221875 0.5101851859375001 0.1994791671875 0.5101851859375001 0.1989583328125 0.5129629625 0.19479166718750002 0.5129629625 0.19479166718750002 0.5203703703125 0.1932291671875 0.521296296875 0.1932291671875 0.5666666671875 0.19479166718750002 0.5675925921875
0 0.7328125 0.975 0.7333333328125 0.9694444437499999 0.7359375 0.9694444437499999 0.7375 0.9638888890624999 0.7359375 0.9351851859375 0.7328125 0.9324074078125 0.7072916671875 0.9324074078125 0.7057291671875 0.9351851859375 0.7057291671875 0.9638888890624999 0.7119791671875 0.977777778125 0.7265625 0.98055555625 0.7328125 0.975
0 0.7932291671875 0.15555555625 0.8078125 0.15277777812499999 0.8125 0.14444444375 0.8125 0.13703703750000001 0.8140625 0.1361111109375 0.8125 0.10185185156250001 0.8109375 0.0990740734375 0.7885416671875001 0.0990740734375 0.7869791671875 0.10185185156250001 0.7869791671875 0.14444444375 0.7885416671875001 0.15 0.7932291671875 0.15555555625
0 0.21979166718749998 0.565740740625 0.21979166718749998 0.5703703703125 0.2182291671875 0.571296296875 0.2182291671875 0.60555555625 0.22760416718749998 0.622222221875 0.240625 0.622222221875 0.24583333281250003 0.6138888890625 0.2484375 0.6138888890625 0.2546875 0.6 0.2546875 0.56851851875 0.25 0.5620370375 0.25 0.5574074078125 0.24739583281250002 0.5574074078125 0.246875 0.5546296296875 0.22760416718749998 0.5546296296875 0.2270833328125 0.5574074078125 0.2244791671875 0.5574074078125 0.2244791671875 0.5620370375 0.21979166718749998 0.565740740625
0 0.7677083328125 0.49444444374999996 0.7682291671875 0.497222221875 0.771875 0.497222221875 0.7796875 0.48333333281249996 0.7796875 0.47592592656250005 0.78125 0.475 0.78125 0.4574074078125 0.7796875 0.45648148125 0.7796875 0.45185185156249996 0.7734375 0.44351851875000003 0.7510416671875 0.44351851875000003 0.7494791671875001 0.44629629687500005 0.7494791671875001 0.48333333281249996 0.7588541671875 0.49444444374999996 0.7677083328125 0.49444444374999996
0 0.2890625 0.3 0.28958333281250004 0.29722222187499997 0.2984375 0.29444444375 0.303125 0.28611111093749997 0.3046875 0.26851851875 0.3015625 0.26203703749999996 0.3 0.246296296875 0.29739583281250004 0.246296296875 0.296875 0.24351851875000002 0.2697916671875 0.24351851875000002 0.2682291671875 0.246296296875 0.2682291671875 0.28611111093749997 0.2723958328125 0.2888888890625 0.2760416671875 0.29722222187499997 0.2890625 0.3
0 0.9635416671874999 0.440740740625 0.9635416671874999 0.4453703703125 0.9619791671875 0.44629629687500005 0.9619791671875 0.477777778125 0.9635416671874999 0.478703703125 0.9635416671874999 0.48333333281249996 0.9666666671874999 0.4888888890625 0.9708333328125001 0.4888888890625 0.9713541671874999 0.4916666671875 0.978125 0.4916666671875 0.9911458328125 0.46666666718750005 0.99375 0.46666666718750005 0.9953125 0.46388888906250003 0.9953125 0.44629629687500005 0.99375 0.4453703703125 0.99375 0.4379629625 0.990625 0.43240740781250003 0.9697916671875 0.43240740781250003 0.9692708328125 0.43518518593750005 0.9666666671874999 0.43518518593750005 0.9635416671874999 0.440740740625
0 0.3765625 0.46388888906250003 0.38125 0.45 0.3796875 0.4240740734375 0.3765625 0.42129629687500003 0.35104166718749996 0.42129629687500003 0.3494791671875 0.4240740734375 0.3494791671875 0.45555555625000005 0.3526041671875 0.46388888906250003 0.3557291671875 0.46666666718750005 0.3765625 0.46388888906250003
0 0.5135416671875 0.22777777812500002 0.5182291671875 0.23333333281250002 0.5265625 0.23333333281250002 0.53125 0.22777777812500002 0.53125 0.22314814843750003 0.5359375 0.2138888890625 0.5359375 0.1990740734375 0.528125 0.1768518515625 0.5135416671875 0.1768518515625 0.5119791671875 0.17962962968750001 0.5119791671875 0.222222221875 0.5135416671875 0.22314814843750003 0.5135416671875 0.22777777812500002
0 0.1776041671875 0.497222221875 0.18020833281249998 0.497222221875 0.1822916671875 0.502777778125 0.1848958328125 0.502777778125 0.1901041671875 0.5111111109375 0.203125 0.5111111109375 0.2036458328125 0.5083333328124999 0.209375 0.50555555625 0.215625 0.49444444374999996 0.215625 0.48981481406249994 0.2171875 0.4888888890625 0.2171875 0.46851851875 0.2140625 0.46481481406249997 0.209375 0.44629629687500005 0.20677083281250003 0.44629629687500005 0.20625 0.44351851875000003 0.1776041671875 0.44629629687500005 0.1744791671875 0.4546296296875 0.1744791671875 0.4888888890625 0.1776041671875 0.49259259218749996 0.1776041671875 0.497222221875
0 0.5072916671875001 0.2518518515625 0.5072916671875001 0.25648148125 0.5057291671875 0.25740740781250004 0.5057291671875 0.28611111093749997 0.5072916671875001 0.2870370375 0.5072916671875001 0.2916666671875 0.5135416671875 0.3 0.5265625 0.3 0.5270833328125 0.29722222187499997 0.5296875 0.29722222187499997 0.5375 0.28055555625 0.5359375 0.25740740781250004 0.5328125 0.253703703125 0.5328125 0.24907407343750002 0.5296875 0.24351851875000002 0.5135416671875 0.24351851875000002 0.5130208328125 0.246296296875 0.5104166671875 0.246296296875 0.5104166671875 0.2509259265625 0.5072916671875001 0.2518518515625
0 0.5807291671875 0.5305555562500001 0.5921875 0.5305555562500001 0.6 0.5166666671875 0.6 0.48518518593750004 0.5984375 0.4796296296875 0.5953125 0.4768518515625 0.5760416671875 0.4768518515625 0.5744791671875 0.4796296296875 0.5744791671875 0.51944444375 0.5760416671875 0.525 0.5807291671875 0.5305555562500001
0 0.4984375 0.175 0.4984375 0.1546296296875 0.4953125 0.15092592656249998 0.4953125 0.146296296875 0.4921875 0.14351851875 0.46979166718750004 0.14351851875 0.4682291671875 0.146296296875 0.46979166718750004 0.1861111109375 0.4921875 0.1888888890625 0.4984375 0.175
0 0.9145833328125 0.022222221875 0.91875 0.019444443750000002 0.91875 0.0018518515625 0.9171875 0 0.8994791671875 0.0018518515625 0.8994791671875 0.027777778125000003 0.9026041671874999 0.0333333328125 0.9109375 0.030555556249999997 0.9145833328125 0.022222221875
0 0.7375 0.8666666671875 0.7380208328125 0.8638888890624999 0.740625 0.8638888890624999 0.7453125 0.85 0.74375 0.840740740625 0.7390625 0.834259259375 0.7375 0.8240740734375 0.7260416671875001 0.821296296875 0.7244791671875 0.8240740734375 0.7244791671875 0.8638888890624999 0.7260416671875001 0.8666666671875 0.7375 0.8666666671875
0 0.75 0.5861111109375 0.75 0.5574074078125 0.7484375 0.5546296296875 0.7322916671875 0.5546296296875 0.7307291671875 0.5574074078125 0.7322916671875 0.597222221875 0.7421875 0.597222221875 0.75 0.5861111109375
0 0.7614583328125 0.51944444375 0.765625 0.51944444375 0.7671875 0.5166666671875 0.7671875 0.5120370375000001 0.76875 0.5111111109375 0.76875 0.5018518515625 0.765625 0.49629629687500004 0.7583333328124999 0.49351851875 0.75625 0.4879629625 0.7536458328125 0.4879629625 0.7484375 0.4768518515625 0.7385416671875 0.4768518515625 0.7369791671875 0.4796296296875 0.7369791671875 0.5083333328124999 0.7447916671875 0.522222221875 0.7609375 0.522222221875 0.7614583328125 0.51944444375
0 0.8057291671875 0.6574074078125001 0.8057291671875 0.6916666671875 0.8072916671874999 0.6925925921875 0.8072916671874999 0.6972222218749999 0.8114583328125 0.7 0.8151041671874999 0.7083333328125 0.8234375 0.7083333328125 0.825 0.70555555625 0.828125 0.68148148125 0.83125 0.6777777781250001 0.83125 0.6731481484375 0.8348958328125 0.6666666671875 0.8390625 0.6638888890625 0.8390625 0.6490740734375 0.8359375 0.64351851875 0.8135416671875 0.64351851875 0.8072916671874999 0.6518518515625 0.8072916671874999 0.6564814812499999 0.8057291671875 0.6574074078125001
0 0.703125 0.47222222187499996 0.7067708328125 0.46666666718750005 0.7109375 0.46666666718750005 0.7140625 0.4583333328125 0.7140625 0.4379629625 0.7125 0.4370370375 0.7125 0.4296296296875 0.70625 0.42129629687500003 0.6947916671875001 0.42129629687500003 0.6942708328125 0.4240740734375 0.6916666671875 0.4240740734375 0.6869791671875001 0.43518518593750005 0.6869791671875001 0.46388888906250003 0.6947916671875001 0.47222222187499996 0.703125 0.47222222187499996
0 0.8760416671875 0 0.8744791671875 0.0018518515625 0.8744791671875 0.030555556249999997 0.8822916671875 0.04444444375 0.89375 0.04444444375 0.9 0.030555556249999997 0.9 0.0240740734375 0.8984375 0.0231481484375 0.8984375 0.015740740625 0.896875 0.0148148140625 0.8953125 0.0018518515625 0.8921875 0 0.8760416671875 0
0 0.8963541671874999 0.3638888890625 0.9171875 0.3583333328125 0.925 0.35 0.925 0.31851851875000003 0.9234375 0.31759259218749997 0.9234375 0.3129629625 0.9208333328125 0.3129629625 0.9203125 0.3101851859375 0.8994791671875 0.3101851859375 0.8947916671874999 0.315740740625 0.8947916671874999 0.3203703703125 0.8932291671874999 0.321296296875 0.8932291671874999 0.35555555625 0.8963541671874999 0.3638888890625
0 0.4447916671875 0.7518518515625 0.4447916671875 0.75648148125 0.44322916718750005 0.7574074078125 0.44322916718750005 0.7861111109375 0.44635416718750004 0.7916666671875 0.4546875 0.797222221875 0.4583333328125 0.7916666671875 0.465625 0.7888888890625 0.46875 0.7833333328125 0.4703125 0.7601851859375001 0.46875 0.759259259375 0.46875 0.7490740734375 0.4640625 0.74351851875 0.45416666718750004 0.74351851875 0.4536458328125 0.746296296875 0.44947916718750003 0.746296296875 0.4447916671875 0.7518518515625
0 0.46510416718750003 0.2916666671875 0.471875 0.2888888890625 0.4770833328125 0.27777777812500004 0.4796875 0.27777777812500004 0.48125 0.272222221875 0.4796875 0.2546296296875 0.4635416671875 0.2546296296875 0.46197916718750004 0.25740740781250004 0.46197916718750004 0.28611111093749997 0.46510416718750003 0.2916666671875
0 0.7953125 0.447222221875 0.7958333328125 0.44444444375 0.8046875 0.44166666718750003 0.8046875 0.434259259375 0.80625 0.43333333281249997 0.80625 0.4129629625 0.7984375 0.3990740734375 0.7885416671875001 0.3990740734375 0.7869791671875 0.4018518515625 0.7869791671875 0.44166666718750003 0.7901041671875 0.447222221875 0.7953125 0.447222221875
0 0.20416666718749998 0.725 0.20572916718749998 0.7259259265625 0.20729166718749997 0.7361111109375 0.20989583281250002 0.7361111109375 0.21354166718749998 0.7416666671875001 0.2171875 0.7416666671875001 0.2296875 0.722222221875 0.2296875 0.7175925921874999 0.23125 0.7166666671875 0.23125 0.7046296296875 0.2296875 0.703703703125 0.2296875 0.6990740734374999 0.2265625 0.6953703703125 0.2265625 0.690740740625 0.2234375 0.6870370375 0.221875 0.6796296296875 0.2192708328125 0.6796296296875 0.21875 0.6768518515624999 0.2026041671875 0.6768518515624999 0.1994791671875 0.6824074078125 0.1994791671875 0.70555555625 0.20416666718749998 0.7175925921874999 0.20416666718749998 0.725
0 0.1625 0.825 0.1703125 0.8194444437499999 0.175 0.8111111109375001 0.1765625 0.790740740625 0.1734375 0.7796296296875 0.1703125 0.7768518515625 0.1541666671875 0.7768518515625 0.1510416671875 0.7796296296875 0.1494791671875 0.7851851859375001 0.1494791671875 0.8194444437499999 0.1510416671875 0.8222222218749999 0.1625 0.825
0 0.096875 0.3333333328125 0.096875 0.33148148125 0.10625 0.3166666671875 0.10625 0.3101851859375 0.1046875 0.309259259375 0.1046875 0.29907407343750003 0.10364583281249999 0.29907407343750003 0.0984375 0.28796296250000003 0.07760416718749999 0.28796296250000003 0.07760416718749999 0.2898148140625 0.0744791671875 0.29351851875 0.0744791671875 0.32777777812500003 0.07552083281250001 0.32777777812500003 0.07760416718749999 0.3333333328125 0.096875 0.3333333328125
0 0.5734375 0.9638888890624999 0.5765625 0.95 0.575 0.9351851859375 0.5572916671875 0.9324074078125 0.5557291671875 0.9351851859375 0.5557291671875 0.9638888890624999 0.5572916671875 0.9666666671874999 0.5734375 0.9638888890624999
0 0.9041666671874999 0.602777778125 0.9125 0.602777778125 0.9130208328125 0.6 0.9171875 0.6 0.91875 0.5925925921874999 0.9203125 0.5916666671875 0.9203125 0.5796296296875 0.9109375 0.565740740625 0.9010416671874999 0.565740740625 0.8994791671875 0.56851851875 0.8994791671875 0.597222221875 0.9036458328125001 0.6 0.9041666671874999 0.602777778125
0 0.59375 0.6333333328124999 0.6015625 0.61944444375 0.6015625 0.6148148140624999 0.6046875 0.6111111109375 0.6046875 0.60648148125 0.60625 0.60555555625 0.6046875 0.590740740625 0.6020833328124999 0.590740740625 0.6015625 0.5879629625 0.5838541671875 0.5879629625 0.5807291671875 0.5935185187500001 0.5807291671875 0.63055555625 0.5838541671875 0.6361111109375 0.59375 0.6333333328124999
0 0.86875 0.45555555625000005 0.8734375 0.447222221875 0.875 0.434259259375 0.8765625 0.43333333281249997 0.875 0.4129629625 0.8734375 0.41018518593750003 0.8541666671874999 0.41018518593750003 0.8510416671875 0.4129629625 0.8494791671874999 0.41851851875 0.8494791671874999 0.45 0.8572916671874999 0.4583333328125 0.86875 0.45555555625000005
0 0.35 0.4240740734375 0.3322916671875 0.42129629687500003 0.3307291671875 0.46388888906250003 0.3322916671875 0.46666666718750005 0.3484375 0.46388888906250003 0.35 0.4240740734375
0 0.2348958328125 0.722222221875 0.23854166718749997 0.73055555625 0.2442708328125 0.73055555625 0.24479166718749998 0.7333333328125 0.259375 0.73055555625 0.2609375 0.7240740734375 0.2578125 0.7203703703125 0.2578125 0.703703703125 0.2625 0.6916666671875 0.2609375 0.6740740734374999 0.2546875 0.665740740625 0.23697916718749998 0.665740740625 0.2338541671875 0.66851851875 0.23072916718749997 0.6824074078125 0.23072916718749997 0.7166666671875 0.2322916671875 0.722222221875 0.2348958328125 0.722222221875
0 0.684375 0.45 0.6875 0.44444444375 0.6875 0.4370370375 0.6921875 0.43055555625 0.6921875 0.4240740734375 0.6760416671875 0.42129629687500003 0.6744791671875 0.4240740734375 0.6760416671875 0.45277777812500003 0.684375 0.45
0 0.9453125 0.2611111109375 0.9458333328125 0.25833333281250004 0.9546875 0.25555555625 0.9578125 0.25 0.9578125 0.2453703703125 0.9609375 0.2416666671875 0.9609375 0.22407407343750002 0.9578125 0.2203703703125 0.9578125 0.21574074062499998 0.9546875 0.2101851859375 0.9385416671875 0.2101851859375 0.9369791671875 0.21296296250000002 0.9385416671875 0.25833333281250004 0.9401041671874999 0.2611111109375 0.9453125 0.2611111109375
0 0.48854166718750003 0.13055555624999998 0.4984375 0.13055555624999998 0.5078125 0.1166666671875 0.5078125 0.109259259375 0.509375 0.10833333281249999 0.509375 0.09629629687499999 0.50625 0.0898148140625 0.50625 0.0824074078125 0.503125 0.07685185156249999 0.48229166718750005 0.07685185156249999 0.48072916718750003 0.07962962968750001 0.48072916718750003 0.11944444375 0.4848958328125 0.12222222187500001 0.48854166718750003 0.13055555624999998
0 0.115625 0.352777778125 0.1125 0.3351851859375 0.1098958328125 0.3351851859375 0.109375 0.3324074078125 0.0947916671875 0.3324074078125 0.09322916718749999 0.3351851859375 0.09322916718749999 0.3638888890625 0.0947916671875 0.36666666718749996 0.109375 0.3638888890625 0.115625 0.352777778125
0 0.821875 0.45555555625000005 0.825 0.4453703703125 0.8296875 0.4388888890625 0.8296875 0.4268518515625 0.825 0.42129629687500003 0.8119791671875 0.42129629687500003 0.8088541671874999 0.4240740734375 0.8088541671874999 0.44259259218749997 0.8072916671874999 0.44351851875000003 0.8088541671874999 0.45555555625000005 0.821875 0.45555555625000005
0 0.3447916671875 0.5888888890625 0.3546875 0.5861111109375 0.35625 0.58055555625 0.35625 0.5574074078125 0.3484375 0.54351851875 0.3385416671875 0.54351851875 0.3369791671875 0.546296296875 0.3369791671875 0.577777778125 0.3385416671875 0.5833333328125 0.3447916671875 0.5888888890625
0 0.2557291671875 0.7194444437499999 0.25729166718749996 0.7203703703125 0.25729166718749996 0.725 0.2588541671875 0.727777778125 0.26875 0.727777778125 0.2692708328125 0.725 0.2734375 0.725 0.27395833281250004 0.722222221875 0.2796875 0.7194444437499999 0.2796875 0.7148148140624999 0.2828125 0.7083333328125 0.28125 0.69351851875 0.2703125 0.6768518515624999 0.2588541671875 0.6796296296875 0.25729166718749996 0.6824074078125 0.25729166718749996 0.6981481484375001 0.2557291671875 0.6990740734374999 0.2557291671875 0.7194444437499999
0 0.01875 0.0888888890625 0.025 0.08055555625000001 0.0265625 0.0648148140625 0.028125 0.0638888890625 0.0234375 0.0351851859375 0.0192708328125 0.0351851859375 0.01875 0.0324074078125 0.007291667187500001 0.0324074078125 0.0057291671875 0.0351851859375 0.0057291671875 0.0861111109375 0.007291667187500001 0.0888888890625 0.01875 0.0888888890625
0 0.9322916671874999 0.54444444375 0.94375 0.5416666671875 0.9453125 0.5388888890625 0.9453125 0.5287037031249999 0.95 0.525 0.953125 0.5166666671875 0.9515625 0.5046296296875 0.9484375 0.4990740734375 0.9432291671874999 0.4990740734375 0.9427083328125001 0.5018518515625 0.9260416671874999 0.4990740734375 0.9244791671874999 0.5018518515625 0.9244791671874999 0.5305555562500001 0.9260416671874999 0.5361111109375 0.9322916671874999 0.54444444375
0 0.8546875 0.0101851859375 0.8369791671875 0.0129629625 0.8385416671874999 0.030555556249999997 0.8515625 0.030555556249999997 0.85625 0.022222221875 0.8546875 0.0101851859375
0 0.8739583328125 0.055555556250000006 0.8796875 0.055555556250000006 0.8802083328125001 0.052777778124999994 0.8828125 0.052777778124999994 0.88125 0.0379629625 0.878125 0.0324074078125 0.8697916671874999 0.0324074078125 0.8682291671875 0.0351851859375 0.8682291671875 0.052777778124999994 0.8713541671874999 0.058333332812500006 0.8734375 0.058333332812500006 0.8739583328125 0.055555556250000006
0 0.20729166718749997 0.2648148140625 0.20572916718749998 0.26574074062499997 0.20572916718749998 0.29444444375 0.2088541671875 0.3 0.221875 0.3 0.2270833328125 0.2888888890625 0.23125 0.28611111093749997 0.23125 0.27870370312500004 0.234375 0.26944444375 0.234375 0.2546296296875 0.2296875 0.24351851875000002 0.21354166718749998 0.24351851875000002 0.2130208328125 0.246296296875 0.2104166671875 0.246296296875 0.20729166718749997 0.2546296296875 0.20729166718749997 0.2648148140625
0 0.878125 0.055555556250000006 0.88125 0.046296296875 0.8796875 0.045370370312500005 0.8796875 0.0379629625 0.875 0.034259259375000004 0.8734375 0.0129629625 0.8635416671874999 0.0101851859375 0.8619791671874999 0.0129629625 0.8635416671874999 0.05 0.8651041671874999 0.052777778124999994 0.878125 0.055555556250000006
0 0.5447916671875 0.83148148125 0.5432291671875 0.8324074078124999 0.5432291671875 0.85 0.5463541671875001 0.85555555625 0.5609375 0.85555555625 0.56875 0.8416666671874999 0.56875 0.834259259375 0.5703125 0.8333333328125001 0.5703125 0.8268518515625001 0.56875 0.8240740734375 0.5661458328125 0.8240740734375 0.559375 0.8101851859375 0.5510416671875 0.8101851859375 0.5479166671875 0.815740740625 0.5479166671875 0.8203703703125 0.5447916671875 0.8240740734375 0.5447916671875 0.83148148125
0 0.2984375 0.33055555625 0.3 0.3203703703125 0.3046875 0.3111111109375 0.3046875 0.3018518515625 0.303125 0.29907407343750003 0.2822916671875 0.29907407343750003 0.28072916718749996 0.3018518515625 0.28072916718749996 0.33055555625 0.2838541671875 0.3361111109375 0.2984375 0.33055555625
0 0.859375 0.7888888890625 0.8640625 0.772222221875 0.8640625 0.7490740734375 0.8609375 0.74351851875 0.8385416671874999 0.74351851875 0.8369791671875 0.746296296875 0.8369791671875 0.7833333328125 0.8401041671874999 0.7888888890625 0.859375 0.7888888890625
0 0.1619791671875 0.915740740625 0.1619791671875 0.9416666671874999 0.1651041671875 0.9472222218749999 0.1677083328125 0.9472222218749999 0.1697916671875 0.952777778125 0.1734375 0.952777778125 0.1770833328125 0.9472222218749999 0.1921875 0.9444444437499999 0.1953125 0.9388888890624999 0.196875 0.928703703125 0.1984375 0.9277777781250001 0.1984375 0.915740740625 0.1942708328125 0.9129629625 0.19375 0.9101851859375 0.16354166718750002 0.9129629625 0.1619791671875 0.915740740625
0 0.2822916671875 0.5861111109375 0.290625 0.5888888890625 0.2984375 0.575 0.3 0.5601851859375 0.2953125 0.5509259265625001 0.2953125 0.546296296875 0.2927083328125 0.546296296875 0.2921875 0.54351851875 0.2822916671875 0.54351851875 0.28072916718749996 0.546296296875 0.28072916718749996 0.58055555625 0.2822916671875 0.58148148125 0.2822916671875 0.5861111109375
0 0.7723958328125 0.7 0.7796875 0.6972222218749999 0.78125 0.6796296296875 0.778125 0.6759259265625001 0.7765625 0.66851851875 0.7734375 0.665740740625 0.7588541671875 0.665740740625 0.7557291671875 0.671296296875 0.7557291671875 0.6944444437499999 0.7572916671875001 0.7 0.771875 0.702777778125 0.7723958328125 0.7
0 0.056770832812500005 0.3361111109375 0.05729166718749999 0.33888888906250003 0.06875 0.3333333328125 0.071875 0.3203703703125 0.0734375 0.31944444375000003 0.071875 0.3018518515625 0.0692708328125 0.3018518515625 0.06875 0.29907407343750003 0.051041667187499994 0.29907407343750003 0.0494791671875 0.3018518515625 0.0494791671875 0.33055555625 0.052604167187499995 0.3361111109375 0.056770832812500005 0.3361111109375
0 0.4270833328125 0.7166666671875 0.4359375 0.7111111109375 0.4359375 0.69351851875 0.434375 0.6925925921875 0.434375 0.6879629625 0.4302083328125 0.6879629625 0.4234375 0.6768518515624999 0.4135416671875 0.6768518515624999 0.41197916718750005 0.6796296296875 0.41197916718750005 0.70555555625 0.41979166718750005 0.7194444437499999 0.4265625 0.7194444437499999 0.4270833328125 0.7166666671875
0 0.0270833328125 0.40277777812500004 0.029166667187500002 0.41111111093749997 0.0322916671875 0.4138888890625 0.040625 0.41111111093749997 0.04375 0.40555555625000006 0.04375 0.371296296875 0.040625 0.365740740625 0.0197916671875 0.365740740625 0.0182291671875 0.36851851875 0.0182291671875 0.38055555625 0.0244791671875 0.40277777812500004 0.0270833328125 0.40277777812500004