0 0.21354166718749998 0.40555555625000006 0.2182291671875 0.41111111093749997 0.2296875 0.41111111093749997 0.2375 0.397222221875 0.2375 0.378703703125 0.2390625 0.377777778125 0.2375 0.3518518515625 0.2359375 0.3509259265625 0.2359375 0.34629629687499996 0.23333333281250002 0.34629629687499996 0.2328125 0.34351851875 0.21354166718749998 0.34351851875 0.21197916718749998 0.34629629687499996 0.21197916718749998 0.4 0.21354166718749998 0.40092592656250003 0.21354166718749998 0.40555555625000006
0 0 0.177777778125 0.0036458328125000003 0.177777778125 0.0041666671875 0.18055555625 0.021875 0.177777778125 0.0270833328125 0.1666666671875 0.0296875 0.1666666671875 0.0328125 0.15277777812499999 0.0328125 0.1324074078125 0.0296875 0.11851851875 0.0234375 0.1101851859375 0 0.1101851859375 0 0.177777778125
0 0.1848958328125 0.8666666671875 0.1901041671875 0.877777778125 0.2109375 0.877777778125 0.2130208328125 0.872222221875 0.215625 0.872222221875 0.2203125 0.8611111109375 0.221875 0.840740740625 0.2203125 0.8398148140625 0.21875 0.815740740625 0.2140625 0.80648148125 0.2140625 0.8018518515625 0.2109375 0.7990740734374999 0.1822916671875 0.8018518515625 0.1807291671875 0.8074074078125 0.1807291671875 0.8611111109375 0.1822916671875 0.8666666671875 0.1848958328125 0.8666666671875
0 0.6932291671875 0.7574074078125 0.6932291671875 0.777777778125 0.6947916671875001 0.7787037031249999 0.6947916671875001 0.7833333328125 0.6989583328125 0.7861111109375 0.6994791671875 0.7888888890625 0.7125 0.7888888890625 0.7177083328125 0.7805555562500001 0.7234375 0.777777778125 0.7265625 0.772222221875 0.7265625 0.7675925921875 0.7296875 0.7666666671875 0.7296875 0.7620370375000001 0.73125 0.7611111109375 0.73125 0.746296296875 0.7296875 0.7453703703125 0.7296875 0.7379629624999999 0.7255208328125 0.7351851859375 0.725 0.7324074078125 0.7072916671875 0.7324074078125 0.6932291671875 0.7574074078125
0 0.1744791671875 0.1 0.1875 0.1 0.190625 0.097222221875 0.19375 0.0870370375 0.1984375 0.08055555625000001 0.2 0.0675925921875 0.2015625 0.0666666671875 0.2 0.0379629625 0.196875 0.0324074078125 0.1697916671875 0.0324074078125 0.1682291671875 0.0351851859375 0.1682291671875 0.0888888890625 0.1697916671875 0.09444444375 0.1744791671875 0.1
0 0.6979166671875 0.602777778125 0.7026041671875001 0.6111111109375 0.7234375 0.6083333328125 0.728125 0.5888888890625 0.728125 0.5740740734374999 0.725 0.5703703703125 0.7265625 0.5694444437499999 0.7265625 0.5601851859375 0.7234375 0.5546296296875 0.6947916671875001 0.5546296296875 0.6932291671875 0.5574074078125 0.6932291671875 0.5888888890625 0.6979166671875 0.5981481484375 0.6979166671875 0.602777778125
0 0.2510416671875 0.13055555624999998 0.2536458328125 0.13055555624999998 0.25729166718749996 0.13703703750000001 0.25729166718749996 0.1416666671875 0.2604166671875 0.14444444375 0.278125 0.14444444375 0.2833333328125 0.13333333281249998 0.2875 0.13055555624999998 0.2875 0.1231481484375 0.290625 0.11388888906250001 0.290625 0.0990740734375 0.2859375 0.07962962968750001 0.2828125 0.07685185156249999 0.2541666671875 0.07685185156249999 0.2510416671875 0.07962962968750001 0.2494791671875 0.08518518593749999 0.2494791671875 0.12222222187500001 0.2510416671875 0.1231481484375 0.2510416671875 0.13055555624999998
0 0.3421875 0.89444444375 0.3515625 0.8861111109375001 0.3515625 0.88148148125 0.3546875 0.88055555625 0.35625 0.875 0.35625 0.840740740625 0.3546875 0.8351851859374999 0.35 0.828703703125 0.3484375 0.821296296875 0.3260416671875 0.821296296875 0.3244791671875 0.8240740734375 0.3244791671875 0.8833333328125 0.3322916671875 0.89444444375 0.3421875 0.89444444375
0 0.5494791671875 0.5638888890625 0.5526041671875 0.5666666671875 0.5734375 0.5666666671875 0.5755208328125 0.5611111109375 0.578125 0.5611111109375 0.5828125 0.5416666671875 0.58125 0.5046296296875 0.578125 0.4990740734375 0.5447916671875 0.4990740734375 0.5432291671875 0.5018518515625 0.5432291671875 0.54444444375 0.5494791671875 0.559259259375 0.5494791671875 0.5638888890625
0 0.20729166718749997 0.2166666671875 0.2114583328125 0.21944444375 0.2182291671875 0.23055555625 0.228125 0.23055555625 0.23020833281250003 0.225 0.2359375 0.222222221875 0.2375 0.2148148140625 0.24375 0.20555555625 0.24375 0.2009259265625 0.2484375 0.1888888890625 0.2484375 0.1740740734375 0.24375 0.1648148140625 0.24375 0.1601851859375 0.23958333281250002 0.1574074078125 0.2390625 0.1546296296875 0.20729166718749997 0.1546296296875 0.20572916718749998 0.1574074078125 0.20572916718749998 0.21111111093749999 0.20729166718749997 0.21203703749999997 0.20729166718749997 0.2166666671875
0 0.1338541671875 0.89444444375 0.1364583328125 0.89444444375 0.1369791671875 0.897222221875 0.14375 0.897222221875 0.1458333328125 0.8916666671875 0.153125 0.8861111109375001 0.153125 0.8759259265624999 0.1546875 0.875 0.1546875 0.871296296875 0.15 0.8629629624999999 0.146875 0.8620370375 0.1453125 0.8462962968750001 0.1427083328125 0.8462962968750001 0.1421875 0.8435185187500001 0.1260416671875 0.8435185187500001 0.1244791671875 0.8462962968750001 0.1244791671875 0.86944444375 0.1260416671875 0.8703703703125001 0.1291666671875 0.8861111109375001 0.1338541671875 0.89444444375
0 0.3 0.21944444375 0.3020833328125 0.2138888890625 0.3046875 0.2138888890625 0.3046875 0.21203703749999997 0.3125 0.2 0.3125 0.19537037031249999 0.3140625 0.19444444375 0.3140625 0.1870370375 0.315625 0.1861111109375 0.315625 0.1768518515625 0.3140625 0.1759259265625 0.3140625 0.16851851874999998 0.31302083281250004 0.16851851874999998 0.3078125 0.1574074078125 0.30520833281250004 0.1574074078125 0.3046875 0.1546296296875 0.2760416671875 0.1546296296875 0.2760416671875 0.15648148125 0.2744791671875 0.1574074078125 0.2744791671875 0.197222221875 0.2755208328125 0.197222221875 0.2869791671875 0.21944444375 0.3 0.21944444375
0 0.8697916671874999 0.46296296249999996 0.8697916671874999 0.4675925921875 0.8682291671875 0.46851851875 0.8682291671875 0.5083333328124999 0.8697916671874999 0.509259259375 0.8697916671874999 0.5138888890625 0.8713541671874999 0.5166666671875 0.8770833328125001 0.5166666671875 0.8776041671874999 0.51944444375 0.8796875 0.51944444375 0.8802083328125001 0.5166666671875 0.8890625 0.5138888890625 0.9 0.497222221875 0.9 0.46851851875 0.8921875 0.4546296296875 0.8760416671875 0.4546296296875 0.8755208328125 0.4574074078125 0.8729166671874999 0.4574074078125 0.8697916671874999 0.46296296249999996
0 0.7447916671875 0.602777778125 0.7510416671875 0.6111111109375 0.7609375 0.6111111109375 0.7614583328125 0.6083333328125 0.7671875 0.60555555625 0.76875 0.5953703703125 0.7734375 0.5888888890625 0.7734375 0.578703703125 0.775 0.577777778125 0.7734375 0.565740740625 0.7671875 0.5546296296875 0.7447916671875 0.5546296296875 0.7432291671875 0.5574074078125 0.7432291671875 0.597222221875 0.7447916671875 0.5981481484375 0.7447916671875 0.602777778125
0 0.7442708328125 0.44166666718750003 0.7447916671875 0.44444444375 0.759375 0.44444444375 0.759375 0.44259259218749997 0.76875 0.427777778125 0.76875 0.4129629625 0.765625 0.409259259375 0.765625 0.4046296296875 0.7645833328125 0.4046296296875 0.7578125 0.39074074062499997 0.7552083328125 0.39074074062499997 0.7546875 0.3879629625 0.7447916671875 0.3879629625 0.7447916671875 0.3898148140625 0.7432291671875 0.39074074062499997 0.7432291671875 0.44166666718750003 0.7442708328125 0.44166666718750003
0 0.0322916671875 0.6861111109375 0.0395833328125 0.6888888890625 0.0401041671875 0.6916666671875 0.0442708328125 0.6916666671875 0.0447916671875 0.6944444437499999 0.053125 0.6916666671875 0.05625 0.6861111109375 0.0578125 0.6759259265625001 0.059375 0.675 0.059375 0.6574074078125001 0.0578125 0.6564814812499999 0.05625 0.646296296875 0.0484375 0.6324074078125 0.0276041671875 0.6324074078125 0.0244791671875 0.6379629625 0.0244791671875 0.675 0.0286458328125 0.6777777781250001 0.0322916671875 0.6861111109375
0 0.703125 0.522222221875 0.7078125 0.5083333328124999 0.70625 0.4796296296875 0.703125 0.4768518515625 0.6822916671875 0.4768518515625 0.6807291671875 0.4796296296875 0.6822916671875 0.51944444375 0.6838541671875 0.522222221875 0.703125 0.522222221875
0 0.0578125 0.75 0.058333332812500006 0.74444444375 0.0609375 0.74444444375 0.0609375 0.7398148140624999 0.0625 0.7388888890625 0.0625 0.7240740734375 0.0578125 0.7129629625 0.055208332812500004 0.7129629625 0.0546875 0.7101851859375 0.0322916671875 0.7101851859375 0.0307291671875 0.7129629625 0.0307291671875 0.752777778125 0.0369791671875 0.7638888890625 0.0484375 0.7638888890625 0.0578125 0.75
0 0.3385416671875 0.5138888890625 0.3416666671875 0.51944444375 0.3515625 0.51944444375 0.3609375 0.502777778125 0.3609375 0.4981481484375 0.3625 0.497222221875 0.3609375 0.4796296296875 0.35625 0.4731481484375 0.35625 0.46851851875 0.3546875 0.465740740625 0.3401041671875 0.465740740625 0.3369791671875 0.471296296875 0.3369791671875 0.5083333328124999 0.3385416671875 0.509259259375 0.3385416671875 0.5138888890625
0 0.0947916671875 0.3361111109375 0.0973958328125 0.3361111109375 0.0979166671875 0.33888888906250003 0.1078125 0.33888888906250003 0.10833333281249999 0.3361111109375 0.1140625 0.3333333328125 0.1203125 0.3166666671875 0.11875 0.3046296296875 0.1140625 0.29814814843750004 0.1140625 0.29351851875 0.1109375 0.28796296250000003 0.09635416718749999 0.28796296250000003 0.09322916718749999 0.29351851875 0.09322916718749999 0.33055555625 0.0947916671875 0.33148148125 0.0947916671875 0.3361111109375
0 0.2010416671875 0.058333332812500006 0.2026041671875 0.059259259375 0.2026041671875 0.072222221875 0.2046875 0.072222221875 0.2052083328125 0.06944444375 0.2114583328125 0.06944444375 0.21510416718749997 0.077777778125 0.21770833281250002 0.077777778125 0.2182291671875 0.08055555625000001 0.225 0.08055555625000001 0.23125 0.06944444375 0.2328125 0.059259259375 0.2359375 0.055555556250000006 0.2359375 0.0351851859375 0.2328125 0.03148148125 0.2328125 0.0268518515625 0.2234375 0.0101851859375 0.2026041671875 0.0101851859375 0.1994791671875 0.015740740625 0.1994791671875 0.05 0.2010416671875 0.0509259265625 0.2010416671875 0.058333332812500006
0 0.0609375 0.0361111109375 0.0692708328125 0.022222221875 0.071875 0.022222221875 0.071875 0.0175925921875 0.0734375 0.0166666671875 0.0734375 0.004629629687499999 0.06875 0 0.0369791671875 0.0018518515625 0.0385416671875 0.027777778125000003 0.0427083328125 0.030555556249999997 0.0447916671875 0.0361111109375 0.0609375 0.0361111109375
0 0.21614583281250002 0.7240740734375 0.21354166718749998 0.7240740734375 0.20572916718749998 0.7379629624999999 0.20572916718749998 0.752777778125 0.20729166718749997 0.753703703125 0.20729166718749997 0.7583333328124999 0.215625 0.7638888890625 0.21614583281250002 0.7611111109375 0.228125 0.752777778125 0.2296875 0.7425925921875 0.23125 0.7416666671875001 0.228125 0.7240740734375 0.22552083281250002 0.7240740734375 0.225 0.7212962968750001 0.2166666671875 0.7212962968750001 0.21614583281250002 0.7240740734375
0 0.6489583328124999 0.25833333281250004 0.6494791671875 0.2611111109375 0.6546875 0.2611111109375 0.6625 0.24444444375000002 0.6625 0.22407407343750002 0.6609375 0.221296296875 0.6447916671875 0.221296296875 0.6432291671875 0.22407407343750002 0.6432291671875 0.252777778125 0.6463541671875 0.25833333281250004 0.6489583328124999 0.25833333281250004
0 0.3921875 0.9768518515625001 0.3635416671875 0.9768518515625001 0.3619791671875 0.9796296296874999 0.3635416671875 0.9990740734375001 0.3984375 0.997222221875 0.396875 0.9824074078124999 0.3921875 0.9768518515625001
0 0.6765625 0.13333333281249998 0.6859375 0.12222222187500001 0.6875 0.1046296296875 0.684375 0.0990740734375 0.6619791671875 0.0990740734375 0.6614583328125 0.10185185156250001 0.6572916671875 0.10185185156250001 0.6557291671875001 0.13055555624999998 0.6604166671875 0.13888888906250002 0.66875 0.13888888906250002 0.6723958328124999 0.13333333281249998 0.6765625 0.13333333281249998
0 0.634375 0.8638888890624999 0.6359375 0.852777778125 0.634375 0.8462962968750001 0.63125 0.8435185187500001 0.6182291671875 0.8462962968750001 0.6182291671875 0.8638888890624999 0.6213541671875 0.872222221875 0.628125 0.872222221875 0.634375 0.8638888890624999
0 0.0822916671875 0.21111111093749999 0.090625 0.21111111093749999 0.09114583281250001 0.20833333281250002 0.09375 0.20833333281250002 0.103125 0.1888888890625 0.1015625 0.1740740734375 0.09375 0.165740740625 0.07291666718749999 0.165740740625 0.0723958328125 0.16851851874999998 0.06979166718749999 0.16851851874999998 0.06979166718749999 0.17314814843749998 0.0682291671875 0.1740740734375 0.0682291671875 0.197222221875 0.07291666718749999 0.20555555625 0.0817708328125 0.20833333281250002 0.0822916671875 0.21111111093749999
0 0.2260416671875 0.922222221875 0.2484375 0.91944444375 0.25625 0.9083333328125001 0.25625 0.896296296875 0.2546875 0.89351851875 0.2510416671875 0.89351851875 0.24739583281250002 0.8990740734375 0.23958333281250002 0.8990740734375 0.2296875 0.8879629625 0.21979166718749998 0.8879629625 0.2182291671875 0.890740740625 0.2182291671875 0.9111111109375001 0.22135416718749998 0.91944444375 0.22552083281250002 0.91944444375 0.2260416671875 0.922222221875
0 0.19479166718750002 0.0824074078125 0.19479166718750002 0.0898148140625 0.1932291671875 0.09074074062500001 0.1932291671875 0.10833333281249999 0.19479166718750002 0.11388888906250001 0.20625 0.11388888906250001 0.20677083281250003 0.1111111109375 0.2171875 0.10833333281249999 0.2203125 0.097222221875 0.221875 0.07962962968750001 0.215625 0.065740740625 0.2026041671875 0.065740740625 0.1994791671875 0.071296296875 0.1994791671875 0.0759259265625 0.19479166718750002 0.0824074078125
0 0.3072916671875 0.9481481484375 0.3072916671875 0.952777778125 0.3125 0.952777778125 0.315625 0.95 0.315625 0.934259259375 0.31875 0.922222221875 0.3171875 0.8796296296874999 0.3010416671875 0.8768518515625001 0.2994791671875 0.8796296296874999 0.2994791671875 0.9305555562500001 0.3010416671875 0.9388888890624999 0.3072916671875 0.9481481484375
0 0.7484375 0.1 0.7515625 0.09444444375 0.75 0.0824074078125 0.746875 0.07685185156249999 0.7411458328125 0.0740740734375 0.7390625 0.06851851875000001 0.7322916671875 0.065740740625 0.7307291671875 0.06851851875000001 0.7307291671875 0.097222221875 0.7322916671875 0.1 0.7484375 0.1
0 0.2104166671875 0.477777778125 0.21614583281250002 0.48055555625 0.22135416718749998 0.4916666671875 0.22395833281250002 0.4916666671875 0.2260416671875 0.497222221875 0.25 0.497222221875 0.25052083281250004 0.49444444374999996 0.253125 0.49444444374999996 0.2609375 0.477777778125 0.2609375 0.4546296296875 0.25833333281250004 0.4546296296875 0.2546875 0.44629629687500005 0.2364583328125 0.44629629687500005 0.23125 0.43518518593750005 0.2286458328125 0.43518518593750005 0.228125 0.43240740781250003 0.20729166718749997 0.43240740781250003 0.20572916718749998 0.43518518593750005 0.20572916718749998 0.46666666718750005 0.20729166718749997 0.4675925921875 0.20729166718749997 0.47222222187499996 0.2104166671875 0.477777778125
0 0.6765625 0.21111111093749999 0.684375 0.197222221875 0.684375 0.1898148140625 0.6859375 0.1888888890625 0.6859375 0.1824074078125 0.684375 0.17962962968750001 0.6817708328125 0.17962962968750001 0.68125 0.1768518515625 0.6651041671875 0.1768518515625 0.6619791671875 0.1824074078125 0.6619791671875 0.20555555625 0.6651041671875 0.21111111093749999 0.6765625 0.21111111093749999
0 0.2260416671875 0.497222221875 0.246875 0.497222221875 0.2484375 0.49444444374999996 0.2484375 0.48703703750000005 0.25 0.4861111109375 0.25 0.4546296296875 0.2484375 0.45370370312499997 0.2484375 0.44907407343749994 0.23697916718749998 0.44907407343749994 0.2348958328125 0.45185185156249996 0.23125 0.4379629625 0.2265625 0.43240740781250003 0.20729166718749997 0.43240740781250003 0.20572916718749998 0.43518518593750005 0.20572916718749998 0.46666666718750005 0.2104166671875 0.477777778125 0.21614583281250002 0.48055555625 0.2260416671875 0.497222221875
0 0.7046875 0.102777778125 0.7052083328125 0.1 0.7078125 0.1 0.715625 0.08333333281250001 0.7140625 0.051851851562499995 0.7125 0.0509259265625 0.7125 0.046296296875 0.7098958328125 0.046296296875 0.709375 0.04351851875 0.6947916671875001 0.04351851875 0.6932291671875 0.046296296875 0.6932291671875 0.097222221875 0.6979166671875 0.102777778125 0.7046875 0.102777778125
0 0.6260416671875 0.2638888890625 0.63125 0.2638888890625 0.6333333328124999 0.25833333281250004 0.6359375 0.25833333281250004 0.6390625 0.252777778125 0.6390625 0.23148148124999998 0.640625 0.22685185156249998 0.6359375 0.21296296250000002 0.6317708328125 0.21296296250000002 0.63125 0.2101851859375 0.6197916671875 0.2101851859375 0.6182291671875 0.21296296250000002 0.6197916671875 0.25 0.6244791671875001 0.25648148125 0.6260416671875 0.2638888890625
0 0.6885416671875 0.28611111093749997 0.6901041671875 0.2870370375 0.6901041671875 0.2916666671875 0.6979166671875 0.302777778125 0.7109375 0.302777778125 0.7114583328124999 0.3 0.7140625 0.3 0.7171875 0.29444444375 0.7171875 0.2870370375 0.71875 0.28611111093749997 0.7171875 0.271296296875 0.7140625 0.26574074062499997 0.7114583328124999 0.26574074062499997 0.7015625 0.24814814843750002 0.6984375 0.23240740781250002 0.6885416671875 0.23240740781250002 0.6869791671875001 0.23518518593749999 0.6869791671875001 0.275 0.6885416671875 0.2759259265625 0.6885416671875 0.28611111093749997
0 0.2192708328125 0.6111111109375 0.21979166718749998 0.6138888890625 0.228125 0.6111111109375 0.234375 0.597222221875 0.2359375 0.571296296875 0.23125 0.565740740625 0.2166666671875 0.565740740625 0.21354166718749998 0.56851851875 0.21197916718749998 0.5740740734374999 0.21197916718749998 0.6083333328125 0.21354166718749998 0.6111111109375 0.2192708328125 0.6111111109375
0 0.0140625 0.23055555625 0.0140625 0.21574074062499998 0.007291667187500001 0.2101851859375 0.0057291671875 0.23055555625 0.007291667187500001 0.23611111093749998 0.0109375 0.23611111093749998 0.0140625 0.23055555625
0 0.6692708328125 0.3361111109375 0.6796875 0.33055555625 0.6796875 0.3046296296875 0.678125 0.3018518515625 0.6645833328124999 0.3018518515625 0.6640625 0.29907407343750003 0.6510416671875 0.29907407343750003 0.6494791671875 0.3018518515625 0.6494791671875 0.31944444375000003 0.6557291671875001 0.3333333328125 0.66875 0.33888888906250003 0.6692708328125 0.3361111109375
0 0.1963541671875 0.0203703703125 0.19479166718750002 0.021296296875000002 0.19479166718750002 0.0388888890625 0.1979166671875 0.0425925921875 0.1994791671875 0.055555556250000006 0.2010416671875 0.05648148125 0.2010416671875 0.0703703703125 0.19479166718750002 0.0824074078125 0.19479166718750002 0.0898148140625 0.1932291671875 0.09074074062500001 0.1932291671875 0.10555555624999999 0.1963541671875 0.1111111109375 0.2125 0.1111111109375 0.2130208328125 0.10833333281249999 0.215625 0.10833333281249999 0.2203125 0.09444444375 0.2203125 0.0870370375 0.2234375 0.08333333281250001 0.2234375 0.078703703125 0.23125 0.06944444375 0.2328125 0.059259259375 0.2359375 0.055555556250000006 0.2359375 0.0351851859375 0.2265625 0.0203703703125 0.2265625 0.015740740625 0.221875 0.0101851859375 0.20416666718749998 0.0101851859375 0.2036458328125 0.0129629625 0.1963541671875 0.015740740625 0.1963541671875 0.0203703703125
0 0.640625 0.25 0.640625 0.2370370375 0.646875 0.23333333281250002 0.6484375 0.22685185156249998 0.646875 0.22407407343750002 0.6348958328125 0.22407407343750002 0.634375 0.221296296875 0.6197916671875 0.221296296875 0.6182291671875 0.22407407343750002 0.6197916671875 0.252777778125 0.6239583328125 0.25555555625 0.6260416671875 0.2638888890625 0.6359375 0.25833333281250004 0.640625 0.25
0 0.7041666671875 0.997222221875 0.7072916671875 0.9990740734375001 0.7234375 0.997222221875 0.721875 0.9796296296874999 0.7130208328125 0.9740740734375001 0.709375 0.965740740625 0.7010416671875 0.965740740625 0.6994791671875 0.9685185187500001 0.6994791671875 0.9861111109375 0.7010416671875 0.9870370375 0.7010416671875 0.9916666671875 0.7041666671875 0.997222221875
0 0.6760416671875 0.26574074062499997 0.6760416671875 0.29722222187499997 0.6911458328125 0.29444444375 0.6994791671875 0.302777778125 0.709375 0.302777778125 0.715625 0.29722222187499997 0.7171875 0.2916666671875 0.7171875 0.271296296875 0.7130208328125 0.26851851875 0.7109375 0.2629629625 0.7083333328125 0.2629629625 0.7015625 0.2509259265625 0.6984375 0.23240740781250002 0.6760416671875 0.23240740781250002 0.6744791671875 0.23518518593749999 0.6760416671875 0.25555555625 0.6776041671875 0.25648148125 0.6776041671875 0.2648148140625 0.6760416671875 0.26574074062499997
0 0.1734375 0.8861111109375001 0.178125 0.86944444375 0.178125 0.8574074078124999 0.16354166718750002 0.8546296296874999 0.1619791671875 0.8574074078124999 0.1619791671875 0.8861111109375001 0.16354166718750002 0.8888888890625 0.1734375 0.8861111109375001
0 0.3036458328125 0.9416666671874999 0.3072916671875 0.952777778125 0.3171875 0.952777778125 0.3171875 0.9370370375 0.321875 0.91944444375 0.31875 0.8824074078124999 0.315625 0.8768518515625001 0.3010416671875 0.8768518515625001 0.2994791671875 0.8796296296874999 0.2994791671875 0.9333333328125001 0.3010416671875 0.9416666671874999 0.3036458328125 0.9416666671874999
0 0.20729166718749997 0.47222222187499996 0.2104166671875 0.477777778125 0.21614583281250002 0.48055555625 0.2260416671875 0.497222221875 0.2328125 0.497222221875 0.234375 0.49444444374999996 0.234375 0.45185185156249996 0.2328125 0.4509259265625 0.23125 0.4379629625 0.2265625 0.43240740781250003 0.20729166718749997 0.43240740781250003 0.20572916718749998 0.43518518593750005 0.20572916718749998 0.46666666718750005 0.20729166718749997 0.4675925921875 0.20729166718749997 0.47222222187499996
0 0.6947916671875001 0.3 0.6989583328125 0.3 0.6994791671875 0.302777778125 0.7109375 0.302777778125 0.7114583328124999 0.3 0.7140625 0.3 0.71875 0.28611111093749997 0.7171875 0.271296296875 0.7046875 0.2546296296875 0.6947916671875001 0.2546296296875 0.6932291671875 0.25740740781250004 0.6932291671875 0.29444444375 0.6947916671875001 0.2953703703125 0.6947916671875001 0.3
0 0.315625 0.9277777781250001 0.315625 0.8796296296874999 0.3010416671875 0.8768518515625001 0.2994791671875 0.9277777781250001 0.3026041671875 0.9333333328125001 0.3109375 0.9333333328125001 0.315625 0.9277777781250001
0 0.6989583328125 0.28611111093749997 0.6994791671875 0.2888888890625 0.715625 0.2888888890625 0.7171875 0.28611111093749997 0.715625 0.26851851875 0.7083333328125 0.2629629625 0.7015625 0.2509259265625 0.6984375 0.23240740781250002 0.6822916671875 0.23240740781250002 0.6807291671875 0.23518518593749999 0.6807291671875 0.275 0.6822916671875 0.2759259265625 0.6822916671875 0.2833333328125 0.6989583328125 0.28611111093749997
0 0.659375 0.7611111109375 0.659375 0.7546296296875 0.6578125 0.753703703125 0.6578125 0.746296296875 0.6546875 0.74351851875 0.6447916671875 0.74351851875 0.6432291671875 0.746296296875 0.6432291671875 0.772222221875 0.65 0.775 0.659375 0.7611111109375
0 0.6572916671875 0.28148148125 0.6572916671875 0.28611111093749997 0.6614583328125 0.2888888890625 0.6619791671875 0.2916666671875 0.6645833328124999 0.2916666671875 0.6697916671875 0.3 0.6828125 0.3 0.684375 0.29722222187499997 0.684375 0.2824074078125 0.671875 0.26203703749999996 0.66875 0.246296296875 0.6661458328125 0.246296296875 0.665625 0.24351851875000002 0.6572916671875 0.246296296875 0.6572916671875 0.2509259265625 0.6557291671875001 0.2518518515625 0.6557291671875001 0.28055555625 0.6572916671875 0.28148148125