0 0.48854166718750003 0.3638888890625 0.5 0.3638888890625 0.5005208328124999 0.3611111109375 0.509375 0.35555555625 0.5125 0.35 0.5125 0.3398148140625 0.5140625 0.33888888906250003 0.5140625 0.321296296875 0.5125 0.3203703703125 0.5125 0.3129629625 0.5046875 0.29907407343750003 0.48229166718750005 0.29907407343750003 0.48072916718750003 0.3018518515625 0.48072916718750003 0.352777778125 0.4848958328125 0.35555555625 0.48854166718750003 0.3638888890625
0 0.7869791671875 0.43333333281249997 0.7932291671875 0.447222221875 0.7958333328125 0.447222221875 0.7994791671875 0.45277777812500003 0.80625 0.45277777812500003 0.8067708328125001 0.45 0.815625 0.44444444375 0.81875 0.4388888890625 0.821875 0.4129629625 0.8203125 0.41203703750000004 0.8203125 0.4046296296875 0.81875 0.403703703125 0.8171875 0.39074074062499997 0.8130208328125 0.39074074062499997 0.8125 0.3879629625 0.7963541671875001 0.3879629625 0.7958333328125 0.39074074062499997 0.7901041671875 0.39351851875 0.7869791671875 0.4018518515625 0.7869791671875 0.43333333281249997
0 0.7708333328125 0.34444444375 0.775 0.3416666671875 0.7734375 0.3129629625 0.76875 0.3101851859375 0.7510416671875 0.3101851859375 0.7494791671875001 0.3129629625 0.7494791671875001 0.35 0.7526041671875 0.35555555625 0.765625 0.35555555625 0.7708333328125 0.34444444375
0 0.21979166718749998 0.3361111109375 0.23072916718749997 0.35 0.2484375 0.35 0.25052083281250004 0.34444444375 0.253125 0.34444444375 0.25625 0.33888888906250003 0.25625 0.33148148125 0.2578125 0.33055555625 0.2578125 0.29907407343750003 0.25625 0.29814814843750004 0.25625 0.28796296250000003 0.25 0.2768518515625 0.22916666718749998 0.2768518515625 0.2286458328125 0.2796296296875 0.2260416671875 0.2796296296875 0.2182291671875 0.296296296875 0.2182291671875 0.32777777812500003 0.21979166718749998 0.328703703125 0.21979166718749998 0.3361111109375
0 0.5489583328125 0.3333333328125 0.5557291671875 0.3416666671875 0.5609375 0.3416666671875 0.5630208328124999 0.3361111109375 0.565625 0.3361111109375 0.56875 0.33055555625 0.5703125 0.3203703703125 0.5734375 0.3166666671875 0.5734375 0.3120370375 0.575 0.3111111109375 0.575 0.296296296875 0.5703125 0.28796296250000003 0.5494791671875 0.28796296250000003 0.5432291671875 0.29907407343750003 0.5432291671875 0.325 0.5463541671875001 0.3333333328125 0.5489583328125 0.3333333328125
0 0.23854166718749997 0.7231481484375 0.2401041671875 0.73055555625 0.259375 0.73055555625 0.2645833328125 0.722222221875 0.2671875 0.722222221875 0.2671875 0.7175925921874999 0.271875 0.7083333328125 0.271875 0.7009259265625001 0.2734375 0.7 0.2734375 0.6879629625 0.271875 0.6870370375 0.2703125 0.6740740734374999 0.2671875 0.665740740625 0.23854166718749997 0.665740740625 0.23802083281250003 0.66851851875 0.23541666718749998 0.66851851875 0.2348958328125 0.6740740734374999 0.2322916671875 0.6740740734374999 0.2322916671875 0.678703703125 0.23072916718749997 0.6796296296875 0.23072916718749997 0.7083333328125 0.23854166718749997 0.7231481484375
0 0.8552083328125001 0.20277777812500003 0.8625 0.2 0.8671875 0.19444444375 0.8671875 0.1768518515625 0.8645833328125001 0.1768518515625 0.8609375 0.165740740625 0.8463541671874999 0.165740740625 0.8432291671875 0.171296296875 0.8432291671875 0.2 0.8447916671875 0.20555555625 0.853125 0.20833333281250002 0.8552083328125001 0.20277777812500003
0 0.8036458328125 0.3 0.8072916671874999 0.3083333328125 0.8130208328125 0.3083333328125 0.8135416671875 0.3111111109375 0.8203125 0.3083333328125 0.8265625 0.29722222187499997 0.8296875 0.28611111093749997 0.8296875 0.26851851875 0.825 0.26203703749999996 0.8234375 0.2546296296875 0.8010416671874999 0.2546296296875 0.7994791671875 0.25740740781250004 0.7994791671875 0.29444444375 0.8010416671874999 0.3 0.8036458328125 0.3
0 0.6026041671875 0.95555555625 0.6109375 0.95555555625 0.6171875 0.95 0.6171875 0.9453703703125 0.6234375 0.9361111109375001 0.625 0.9305555562500001 0.625 0.9046296296874999 0.621875 0.8990740734375 0.6010416671875001 0.8990740734375 0.5994791671875 0.9018518515625 0.5994791671875 0.95 0.6026041671875 0.95555555625
0 0.5609375 0.252777778125 0.5625 0.2453703703125 0.565625 0.2416666671875 0.565625 0.2370370375 0.571875 0.225 0.571875 0.21296296250000002 0.5703125 0.21203703749999997 0.56875 0.2018518515625 0.5661458328125 0.2018518515625 0.565625 0.1990740734375 0.5385416671875001 0.1990740734375 0.5369791671875 0.2018518515625 0.5369791671875 0.2388888890625 0.5463541671875001 0.252777778125 0.5609375 0.252777778125
0 0.7875 0.34444444375 0.7880208328125 0.3416666671875 0.7921875 0.3416666671875 0.8 0.32777777812500003 0.8 0.3148148140625 0.8015625 0.3138888890625 0.8015625 0.29907407343750003 0.8 0.29814814843750004 0.8 0.290740740625 0.7984375 0.28796296250000003 0.7760416671875 0.28796296250000003 0.7744791671875 0.290740740625 0.7744791671875 0.33055555625 0.7822916671875 0.34444444375 0.7875 0.34444444375
0 0.4578125 0.8083333328125001 0.4578125 0.803703703125 0.4625 0.797222221875 0.4625 0.7824074078125001 0.459375 0.7768518515625 0.4447916671875 0.7768518515625 0.44322916718750005 0.7796296296875 0.44322916718750005 0.8083333328125001 0.44635416718750004 0.8138888890624999 0.4578125 0.8083333328125001
0 0.7921875 0.4888888890625 0.7927083328125 0.4861111109375 0.7953125 0.4861111109375 0.8015625 0.47222222187499996 0.8015625 0.4574074078125 0.7984375 0.45185185156249996 0.7958333328125 0.45185185156249996 0.79375 0.44629629687500005 0.7895833328124999 0.44629629687500005 0.7890625 0.44351851875000003 0.7697916671875 0.44351851875000003 0.7682291671875 0.44629629687500005 0.7682291671875 0.475 0.7723958328125 0.477777778125 0.7791666671875 0.4888888890625 0.7921875 0.4888888890625
0 0.6322916671875001 0.825 0.6401041671875001 0.8361111109375001 0.659375 0.8333333328125001 0.6625 0.827777778125 0.6625 0.8231481484375 0.6671875 0.8166666671874999 0.6671875 0.796296296875 0.6625 0.7870370375 0.6625 0.7824074078125001 0.6583333328125 0.7796296296875 0.6578125 0.7768518515625 0.6338541671875 0.7768518515625 0.6307291671875 0.7824074078125001 0.6307291671875 0.8194444437499999 0.6322916671875001 0.8203703703125 0.6322916671875001 0.825
0 0.7578125 0.652777778125 0.7625 0.6416666671875 0.7625 0.615740740625 0.75625 0.6101851859375 0.7385416671875 0.6101851859375 0.7369791671875 0.6129629624999999 0.7385416671875 0.652777778125 0.7416666671875001 0.6555555562500001 0.7578125 0.652777778125
0 0.7166666671875 0.85555555625 0.725 0.852777778125 0.725 0.8481481484375 0.73125 0.8388888890624999 0.73125 0.8129629625 0.7286458328125 0.8129629625 0.728125 0.8101851859375 0.7088541671875 0.8101851859375 0.7057291671875 0.815740740625 0.7057291671875 0.8416666671874999 0.7098958328125 0.8444444437499999 0.7166666671875 0.85555555625
0 0.9234375 0.7083333328125 0.925 0.7009259265625001 0.9296875 0.6972222218749999 0.9296875 0.66851851875 0.9072916671875 0.665740740625 0.9057291671875 0.66851851875 0.9057291671875 0.6972222218749999 0.9135416671875 0.7083333328125 0.9234375 0.7083333328125
0 0.8046875 0.625 0.8125 0.6111111109375 0.8125 0.590740740625 0.8109375 0.5879629625 0.7947916671875 0.5879629625 0.7932291671875 0.590740740625 0.7932291671875 0.61944444375 0.7947916671875 0.625 0.8046875 0.625
0 0.934375 0.175 0.9375 0.1666666671875 0.9375 0.1351851859375 0.9135416671875 0.1324074078125 0.9119791671874999 0.1351851859375 0.9135416671875 0.175 0.9166666671874999 0.177777778125 0.934375 0.175
0 0.43072916718750004 0.4916666671875 0.440625 0.4916666671875 0.44114583281249997 0.4888888890625 0.4484375 0.4861111109375 0.45208333281249996 0.477777778125 0.4546875 0.477777778125 0.4546875 0.4731481484375 0.459375 0.4611111109375 0.459375 0.44629629687500005 0.4546875 0.43240740781250003 0.45208333281249996 0.43240740781250003 0.4453125 0.42129629687500003 0.41979166718750005 0.42129629687500003 0.41822916718750003 0.4240740734375 0.41822916718750003 0.475 0.42291666718750004 0.4861111109375 0.4302083328125 0.4888888890625 0.43072916718750004 0.4916666671875
0 0.621875 0.7166666671875 0.6203125 0.690740740625 0.6135416671875 0.6879629625 0.6119791671875 0.690740740625 0.6119791671875 0.7194444437499999 0.61875 0.722222221875 0.621875 0.7166666671875
0 0.40833333281249995 0.30555555624999997 0.42291666718750004 0.3333333328125 0.42552083281249997 0.3333333328125 0.42604166718750003 0.3361111109375 0.4296875 0.3361111109375 0.4302083328125 0.3333333328125 0.4328125 0.3333333328125 0.4328125 0.33148148125 0.4359375 0.32777777812500003 0.4359375 0.31759259218749997 0.4375 0.3166666671875 0.4375 0.3129629625 0.4359375 0.3120370375 0.4359375 0.3018518515625 0.4348958328125 0.3018518515625 0.428125 0.28796296250000003 0.40729166718750004 0.28796296250000003 0.40729166718750004 0.2898148140625 0.4057291671875 0.290740740625 0.4057291671875 0.3 0.40729166718750004 0.3009259265625 0.40729166718750004 0.30555555624999997 0.40833333281249995 0.30555555624999997
0 0.2760416671875 0.597222221875 0.2802083328125 0.6 0.2838541671875 0.6083333328125 0.2927083328125 0.6083333328125 0.2932291671875 0.6111111109375 0.3015625 0.6083333328125 0.3046875 0.602777778125 0.309375 0.5861111109375 0.309375 0.5759259265625001 0.3109375 0.575 0.3078125 0.5601851859375 0.303125 0.5546296296875 0.2838541671875 0.5546296296875 0.2833333328125 0.5574074078125 0.2791666671875 0.5574074078125 0.2760416671875 0.565740740625 0.2760416671875 0.5759259265625001 0.2744791671875 0.5768518515625 0.2760416671875 0.597222221875
0 0.7348958328124999 0.8240740734375 0.7322916671875 0.8240740734375 0.7322916671875 0.828703703125 0.7307291671875 0.8296296296874999 0.7307291671875 0.852777778125 0.7369791671875 0.8611111109375 0.7421875 0.8611111109375 0.7427083328124999 0.8583333328125 0.7484375 0.85555555625 0.75625 0.8388888890624999 0.7546875 0.8240740734375 0.7505208328124999 0.8240740734375 0.75 0.821296296875 0.7354166671875 0.821296296875 0.7348958328124999 0.8240740734375
0 0.9994791671875 0.34351851875 0.9885416671874999 0.34351851875 0.9869791671874999 0.34629629687499996 0.9885416671874999 0.36666666718749996 0.9994791671875 0.375 0.9994791671875 0.34351851875
0 0.78125 0.9111111109375001 0.78125 0.89351851875 0.778125 0.8879629625 0.7635416671875 0.8879629625 0.7619791671875 0.890740740625 0.7635416671875 0.9083333328125001 0.7796875 0.9166666671874999 0.7796875 0.9120370375 0.78125 0.9111111109375001
0 0.9776041671875 0.51944444375 0.9859375 0.51944444375 0.9890625 0.5083333328124999 0.990625 0.4824074078125 0.9817708328125001 0.4796296296875 0.98125 0.4768518515625 0.9713541671874999 0.4768518515625 0.9682291671875 0.4824074078125 0.9697916671875 0.5111111109375 0.9755208328125 0.5138888890625 0.9776041671875 0.51944444375
0 0.5479166671875 0.1 0.5510416671875 0.10555555624999999 0.5546875 0.10555555624999999 0.5567708328125 0.1 0.5609375 0.097222221875 0.5609375 0.07685185156249999 0.5546875 0.065740740625 0.5447916671875 0.065740740625 0.5432291671875 0.06851851875000001 0.5447916671875 0.0916666671875 0.5479166671875 0.0953703703125 0.5479166671875 0.1
0 0.4713541671875 0.075 0.4796875 0.077777778125 0.4817708328125 0.072222221875 0.484375 0.072222221875 0.484375 0.0675925921875 0.4921875 0.055555556250000006 0.4921875 0.04351851875 0.4890625 0.039814814062499995 0.4890625 0.0351851859375 0.4828125 0.0240740734375 0.47864583281249995 0.0240740734375 0.478125 0.021296296875000002 0.46979166718750004 0.021296296875000002 0.4682291671875 0.0240740734375 0.4682291671875 0.0666666671875 0.46979166718750004 0.0675925921875 0.4713541671875 0.075
0 0.8765625 0.2018518515625 0.8635416671874999 0.1990740734375 0.8619791671874999 0.21944444375 0.8734375 0.222222221875 0.8765625 0.2166666671875 0.8765625 0.2018518515625
0 0.2260416671875 0.925 0.23072916718749997 0.9305555562500001 0.2359375 0.9305555562500001 0.2390625 0.9129629625 0.2375 0.9120370375 0.2328125 0.890740740625 0.2260416671875 0.8879629625 0.2244791671875 0.890740740625 0.2244791671875 0.9166666671874999 0.2260416671875 0.9175925921875001 0.2260416671875 0.925
0 0.8875 0.5268518515625 0.884375 0.521296296875 0.8760416671875 0.521296296875 0.8744791671875 0.5527777781250001 0.8760416671875 0.5555555562500001 0.8859375 0.5527777781250001 0.8875 0.5268518515625
0 0.1453125 0.7129629625 0.1421875 0.7101851859375 0.1260416671875 0.7101851859375 0.1244791671875 0.7129629625 0.1244791671875 0.73055555625 0.1260416671875 0.7333333328125 0.1375 0.73055555625 0.1453125 0.7194444437499999 0.1453125 0.7129629625
0 0.7619791671875 0.6638888890625 0.7630208328125 0.6638888890625 0.7635416671875 0.6666666671875 0.771875 0.6666666671875 0.771875 0.6648148140625 0.78125 0.65 0.78125 0.6240740734375 0.7802083328125 0.6240740734375 0.7796875 0.621296296875 0.7697916671875 0.621296296875 0.7697916671875 0.6231481484375 0.7619791671875 0.6351851859375001 0.7619791671875 0.6638888890625
0 0.8734375 0.1990740734375 0.8588541671875 0.1990740734375 0.8557291671874999 0.2046296296875 0.8572916671874999 0.222222221875 0.871875 0.222222221875 0.875 0.2138888890625 0.8734375 0.1990740734375
0 0.9171875 0.246296296875 0.9072916671875 0.24351851875000002 0.9057291671875 0.2638888890625 0.9072916671875 0.2666666671875 0.9171875 0.2638888890625 0.9171875 0.246296296875
0 0.5869791671875 0.1888888890625 0.5984375 0.1888888890625 0.6046875 0.177777778125 0.6046875 0.1601851859375 0.6 0.1546296296875 0.5822916671875 0.1546296296875 0.5807291671875 0.1574074078125 0.5807291671875 0.177777778125 0.5822916671875 0.178703703125 0.5822916671875 0.1833333328125 0.5869791671875 0.1888888890625
0 0.9229166671875 0.0361111109375 0.9255208328125001 0.0361111109375 0.9276041671874999 0.0416666671875 0.94375 0.0416666671875 0.9458333328125 0.0361111109375 0.9515625 0.0333333328125 0.9546875 0.027777778125000003 0.9546875 0.0129629625 0.9484375 0.0018518515625 0.9213541671875 0 0.9182291671874999 0.004629629687499999 0.9182291671874999 0.030555556249999997 0.9197916671874999 0.0333333328125 0.9223958328125 0.0333333328125 0.9229166671875 0.0361111109375