0 0.05625 0.16171875 0.03828125 0.065625
0 0.11171875 0.04921875 0.03828125 0.06328125
0 0.1765625 0.5921875 0.0453125 0.0734375
0 0.2046875 0.63984375 0.034375 0.06484375
0 0.040625 0.88828125 0.0375 0.0703125
0 0.08203125 0.975 0.0453125 0.05
0 0.16875 0.95234375 0.04140625 0.07421875
0 0.184375 0.83203125 0.03359375 0.05859375
0 0.3578125 0.72578125 0.0390625 0.0734375
0 0.4109375 0.73359375 0.04140625 0.08359375
0 0.45625 0.77578125 0.04921875 0.08828125
0 0.1375 0.44921875 0.0359375 0.0578125
0 0.353125 0.21640625 0.0375 0.06640625
0 0.4015625 0.2109375 0.0390625 0.0640625
0 0.571875 0.3578125 0.03515625 0.078125
0 0.603125 0.2453125 0.03828125 0.06640625
0 0.7046875 0.6265625 0.03984375 0.05703125
0 0.7296875 0.2375 0.0375 0.0765625
0 0.92578125 0.09609375 0.03671875 0.07578125
0 0.76171875 0.41953125 0.0390625 0.0796875
0 0.965625 0.43046875 0.03515625 0.06640625
0 0.790625 0.703125 0.040625 0.07421875
0 0.728125 0.81484375 0.02890625 0.06484375
0 0.2765625 0.30078125 0.03515625 0.06953125
0 0.46328125 0.1484375 0.034375 0.06796875
0 0.49296875 0.775 0.02578125 0.0828125
0 0.30546875 0.04453125 0.03046875 0.05546875
0 0.0125 0.55703125 0.02421875 0.06328125
0 0.0609375 0.35625 0.025 0.034375
0 0.09609375 0.5859375 0.025 0.0515625
0 0.071875 0.59765625 0.025 0.03984375
0 0.109375 0.64609375 0.02421875 0.0421875
0 0.984375 0.46953125 0.02890625 0.05703125
0 0.92890625 0.36328125 0.03203125 0.04921875
0 0.90078125 0.4515625 0.03203125 0.06015625
0 0.2265625 0.43125 0.02890625 0.04921875
0 0.63046875 0.70625 0.03203125 0.06015625