0 0.2541666671875 0.061111110937500004 0.2609375 0.061111110937500004 0.2614583328125 0.058333332812500006 0.265625 0.058333332812500006 0.2734375 0.05 0.2765625 0.028703703125 0.278125 0.027777778125000003 0.278125 0.015740740625 0.2765625 0.0148148140625 0.275 0.0018518515625 0.24322916718749998 0.0018518515625 0.24322916718749998 0.05 0.24635416718749997 0.055555556250000006 0.2536458328125 0.058333332812500006 0.2541666671875 0.061111110937500004
0 0.3921875 0.9361111109375001 0.3927083328125 0.9333333328125001 0.4 0.9333333328125001 0.40052083281249995 0.9305555562500001 0.403125 0.9305555562500001 0.4078125 0.91944444375 0.4078125 0.9018518515625 0.403125 0.890740740625 0.40052083281249995 0.890740740625 0.3984375 0.8851851859375 0.3953125 0.884259259375 0.3953125 0.8740740734375001 0.39375 0.8731481484374999 0.4 0.8666666671875 0.4 0.8574074078124999 0.3984375 0.8546296296874999 0.3713541671875 0.8546296296874999 0.3682291671875 0.8601851859374999 0.3682291671875 0.91944444375 0.3776041671875 0.9333333328125001 0.3921875 0.9361111109375001
0 0.19479166718750002 0.48333333281249996 0.1994791671875 0.4888888890625 0.2052083328125 0.4888888890625 0.20572916718749998 0.4916666671875 0.215625 0.4916666671875 0.21614583281250002 0.4888888890625 0.21875 0.4888888890625 0.2296875 0.46666666718750005 0.2296875 0.4546296296875 0.228125 0.45370370312499997 0.225 0.4379629625 0.221875 0.43240740781250003 0.1963541671875 0.43240740781250003 0.1932291671875 0.4379629625 0.1932291671875 0.477777778125 0.19479166718750002 0.478703703125 0.19479166718750002 0.48333333281249996
0 0.7994791671875 0.377777778125 0.8026041671874999 0.38333333281250004 0.8083333328125001 0.3861111109375 0.8088541671874999 0.3888888890625 0.8234375 0.3861111109375 0.825 0.3731481484375 0.8265625 0.372222221875 0.8265625 0.3648148140625 0.8296875 0.3583333328125 0.8296875 0.3425925921875 0.83125 0.3416666671875 0.8296875 0.3296296296875 0.8234375 0.321296296875 0.7947916671875 0.321296296875 0.7932291671875 0.3240740734375 0.7932291671875 0.3611111109375 0.7994791671875 0.3731481484375 0.7994791671875 0.377777778125
0 0.6072916671875 0.5888888890625 0.6098958328124999 0.5888888890625 0.6135416671875 0.5944444437499999 0.6177083328124999 0.5944444437499999 0.6182291671875 0.597222221875 0.628125 0.597222221875 0.6302083328125 0.5916666671875 0.6328125 0.5916666671875 0.6375 0.5833333328125 0.6375 0.5648148140625 0.6390625 0.5638888890625 0.6390625 0.5574074078125 0.6375 0.55648148125 0.6375 0.540740740625 0.6296875 0.521296296875 0.6088541671875001 0.521296296875 0.6057291671875 0.5268518515625 0.6057291671875 0.5833333328125 0.6072916671875 0.584259259375 0.6072916671875 0.5888888890625
0 0.7057291671875 0.7111111109375 0.7114583328124999 0.7138888890625 0.7135416671875 0.7194444437499999 0.7296875 0.722222221875 0.7302083328125 0.7194444437499999 0.7359375 0.7194444437499999 0.7395833328125 0.7111111109375 0.7421875 0.7111111109375 0.74375 0.703703703125 0.7484375 0.6972222218749999 0.7484375 0.6898148140625 0.75 0.6888888890625 0.75 0.66851851875 0.7484375 0.6675925921875 0.7484375 0.6574074078125001 0.7421875 0.646296296875 0.7395833328125 0.646296296875 0.7390625 0.64351851875 0.7041666671875 0.64351851875 0.7036458328124999 0.646296296875 0.7010416671875 0.646296296875 0.7010416671875 0.6509259265625 0.6994791671875 0.6518518515625 0.6994791671875 0.6972222218749999 0.7057291671875 0.7111111109375
0 0.5755208328125 0.6 0.5807291671875 0.60555555625 0.5984375 0.597222221875 0.5984375 0.5925925921874999 0.6020833328124999 0.5861111109375 0.6046875 0.5861111109375 0.6046875 0.5490740734374999 0.603125 0.5481481484375 0.6015625 0.5379629625 0.5984375 0.5324074078125001 0.5760416671875 0.5324074078125001 0.5755208328125 0.5351851859375001 0.5729166671875 0.5351851859375001 0.5682291671875 0.546296296875 0.5682291671875 0.5944444437499999 0.5713541671875 0.6 0.5755208328125 0.6
0 0.9630208328125001 0.5416666671875 0.9635416671874999 0.54444444375 0.9661458328125001 0.54444444375 0.9697916671875 0.5527777781250001 0.9796875 0.5527777781250001 0.9817708328125001 0.547222221875 0.984375 0.547222221875 0.984375 0.5453703703125 0.99375 0.5305555562500001 0.99375 0.4990740734375 0.9921875 0.4981481484375 0.9921875 0.49351851875 0.9911458328125 0.49351851875 0.990625 0.490740740625 0.9880208328125001 0.490740740625 0.9875 0.4879629625 0.9697916671875 0.4879629625 0.9697916671875 0.48981481406249994 0.9619791671875 0.5018518515625 0.9619791671875 0.5416666671875 0.9630208328125001 0.5416666671875
0 0.6395833328125 0.9888888890624999 0.6432291671875 0.997222221875 0.6463541671875 0.9990740734375001 0.659375 0.997222221875 0.6645833328124999 0.9861111109375 0.6671875 0.9861111109375 0.6671875 0.978703703125 0.66875 0.977777778125 0.66875 0.9574074078124999 0.6640625 0.9509259265625 0.6609375 0.9351851859375 0.6583333328125 0.9351851859375 0.6578125 0.9324074078125 0.6338541671875 0.9324074078125 0.6307291671875 0.9379629625 0.6307291671875 0.975 0.6369791671875 0.984259259375 0.6369791671875 0.9888888890624999 0.6395833328125 0.9888888890624999
0 0.9322916671874999 0.4916666671875 0.9479166671874999 0.5138888890625 0.95625 0.5138888890625 0.9567708328125001 0.5111111109375 0.959375 0.5111111109375 0.96875 0.4916666671875 0.9703125 0.46296296249999996 0.96875 0.4620370375 0.96875 0.45185185156249996 0.9671875 0.4509259265625 0.9671875 0.44629629687500005 0.9645833328125001 0.44629629687500005 0.9640625 0.44351851875000003 0.9322916671874999 0.44351851875000003 0.9307291671875 0.44629629687500005 0.9307291671875 0.4861111109375 0.9322916671874999 0.48703703750000005 0.9322916671874999 0.4916666671875
0 0.8166666671874999 0.51851851875 0.8161458328125001 0.5240740734375 0.8072916671874999 0.5240740734375 0.8072916671874999 0.5314814812499999 0.8057291671875 0.5324074078125001 0.8057291671875 0.5722222218749999 0.8088541671874999 0.577777778125 0.8130208328125 0.577777778125 0.8135416671875 0.58055555625 0.825 0.58055555625 0.8255208328125001 0.577777778125 0.8296875 0.577777778125 0.8375 0.5638888890625 0.8375 0.559259259375 0.84375 0.55 0.84375 0.5268518515625 0.8359375 0.5101851859375001 0.8244791671874999 0.5101851859375001 0.8239583328125001 0.5129629625 0.8197916671875 0.5129629625 0.8166666671874999 0.51851851875
0 0.3734375 0.1861111109375 0.3786458328125 0.175 0.38125 0.175 0.3828125 0.172222221875 0.3828125 0.1574074078125 0.38125 0.15648148125 0.3796875 0.146296296875 0.3770833328125 0.146296296875 0.3765625 0.14351851875 0.3526041671875 0.14351851875 0.3494791671875 0.1490740734375 0.3494791671875 0.197222221875 0.3526041671875 0.20277777812500003 0.3625 0.2 0.36770833281250004 0.1888888890625 0.3734375 0.1861111109375
0 0.2088541671875 0.8361111109375001 0.2171875 0.8333333328125001 0.2265625 0.8166666671874999 0.2265625 0.8018518515625 0.2234375 0.7990740734374999 0.2010416671875 0.7990740734374999 0.1994791671875 0.8018518515625 0.1994791671875 0.83055555625 0.2010416671875 0.8333333328125001 0.20833333281250002 0.8333333328125001 0.2088541671875 0.8361111109375001
0 0.3739583328125 0.777777778125 0.37447916718749996 0.7805555562500001 0.3859375 0.777777778125 0.3890625 0.7666666671875 0.3890625 0.7490740734375 0.38333333281250004 0.74351851875 0.3796875 0.7351851859375 0.3635416671875 0.7324074078125 0.3619791671875 0.7351851859375 0.3619791671875 0.775 0.3635416671875 0.777777778125 0.3739583328125 0.777777778125
0 0.41875 0.025 0.41875 0.0018518515625 0.4171875 0 0.3869791671875 0.0018518515625 0.3869791671875 0.030555556249999997 0.3916666671875 0.0361111109375 0.4171875 0.030555556249999997 0.41875 0.025
0 0.29635416718749996 0.2416666671875 0.2994791671875 0.2453703703125 0.2994791671875 0.25 0.3036458328125 0.252777778125 0.3088541671875 0.2638888890625 0.321875 0.2638888890625 0.3255208328125 0.25555555625 0.328125 0.25555555625 0.33125 0.25 0.33125 0.2398148140625 0.3328125 0.2388888890625 0.3328125 0.21574074062499998 0.33125 0.2148148140625 0.33125 0.2018518515625 0.3234375 0.1879629625 0.29635416718749996 0.1879629625 0.2932291671875 0.19351851874999998 0.2932291671875 0.23055555625 0.2947916671875 0.23148148124999998 0.29635416718749996 0.2416666671875
0 0.8322916671874999 0.3916666671875 0.8354166671875 0.3953703703125 0.8385416671874999 0.40833333281249995 0.8447916671875 0.41944444374999995 0.8546875 0.4166666671875 0.8578125 0.41111111093749997 0.8578125 0.40648148125 0.8609375 0.40277777812500004 0.8609375 0.3925925921875 0.8625 0.3916666671875 0.8625 0.3796296296875 0.8609375 0.378703703125 0.8609375 0.36851851875 0.859375 0.36759259218749996 0.8578125 0.3574074078125 0.8484375 0.34351851875 0.8322916671874999 0.34351851875 0.8307291671874999 0.34629629687499996 0.8307291671874999 0.3861111109375 0.8322916671874999 0.38703703749999996 0.8322916671874999 0.3916666671875
0 0.690625 0.375 0.6942708328125 0.36944444375 0.6984375 0.36944444375 0.7046875 0.3583333328125 0.709375 0.3416666671875 0.7109375 0.3240740734375 0.7067708328125 0.3240740734375 0.70625 0.321296296875 0.6760416671875 0.321296296875 0.6744791671875 0.3240740734375 0.6744791671875 0.3638888890625 0.6791666671875001 0.372222221875 0.6833333328125 0.372222221875 0.6838541671875 0.375 0.690625 0.375
0 0.43854166718750004 0.5083333328124999 0.44739583281249995 0.5138888890625 0.44947916718750003 0.51944444375 0.459375 0.51944444375 0.4671875 0.502777778125 0.4671875 0.4796296296875 0.4640625 0.47592592656250005 0.4640625 0.471296296875 0.4609375 0.465740740625 0.44322916718750005 0.465740740625 0.4427083328125 0.46851851875 0.4401041671875 0.46851851875 0.4369791671875 0.4768518515625 0.4369791671875 0.5 0.43854166718750004 0.5009259265625 0.43854166718750004 0.5083333328124999
0 0.3489583328125 0.7 0.3526041671875 0.7083333328125 0.359375 0.7083333328125 0.3625 0.7 0.3625 0.6824074078125 0.35625 0.6703703703125 0.35625 0.6601851859375001 0.3546875 0.6574074078125001 0.3447916671875 0.6546296296875 0.34322916718749996 0.6574074078125001 0.34322916718749996 0.6944444437499999 0.3463541671875 0.7 0.3489583328125 0.7
0 0.0182291671875 0.6129629624999999 0.0182291671875 0.6361111109375 0.0197916671875 0.6370370375000001 0.0182291671875 0.652777778125 0.0197916671875 0.6555555562500001 0.0296875 0.652777778125 0.03125 0.6398148140625 0.0421875 0.627777778125 0.0421875 0.6129629624999999 0.0380208328125 0.6129629624999999 0.0375 0.6101851859375 0.0197916671875 0.6101851859375 0.0182291671875 0.6129629624999999
0 0.7359375 0.5583333328125 0.7380208328125 0.5527777781250001 0.740625 0.5527777781250001 0.7484375 0.5388888890625 0.7484375 0.534259259375 0.75 0.5333333328125 0.75 0.51851851875 0.746875 0.5148148140625 0.746875 0.5101851859375001 0.74375 0.503703703125 0.74375 0.49351851875 0.7421875 0.490740740625 0.7395833328125 0.490740740625 0.7390625 0.4879629625 0.7260416671875001 0.4879629625 0.7244791671875 0.490740740625 0.7244791671875 0.5527777781250001 0.7276041671875 0.5583333328125 0.7359375 0.5583333328125
0 0.6921875 0.9101851859375 0.6890625 0.9064814812499999 0.6890625 0.8990740734375 0.6859375 0.890740740625 0.6828125 0.8879629625 0.6635416671875001 0.8879629625 0.6619791671875 0.890740740625 0.6635416671875001 0.9305555562500001 0.6875 0.9333333328125001 0.6921875 0.925 0.6921875 0.9101851859375
0 0.684375 0.2666666671875 0.6895833328125 0.25555555625 0.69375 0.252777778125 0.69375 0.24814814843750002 0.696875 0.2416666671875 0.696875 0.23518518593749999 0.69375 0.23148148124999998 0.69375 0.22685185156249998 0.6890625 0.221296296875 0.6651041671875 0.221296296875 0.6619791671875 0.22685185156249998 0.6619791671875 0.2611111109375 0.6651041671875 0.26944444375 0.6692708328125 0.26944444375 0.6697916671875 0.272222221875 0.684375 0.2666666671875
0 0.7739583328124999 0.1583333328125 0.7760416671875 0.16388888906250001 0.7817708328124999 0.16388888906250001 0.7822916671875 0.1666666671875 0.790625 0.16388888906250001 0.7984375 0.15 0.7984375 0.1324074078125 0.796875 0.13148148125 0.796875 0.1268518515625 0.7890625 0.1129629625 0.7864583328125 0.1129629625 0.7859375 0.1101851859375 0.7697916671875 0.1101851859375 0.7682291671875 0.1129629625 0.7682291671875 0.15277777812499999 0.7713541671875 0.1583333328125 0.7739583328124999 0.1583333328125
0 0.79375 0.39444444375 0.79375 0.3898148140625 0.7984375 0.38333333281250004 0.7984375 0.36851851875 0.79375 0.35648148125 0.79375 0.3490740734375 0.790625 0.34351851875 0.7713541671875 0.34351851875 0.7682291671875 0.3490740734375 0.7697916671875 0.39444444375 0.7713541671875 0.397222221875 0.79375 0.39444444375
0 0.0322916671875 0.9768518515625001 0.0307291671875 0.9796296296874999 0.0307291671875 0.997222221875 0.0484375 0.9990740734375001 0.053125 0.9861111109375 0.053125 0.9796296296874999 0.0322916671875 0.9768518515625001
0 0.4328125 0.7638888890625 0.434375 0.74351851875 0.4328125 0.7425925921875 0.4328125 0.7351851859375 0.4296875 0.7324074078125 0.4135416671875 0.7324074078125 0.41197916718750005 0.7351851859375 0.41197916718750005 0.775 0.421875 0.777777778125 0.4328125 0.7638888890625
0 0.45625 0.3416666671875 0.45625 0.33703703749999997 0.4609375 0.33055555625 0.4609375 0.29351851875 0.45625 0.28796296250000003 0.43854166718750004 0.28796296250000003 0.4369791671875 0.290740740625 0.43854166718750004 0.3416666671875 0.44635416718750004 0.34444444375 0.45625 0.3416666671875
0 0.007291667187500001 0.24444444375000002 0.0109375 0.24444444375000002 0.01875 0.23055555625 0.01875 0.22314814843750003 0.0203125 0.222222221875 0.0203125 0.2046296296875 0.01875 0.20370370312500002 0.015625 0.190740740625 0.007291667187500001 0.1879629625 0.0057291671875 0.190740740625 0.0057291671875 0.2388888890625 0.007291667187500001 0.2398148140625 0.007291667187500001 0.24444444375000002
0 0.7197916671875 0.16944444375 0.7223958328125 0.16944444375 0.7260416671875001 0.175 0.73125 0.175 0.7317708328125 0.172222221875 0.734375 0.172222221875 0.7390625 0.1611111109375 0.7375 0.140740740625 0.7296875 0.12129629687500001 0.7197916671875 0.12129629687500001 0.7182291671875001 0.12407407343750002 0.7182291671875001 0.16388888906250001 0.7197916671875 0.1648148140625 0.7197916671875 0.16944444375
0 0.1359375 0.490740740625 0.1328125 0.4879629625 0.11822916718750001 0.490740740625 0.1213541671875 0.502777778125 0.1296875 0.502777778125 0.1359375 0.497222221875 0.1359375 0.490740740625
0 0.09375 0.7370370375 0.096875 0.7361111109375 0.1046875 0.7194444437499999 0.1046875 0.7018518515625 0.10052083281249999 0.7018518515625 0.1 0.6990740734374999 0.07760416718749999 0.6990740734374999 0.0744791671875 0.7046296296875 0.0744791671875 0.7416666671875001 0.07760416718749999 0.747222221875 0.0875 0.747222221875 0.09375 0.7416666671875001 0.09375 0.7370370375
0 0.228125 0.79444444375 0.2296875 0.771296296875 0.225 0.765740740625 0.21354166718749998 0.765740740625 0.21197916718749998 0.76851851875 0.21354166718749998 0.79444444375 0.21510416718749997 0.797222221875 0.228125 0.79444444375
0 0.45 0.2388888890625 0.4546875 0.23055555625 0.4546875 0.196296296875 0.4484375 0.1879629625 0.43854166718750004 0.1879629625 0.4369791671875 0.190740740625 0.4369791671875 0.23055555625 0.44322916718750005 0.2388888890625 0.45 0.2388888890625
0 0.9947916671874999 0.8324074078124999 0.9932291671875 0.8833333328125 0.9994791671875 0.8888888890625 0.9994791671875 0.8324074078124999 0.9947916671874999 0.8324074078124999
0 0.1578125 0.197222221875 0.1578125 0.17962962968750001 0.1546875 0.1768518515625 0.1385416671875 0.1768518515625 0.1369791671875 0.17962962968750001 0.1369791671875 0.2 0.14010416718750002 0.20833333281250002 0.146875 0.20833333281250002 0.1578125 0.197222221875
0 0.7661458328124999 0.1888888890625 0.7734375 0.1833333328125 0.7734375 0.1759259265625 0.775 0.175 0.7734375 0.1574074078125 0.7703125 0.1546296296875 0.7510416671875 0.1546296296875 0.7494791671875001 0.1574074078125 0.7494791671875001 0.19444444375 0.7526041671875 0.2 0.7625 0.197222221875 0.7661458328124999 0.1888888890625
0 0.7635416671875 0.41111111093749997 0.7796875 0.40833333281249995 0.7802083328125 0.40555555625000006 0.7890625 0.40277777812500004 0.7984375 0.3888888890625 0.7984375 0.36851851875 0.7953125 0.3648148140625 0.79375 0.3490740734375 0.790625 0.34351851875 0.7682291671875 0.34351851875 0.7677083328125 0.34629629687499996 0.7635416671875 0.34629629687499996 0.7635416671875 0.353703703125 0.7619791671875 0.3546296296875 0.7619791671875 0.40833333281249995 0.7635416671875 0.41111111093749997
0 0.7098958328125 0.019444443750000002 0.7104166671875001 0.022222221875 0.7296875 0.022222221875 0.7359375 0.0111111109375 0.7359375 0.0018518515625 0.7328125 0 0.7057291671875 0.0018518515625 0.7057291671875 0.013888889062500001 0.7072916671875 0.0148148140625 0.7072916671875 0.019444443750000002 0.7098958328125 0.019444443750000002