0 0.32421875 0.34375 0.07421875 0.12734375
0 0.17578125 0.4921875 0.05625 0.09453125
0 0.31328125 0.58046875 0.04921875 0.084375
0 0.34296875 0.684375 0.0578125 0.096875
0 0.49296875 0.690625 0.06015625 0.10625
0 0.4875 0.49765625 0.05703125 0.08828125
0 0.4765625 0.59296875 0.0484375 0.06640625
0 0.53203125 0.42265625 0.0375 0.075
0 0.4625 0.3453125 0.04921875 0.08671875
0 0.61328125 0.48671875 0.04453125 0.0703125
0 0.515625 0.90859375 0.05703125 0.109375
0 0.54453125 0.65390625 0.03671875 0.08203125
0 0.6046875 0.6515625 0.0375 0.06875
0 0.54375 0.77265625 0.0484375 0.06875
0 0.5640625 0.9265625 0.0390625 0.09296875
0 0.58046875 0.8296875 0.04296875 0.07890625
0 0.5453125 0.50078125 0.04140625 0.06328125
0 0.10625 0.53046875 0.0453125 0.06328125
0 0.30390625 0.4359375 0.06640625 0.07109375