0 0.3145833328125 0.602777778125 0.3182291671875 0.609259259375 0.3182291671875 0.6203703703125 0.3166666671875 0.621296296875 0.3166666671875 0.6259259265625 0.3135416671875 0.6324074078125 0.3135416671875 0.64444444375 0.325 0.64444444375 0.3255208328125 0.6416666671875 0.328125 0.6416666671875 0.3317708328125 0.6333333328124999 0.334375 0.6333333328124999 0.3359375 0.6259259265625 0.3375 0.625 0.3375 0.5879629625 0.33125 0.5768518515625 0.3088541671875 0.5768518515625 0.3057291671875 0.5824074078125 0.3057291671875 0.597222221875 0.3088541671875 0.602777778125 0.3145833328125 0.602777778125
0 0.6526041671875 0.44444444375 0.671875 0.44444444375 0.675 0.4388888890625 0.675 0.434259259375 0.6796875 0.425 0.6796875 0.4175925921875 0.68125 0.4166666671875 0.68125 0.4018518515625 0.6796875 0.40092592656250003 0.6796875 0.39351851875 0.6755208328125 0.39074074062499997 0.675 0.3879629625 0.6463541671875 0.3879629625 0.6432291671875 0.39351851875 0.6432291671875 0.43055555625 0.6473958328125 0.43333333281249997 0.6526041671875 0.44444444375
0 0.725 0.275 0.7255208328125 0.272222221875 0.728125 0.272222221875 0.7359375 0.25833333281250004 0.7375 0.2453703703125 0.7390625 0.24444444375000002 0.7390625 0.21851851875 0.7375 0.2175925921875 0.7375 0.21296296250000002 0.7359375 0.2101851859375 0.7072916671875 0.2101851859375 0.7057291671875 0.21296296250000002 0.7057291671875 0.2611111109375 0.7166666671875 0.275 0.725 0.275
0 0.6510416671875 0.1675925921875 0.6510416671875 0.172222221875 0.6557291671875001 0.177777778125 0.6734375 0.177777778125 0.68125 0.16388888906250001 0.68125 0.1324074078125 0.6734375 0.12129629687500001 0.6541666671875 0.12129629687500001 0.6536458328125 0.12407407343750002 0.6510416671875 0.12407407343750002 0.6510416671875 0.12870370312499999 0.6494791671875 0.1296296296875 0.6494791671875 0.1666666671875 0.6510416671875 0.1675925921875
0 0.1286458328125 0.3601851859375 0.1213541671875 0.36296296250000004 0.11822916718750001 0.371296296875 0.11822916718750001 0.40555555625000006 0.1307291671875 0.41944444374999995 0.1375 0.41944444374999995 0.1380208328125 0.4166666671875 0.1546875 0.40833333281249995 0.1546875 0.403703703125 0.159375 0.39444444375 0.159375 0.3796296296875 0.1578125 0.378703703125 0.15625 0.3601851859375 0.153125 0.3546296296875 0.1354166671875 0.3546296296875 0.1348958328125 0.3574074078125 0.1291666671875 0.3574074078125 0.1286458328125 0.3601851859375
0 0.27395833281250004 0.46666666718750005 0.2791666671875 0.475 0.2880208328125 0.477777778125 0.28854166718749996 0.48055555625 0.2984375 0.477777778125 0.3046875 0.46666666718750005 0.3046875 0.4620370375 0.30625 0.4611111109375 0.30625 0.44629629687500005 0.3046875 0.4453703703125 0.3046875 0.4379629625 0.3015625 0.434259259375 0.2984375 0.42129629687500003 0.2713541671875 0.42129629687500003 0.2682291671875 0.4268518515625 0.2682291671875 0.4611111109375 0.2697916671875 0.4620370375 0.2697916671875 0.46666666718750005 0.27395833281250004 0.46666666718750005
0 0.7197916671875 0.097222221875 0.7239583328125 0.097222221875 0.7244791671875 0.1 0.734375 0.1 0.7348958328124999 0.097222221875 0.7375 0.097222221875 0.7380208328125 0.0916666671875 0.740625 0.0916666671875 0.75 0.075 0.75 0.04351851875 0.7421875 0.0324074078125 0.7197916671875 0.0324074078125 0.7182291671875001 0.0351851859375 0.7182291671875001 0.0916666671875 0.7197916671875 0.0925925921875 0.7197916671875 0.097222221875
0 0.5135416671875 0.175 0.5151041671875001 0.177777778125 0.5177083328125 0.177777778125 0.5197916671875 0.1833333328125 0.5239583328124999 0.1833333328125 0.5244791671875 0.1861111109375 0.534375 0.1861111109375 0.5348958328125 0.1833333328125 0.540625 0.18055555625 0.54375 0.175 0.54375 0.1703703703125 0.5484375 0.16388888906250001 0.5484375 0.15925925937500002 0.55 0.1583333328125 0.55 0.12407407343750002 0.5421875 0.1101851859375 0.5151041671875001 0.1101851859375 0.5119791671875 0.11574074062499999 0.5119791671875 0.16944444375 0.5135416671875 0.1703703703125 0.5135416671875 0.175
0 0.875 0.20833333281250002 0.878125 0.20555555625 0.8828125 0.1916666671875 0.8828125 0.17314814843749998 0.884375 0.172222221875 0.8828125 0.1490740734375 0.8796875 0.14351851875 0.8572916671874999 0.14351851875 0.8567708328125001 0.146296296875 0.8526041671875 0.146296296875 0.8494791671874999 0.1546296296875 0.8494791671874999 0.197222221875 0.8572916671874999 0.20833333281250002 0.875 0.20833333281250002
0 0.6635416671875001 0.2611111109375 0.6729166671875 0.275 0.6828125 0.275 0.6890625 0.2638888890625 0.6890625 0.259259259375 0.6921875 0.25555555625 0.69375 0.24259259218749998 0.6953125 0.2416666671875 0.6953125 0.221296296875 0.69375 0.2203703703125 0.69375 0.21574074062499998 0.6921875 0.21296296250000002 0.6864583328125 0.21296296250000002 0.6859375 0.2101851859375 0.6635416671875001 0.2101851859375 0.6619791671875 0.21296296250000002 0.6619791671875 0.25555555625 0.6635416671875001 0.25648148125 0.6635416671875001 0.2611111109375
0 0.1447916671875 0.625 0.1510416671875 0.6333333328124999 0.1625 0.6333333328124999 0.1630208328125 0.63055555625 0.1671875 0.63055555625 0.175 0.6138888890625 0.175 0.5962962968750001 0.1703125 0.5870370375 0.1703125 0.5824074078125 0.1671875 0.5768518515625 0.1510416671875 0.5768518515625 0.1505208328125 0.5796296296875 0.14791666718750002 0.5796296296875 0.1432291671875 0.590740740625 0.1432291671875 0.61944444375 0.1447916671875 0.6203703703125 0.1447916671875 0.625
0 0.1572916671875 0.475 0.1588541671875 0.477777778125 0.1692708328125 0.48055555625 0.17135416718750002 0.4861111109375 0.1828125 0.4861111109375 0.1875 0.477777778125 0.1890625 0.46481481406249997 0.190625 0.46388888906250003 0.1890625 0.44629629687500005 0.1796875 0.43240740781250003 0.1572916671875 0.43240740781250003 0.15572916718750002 0.43518518593750005 0.15572916718750002 0.46944444374999994 0.1572916671875 0.4703703703125 0.1572916671875 0.475
0 0.1135416671875 0.5962962968750001 0.1135416671875 0.6009259265625 0.1119791671875 0.6018518515625 0.1119791671875 0.625 0.1135416671875 0.6259259265625 0.1135416671875 0.63055555625 0.1296875 0.6333333328124999 0.140625 0.6166666671875001 0.140625 0.6120370375 0.1421875 0.6111111109375 0.1421875 0.590740740625 0.1359375 0.5768518515625 0.1260416671875 0.5768518515625 0.12291666718750001 0.5824074078125 0.1208333328125 0.5962962968750001 0.1135416671875 0.5962962968750001
0 0.3010416671875 0.0981481484375 0.2994791671875 0.0990740734375 0.2994791671875 0.1111111109375 0.3010416671875 0.1120370375 0.3026041671875 0.11944444375 0.3067708328125 0.11944444375 0.3072916671875 0.12222222187500001 0.31875 0.12222222187500001 0.325 0.11388888906250001 0.325 0.109259259375 0.33125 0.097222221875 0.3296875 0.07685185156249999 0.3234375 0.065740740625 0.3104166671875 0.065740740625 0.30416666718749996 0.0740740734375 0.30416666718749996 0.08148148125 0.3010416671875 0.08796296249999999 0.3010416671875 0.0981481484375
0 0.8916666671875 0.9990740734375001 0.9046875 0.997222221875 0.9078125 0.959259259375 0.915625 0.952777778125 0.915625 0.946296296875 0.9114583328125001 0.946296296875 0.9109375 0.94351851875 0.8901041671875 0.94351851875 0.8869791671874999 0.9490740734375 0.8869791671874999 0.9916666671875 0.8885416671874999 0.997222221875 0.8916666671875 0.9990740734375001
0 0.984375 0.9416666671874999 0.9864583328125001 0.9361111109375001 0.9921875 0.9333333328125001 0.9958333328125001 0.91944444375 0.9994791671875 0.91944444375 0.9994791671875 0.8851851859375 0.9958333328125001 0.8851851859375 0.9953125 0.8796296296874999 0.9921875 0.8768518515625001 0.9635416671874999 0.8796296296874999 0.9619791671875 0.925 0.9651041671874999 0.9333333328125001 0.9744791671874999 0.9416666671874999 0.984375 0.9416666671874999
0 0.5161458328124999 0.8 0.5197916671875 0.8083333328125001 0.5255208328125 0.8083333328125001 0.5260416671875 0.8111111109375001 0.5296875 0.8111111109375001 0.5375 0.8 0.540625 0.7796296296875 0.5390625 0.7787037031249999 0.5359375 0.7546296296875 0.5244791671875 0.7546296296875 0.5239583328124999 0.7574074078125 0.5166666671875 0.7574074078125 0.5130208328125 0.7629629625 0.5088541671875 0.7629629625 0.5057291671875 0.771296296875 0.5057291671875 0.7888888890625 0.5088541671875 0.797222221875 0.5161458328124999 0.8
0 0.06510416718749999 0.415740740625 0.06510416718749999 0.42314814843750004 0.061979167187499996 0.43240740781250003 0.061979167187499996 0.44444444375 0.06979166718749999 0.45277777812500003 0.0828125 0.45277777812500003 0.08333333281250001 0.45 0.0859375 0.45 0.0921875 0.4388888890625 0.0921875 0.42129629687500003 0.090625 0.4203703703125 0.090625 0.415740740625 0.084375 0.4046296296875 0.0817708328125 0.4046296296875 0.078125 0.3990740734375 0.0682291671875 0.3990740734375 0.06510416718749999 0.4046296296875 0.06510416718749999 0.4138888890625 0.0666666671875 0.4148148140625 0.06510416718749999 0.415740740625
0 0.0203125 0.6638888890625 0.0203125 0.64351851875 0.01875 0.6351851859375001 0.015625 0.6324074078125 0.007291667187500001 0.6324074078125 0.0057291671875 0.6351851859375001 0.0057291671875 0.675 0.0140625 0.6777777781250001 0.0203125 0.6638888890625
0 0.1760416671875 0.047222221875 0.1786458328125 0.047222221875 0.1822916671875 0.052777778124999994 0.1921875 0.052777778124999994 0.1927083328125 0.05 0.1953125 0.05 0.1953125 0.045370370312500005 0.1984375 0.0416666671875 0.1984375 0.0129629625 0.196875 0.0120370375 0.196875 0.0074074078125 0.190625 0 0.1682291671875 0.0018518515625 0.1682291671875 0.030555556249999997 0.1697916671875 0.03148148125 0.1697916671875 0.0361111109375 0.1760416671875 0.047222221875
0 0.23854166718749997 0.5083333328124999 0.24635416718749997 0.5166666671875 0.253125 0.5166666671875 0.25625 0.5083333328124999 0.25625 0.48518518593750004 0.2546875 0.48425925937500003 0.2546875 0.4768518515625 0.2484375 0.465740740625 0.23854166718749997 0.465740740625 0.23697916718749998 0.46851851875 0.23697916718749998 0.502777778125 0.23854166718749997 0.503703703125 0.23854166718749997 0.5083333328124999
0 0.2697916671875 0.51944444375 0.278125 0.522222221875 0.2859375 0.5083333328124999 0.2875 0.4824074078125 0.284375 0.4768518515625 0.2697916671875 0.4768518515625 0.2682291671875 0.4796296296875 0.2682291671875 0.5138888890625 0.2697916671875 0.5148148140625 0.2697916671875 0.51944444375
0 0.1359375 0.46944444374999994 0.1364583328125 0.46666666718750005 0.1390625 0.46666666718750005 0.14375 0.4583333328125 0.1453125 0.4481481484375 0.1484375 0.44444444375 0.1484375 0.43518518593750005 0.146875 0.43240740781250003 0.1260416671875 0.43240740781250003 0.1244791671875 0.43518518593750005 0.1244791671875 0.46666666718750005 0.1276041671875 0.47222222187499996 0.1296875 0.47222222187499996 0.1302083328125 0.46944444374999994 0.1359375 0.46944444374999994
0 0.5796875 0.522222221875 0.58125 0.49351851875 0.578125 0.4879629625 0.5635416671875 0.4879629625 0.5619791671875001 0.490740740625 0.5619791671875001 0.51944444375 0.5682291671875 0.525 0.5796875 0.522222221875
0 0.6510416671875 0.3638888890625 0.6625 0.3638888890625 0.6671875 0.3481481484375 0.6734375 0.33888888906250003 0.6734375 0.3240740734375 0.6703125 0.321296296875 0.6510416671875 0.321296296875 0.6494791671875 0.3240740734375 0.6494791671875 0.35555555625 0.6510416671875 0.35648148125 0.6510416671875 0.3638888890625
0 0.2635416671875 0.20555555625 0.2713541671875 0.2138888890625 0.2755208328125 0.2138888890625 0.2760416671875 0.2166666671875 0.2859375 0.2138888890625 0.2875 0.21111111093749999 0.2875 0.2018518515625 0.28125 0.1870370375 0.28125 0.1759259265625 0.290625 0.175 0.290625 0.16851851874999998 0.2880208328125 0.171296296875 0.2802083328125 0.171296296875 0.2796875 0.16851851874999998 0.26510416718749996 0.165740740625 0.2619791671875 0.171296296875 0.2619791671875 0.2 0.2635416671875 0.2009259265625 0.2635416671875 0.20555555625
0 0.6541666671875 0.046296296875 0.6510416671875 0.051851851562499995 0.6494791671875 0.10833333281249999 0.6526041671875 0.1166666671875 0.6578125 0.1166666671875 0.6583333328125 0.11388888906250001 0.66875 0.10833333281249999 0.66875 0.10370370312499999 0.671875 0.102777778125 0.675 0.097222221875 0.675 0.0925925921875 0.68125 0.08333333281250001 0.6828125 0.0574074078125 0.6796875 0.046296296875 0.6765625 0.04351851875 0.6604166671875 0.04351851875 0.6598958328125 0.046296296875 0.6541666671875 0.046296296875
0 0.6385416671875 0.6888888890625 0.6484375 0.6888888890625 0.6546875 0.6805555562500001 0.6578125 0.66944444375 0.6578125 0.6620370375 0.659375 0.6611111109375 0.659375 0.646296296875 0.65625 0.6351851859375001 0.653125 0.6324074078125 0.6338541671875 0.6324074078125 0.6307291671875 0.6379629625 0.6307291671875 0.672222221875 0.6338541671875 0.6833333328125 0.6385416671875 0.6888888890625
0 0.2036458328125 0.522222221875 0.2104166671875 0.5305555562500001 0.2171875 0.5305555562500001 0.2234375 0.5166666671875 0.2234375 0.4981481484375 0.225 0.497222221875 0.225 0.49351851875 0.2234375 0.49259259218749996 0.221875 0.4824074078125 0.2171875 0.4768518515625 0.2026041671875 0.4768518515625 0.20208333281250002 0.4796296296875 0.1994791671875 0.4796296296875 0.1979166671875 0.49259259218749996 0.1932291671875 0.5018518515625 0.19479166718750002 0.51944444375 0.2036458328125 0.522222221875
0 0.2421875 0.6916666671875 0.246875 0.6833333328125 0.246875 0.678703703125 0.25 0.672222221875 0.2484375 0.6601851859375001 0.24375 0.6546296296875 0.2322916671875 0.6546296296875 0.23072916718749997 0.6574074078125001 0.23072916718749997 0.6861111109375 0.2338541671875 0.6916666671875 0.2421875 0.6916666671875
0 0.5947916671875 0.42314814843750004 0.5963541671875 0.43055555625 0.6046875 0.427777778125 0.6078125 0.42222222187499997 0.6078125 0.4175925921875 0.6109375 0.4138888890625 0.6109375 0.409259259375 0.6125 0.40833333281249995 0.6109375 0.39351851875 0.6067708328125 0.39074074062499997 0.60625 0.3879629625 0.5947916671875 0.3879629625 0.5932291671875001 0.39074074062499997 0.5932291671875001 0.42222222187499997 0.5947916671875 0.42314814843750004
0 0.1447916671875 0.3416666671875 0.1463541671875 0.34444444375 0.1630208328125 0.34444444375 0.16354166718750002 0.34722222187499996 0.171875 0.34444444375 0.1734375 0.3416666671875 0.1734375 0.3296296296875 0.171875 0.328703703125 0.171875 0.3240740734375 0.165625 0.3148148140625 0.1692708328125 0.3083333328125 0.1734375 0.30555555624999997 0.175 0.29351851875 0.171875 0.28796296250000003 0.15572916718750002 0.28796296250000003 0.1552083328125 0.290740740625 0.14791666718750002 0.29351851875 0.1432291671875 0.3046296296875 0.1432291671875 0.3361111109375 0.1447916671875 0.33703703749999997 0.1447916671875 0.3416666671875
0 0.8375 0.7166666671875 0.8359375 0.690740740625 0.8260416671874999 0.6879629625 0.8244791671874999 0.690740740625 0.8260416671874999 0.7194444437499999 0.8359375 0.7194444437499999 0.8375 0.7166666671875
0 0.2635416671875 0.20555555625 0.2713541671875 0.2138888890625 0.2755208328125 0.2138888890625 0.2760416671875 0.2166666671875 0.284375 0.2166666671875 0.2875 0.21111111093749999 0.2875 0.1990740734375 0.284375 0.19537037031249999 0.28125 0.18148148125000002 0.2833333328125 0.175 0.2921875 0.175 0.2921875 0.171296296875 0.290625 0.16851851874999998 0.26510416718749996 0.165740740625 0.2619791671875 0.171296296875 0.2619791671875 0.2 0.2635416671875 0.2009259265625 0.2635416671875 0.20555555625
0 0.1697916671875 0 0.1682291671875 0.0018518515625 0.1682291671875 0.030555556249999997 0.1697916671875 0.03148148125 0.17135416718750002 0.0416666671875 0.1739583328125 0.0416666671875 0.1807291671875 0.052777778124999994 0.1953125 0.052777778124999994 0.1989583328125 0.047222221875 0.209375 0.05 0.2130208328125 0.04444444375 0.2171875 0.04444444375 0.2234375 0.0333333328125 0.2234375 0.021296296875000002 0.221875 0.0203703703125 0.221875 0.015740740625 0.2171875 0.009259259374999999 0.2171875 0.004629629687499999 0.20572916718749998 0.004629629687499999 0.2036458328125 0.0101851859375 0.20208333281250002 0.0101851859375 0.2 0.004629629687499999 0.1921875 0 0.1697916671875 0