0 0.4 0.63125 0.0453125 0.07890625
0 0.5703125 0.58671875 0.05390625 0.10546875
0 0.64453125 0.41796875 0.06875 0.13515625
0 0.8421875 0.49453125 0.07109375 0.1015625
0 0.43515625 0.359375 0.03984375 0.090625
0 0.48046875 0.36875 0.04140625 0.0734375
0 0.40625 0.52734375 0.0390625 0.065625
0 0.06484375 0.05078125 0.05390625 0.1015625
0 0.82109375 0.54296875 0.053125 0.09609375
0 0.7765625 0.43984375 0.05390625 0.08515625
0 0.69609375 0.39453125 0.0375 0.08828125
0 0.22421875 0.4328125 0.04296875 0.103125