0 0.2494791671875 0.9888888890624999 0.2734375 0.9861111109375 0.275 0.978703703125 0.2796875 0.975 0.28125 0.9666666671874999 0.28125 0.946296296875 0.2765625 0.9268518515625 0.2734375 0.921296296875 0.24479166718749998 0.9240740734375 0.24322916718749998 0.9296296296875 0.24322916718749998 0.98055555625 0.24479166718749998 0.9861111109375 0.2494791671875 0.9888888890624999
0 0.3322916671875 0.64351851875 0.3322916671875 0.6481481484375 0.3307291671875 0.6490740734375 0.3307291671875 0.6861111109375 0.3401041671875 0.702777778125 0.34427083281250004 0.702777778125 0.3447916671875 0.70555555625 0.3515625 0.70555555625 0.35208333281250004 0.702777778125 0.3546875 0.702777778125 0.3625 0.6861111109375 0.3625 0.6768518515624999 0.3609375 0.6759259265625001 0.3609375 0.6675925921875 0.3625 0.6666666671875 0.3625 0.646296296875 0.35625 0.6324074078125 0.34322916718749996 0.6324074078125 0.3427083328125 0.6351851859375001 0.3385416671875 0.6351851859375001 0.3348958328125 0.64351851875 0.3322916671875 0.64351851875
0 0.44322916718750005 0.3574074078125 0.44322916718750005 0.397222221875 0.4447916671875 0.3981481484375 0.4447916671875 0.40555555625000006 0.45729166718750003 0.41944444374999995 0.46875 0.41944444374999995 0.4692708328125 0.4166666671875 0.4765625 0.4166666671875 0.4770833328125 0.4138888890625 0.484375 0.41111111093749997 0.49375 0.3888888890625 0.49375 0.378703703125 0.4953125 0.377777778125 0.4953125 0.3574074078125 0.49375 0.35648148125 0.49375 0.3490740734375 0.4875 0.3398148140625 0.4875 0.3351851859375 0.4848958328125 0.3351851859375 0.484375 0.3324074078125 0.4557291671875 0.3324074078125 0.45520833281249995 0.3351851859375 0.45104166718750005 0.3351851859375 0.44947916718750003 0.3425925921875 0.4447916671875 0.3490740734375 0.4447916671875 0.35648148125 0.44322916718750005 0.3574074078125
0 0.3947916671875 0.5898148140624999 0.3947916671875 0.597222221875 0.39791666718749996 0.6 0.4140625 0.6 0.41875 0.5916666671875 0.4265625 0.5638888890625 0.425 0.5379629625 0.421875 0.5324074078125001 0.3994791671875 0.5324074078125001 0.39895833281250004 0.5351851859375001 0.3947916671875 0.5351851859375001 0.3947916671875 0.5425925921875 0.3932291671875 0.54351851875 0.3932291671875 0.5888888890625 0.3947916671875 0.5898148140624999
0 0.8447916671875 0.7861111109375 0.8489583328125001 0.7861111109375 0.8494791671874999 0.7888888890625 0.859375 0.7888888890625 0.8598958328125 0.7861111109375 0.865625 0.7833333328125 0.8734375 0.76944444375 0.8734375 0.7648148140625 0.875 0.7638888890625 0.875 0.7351851859375 0.8703125 0.7240740734375 0.8677083328125 0.7240740734375 0.8671875 0.7212962968750001 0.8322916671874999 0.7212962968750001 0.8307291671874999 0.7240740734375 0.8307291671874999 0.772222221875 0.8338541671874999 0.777777778125 0.8427083328125 0.7805555562500001 0.8447916671875 0.7861111109375
0 0.046875 0.997222221875 0.0546875 0.9833333328125 0.0546875 0.9759259265625 0.05625 0.975 0.05625 0.946296296875 0.0546875 0.9453703703125 0.053125 0.9351851859375 0.0447916671875 0.9324074078125 0.0416666671875 0.9379629625 0.0416666671875 0.9425925921875 0.0385416671875 0.946296296875 0.0385416671875 0.9509259265625 0.0354166671875 0.9574074078124999 0.0354166671875 0.9675925921875 0.0333333328125 0.9712962968750001 0.0270833328125 0.9712962968750001 0.0265625 0.965740740625 0.021875 0.959259259375 0.0171875 0.9324074078125 0.0119791671875 0.9379629625 0.0119791671875 0.99444444375 0.0151041671875 0.9990740734375001 0.04375 0.9990740734375001 0.046875 0.997222221875
0 0.5723958328125 0.1666666671875 0.5729166671875 0.172222221875 0.5838541671875 0.1888888890625 0.6046875 0.1888888890625 0.6109375 0.1833333328125 0.6140625 0.172222221875 0.6140625 0.13148148125 0.615625 0.13055555624999998 0.615625 0.1129629625 0.6125 0.10185185156250001 0.609375 0.0990740734375 0.5807291671875 0.0990740734375 0.5802083328125 0.10185185156250001 0.5760416671875 0.10185185156250001 0.5682291671875 0.11851851875 0.5682291671875 0.1611111109375 0.5697916671875001 0.1666666671875 0.5723958328125 0.1666666671875
0 0.48333333281249996 0.2833333328125 0.4869791671875 0.2898148140625 0.4869791671875 0.29444444375 0.4947916671875 0.30555555624999997 0.5 0.302777778125 0.5005208328124999 0.3 0.503125 0.3 0.50625 0.29444444375 0.5078125 0.28148148125 0.5109375 0.27777777812500004 0.5109375 0.25740740781250004 0.5078125 0.253703703125 0.5078125 0.24907407343750002 0.5046875 0.24351851875000002 0.4760416671875 0.24351851875000002 0.47447916718750005 0.246296296875 0.47447916718750005 0.275 0.47760416718750004 0.28055555625 0.48333333281249996 0.2833333328125
0 0.7552083328125 0.3611111109375 0.7588541671875 0.36666666718749996 0.7671875 0.3638888890625 0.7708333328125 0.35555555625 0.775 0.352777778125 0.775 0.3481481484375 0.778125 0.3416666671875 0.778125 0.3240740734375 0.7765625 0.3231481484375 0.7734375 0.3101851859375 0.7526041671875 0.3101851859375 0.7494791671875001 0.315740740625 0.7494791671875001 0.352777778125 0.7526041671875 0.3611111109375 0.7552083328125 0.3611111109375
0 0.7572916671875001 0.5583333328125 0.7588541671875 0.559259259375 0.7588541671875 0.5703703703125 0.7572916671875001 0.571296296875 0.7572916671875001 0.578703703125 0.7557291671875 0.5796296296875 0.7572916671875001 0.5888888890625 0.7635416671875 0.6 0.7692708328125 0.6 0.7697916671875 0.602777778125 0.784375 0.597222221875 0.7875 0.5916666671875 0.7875 0.5870370375 0.7921875 0.58055555625 0.7921875 0.5629629625 0.7875 0.553703703125 0.7875 0.5490740734374999 0.778125 0.5324074078125001 0.7572916671875001 0.5324074078125001 0.7557291671875 0.5351851859375001 0.7557291671875 0.55 0.7572916671875001 0.5509259265625001 0.7572916671875001 0.5583333328125
0 0.30520833281250004 0.847222221875 0.3072916671875 0.85555555625 0.31302083281250004 0.8583333328125 0.3151041671875 0.8638888890624999 0.3265625 0.8638888890624999 0.3359375 0.85 0.3359375 0.8398148140625 0.3375 0.8388888890624999 0.3375 0.8129629625 0.3359375 0.8120370375 0.3359375 0.8046296296875 0.33125 0.7990740734374999 0.3026041671875 0.7990740734374999 0.2994791671875 0.8046296296875 0.2994791671875 0.8416666671874999 0.3026041671875 0.847222221875 0.30520833281250004 0.847222221875
0 0.328125 0.7861111109375 0.3302083328125 0.7805555562500001 0.3328125 0.7805555562500001 0.3333333328125 0.777777778125 0.3359375 0.777777778125 0.33645833281250004 0.775 0.3484375 0.7666666671875 0.3515625 0.7611111109375 0.3515625 0.75648148125 0.3546875 0.752777778125 0.3546875 0.740740740625 0.346875 0.7212962968750001 0.3182291671875 0.7212962968750001 0.3177083328125 0.7240740734375 0.3151041671875 0.7240740734375 0.3151041671875 0.728703703125 0.31197916718749996 0.7351851859375 0.31197916718749996 0.775 0.3151041671875 0.7805555562500001 0.32083333281250004 0.7833333328125 0.3213541671875 0.7861111109375 0.328125 0.7861111109375
0 0.7739583328124999 0.5333333328125 0.7776041671875 0.5416666671875 0.7802083328125 0.5416666671875 0.7822916671875 0.547222221875 0.7848958328125 0.547222221875 0.7854166671875 0.55 0.7869791671875 0.5509259265625001 0.7869791671875 0.5555555562500001 0.7880208328125 0.5555555562500001 0.7885416671875001 0.5583333328125 0.7984375 0.5583333328125 0.7989583328125 0.5555555562500001 0.8046875 0.5527777781250001 0.8046875 0.5509259265625001 0.8109375 0.5416666671875 0.8109375 0.534259259375 0.8125 0.5333333328125 0.8125 0.5129629625 0.8114583328125 0.5129629625 0.8046875 0.4990740734375 0.7713541671875 0.4990740734375 0.7713541671875 0.5009259265625 0.7682291671875 0.5046296296875 0.7682291671875 0.527777778125 0.7692708328125 0.527777778125 0.7713541671875 0.5333333328125 0.7739583328124999 0.5333333328125
0 0.45729166718750003 0.5416666671875 0.45989583281249996 0.5416666671875 0.4713541671875 0.5583333328125 0.4828125 0.5583333328125 0.48333333281249996 0.5555555562500001 0.4859375 0.5555555562500001 0.4875 0.5527777781250001 0.4875 0.5425925921875 0.4890625 0.5416666671875 0.4875 0.5101851859375001 0.4796875 0.4990740734375 0.45885416718750005 0.4990740734375 0.4557291671875 0.5046296296875 0.4557291671875 0.5333333328125 0.45729166718750003 0.534259259375 0.45729166718750003 0.5416666671875
0 0.6421875 0.177777778125 0.6515625 0.1583333328125 0.6515625 0.140740740625 0.65 0.13981481406250001 0.65 0.1351851859375 0.646875 0.1296296296875 0.6442708328125 0.1296296296875 0.6421875 0.12407407343750002 0.6380208328125 0.12407407343750002 0.6375 0.12129629687500001 0.6197916671875 0.12129629687500001 0.6182291671875 0.12407407343750002 0.6182291671875 0.172222221875 0.6260416671875 0.18055555625 0.6421875 0.177777778125
0 0.8302083328125001 0.055555556250000006 0.8338541671874999 0.0638888890625 0.8421875 0.0638888890625 0.8427083328125 0.061111110937500004 0.8453125 0.061111110937500004 0.8515625 0.047222221875 0.8515625 0.0268518515625 0.85 0.0259259265625 0.85 0.021296296875000002 0.8421875 0.0101851859375 0.8260416671874999 0.0101851859375 0.8244791671874999 0.0129629625 0.8244791671874999 0.05 0.8276041671875 0.055555556250000006 0.8302083328125001 0.055555556250000006
0 0.6796875 0.055555556250000006 0.6859375 0.0333333328125 0.6859375 0.0240740734375 0.68125 0.021296296875000002 0.6557291671875001 0.0240740734375 0.6557291671875001 0.05 0.6572916671875 0.055555556250000006 0.6619791671875 0.058333332812500006 0.6796875 0.055555556250000006
0 0.3640625 0.9870370375 0.3671875 0.9861111109375 0.3708333328125 0.977777778125 0.378125 0.975 0.378125 0.965740740625 0.3765625 0.9648148140625 0.3765625 0.9601851859374999 0.3734375 0.9546296296874999 0.3463541671875 0.9546296296874999 0.34322916718749996 0.9601851859374999 0.34322916718749996 0.99444444375 0.3463541671875 0.9990740734375001 0.3609375 0.997222221875 0.3640625 0.9916666671875 0.3640625 0.9870370375
0 0.3734375 0.477777778125 0.3802083328125 0.46666666718750005 0.3890625 0.46388888906250003 0.39114583281250004 0.4583333328125 0.396875 0.45555555625000005 0.3984375 0.44629629687500005 0.39375 0.4379629625 0.39114583281250004 0.4379629625 0.3875 0.43148148124999997 0.3875 0.4268518515625 0.3828125 0.42129629687500003 0.3682291671875 0.42129629687500003 0.3645833328125 0.4268518515625 0.3604166671875 0.4268518515625 0.3557291671875 0.4379629625 0.3557291671875 0.447222221875 0.3572916671875 0.4481481484375 0.3557291671875 0.44907407343749994 0.3557291671875 0.475 0.35885416718749996 0.48055555625 0.3609375 0.48055555625 0.3614583328125 0.477777778125 0.3734375 0.477777778125
0 0.06979166718749999 0.5527777781250001 0.0723958328125 0.5527777781250001 0.07760416718749999 0.5611111109375 0.0828125 0.5583333328125 0.0859375 0.55 0.0859375 0.5324074078125001 0.084375 0.5314814812499999 0.084375 0.5268518515625 0.0796875 0.521296296875 0.0635416671875 0.521296296875 0.061979167187499996 0.5240740734375 0.061979167187499996 0.5416666671875 0.0661458328125 0.54444444375 0.06979166718749999 0.5527777781250001
0 0.2911458328125 0.902777778125 0.2984375 0.9 0.3 0.8768518515625001 0.2984375 0.8759259265624999 0.2984375 0.86851851875 0.29375 0.8620370375 0.29375 0.8574074078124999 0.2921875 0.8546296296874999 0.2776041671875 0.8574074078124999 0.2744791671875 0.86851851875 0.2760416671875 0.9083333328125001 0.2875 0.9083333328125001 0.2911458328125 0.902777778125
0 0.3885416671875 0.26851851875 0.3885416671875 0.2759259265625 0.3869791671875 0.2768518515625 0.3869791671875 0.30555555624999997 0.39010416718749996 0.3111111109375 0.4 0.3083333328125 0.40625 0.29722222187499997 0.409375 0.28611111093749997 0.4109375 0.26851851875 0.4078125 0.26574074062499997 0.3932291671875 0.26574074062499997 0.3927083328125 0.26851851875 0.3885416671875 0.26851851875
0 0.8630208328125001 0.0361111109375 0.878125 0.0361111109375 0.88125 0.030555556249999997 0.88125 0.0129629625 0.878125 0.0101851859375 0.8557291671874999 0.0129629625 0.8572916671874999 0.052777778124999994 0.8640625 0.05 0.8609375 0.039814814062499995 0.8630208328125001 0.0361111109375
0 0.7197916671875 0.09444444375 0.7213541671875 0.0953703703125 0.7213541671875 0.1 0.7244791671875 0.10370370312499999 0.7260416671875001 0.1111111109375 0.7302083328125 0.1111111109375 0.7322916671875 0.1166666671875 0.740625 0.1166666671875 0.7427083328124999 0.1111111109375 0.7453125 0.1111111109375 0.7484375 0.10555555624999999 0.7484375 0.08796296249999999 0.746875 0.0870370375 0.7453125 0.0574074078125 0.7359375 0.04351851875 0.7197916671875 0.04351851875 0.7182291671875001 0.046296296875 0.7182291671875001 0.0666666671875 0.7197916671875 0.0675925921875 0.7197916671875 0.09444444375
0 0.8265625 0.4611111109375 0.8265625 0.4268518515625 0.8234375 0.42129629687500003 0.8135416671875 0.42129629687500003 0.8119791671875 0.4611111109375 0.8151041671874999 0.46666666718750005 0.8234375 0.46666666718750005 0.8265625 0.4611111109375
0 0.88125 0.030555556249999997 0.8796875 0.0101851859375 0.8572916671874999 0.0101851859375 0.8557291671874999 0.0129629625 0.8557291671874999 0.027777778125000003 0.8588541671875 0.0388888890625 0.878125 0.0361111109375 0.88125 0.030555556249999997