0 0.690625 0.42421875 0.03125 0.0546875
0 0.7484375 0.5625 0.0390625 0.06953125
0 0.77421875 0.2890625 0.0328125 0.0546875
0 0.7796875 0.17421875 0.02734375 0.05703125
0 0.79609375 0.54609375 0.03203125 0.06328125
0 0.8265625 0.49453125 0.03828125 0.06328125
0 0.7953125 0.60078125 0.03359375 0.04765625
0 0.9421875 0.784375 0.034375 0.05703125
0 0.96953125 0.8015625 0.028125 0.059375
0 0.93515625 0.94921875 0.03125 0.0515625
0 0.75234375 0.903125 0.03515625 0.06796875
0 0.67421875 0.90078125 0.034375 0.06953125
0 0.6625 0.7375 0.0328125 0.05703125
0 0.4921875 0.2203125 0.03046875 0.06484375
0 0.51796875 0.9171875 0.0359375 0.06875
0 0.325 0.953125 0.03984375 0.0703125
0 0.28671875 0.94609375 0.0390625 0.07734375
0 0.2234375 0.90625 0.03515625 0.0609375
0 0.31875 0.49296875 0.02734375 0.04921875
0 0.29140625 0.28984375 0.03125 0.05625
0 0.315625 0.22421875 0.02734375 0.06015625
0 0.403125 0.23828125 0.0296875 0.05546875
0 0.434375 0.2109375 0.0328125 0.05625
0 0.33671875 0.10859375 0.02890625 0.059375
0 0.18984375 0.234375 0.025 0.0421875
0 0.2109375 0.2 0.02109375 0.04609375
0 0.18984375 0.04765625 0.02734375 0.05
0 0.09921875 0.17734375 0.02890625 0.0453125
0 0.2 0.49453125 0.0265625 0.053125
0 0.18359375 0.453125 0.0265625 0.053125
0 0.1328125 0.05546875 0.03046875 0.04921875
0 0.07734375 0.06484375 0.02734375 0.05
0 0.09296875 0.66875 0.028125 0.053125
0 0.040625 0.5890625 0.02109375 0.03984375
0 0.01875 0.55078125 0.0234375 0.0453125
0 0.09609375 0.34140625 0.02734375 0.05078125
0 0.39453125 0.034375 0.0375 0.06484375
0 0.35078125 0.04453125 0.03359375 0.0625
0 0.17109375 0.13671875 0.02734375 0.05
0 0.38046875 0.38359375 0.0296875 0.0578125
0 0.35859375 0.43515625 0.0296875 0.05703125
0 0.3890625 0.42265625 0.02890625 0.05859375
0 0.36953125 0.70234375 0.028125 0.05390625
0 0.1515625 0.6765625 0.02265625 0.04453125
0 0.0953125 0.83515625 0.034375 0.05078125
0 0.128125 0.68046875 0.02109375 0.04140625
0 0.19296875 0.60625 0.0171875 0.0546875
0 0.12578125 0.0921875 0.028125 0.03515625
0 0.1046875 0.05625 0.0234375 0.03828125
0 0.24609375 0.6484375 0.0234375 0.0234375
0 0.24765625 0.909375 0.01484375 0.0375
0 0.33984375 0.98515625 0.028125 0.02890625
0 0.3609375 0.6046875 0.02890625 0.05
0 0.80546875 0.2 0.03515625 0.05390625
0 0.81484375 0.2875 0.03046875 0.05078125
0 0.72109375 0.90546875 0.02890625 0.03828125
0 0.78046875 0.8921875 0.0265625 0.05
0 0.8375 0.8625 0.0375 0.05546875
0 0.8296875 0.97109375 0.02578125 0.053125
0 0.78515625 0.71640625 0.02890625 0.0515625
0 0.8359375 0.23203125 0.0265625 0.05859375