0 0.0890625 0.1861111109375 0.0875 0.16851851874999998 0.0760416671875 0.165740740625 0.0744791671875 0.16851851874999998 0.0744791671875 0.197222221875 0.0859375 0.2 0.0890625 0.1861111109375
0 0.052604167187499995 0.6666666671875 0.0578125 0.6638888890625 0.0625 0.6555555562500001 0.0625 0.6509259265625 0.0671875 0.64444444375 0.0671875 0.6351851859375001 0.065625 0.6324074078125 0.051041667187499994 0.6324074078125 0.0494791671875 0.6351851859375001 0.0494791671875 0.6611111109375 0.052604167187499995 0.6666666671875
0 0.1171875 0.2666666671875 0.11875 0.259259259375 0.125 0.252777778125 0.1234375 0.23240740781250002 0.1119791671875 0.23518518593749999 0.1119791671875 0.2638888890625 0.1135416671875 0.2666666671875 0.1171875 0.2666666671875
0 0.028125 0.221296296875 0.0119791671875 0.22407407343750002 0.0135416671875 0.24444444375000002 0.025 0.24444444375000002 0.0296875 0.23611111093749998 0.028125 0.221296296875
0 0.1671875 0.21296296250000002 0.165625 0.2101851859375 0.1510416671875 0.2101851859375 0.1494791671875 0.23055555625 0.1609375 0.23333333281250002 0.1625 0.2259259265625 0.1671875 0.21944444375 0.1671875 0.21296296250000002
0 0.7296875 0.40833333281249995 0.73125 0.39074074062499997 0.7296875 0.3879629625 0.7197916671875 0.3879629625 0.7182291671875001 0.39074074062499997 0.7182291671875001 0.40833333281249995 0.7213541671875 0.4138888890625 0.7296875 0.40833333281249995
0 0.125 0.3888888890625 0.125 0.3796296296875 0.1234375 0.3768518515625 0.10729166718750001 0.3768518515625 0.1057291671875 0.3796296296875 0.10729166718750001 0.39444444375 0.1119791671875 0.4 0.11875 0.4 0.125 0.3888888890625
0 0.1760416671875 0.40555555625000006 0.1796875 0.40555555625000006 0.1875 0.397222221875 0.1875 0.3796296296875 0.1859375 0.3768518515625 0.1697916671875 0.3768518515625 0.1682291671875 0.3796296296875 0.1682291671875 0.397222221875 0.1697916671875 0.4 0.1739583328125 0.4 0.1760416671875 0.40555555625000006
0 0.0640625 0.497222221875 0.0625 0.4796296296875 0.051041667187499994 0.4768518515625 0.0494791671875 0.4796296296875 0.0494791671875 0.5083333328124999 0.0609375 0.5111111109375 0.0640625 0.497222221875
0 0.059375 0.09444444375 0.0609375 0.07962962968750001 0.051041667187499994 0.07685185156249999 0.0494791671875 0.07962962968750001 0.0494791671875 0.097222221875 0.0546875 0.1 0.059375 0.09444444375
0 0.1015625 0.7194444437499999 0.1015625 0.7074074078125 0.1 0.70648148125 0.1046875 0.69351851875 0.1 0.6879629625 0.08854166718749999 0.6879629625 0.0869791671875 0.690740740625 0.08854166718749999 0.7194444437499999 0.0916666671875 0.722222221875 0.1015625 0.7194444437499999
0 0.05625 0.6861111109375 0.0546875 0.66851851875 0.0479166671875 0.66851851875 0.0473958328125 0.671296296875 0.04375 0.665740740625 0.0385416671875 0.665740740625 0.0369791671875 0.66851851875 0.0369791671875 0.6888888890625 0.0401041671875 0.6972222218749999 0.0484375 0.6972222218749999 0.05625 0.6861111109375
0 0.05625 0.1861111109375 0.05625 0.17962962968750001 0.0447916671875 0.1768518515625 0.0432291671875 0.19444444375 0.05 0.197222221875 0.05 0.1925925921875 0.05625 0.1861111109375
0 0.7390625 0.415740740625 0.7359375 0.41018518593750003 0.7322916671875 0.41018518593750003 0.7307291671875 0.4129629625 0.7307291671875 0.43055555625 0.7359375 0.43333333281249997 0.7390625 0.415740740625
0 0.0609375 0.727777778125 0.0625 0.7046296296875 0.059375 0.6990740734374999 0.051041667187499994 0.6990740734374999 0.0494791671875 0.7018518515625 0.0494791671875 0.7194444437499999 0.052604167187499995 0.725 0.0609375 0.727777778125
0 0.75 0.3129629625 0.7484375 0.3101851859375 0.7385416671875 0.3101851859375 0.7369791671875 0.32777777812500003 0.7453125 0.33055555625 0.75 0.31944444375000003 0.75 0.3129629625
0 0.0609375 0.45555555625000005 0.059375 0.44351851875000003 0.0432291671875 0.44629629687500005 0.0447916671875 0.46666666718750005 0.0546875 0.46666666718750005 0.05625 0.459259259375 0.0609375 0.45555555625000005
0 0.06979166718749999 0.30648148124999997 0.0682291671875 0.30740740781250003 0.0682291671875 0.322222221875 0.0713541671875 0.33055555625 0.0734375 0.33055555625 0.07552083281250001 0.325 0.078125 0.325 0.08125 0.31944444375000003 0.08125 0.3018518515625 0.0796875 0.29907407343750003 0.07291666718749999 0.29907407343750003 0.0723958328125 0.3018518515625 0.06979166718749999 0.3018518515625 0.06979166718749999 0.30648148124999997
0 0.221875 0.1833333328125 0.2203125 0.16851851874999998 0.21354166718749998 0.165740740625 0.21197916718749998 0.16851851874999998 0.21197916718749998 0.1861111109375 0.21875 0.1888888890625 0.221875 0.1833333328125
0 0.1484375 0.21111111093749999 0.153125 0.20277777812500003 0.1546875 0.19351851874999998 0.15 0.1879629625 0.1447916671875 0.1879629625 0.1432291671875 0.190740740625 0.1432291671875 0.20833333281250002 0.1447916671875 0.21111111093749999 0.1484375 0.21111111093749999
0 0.05 0.777777778125 0.05 0.76851851875 0.0385416671875 0.765740740625 0.0369791671875 0.7861111109375 0.0385416671875 0.7888888890625 0.046875 0.7861111109375 0.05 0.777777778125
0 0.10729166718750001 0.36666666718749996 0.1140625 0.3638888890625 0.11875 0.35555555625 0.1171875 0.34351851875 0.10729166718750001 0.34351851875 0.1057291671875 0.34629629687499996 0.1057291671875 0.3638888890625 0.10729166718750001 0.36666666718749996
0 0.13229166718750002 0.375 0.1359375 0.375 0.1421875 0.3638888890625 0.1421875 0.3546296296875 0.1359375 0.34351851875 0.13229166718750002 0.34351851875 0.1307291671875 0.34629629687499996 0.1307291671875 0.36944444375 0.13229166718750002 0.3703703703125 0.13229166718750002 0.375
0 0.8171875 0.146296296875 0.8072916671874999 0.14351851875 0.8057291671875 0.16388888906250001 0.8072916671874999 0.1666666671875 0.815625 0.16388888906250001 0.8171875 0.146296296875
0 0.0484375 0.252777778125 0.05 0.22407407343750002 0.0385416671875 0.221296296875 0.0369791671875 0.22407407343750002 0.0385416671875 0.24722222187499998 0.0432291671875 0.252777778125 0.0484375 0.252777778125
0 0.8078125 0.1768518515625 0.7994791671875 0.17962962968750001 0.8010416671874999 0.1888888890625 0.8109375 0.1861111109375 0.8109375 0.17962962968750001 0.8078125 0.1768518515625
0 0.7625 0.3129629625 0.7572916671875001 0.3101851859375 0.7557291671875 0.33055555625 0.7572916671875001 0.3361111109375 0.7609375 0.3361111109375 0.7625 0.3129629625
0 0.15 0.546296296875 0.1447916671875 0.54351851875 0.1432291671875 0.5555555562500001 0.1447916671875 0.5611111109375 0.1484375 0.5611111109375 0.15 0.546296296875
0 0.15625 0.33055555625 0.15625 0.3129629625 0.1546875 0.3101851859375 0.1447916671875 0.3101851859375 0.1432291671875 0.3129629625 0.1432291671875 0.31944444375000003 0.14791666718750002 0.33055555625 0.1510416671875 0.3333333328125 0.15625 0.33055555625
0 0.0296875 0.12222222187500001 0.03125 0.10185185156250001 0.0197916671875 0.0990740734375 0.0182291671875 0.10185185156250001 0.0197916671875 0.1166666671875 0.0244791671875 0.12222222187500001 0.0296875 0.12222222187500001
0 0.1796875 0.8083333328125001 0.1796875 0.8018518515625 0.16354166718750002 0.7990740734374999 0.1619791671875 0.8018518515625 0.1619791671875 0.8194444437499999 0.16354166718750002 0.8222222218749999 0.1734375 0.8222222218749999 0.175 0.8148148140625 0.1796875 0.8083333328125001
0 0.234375 0.26851851875 0.23125 0.26574074062499997 0.22135416718749998 0.26574074062499997 0.2182291671875 0.271296296875 0.21979166718749998 0.27777777812500004 0.2244791671875 0.28055555625 0.234375 0.275 0.234375 0.26851851875
0 0.0125 0.25 0.0125 0.2379629625 0.007291667187500001 0.23518518593749999 0.0057291671875 0.2379629625 0.0057291671875 0.25 0.0109375 0.252777778125 0.0125 0.25
0 0.24375 0.2611111109375 0.24375 0.246296296875 0.23854166718749997 0.24351851875000002 0.23697916718749998 0.246296296875 0.23697916718749998 0.2611111109375 0.2421875 0.2638888890625 0.24375 0.2611111109375
0 0.1833333328125 0.522222221875 0.1859375 0.522222221875 0.184375 0.5101851859375001 0.1744791671875 0.5129629625 0.1760416671875 0.5305555562500001 0.1796875 0.5305555562500001 0.1833333328125 0.522222221875
0 0.6984375 0.190740740625 0.6953125 0.1879629625 0.6807291671875 0.190740740625 0.6822916671875 0.20833333281250002 0.6921875 0.20833333281250002 0.6984375 0.197222221875 0.6984375 0.190740740625
0 0.0822916671875 0.8 0.0890625 0.797222221875 0.0890625 0.7925925921875 0.0984375 0.7805555562500001 0.0984375 0.76851851875 0.096875 0.765740740625 0.0838541671875 0.765740740625 0.08072916718749999 0.771296296875 0.08072916718749999 0.797222221875 0.0822916671875 0.8
0 0.0984375 0.7861111109375 0.1 0.76851851875 0.0984375 0.765740740625 0.08854166718749999 0.765740740625 0.0869791671875 0.76851851875 0.0869791671875 0.7861111109375 0.0901041671875 0.7916666671875 0.0984375 0.7861111109375
0 0.1609375 0.521296296875 0.1510416671875 0.521296296875 0.1494791671875 0.5240740734375 0.1510416671875 0.5388888890625 0.1546875 0.5388888890625 0.1625 0.5305555562500001 0.1609375 0.521296296875
0 0.7567708328125 0.3583333328125 0.759375 0.3583333328125 0.7625 0.352777778125 0.759375 0.34351851875 0.7510416671875 0.34351851875 0.7494791671875001 0.34629629687499996 0.7494791671875001 0.35555555625 0.7526041671875 0.3638888890625 0.7546875 0.3638888890625 0.7567708328125 0.3583333328125
0 0.1921875 0.35555555625 0.19375 0.352777778125 0.19375 0.34629629687499996 0.1921875 0.34351851875 0.1885416671875 0.34351851875 0.18697916718750002 0.34629629687499996 0.18697916718750002 0.352777778125 0.1885416671875 0.35555555625 0.1921875 0.35555555625
0 0.1015625 0.3574074078125 0.0947916671875 0.3546296296875 0.09322916718749999 0.377777778125 0.0984375 0.38333333281250004 0.1015625 0.377777778125 0.1015625 0.3574074078125
0 0.1796875 0.722222221875 0.18125 0.7194444437499999 0.18125 0.7129629625 0.1796875 0.7101851859375 0.1760416671875 0.7101851859375 0.1744791671875 0.7129629625 0.1744791671875 0.7194444437499999 0.1760416671875 0.722222221875 0.1796875 0.722222221875
0 0.6885416671875 0.403703703125 0.6885416671875 0.40833333281249995 0.6921875 0.40833333281249995 0.6984375 0.397222221875 0.6984375 0.39074074062499997 0.696875 0.3879629625 0.6885416671875 0.3879629625 0.6869791671875001 0.39074074062499997 0.6869791671875001 0.40277777812500004 0.6885416671875 0.403703703125
0 0.08125 0.2416666671875 0.08125 0.23518518593749999 0.0796875 0.23240740781250002 0.06979166718749999 0.23240740781250002 0.0682291671875 0.23518518593749999 0.0682291671875 0.25 0.075 0.252777778125 0.08125 0.2416666671875
0 0.0609375 0.597222221875 0.0609375 0.5796296296875 0.051041667187499994 0.5768518515625 0.0494791671875 0.5796296296875 0.0494791671875 0.597222221875 0.059375 0.6 0.0609375 0.597222221875
0 0.2078125 0.16851851874999998 0.2010416671875 0.165740740625 0.1994791671875 0.16851851874999998 0.2010416671875 0.18055555625 0.20625 0.18055555625 0.2078125 0.16851851874999998
0 0.6984375 0.2638888890625 0.7046875 0.252777778125 0.7046875 0.246296296875 0.7020833328125 0.246296296875 0.7015625 0.24351851875000002 0.6947916671875001 0.24351851875000002 0.6932291671875 0.246296296875 0.6932291671875 0.2611111109375 0.6947916671875001 0.2638888890625 0.6984375 0.2638888890625
0 0.0822916671875 0.7666666671875 0.0859375 0.7666666671875 0.09375 0.752777778125 0.09375 0.746296296875 0.0921875 0.74351851875 0.0822916671875 0.74351851875 0.08072916718749999 0.746296296875 0.08072916718749999 0.7638888890625 0.0822916671875 0.7666666671875
0 0.178125 0.43518518593750005 0.1739583328125 0.43518518593750005 0.1734375 0.43240740781250003 0.16354166718750002 0.43240740781250003 0.1619791671875 0.43518518593750005 0.1619791671875 0.45 0.1651041671875 0.45555555625000005 0.1734375 0.45 0.178125 0.44166666718750003 0.178125 0.43518518593750005
0 0.0796875 0 0.0682291671875 0.0018518515625 0.06979166718749999 0.013888889062500001 0.075 0.013888889062500001 0.08125 0.0083333328125 0.0796875 0
0 0.1984375 0.1879629625 0.1932291671875 0.190740740625 0.19479166718750002 0.2 0.2015625 0.197222221875 0.2015625 0.190740740625 0.1984375 0.1879629625