0 0.4291666671875 0.977777778125 0.45 0.977777778125 0.45520833281249995 0.9694444437499999 0.4609375 0.9666666671874999 0.4625 0.959259259375 0.4640625 0.9583333328125001 0.4640625 0.953703703125 0.471875 0.9388888890624999 0.4734375 0.9129629625 0.471875 0.9120370375 0.4703125 0.9018518515625 0.46770833281249996 0.9018518515625 0.4671875 0.8990740734375 0.46458333281249997 0.8990740734375 0.4640625 0.896296296875 0.4614583328125 0.896296296875 0.4546875 0.8879629625 0.4213541671875 0.8879629625 0.41822916718750003 0.89351851875 0.41822916718750003 0.9638888890624999 0.4223958328125 0.9666666671874999 0.4291666671875 0.977777778125
0 0.553125 0.16388888906250001 0.55625 0.15277777812499999 0.5546875 0.11574074062499999 0.55 0.1101851859375 0.5260416671875 0.1101851859375 0.5244791671875 0.1129629625 0.5244791671875 0.16388888906250001 0.5260416671875 0.1666666671875 0.553125 0.16388888906250001
0 0.4927083328125 0.177777778125 0.49791666718750005 0.1861111109375 0.5020833328125 0.1861111109375 0.5026041671875 0.1888888890625 0.5125 0.1861111109375 0.51875 0.175 0.51875 0.1703703703125 0.521875 0.16388888906250001 0.51875 0.1351851859375 0.5171875 0.1324074078125 0.49010416718750005 0.1324074078125 0.4869791671875 0.1379629625 0.4869791671875 0.175 0.48854166718750003 0.177777778125 0.4927083328125 0.177777778125
0 0.7072916671875 0.15648148125 0.7072916671875 0.16388888906250001 0.73125 0.1666666671875 0.7421875 0.15 0.74375 0.13703703750000001 0.7453125 0.1361111109375 0.7453125 0.11851851875 0.7359375 0.0990740734375 0.7197916671875 0.0990740734375 0.7192708328124999 0.10185185156250001 0.7104166671875001 0.10185185156250001 0.7098958328125 0.1046296296875 0.7072916671875 0.1046296296875 0.7072916671875 0.1175925921875 0.7057291671875 0.11851851875 0.7057291671875 0.15555555625 0.7072916671875 0.15648148125
0 0.23854166718749997 0.102777778125 0.24635416718749997 0.1111111109375 0.2625 0.1111111109375 0.2630208328125 0.10833333281249999 0.265625 0.10833333281249999 0.2734375 0.0861111109375 0.2734375 0.06851851875000001 0.26875 0.0620370375 0.26875 0.0574074078125 0.26614583281250004 0.0574074078125 0.265625 0.0546296296875 0.2401041671875 0.0546296296875 0.23697916718749998 0.060185185937499996 0.23697916718749998 0.097222221875 0.23854166718749997 0.0981481484375 0.23854166718749997 0.102777778125
0 0.30520833281250004 0.1 0.3072916671875 0.10555555624999999 0.3114583328125 0.10555555624999999 0.31197916718749996 0.10833333281249999 0.315625 0.10833333281249999 0.3177083328125 0.102777778125 0.328125 0.097222221875 0.33125 0.0916666671875 0.3328125 0.06851851875000001 0.33125 0.0675925921875 0.33125 0.060185185937499996 0.325 0.0509259265625 0.325 0.046296296875 0.3234375 0.04351851875 0.3026041671875 0.04351851875 0.2994791671875 0.0490740734375 0.2994791671875 0.09444444375 0.3026041671875 0.1 0.30520833281250004 0.1
0 0.9609375 0.1 0.965625 0.0824074078125 0.9625 0.07685185156249999 0.9510416671874999 0.07685185156249999 0.9494791671874999 0.07962962968750001 0.9494791671874999 0.097222221875 0.9510416671874999 0.1 0.9609375 0.1
0 0.7322916671875 0.48055555625 0.7385416671875 0.4888888890625 0.746875 0.4861111109375 0.7505208328124999 0.477777778125 0.7546875 0.475 0.7546875 0.4675925921875 0.75625 0.46666666718750005 0.7546875 0.4379629625 0.75 0.43240740781250003 0.7338541671875001 0.43240740781250003 0.7307291671875 0.4379629625 0.7307291671875 0.475 0.7322916671875 0.47592592656250005 0.7322916671875 0.48055555625
0 0.3046875 0.897222221875 0.30625 0.8916666671875 0.30625 0.8629629624999999 0.3046875 0.8574074078124999 0.3015625 0.8546296296874999 0.2791666671875 0.8546296296874999 0.2760416671875 0.8574074078124999 0.2744791671875 0.8861111109375001 0.2822916671875 0.9 0.3015625 0.9 0.3046875 0.897222221875
0 0.3947916671875 0.8444444437499999 0.4010416671875 0.85555555625 0.4067708328125 0.85555555625 0.40729166718750004 0.8583333328125 0.4140625 0.85555555625 0.4171875 0.847222221875 0.4171875 0.8398148140625 0.41875 0.8388888890624999 0.4171875 0.81851851875 0.4109375 0.8101851859375 0.3947916671875 0.8101851859375 0.3932291671875 0.8129629625 0.3932291671875 0.8388888890624999 0.3947916671875 0.8398148140625 0.3947916671875 0.8444444437499999
0 0.48229166718750005 0.9472222218749999 0.490625 0.952777778125 0.496875 0.9416666671874999 0.496875 0.928703703125 0.4984375 0.9277777781250001 0.4984375 0.9175925921875001 0.5 0.9166666671874999 0.5 0.9046296296874999 0.4984375 0.9037037031249999 0.4984375 0.896296296875 0.4953125 0.890740740625 0.4927083328125 0.890740740625 0.4921875 0.8879629625 0.48229166718750005 0.8879629625 0.48072916718750003 0.890740740625 0.48072916718750003 0.9416666671874999 0.48229166718750005 0.9425925921875 0.48229166718750005 0.9472222218749999
0 0.215625 0.21944444375 0.2125 0.190740740625 0.2109375 0.1879629625 0.2010416671875 0.1879629625 0.1994791671875 0.190740740625 0.1994791671875 0.2166666671875 0.2026041671875 0.222222221875 0.215625 0.21944444375
0 0.6145833328125 0.8111111109375001 0.6151041671875 0.8138888890624999 0.621875 0.8166666671874999 0.6265625 0.8083333328125001 0.6265625 0.7990740734374999 0.625 0.7981481484375 0.625 0.790740740625 0.6234375 0.7879629625 0.6010416671875001 0.7879629625 0.5994791671875 0.790740740625 0.5994791671875 0.797222221875 0.6036458328125 0.8 0.6104166671875 0.8111111109375001 0.6145833328125 0.8111111109375001
0 0.3619791671875 0.325 0.375 0.322222221875 0.38125 0.3083333328125 0.38125 0.290740740625 0.3796875 0.28796296250000003 0.3572916671875 0.28796296250000003 0.3557291671875 0.290740740625 0.3557291671875 0.3166666671875 0.35885416718749996 0.322222221875 0.3614583328125 0.322222221875 0.3619791671875 0.325
0 0.9385416671875 0.075 0.94375 0.075 0.94375 0.0703703703125 0.9546875 0.055555556250000006 0.953125 0.04351851875 0.9385416671875 0.04351851875 0.9369791671875 0.046296296875 0.9369791671875 0.072222221875 0.9385416671875 0.075
0 0.4661458328125 0.2916666671875 0.475 0.28611111093749997 0.4734375 0.26574074062499997 0.45104166718750005 0.26574074062499997 0.44947916718750003 0.26851851875 0.44947916718750003 0.29444444375 0.4526041671875 0.3 0.4609375 0.3 0.4661458328125 0.2916666671875
0 0.1625 0.022222221875 0.1625 0.0129629625 0.1510416671875 0.0101851859375 0.1494791671875 0.030555556249999997 0.1510416671875 0.0333333328125 0.159375 0.030555556249999997 0.1625 0.022222221875
0 0.2916666671875 0.6574074078125001 0.2911458328125 0.6629629625 0.2869791671875 0.665740740625 0.2869791671875 0.6703703703125 0.2833333328125 0.6768518515624999 0.2776041671875 0.6768518515624999 0.2744791671875 0.6824074078125 0.2744791671875 0.7083333328125 0.2776041671875 0.7138888890625 0.2859375 0.7138888890625 0.2864583328125 0.7111111109375 0.2921875 0.7083333328125 0.2953125 0.6953703703125 0.2984375 0.6944444437499999 0.2984375 0.6898148140625 0.3109375 0.672222221875 0.3109375 0.6574074078125001 0.309375 0.6546296296875 0.2947916671875 0.6546296296875 0.2942708328125 0.6574074078125001 0.2916666671875 0.6574074078125001
0 0.40625 0.7416666671875001 0.40625 0.7240740734375 0.4046875 0.7212962968750001 0.3947916671875 0.7212962968750001 0.3932291671875 0.7240740734375 0.3932291671875 0.75 0.4 0.752777778125 0.40625 0.7416666671875001
0 0.2 0.8888888890625 0.20625 0.88055555625 0.2078125 0.8629629624999999 0.20625 0.8620370375 0.20625 0.8490740734375001 0.203125 0.8435185187500001 0.1760416671875 0.8435185187500001 0.1744791671875 0.8462962968750001 0.1760416671875 0.8916666671875 0.1875 0.89444444375 0.1911458328125 0.8888888890625 0.2 0.8888888890625
0 0.734375 0.027777778125000003 0.7348958328124999 0.025 0.74375 0.019444443750000002 0.7453125 0.004629629687499999 0.7421875 0 0.7182291671875001 0.0018518515625 0.7182291671875001 0.019444443750000002 0.7255208328125 0.025 0.7260416671875001 0.027777778125000003 0.734375 0.027777778125000003
0 0.0140625 0.4268518515625 0.0109375 0.41851851875 0.007291667187500001 0.41851851875 0.0057291671875 0.45555555625000005 0.0109375 0.4611111109375 0.0140625 0.45277777812500003 0.0140625 0.4268518515625
0 0.3802083328125 0.022222221875 0.3859375 0.022222221875 0.3875 0.019444443750000002 0.3875 0.004629629687499999 0.384375 0 0.37447916718749996 0.0018518515625 0.37447916718749996 0.019444443750000002 0.3776041671875 0.025 0.3796875 0.025 0.3802083328125 0.022222221875
0 0.50625 0.65 0.5114583328125 0.64444444375 0.5171875 0.64444444375 0.5234375 0.6333333328124999 0.5234375 0.6240740734375 0.521875 0.621296296875 0.5151041671875001 0.6240740734375 0.5114583328125 0.6296296296875 0.5052083328125 0.6268518515625 0.5 0.6175925921875 0.5 0.5935185187500001 0.496875 0.5879629625 0.48854166718750003 0.5879629625 0.4869791671875 0.590740740625 0.4869791671875 0.64444444375 0.48854166718750003 0.6453703703125 0.48854166718750003 0.65 0.50625 0.65
0 0.9046875 0.6638888890625 0.90625 0.6490740734375 0.903125 0.64351851875 0.8885416671874999 0.64351851875 0.8869791671874999 0.646296296875 0.8869791671874999 0.652777778125 0.8942708328125001 0.6583333328125 0.8963541671874999 0.6638888890625 0.9046875 0.6638888890625
0 0.0375 0.8416666671874999 0.0375 0.8240740734375 0.0322916671875 0.821296296875 0.0307291671875 0.8240740734375 0.0307291671875 0.8416666671874999 0.0359375 0.8444444437499999 0.0375 0.8416666671874999
0 0.5317708328124999 0.013888889062500001 0.534375 0.013888889062500001 0.5375 0.0083333328125 0.5375 0.0018518515625 0.5359375 0 0.5182291671875 0.0018518515625 0.5197916671875 0.013888889062500001 0.5244791671875 0.019444443750000002 0.5296875 0.019444443750000002 0.5317708328124999 0.013888889062500001
0 0.9859375 0.1611111109375 0.99375 0.15277777812499999 0.99375 0.1351851859375 0.9921875 0.1324074078125 0.9822916671874999 0.1324074078125 0.9807291671874999 0.1351851859375 0.9822916671874999 0.1611111109375 0.9859375 0.1611111109375
0 0.40208333281249997 0.16388888906250001 0.4046875 0.16388888906250001 0.40625 0.15277777812499999 0.4046875 0.1351851859375 0.4 0.1324074078125 0.38229166718749996 0.1324074078125 0.3807291671875 0.1351851859375 0.3807291671875 0.16388888906250001 0.3838541671875 0.172222221875 0.396875 0.175 0.40208333281249997 0.16388888906250001
0 0.6921875 0.047222221875 0.6953125 0.0268518515625 0.6921875 0.021296296875000002 0.6822916671875 0.021296296875000002 0.6807291671875 0.0240740734375 0.6807291671875 0.04444444375 0.6822916671875 0.05 0.6921875 0.047222221875
0 0.703125 0.2888888890625 0.7046875 0.26574074062499997 0.7015625 0.25740740781250004 0.6947916671875001 0.2546296296875 0.6932291671875 0.25740740781250004 0.6932291671875 0.28055555625 0.6963541671875 0.2888888890625 0.703125 0.2888888890625
0 0.7473958328125 0.64444444375 0.7526041671875 0.6555555562500001 0.7552083328125 0.6555555562500001 0.7588541671875 0.6638888890625 0.7734375 0.6638888890625 0.7755208328125 0.6583333328125 0.778125 0.6583333328125 0.78125 0.652777778125 0.78125 0.621296296875 0.7796875 0.6203703703125 0.7796875 0.615740740625 0.775 0.609259259375 0.775 0.6046296296875 0.7734375 0.6018518515625 0.7708333328125 0.6018518515625 0.7703125 0.5990740734375 0.7510416671875 0.5990740734375 0.7432291671875 0.6129629624999999 0.7432291671875 0.6388888890625 0.7447916671875 0.6398148140625 0.7447916671875 0.64444444375 0.7473958328125 0.64444444375
0 0.44895833281249997 0.058333332812500006 0.4578125 0.052777778124999994 0.45625 0.0379629625 0.453125 0.0324074078125 0.43854166718750004 0.0324074078125 0.4369791671875 0.0351851859375 0.4369791671875 0.055555556250000006 0.4401041671875 0.0638888890625 0.446875 0.0638888890625 0.44895833281249997 0.058333332812500006
0 0.2182291671875 0.1611111109375 0.2192708328125 0.1611111109375 0.22135416718749998 0.1666666671875 0.2234375 0.1666666671875 0.22395833281250002 0.16388888906250001 0.2265625 0.16388888906250001 0.2265625 0.1620370375 0.2328125 0.15277777812499999 0.2328125 0.1481481484375 0.2375 0.1416666671875 0.2375 0.1351851859375 0.2364583328125 0.1351851859375 0.2359375 0.1324074078125 0.21979166718749998 0.1324074078125 0.21979166718749998 0.134259259375 0.2182291671875 0.1351851859375 0.2182291671875 0.1611111109375
0 0.0640625 0.125 0.0640625 0.1129629625 0.051041667187499994 0.1101851859375 0.0494791671875 0.1129629625 0.051041667187499994 0.1361111109375 0.0609375 0.13333333281249998 0.0640625 0.125
0 0.5427083328125 0.1888888890625 0.55 0.1888888890625 0.553125 0.171296296875 0.5484375 0.165740740625 0.5385416671875001 0.165740740625 0.5369791671875 0.16851851874999998 0.5369791671875 0.1861111109375 0.5401041671875 0.1916666671875 0.5427083328125 0.1888888890625