0 0.6947916671875001 0.497222221875 0.7171875 0.497222221875 0.7171875 0.49259259218749996 0.725 0.48333333281249996 0.725 0.465740740625 0.7234375 0.46481481406249997 0.7234375 0.4574074078125 0.7171875 0.44351851875000003 0.6901041671875 0.44351851875000003 0.6869791671875001 0.44907407343749994 0.6869791671875001 0.4861111109375 0.6885416671875 0.4888888890625 0.6911458328125 0.4888888890625 0.6947916671875001 0.497222221875
0 0.7302083328125 0.477777778125 0.7307291671875 0.48055555625 0.7375 0.48055555625 0.7380208328125 0.477777778125 0.7546875 0.48055555625 0.7609375 0.475 0.7625 0.46944444374999994 0.7609375 0.43518518593750005 0.74375 0.42129629687500003 0.7260416671875001 0.4240740734375 0.7244791671875 0.4296296296875 0.7244791671875 0.475 0.7260416671875001 0.477777778125 0.7302083328125 0.477777778125
0 0.27395833281250004 0.097222221875 0.2744791671875 0.1 0.2859375 0.097222221875 0.290625 0.077777778125 0.290625 0.060185185937499996 0.2875 0.04351851875 0.2796875 0.0324074078125 0.25729166718749996 0.0324074078125 0.2557291671875 0.0351851859375 0.2557291671875 0.0916666671875 0.25729166718749996 0.097222221875 0.27395833281250004 0.097222221875
0 0.1515625 0.7416666671875001 0.1515625 0.7175925921874999 0.1546875 0.7111111109375 0.1546875 0.7018518515625 0.1385416671875 0.6990740734374999 0.1369791671875 0.74444444375 0.1385416671875 0.752777778125 0.1484375 0.752777778125 0.1515625 0.7416666671875001
0 0.9807291671874999 0.1416666671875 0.9885416671874999 0.15555555625 0.9958333328125001 0.15555555625 0.9963541671874999 0.1583333328125 0.9994791671875 0.1583333328125 0.9994791671875 0.08796296249999999 0.9885416671874999 0.08796296249999999 0.9880208328125001 0.09074074062500001 0.9854166671875 0.09074074062500001 0.9807291671874999 0.10185185156250001 0.9807291671874999 0.1416666671875
0 0.9536458328125 0.16944444375 0.9541666671875 0.172222221875 0.9609375 0.172222221875 0.9614583328125 0.16944444375 0.9734375 0.16388888906250001 0.9796875 0.1416666671875 0.9796875 0.1324074078125 0.9734375 0.1175925921875 0.9734375 0.1129629625 0.9692708328125 0.1129629625 0.96875 0.1101851859375 0.9494791671874999 0.1101851859375 0.9463541671875 0.1129629625 0.9432291671874999 0.12129629687500001 0.9432291671874999 0.16388888906250001 0.9463541671875 0.16944444375 0.9536458328125 0.16944444375
0 0.2755208328125 0.4166666671875 0.2901041671875 0.44444444375 0.2942708328125 0.44444444375 0.2947916671875 0.447222221875 0.2984375 0.447222221875 0.2984375 0.4453703703125 0.3015625 0.44166666718750003 0.3015625 0.4240740734375 0.3 0.42314814843750004 0.3 0.415740740625 0.2989583328125 0.415740740625 0.296875 0.41018518593750003 0.2911458328125 0.4074074078125 0.290625 0.4046296296875 0.2890625 0.403703703125 0.2890625 0.3990740734375 0.2875 0.3981481484375 0.2875 0.39351851875 0.2864583328125 0.39351851875 0.284375 0.3879629625 0.2760416671875 0.3879629625 0.2760416671875 0.3898148140625 0.2744791671875 0.39074074062499997 0.2744791671875 0.4166666671875 0.2755208328125 0.4166666671875
0 0.7859375 0.60555555625 0.7875 0.6 0.7859375 0.5768518515625 0.7619791671875 0.5796296296875 0.7619791671875 0.60555555625 0.7651041671875001 0.6111111109375 0.78125 0.6111111109375 0.7859375 0.60555555625
0 0.3026041671875 0.8888888890625 0.3109375 0.8861111109375001 0.3125 0.8833333328125 0.3125 0.86851851875 0.3078125 0.853703703125 0.3078125 0.8481481484375 0.3109375 0.8416666671874999 0.3109375 0.8240740734375 0.3078125 0.821296296875 0.2916666671875 0.821296296875 0.28854166718749996 0.8240740734375 0.2869791671875 0.8296296296874999 0.2869791671875 0.8666666671875 0.28854166718749996 0.872222221875 0.3026041671875 0.8888888890625
0 0.3557291671875 0.8453703703125001 0.3572916671875 0.852777778125 0.3614583328125 0.852777778125 0.3619791671875 0.85555555625 0.375 0.852777778125 0.375 0.8481481484375 0.378125 0.847222221875 0.3875 0.83055555625 0.3875 0.79351851875 0.384375 0.7879629625 0.35104166718749996 0.7879629625 0.3494791671875 0.790740740625 0.3494791671875 0.8333333328125001 0.35104166718749996 0.8388888890624999 0.3557291671875 0.8453703703125001
0 0.8322916671874999 0.525 0.8354166671875 0.5305555562500001 0.8380208328125001 0.5305555562500001 0.8385416671874999 0.5333333328125 0.8546875 0.5333333328125 0.8625 0.51944444375 0.8625 0.509259259375 0.8640625 0.5083333328124999 0.8625 0.49351851875 0.8546875 0.4796296296875 0.8505208328125 0.4796296296875 0.85 0.4768518515625 0.8322916671874999 0.4768518515625 0.8307291671874999 0.4796296296875 0.8307291671874999 0.51944444375 0.8322916671874999 0.5203703703125 0.8322916671874999 0.525
0 0.2994791671875 0.5574074078125 0.2994791671875 0.6 0.3010416671875 0.6009259265625 0.3010416671875 0.60555555625 0.3026041671875 0.6083333328125 0.309375 0.60555555625 0.3125 0.6 0.3125 0.5925925921874999 0.31875 0.5833333328125 0.31875 0.578703703125 0.3234375 0.575 0.3296875 0.5638888890625 0.3296875 0.5574074078125 0.3270833328125 0.5574074078125 0.3265625 0.5546296296875 0.3010416671875 0.5546296296875 0.2994791671875 0.5574074078125
0 0.9234375 0.12222222187500001 0.928125 0.1166666671875 0.9296875 0.1111111109375 0.9296875 0.08796296249999999 0.9265625 0.07962962968750001 0.9234375 0.07685185156249999 0.9026041671874999 0.07685185156249999 0.8994791671875 0.0824074078125 0.8994791671875 0.10833333281249999 0.9041666671874999 0.11944444375 0.9072916671875 0.12222222187500001 0.9234375 0.12222222187500001
0 0.9385416671875 0.70555555625 0.946875 0.70555555625 0.9473958328125001 0.702777778125 0.95625 0.6972222218749999 0.95625 0.6898148140625 0.959375 0.6805555562500001 0.959375 0.665740740625 0.9546875 0.6546296296875 0.9260416671874999 0.6546296296875 0.9244791671874999 0.6574074078125001 0.9244791671874999 0.6861111109375 0.9307291671875 0.7 0.9348958328125001 0.7 0.9385416671875 0.70555555625
0 0.8072916671874999 0.64444444375 0.8171875 0.64444444375 0.825 0.63055555625 0.825 0.6101851859375 0.81875 0.5990740734375 0.8072916671874999 0.5990740734375 0.8057291671875 0.6018518515625 0.8057291671875 0.6388888890625 0.8072916671874999 0.6398148140625 0.8072916671874999 0.64444444375
0 0.8671875 0.0388888890625 0.8677083328125 0.0361111109375 0.8734375 0.0333333328125 0.88125 0.019444443750000002 0.88125 0.009259259374999999 0.8828125 0.0083333328125 0.8828125 0.004629629687499999 0.878125 0 0.8494791671874999 0.0018518515625 0.8494791671874999 0.030555556249999997 0.8552083328125001 0.0333333328125 0.8588541671875 0.0388888890625 0.8671875 0.0388888890625
0 0.025 0.075 0.0270833328125 0.06944444375 0.0296875 0.06944444375 0.0296875 0.0648148140625 0.03125 0.0638888890625 0.03125 0.0351851859375 0.0296875 0.0324074078125 0.0135416671875 0.0324074078125 0.0119791671875 0.0351851859375 0.0119791671875 0.061111110937500004 0.0197916671875 0.075 0.025 0.075
0 0.471875 0.9916666671875 0.4765625 0.98055555625 0.4765625 0.9731481484375 0.48125 0.9638888890624999 0.48125 0.946296296875 0.4796875 0.9379629625 0.475 0.9324074078125 0.4635416671875 0.9324074078125 0.46197916718750004 0.9351851859375 0.46197916718750004 0.9833333328125 0.46510416718750003 0.9888888890624999 0.471875 0.9916666671875
0 0.6552083328125 0.4138888890625 0.6557291671875001 0.41944444374999995 0.6630208328125 0.42222222187499997 0.6635416671875001 0.425 0.678125 0.425 0.6786458328125 0.42222222187499997 0.68125 0.42222222187499997 0.6890625 0.40833333281249995 0.6890625 0.403703703125 0.6921875 0.397222221875 0.6921875 0.39074074062499997 0.690625 0.3898148140625 0.690625 0.38240740781250004 0.6875 0.3759259265625 0.6859375 0.36296296250000004 0.678125 0.3546296296875 0.6588541671875 0.3546296296875 0.6583333328125 0.3574074078125 0.6557291671875001 0.3574074078125 0.6494791671875 0.371296296875 0.6494791671875 0.40833333281249995 0.6526041671875 0.4138888890625 0.6552083328125 0.4138888890625
0 0.7494791671875001 0.427777778125 0.7609375 0.427777778125 0.765625 0.41944444374999995 0.7671875 0.3990740734375 0.7635416671875 0.396296296875 0.7619791671875 0.409259259375 0.7583333328124999 0.41018518593750003 0.7578125 0.4046296296875 0.7520833328125 0.3990740734375 0.75 0.3925925921875 0.75 0.38148148125 0.759375 0.377777778125 0.7609375 0.36851851875 0.7385416671875 0.365740740625 0.7369791671875 0.36851851875 0.7369791671875 0.4166666671875 0.7401041671875 0.42222222187499997 0.7494791671875001 0.427777778125
0 0.171875 0.652777778125 0.1765625 0.63148148125 0.18125 0.625 0.18125 0.6129629624999999 0.16354166718750002 0.6101851859375 0.1619791671875 0.6129629624999999 0.1619791671875 0.647222221875 0.16354166718750002 0.652777778125 0.171875 0.652777778125
0 0.9421875 0.11388888906250001 0.9427083328125001 0.1111111109375 0.9453125 0.1111111109375 0.9515625 0.1 0.9515625 0.0953703703125 0.9546875 0.0916666671875 0.9578125 0.06851851875000001 0.95625 0.0675925921875 0.95625 0.060185185937499996 0.9515625 0.0546296296875 0.9322916671874999 0.0546296296875 0.9307291671875 0.0574074078125 0.9307291671875 0.10833333281249999 0.9338541671874999 0.11388888906250001 0.9421875 0.11388888906250001
0 0.7625 0.597222221875 0.7625 0.5824074078125 0.759375 0.5768518515625 0.7447916671875 0.5768518515625 0.7432291671875 0.6083333328125 0.7447916671875 0.6111111109375 0.759375 0.6083333328125 0.7625 0.597222221875
0 0.0067708328125 0.8166666671874999 0.008854167187500001 0.8222222218749999 0.0109375 0.8222222218749999 0.0114583328125 0.8194444437499999 0.0171875 0.8194444437499999 0.0171875 0.8175925921875 0.0234375 0.8083333328125001 0.0234375 0.7879629625 0.0223958328125 0.7879629625 0.0109375 0.765740740625 0.007291667187500001 0.765740740625 0.007291667187500001 0.7675925921875 0.0057291671875 0.76851851875 0.0057291671875 0.8166666671874999 0.0067708328125 0.8166666671874999
0 0.2630208328125 0.8435185187500001 0.25729166718749996 0.8435185187500001 0.2557291671875 0.8490740734375001 0.2557291671875 0.8666666671875 0.2588541671875 0.875 0.2734375 0.877777778125 0.2796875 0.872222221875 0.2859375 0.8611111109375 0.2859375 0.853703703125 0.2875 0.852777778125 0.2875 0.8268518515625001 0.284375 0.821296296875 0.2697916671875 0.821296296875 0.2666666671875 0.8324074078124999 0.2666666671875 0.8398148140625 0.2630208328125 0.8435185187500001
0 0.9046875 0.052777778124999994 0.9046875 0.048148148437499996 0.9078125 0.04444444375 0.9078125 0.037037037499999995 0.909375 0.0361111109375 0.9109375 0.0259259265625 0.9171875 0.019444443750000002 0.9171875 0.0129629625 0.8838541671875 0.0101851859375 0.8807291671874999 0.015740740625 0.8807291671874999 0.027777778125000003 0.8854166671874999 0.037037037499999995 0.8838541671875 0.05 0.8885416671874999 0.058333332812500006 0.8984375 0.058333332812500006 0.8989583328125 0.055555556250000006 0.9046875 0.052777778124999994
0 0.9171875 0.6111111109375 0.9234375 0.597222221875 0.9234375 0.571296296875 0.9197916671874999 0.571296296875 0.9161458328125001 0.5768518515625 0.909375 0.565740740625 0.9010416671874999 0.565740740625 0.8994791671875 0.56851851875 0.8994791671875 0.6083333328125 0.9010416671874999 0.6111111109375 0.9171875 0.6111111109375
0 0.6265625 0.522222221875 0.63125 0.5111111109375 0.63125 0.4981481484375 0.6328125 0.497222221875 0.63125 0.4796296296875 0.6296875 0.4768518515625 0.6072916671875 0.4768518515625 0.6057291671875 0.4796296296875 0.6057291671875 0.5166666671875 0.6135416671875 0.525 0.6265625 0.522222221875
0 0.8947916671874999 0.234259259375 0.8932291671874999 0.23518518593749999 0.8932291671874999 0.252777778125 0.9026041671874999 0.2638888890625 0.9109375 0.2638888890625 0.9130208328125 0.25833333281250004 0.915625 0.25833333281250004 0.91875 0.252777778125 0.91875 0.240740740625 0.9171875 0.2398148140625 0.9171875 0.23240740781250002 0.9140625 0.2259259265625 0.9125 0.21296296250000002 0.9109375 0.2101851859375 0.9057291671875 0.2101851859375 0.9052083328125 0.21296296250000002 0.9026041671874999 0.21296296250000002 0.8947916671874999 0.2296296296875 0.8947916671874999 0.234259259375
0 0.7442708328125 0.42222222187499997 0.7510416671875 0.43055555625 0.7609375 0.43055555625 0.7703125 0.42222222187499997 0.7734375 0.41111111093749997 0.7734375 0.39351851875 0.7703125 0.3879629625 0.7635416671875 0.3851851859375 0.7635416671875 0.3953703703125 0.7598958328125 0.4074074078125 0.7578125 0.40648148125 0.75625 0.3990740734375 0.7515625 0.3953703703125 0.7520833328125 0.38055555625 0.7609375 0.38055555625 0.7625 0.377777778125 0.7625 0.3601851859375 0.759375 0.3546296296875 0.7401041671875 0.3546296296875 0.7369791671875 0.3601851859375 0.7369791671875 0.4166666671875 0.7401041671875 0.42222222187499997 0.7442708328125 0.42222222187499997
0 0.5557291671875 0.052777778124999994 0.5588541671875 0.058333332812500006 0.5734375 0.055555556250000006 0.5765625 0.0425925921875 0.584375 0.027777778125000003 0.5828125 0.018518518749999997 0.578125 0.0129629625 0.5739583328125 0.0129629625 0.5734375 0.0101851859375 0.5619791671875001 0.0101851859375 0.5614583328125 0.0129629625 0.5588541671875 0.0129629625 0.5572916671875 0.015740740625 0.5572916671875 0.028703703125 0.5557291671875 0.0296296296875 0.5557291671875 0.052777778124999994
0 0.215625 0.7361111109375 0.2234375 0.725 0.2234375 0.7101851859375 0.2171875 0.6990740734374999 0.20729166718749997 0.6990740734374999 0.20572916718749998 0.7018518515625 0.20572916718749998 0.73055555625 0.20729166718749997 0.7361111109375 0.215625 0.7361111109375
0 0.3322916671875 0.3888888890625 0.33541666718749996 0.39444444375 0.3421875 0.397222221875 0.3427083328125 0.39444444375 0.3515625 0.3888888890625 0.3546875 0.38333333281250004 0.3546875 0.3796296296875 0.3453125 0.3648148140625 0.3453125 0.3574074078125 0.34375 0.35648148125 0.34375 0.3490740734375 0.3421875 0.34629629687499996 0.3395833328125 0.34629629687499996 0.3390625 0.34351851875 0.3338541671875 0.34351851875 0.3307291671875 0.3490740734375 0.3307291671875 0.38333333281250004 0.3322916671875 0.384259259375 0.3322916671875 0.3888888890625
0 0.45 0.828703703125 0.4536458328125 0.8222222218749999 0.4578125 0.8194444437499999 0.4578125 0.8129629625 0.4401041671875 0.8101851859375 0.4369791671875 0.815740740625 0.4369791671875 0.8388888890624999 0.44375 0.8416666671874999 0.44739583281249995 0.8333333328125001 0.45 0.8333333328125001 0.45 0.828703703125
0 0.303125 0.047222221875 0.309375 0.0361111109375 0.309375 0.015740740625 0.303125 0.0101851859375 0.2947916671875 0.0101851859375 0.2932291671875 0.0129629625 0.2932291671875 0.0416666671875 0.29635416718749996 0.047222221875 0.303125 0.047222221875
0 0.090625 0.1111111109375 0.090625 0.10185185156250001 0.0822916671875 0.0990740734375 0.08072916718749999 0.10185185156250001 0.08072916718749999 0.11944444375 0.0859375 0.12222222187500001 0.090625 0.1111111109375
0 0.8713541671874999 0.125 0.8796875 0.12222222187500001 0.8828125 0.11388888906250001 0.8828125 0.10092592656249999 0.8859375 0.0916666671875 0.884375 0.065740740625 0.8713541671874999 0.065740740625 0.8682291671875 0.071296296875 0.8682291671875 0.1111111109375 0.8713541671874999 0.125
0 0.28854166718749996 0.04444444375 0.3015625 0.04444444375 0.3020833328125 0.0416666671875 0.3046875 0.0416666671875 0.3078125 0.0333333328125 0.3078125 0.018518518749999997 0.30625 0.0175925921875 0.30625 0.0129629625 0.3036458328125 0.0129629625 0.303125 0.0101851859375 0.2822916671875 0.0101851859375 0.28072916718749996 0.0129629625 0.28072916718749996 0.030555556249999997 0.2822916671875 0.03148148125 0.2822916671875 0.0361111109375 0.28854166718749996 0.04444444375
0 0.75625 0.4824074078125 0.753125 0.4768518515625 0.7385416671875 0.4768518515625 0.7369791671875 0.4796296296875 0.7369791671875 0.497222221875 0.7385416671875 0.5 0.7484375 0.5 0.7546875 0.4916666671875 0.75625 0.4824074078125
0 0.3932291671875 0.9638888890624999 0.3947916671875 0.9666666671874999 0.4046875 0.9666666671874999 0.4140625 0.9472222218749999 0.4140625 0.9324074078125 0.4125 0.93148148125 0.4125 0.9268518515625 0.4078125 0.921296296875 0.3994791671875 0.921296296875 0.39895833281250004 0.9240740734375 0.3963541671875 0.9240740734375 0.3932291671875 0.9324074078125 0.3932291671875 0.9638888890624999
0 0.9953125 0.69351851875 0.9921875 0.6879629625 0.9885416671874999 0.6879629625 0.9869791671874999 0.690740740625 0.9869791671874999 0.7083333328125 0.9921875 0.7111111109375 0.9953125 0.69351851875
0 0.7078125 0.6101851859375 0.7010416671875 0.6101851859375 0.6994791671875 0.63055555625 0.7109375 0.6333333328124999 0.7125 0.615740740625 0.7078125 0.6101851859375
0 0.9515625 0.4240740734375 0.9447916671875 0.42129629687500003 0.9432291671874999 0.44166666718750003 0.9484375 0.44444444375 0.9515625 0.4388888890625 0.9515625 0.4240740734375
0 0.3322916671875 0.38333333281250004 0.346875 0.38333333281250004 0.34375 0.3490740734375 0.3375 0.34351851875 0.3260416671875 0.34351851875 0.3244791671875 0.34629629687499996 0.3244791671875 0.372222221875 0.3260416671875 0.377777778125 0.3322916671875 0.38333333281250004
0 0.8817708328125 0.11944444375 0.8869791671874999 0.12222222187500001 0.903125 0.11944444375 0.9046875 0.08796296249999999 0.9015625 0.07962962968750001 0.8984375 0.07685185156249999 0.8682291671875 0.07962962968750001 0.8682291671875 0.1166666671875 0.8713541671874999 0.125 0.8796875 0.125 0.8817708328125 0.11944444375
0 0.971875 0.04444444375 0.9723958328125001 0.0416666671875 0.975 0.0416666671875 0.98125 0.030555556249999997 0.9828125 0.015740740625 0.9796875 0.0101851859375 0.9635416671874999 0.0101851859375 0.9619791671875 0.0129629625 0.9619791671875 0.0416666671875 0.9635416671874999 0.04444444375 0.971875 0.04444444375
0 0.5854166671875001 0.09444444375 0.5885416671875 0.1 0.6046875 0.1 0.60625 0.097222221875 0.60625 0.0898148140625 0.609375 0.08333333281250001 0.609375 0.065740740625 0.6078125 0.0648148140625 0.60625 0.0546296296875 0.5984375 0.04351851875 0.5838541671875 0.04351851875 0.5807291671875 0.0490740734375 0.5807291671875 0.08333333281250001 0.5854166671875001 0.0898148140625 0.5854166671875001 0.09444444375
0 0.64375 0.5879629625 0.6385416671875 0.5879629625 0.6369791671875 0.6083333328125 0.646875 0.6111111109375 0.6484375 0.5935185187500001 0.64375 0.5879629625
0 0.09375 0.8351851859374999 0.08854166718749999 0.8351851859374999 0.0869791671875 0.8379629625 0.0869791671875 0.8638888890624999 0.0901041671875 0.86944444375 0.09427083281250001 0.86944444375 0.0947916671875 0.872222221875 0.0984375 0.872222221875 0.09895833281250001 0.86944444375 0.1046875 0.8666666671875 0.1125 0.852777778125 0.1109375 0.8351851859374999 0.1010416671875 0.8324074078124999 0.0973958328125 0.840740740625 0.0958333328125 0.840740740625 0.09375 0.8351851859374999
0 0.0921875 0.64351851875 0.0822916671875 0.64351851875 0.08072916718749999 0.646296296875 0.0822916671875 0.6555555562500001 0.0921875 0.6555555562500001 0.09375 0.652777778125 0.0921875 0.64351851875