0 0.1619791671875 0.6388888890625 0.1734375 0.6388888890625 0.1739583328125 0.6361111109375 0.1796875 0.6333333328124999 0.1828125 0.627777778125 0.1828125 0.6231481484375 0.1859375 0.61944444375 0.1859375 0.6018518515625 0.1828125 0.5981481484375 0.1828125 0.5935185187500001 0.1796875 0.5879629625 0.1541666671875 0.5879629625 0.1494791671875 0.5962962968750001 0.1494791671875 0.627777778125 0.1526041671875 0.6333333328124999 0.15677083281249998 0.6333333328124999 0.1619791671875 0.6388888890625
0 0.31979166718749996 0.89444444375 0.3244791671875 0.9 0.3484375 0.9 0.35625 0.8861111109375001 0.3578125 0.8574074078124999 0.35625 0.85648148125 0.3546875 0.8351851859374999 0.35208333281250004 0.8351851859374999 0.3515625 0.8324074078124999 0.3260416671875 0.8324074078124999 0.3255208328125 0.8351851859374999 0.3229166671875 0.8351851859374999 0.3182291671875 0.8462962968750001 0.3182291671875 0.8888888890625 0.31979166718749996 0.8898148140625001 0.31979166718749996 0.89444444375
0 0.0973958328125 0.8333333328125001 0.103125 0.8333333328125001 0.10625 0.8231481484375 0.1109375 0.8194444437499999 0.1125 0.8138888890624999 0.1109375 0.7768518515625 0.0760416671875 0.7768518515625 0.0744791671875 0.7796296296875 0.0744791671875 0.83055555625 0.08072916718749999 0.8416666671874999 0.090625 0.8416666671874999 0.0973958328125 0.8333333328125001
0 0.6510416671875 0.9268518515625 0.6510416671875 0.93148148125 0.6494791671875 0.9324074078125 0.6494791671875 0.975 0.6505208328125 0.975 0.6510416671875 0.977777778125 0.6536458328125 0.977777778125 0.6588541671875 0.9888888890624999 0.6671875 0.9888888890624999 0.6723958328124999 0.977777778125 0.675 0.977777778125 0.675 0.9759259265625 0.68125 0.9666666671874999 0.68125 0.9490740734375 0.6703125 0.93148148125 0.6703125 0.9268518515625 0.6692708328125 0.9268518515625 0.6671875 0.921296296875 0.6557291671875001 0.921296296875 0.6552083328125 0.9240740734375 0.6526041671875 0.9240740734375 0.6526041671875 0.9259259265625 0.6510416671875 0.9268518515625
0 0.1010416671875 0.8638888890624999 0.1052083328125 0.8638888890624999 0.1057291671875 0.8666666671875 0.1098958328125 0.8666666671875 0.11041666718750001 0.86944444375 0.1296875 0.8666666671875 0.13125 0.859259259375 0.1375 0.85 0.1375 0.8240740734375 0.1359375 0.8231481484375 0.1359375 0.81851851875 0.13125 0.8101851859375 0.1135416671875 0.8101851859375 0.1130208328125 0.8129629625 0.11041666718750001 0.8129629625 0.0994791671875 0.8379629625 0.0994791671875 0.85555555625 0.1010416671875 0.85648148125 0.1010416671875 0.8638888890624999
0 0.4770833328125 0.6583333328125 0.47760416718750004 0.6611111109375 0.484375 0.6611111109375 0.4848958328125 0.6583333328125 0.496875 0.6555555562500001 0.5 0.65 0.5015625 0.6129629624999999 0.4927083328125 0.6074074078125 0.4890625 0.6009259265625 0.4859375 0.5879629625 0.46979166718750004 0.5879629625 0.4682291671875 0.590740740625 0.4682291671875 0.652777778125 0.47291666718750003 0.6583333328125 0.4770833328125 0.6583333328125
0 0.8307291671874999 0.46388888906250003 0.8322916671874999 0.46666666718750005 0.8364583328125 0.46666666718750005 0.8369791671875 0.46944444374999994 0.85 0.46944444374999994 0.8505208328125 0.46666666718750005 0.8578125 0.46666666718750005 0.8583333328125 0.46388888906250003 0.8609375 0.46388888906250003 0.8625 0.45648148125 0.86875 0.44444444375 0.86875 0.42129629687500003 0.8609375 0.40648148125 0.8609375 0.4018518515625 0.8567708328125001 0.4018518515625 0.85625 0.3990740734375 0.8307291671874999 0.3990740734375 0.8244791671874999 0.41018518593750003 0.8244791671874999 0.447222221875 0.8307291671874999 0.459259259375 0.8307291671874999 0.46388888906250003
0 0.3619791671875 0.26944444375 0.3734375 0.26944444375 0.3739583328125 0.2666666671875 0.3796875 0.2638888890625 0.3796875 0.259259259375 0.3859375 0.2416666671875 0.3859375 0.2296296296875 0.384375 0.22870370312500002 0.3796875 0.2101851859375 0.3572916671875 0.2101851859375 0.3557291671875 0.21296296250000002 0.3557291671875 0.2638888890625 0.3614583328125 0.2666666671875 0.3619791671875 0.26944444375
0 0.5317708328124999 0.6666666671875 0.5359375 0.6666666671875 0.5421875 0.6555555562500001 0.5421875 0.6509259265625 0.54375 0.65 0.54375 0.6240740734375 0.5421875 0.6231481484375 0.540625 0.6129629624999999 0.5380208328125 0.6129629624999999 0.5375 0.6101851859375 0.5072916671875001 0.6101851859375 0.5057291671875 0.6129629624999999 0.5057291671875 0.6638888890625 0.5119791671875 0.675 0.525 0.675 0.5317708328124999 0.6666666671875
0 0.3411458328125 0.352777778125 0.3416666671875 0.35555555625 0.3609375 0.35555555625 0.36770833281250004 0.34444444375 0.3703125 0.34444444375 0.375 0.3333333328125 0.375 0.3129629625 0.3708333328125 0.3101851859375 0.3671875 0.29907407343750003 0.3401041671875 0.29907407343750003 0.3369791671875 0.3046296296875 0.3369791671875 0.34722222187499996 0.3385416671875 0.3481481484375 0.3385416671875 0.352777778125 0.3411458328125 0.352777778125
0 0.48229166718750005 0.28055555625 0.496875 0.28055555625 0.503125 0.275 0.50625 0.2666666671875 0.50625 0.25648148125 0.5078125 0.25555555625 0.5078125 0.240740740625 0.50625 0.2398148140625 0.5046875 0.22685185156249998 0.4953125 0.2101851859375 0.47760416718750004 0.2101851859375 0.47447916718750005 0.21574074062499998 0.47447916718750005 0.26944444375 0.4760416671875 0.275 0.48229166718750005 0.28055555625
0 0.9536458328125 0.4583333328125 0.9588541671874999 0.46666666718750005 0.9734375 0.46666666718750005 0.9770833328125 0.4583333328125 0.98125 0.45555555625000005 0.98125 0.4509259265625 0.9859375 0.4388888890625 0.9859375 0.4268518515625 0.9796875 0.41018518593750003 0.9510416671874999 0.41018518593750003 0.9494791671874999 0.4129629625 0.9494791671874999 0.45277777812500003 0.9510416671874999 0.45370370312499997 0.9510416671874999 0.4583333328125 0.9536458328125 0.4583333328125
0 0.9239583328125001 0.4583333328125 0.9244791671874999 0.4611111109375 0.9328125 0.4611111109375 0.9333333328125001 0.4583333328125 0.9421875 0.45555555625000005 0.9453125 0.4370370375 0.946875 0.4361111109375 0.946875 0.4129629625 0.9421875 0.40648148125 0.9375 0.39074074062499997 0.934375 0.3879629625 0.9182291671874999 0.3879629625 0.9151041671875 0.39074074062499997 0.9119791671874999 0.3990740734375 0.9119791671874999 0.45 0.9151041671875 0.45555555625000005 0.9239583328125001 0.4583333328125
0 0.3885416671875 0.40555555625000006 0.39114583281250004 0.40555555625000006 0.3947916671875 0.41111111093749997 0.4125 0.41111111093749997 0.41302083281249996 0.40833333281249995 0.415625 0.40833333281249995 0.4234375 0.39444444375 0.4234375 0.3740740734375 0.4203125 0.3703703703125 0.41875 0.3601851859375 0.415625 0.3546296296875 0.3932291671875 0.3546296296875 0.3869791671875 0.365740740625 0.3869791671875 0.4 0.3885416671875 0.40092592656250003 0.3885416671875 0.40555555625000006
0 0.052604167187499995 0.95555555625 0.0614583328125 0.95555555625 0.061979167187499996 0.9583333328125001 0.0734375 0.9583333328125001 0.0739583328125 0.95555555625 0.078125 0.95555555625 0.0875 0.9305555562500001 0.0875 0.9129629625 0.0859375 0.9120370375 0.0859375 0.9046296296874999 0.075 0.8879629625 0.0557291671875 0.8879629625 0.055208332812500004 0.890740740625 0.051041667187499994 0.890740740625 0.051041667187499994 0.8981481484374999 0.0494791671875 0.8990740734375 0.0494791671875 0.95 0.052604167187499995 0.95555555625
0 0.18697916718750002 0.6101851859375 0.18697916718750002 0.652777778125 0.1885416671875 0.6537037031249999 0.1885416671875 0.6583333328125 0.19479166718750002 0.6666666671875 0.203125 0.6638888890625 0.20833333281250002 0.6555555562500001 0.2125 0.6555555562500001 0.21875 0.6416666671875 0.21875 0.6129629624999999 0.2171875 0.6120370375 0.2171875 0.6074074078125 0.2109375 0.5990740734375 0.1932291671875 0.5990740734375 0.1927083328125 0.6018518515625 0.1901041671875 0.6018518515625 0.18697916718750002 0.6101851859375
0 0.7963541671875001 0.46666666718750005 0.8005208328125001 0.46666666718750005 0.8088541671874999 0.475 0.8234375 0.46944444374999994 0.828125 0.4611111109375 0.828125 0.4546296296875 0.8265625 0.45370370312499997 0.8265625 0.44351851875000003 0.825 0.44259259218749997 0.825 0.4268518515625 0.8203125 0.4175925921875 0.8203125 0.4129629625 0.8171875 0.41018518593750003 0.8026041671874999 0.41018518593750003 0.7994791671875 0.4129629625 0.7994791671875 0.4175925921875 0.7932291671875 0.4268518515625 0.7932291671875 0.4611111109375 0.7963541671875001 0.46666666718750005
0 0.8260416671874999 0.3 0.8338541671874999 0.3083333328125 0.85 0.3083333328125 0.8505208328125 0.30555555624999997 0.853125 0.30555555624999997 0.8578125 0.29722222187499997 0.8578125 0.2925925921875 0.8625 0.28611111093749997 0.8625 0.25740740781250004 0.8583333328125 0.2546296296875 0.8515625 0.24351851875000002 0.8260416671874999 0.24351851875000002 0.8244791671874999 0.246296296875 0.8244791671874999 0.29444444375 0.8260416671874999 0.2953703703125 0.8260416671874999 0.3
0 0.5552083328124999 0.047222221875 0.5572916671875 0.052777778124999994 0.5614583328125 0.052777778124999994 0.5619791671875001 0.055555556250000006 0.5703125 0.055555556250000006 0.575 0.05 0.5755208328125 0.04444444375 0.578125 0.04444444375 0.58125 0.0388888890625 0.58125 0.03148148125 0.5828125 0.030555556249999997 0.58125 0.015740740625 0.5734375 0.0018518515625 0.5510416671875 0.0018518515625 0.5494791671875 0.004629629687499999 0.5494791671875 0.0416666671875 0.5526041671875 0.047222221875 0.5552083328124999 0.047222221875
0 0.9197916671874999 0.6083333328125 0.9223958328125 0.6083333328125 0.9229166671875 0.6111111109375 0.94375 0.6111111109375 0.9442708328125 0.6083333328125 0.946875 0.6083333328125 0.9546875 0.5944444437499999 0.9546875 0.5574074078125 0.9515625 0.553703703125 0.9515625 0.5490740734374999 0.9484375 0.54351851875 0.9276041671874999 0.54351851875 0.9270833328125001 0.546296296875 0.9197916671874999 0.546296296875 0.9192708328125001 0.5490740734374999 0.9135416671875 0.5490740734374999 0.9135416671875 0.55648148125 0.9119791671874999 0.5574074078125 0.9119791671874999 0.5944444437499999 0.9197916671874999 0.6083333328125
0 0.7651041671875001 0.6833333328125 0.771875 0.6833333328125 0.7723958328125 0.6805555562500001 0.7765625 0.6805555562500001 0.7770833328125 0.6777777781250001 0.7796875 0.6777777781250001 0.7859375 0.6666666671875 0.7859375 0.6620370375 0.7875 0.6611111109375 0.7875 0.646296296875 0.7796875 0.6324074078125 0.7588541671875 0.6324074078125 0.7557291671875 0.6379629625 0.7557291671875 0.672222221875 0.7588541671875 0.6777777781250001 0.7645833328125 0.6805555562500001 0.7651041671875001 0.6833333328125
0 0.8072916671874999 0.30555555624999997 0.821875 0.3 0.8234375 0.29722222187499997 0.8234375 0.24907407343750002 0.81875 0.24351851875000002 0.7947916671875 0.24351851875000002 0.7932291671875 0.246296296875 0.7932291671875 0.29444444375 0.7963541671875001 0.3 0.8072916671874999 0.30555555624999997
0 0.7833333328125 0.377777778125 0.7838541671875 0.38055555625 0.7880208328125 0.38055555625 0.7885416671875001 0.38333333281250004 0.7953125 0.38333333281250004 0.7958333328125 0.38055555625 0.8015625 0.377777778125 0.809375 0.3611111109375 0.809375 0.35648148125 0.8125 0.35 0.8109375 0.33703703749999997 0.8140625 0.33055555625 0.8140625 0.321296296875 0.8125 0.3203703703125 0.8125 0.315740740625 0.8078125 0.3101851859375 0.7822916671875 0.3101851859375 0.7744791671875 0.3240740734375 0.7744791671875 0.36944444375 0.7776041671875 0.377777778125 0.7833333328125 0.377777778125
0 0.4322916671875 0.7212962968750001 0.43072916718750004 0.7268518515625 0.43072916718750004 0.75555555625 0.43385416718750003 0.7638888890625 0.4421875 0.7638888890625 0.4484375 0.752777778125 0.45 0.7398148140624999 0.45625 0.73055555625 0.45625 0.7231481484375 0.4578125 0.722222221875 0.4578125 0.715740740625 0.4546875 0.7101851859375 0.43854166718750004 0.7101851859375 0.43541666718750005 0.715740740625 0.43541666718750005 0.7203703703125 0.4322916671875 0.7212962968750001
0 0.5921875 0.1 0.59375 0.097222221875 0.59375 0.0574074078125 0.5921875 0.051851851562499995 0.5859375 0.046296296875 0.5713541671875 0.046296296875 0.5682291671875 0.0629629625 0.5682291671875 0.09444444375 0.5744791671875 0.102777778125 0.5921875 0.1
0 0.8473958328125001 0.2416666671875 0.8536458328125001 0.24722222187499998 0.8572916671874999 0.25555555625 0.8734375 0.25555555625 0.875 0.24814814843750002 0.8796875 0.24444444375000002 0.88125 0.2388888890625 0.88125 0.2046296296875 0.875 0.19537037031249999 0.875 0.190740740625 0.871875 0.1879629625 0.8479166671874999 0.1879629625 0.8473958328125001 0.190740740625 0.8401041671874999 0.19351851874999998 0.8369791671875 0.2018518515625 0.8369791671875 0.23055555625 0.8416666671874999 0.2416666671875 0.8473958328125001 0.2416666671875
0 0.6760416671875 0 0.6744791671875 0.0018518515625 0.6744791671875 0.022222221875 0.6760416671875 0.0231481484375 0.6760416671875 0.030555556249999997 0.6822916671875 0.0416666671875 0.69375 0.0416666671875 0.7 0.030555556249999997 0.7 0.0259259265625 0.703125 0.019444443750000002 0.703125 0.0101851859375 0.7015625 0.009259259374999999 0.7015625 0.004629629687499999 0.6984375 0 0.6760416671875 0
0 0.5760416671875 0.1074074078125 0.5760416671875 0.1120370375 0.5744791671875 0.1129629625 0.5744791671875 0.1611111109375 0.5776041671875001 0.1666666671875 0.5833333328125 0.16944444375 0.5838541671875 0.172222221875 0.5921875 0.172222221875 0.5927083328125 0.16944444375 0.5984375 0.1666666671875 0.6046875 0.15555555625 0.60625 0.1425925921875 0.6078125 0.1416666671875 0.6078125 0.13703703750000001 0.6109375 0.13333333281249998 0.6109375 0.11574074062499999 0.6 0.0990740734375 0.5854166671875001 0.0990740734375 0.5848958328125 0.10185185156250001 0.5776041671875001 0.1046296296875 0.5760416671875 0.1074074078125
0 0.6125 0.7416666671875001 0.6125 0.7370370375 0.6171875 0.7333333328125 0.61875 0.727777778125 0.61875 0.7046296296875 0.6125 0.6953703703125 0.6109375 0.6879629625 0.5947916671875 0.6879629625 0.5932291671875001 0.690740740625 0.5947916671875 0.7388888890625 0.6010416671875001 0.74444444375 0.6125 0.7416666671875001
0 0.7479166671875 0.1620370375 0.7447916671875 0.1629629625 0.7447916671875 0.1675925921875 0.7432291671875 0.16851851874999998 0.7432291671875 0.197222221875 0.7479166671875 0.20555555625 0.75625 0.20555555625 0.7567708328125 0.20277777812500003 0.7625 0.2 0.7625 0.19537037031249999 0.775 0.177777778125 0.775 0.1601851859375 0.771875 0.1546296296875 0.7510416671875 0.1546296296875 0.7505208328124999 0.1574074078125 0.7479166671875 0.1574074078125 0.7479166671875 0.1620370375
0 0.45416666718750004 0.27777777812500004 0.4703125 0.27777777812500004 0.47083333281249995 0.275 0.475 0.275 0.475 0.25740740781250004 0.4703125 0.24259259218749998 0.4703125 0.22685185156249998 0.4671875 0.221296296875 0.45416666718750004 0.22407407343750002 0.44947916718750003 0.23518518593749999 0.44947916718750003 0.26944444375 0.45104166718750005 0.275 0.45416666718750004 0.27777777812500004
0 0.675 0.7666666671875 0.6755208328125 0.7638888890625 0.678125 0.7638888890625 0.68125 0.7583333328124999 0.68125 0.7351851859375 0.6770833328125 0.7324074078125 0.675 0.7240740734375 0.6723958328124999 0.7240740734375 0.671875 0.7212962968750001 0.6572916671875 0.7212962968750001 0.6557291671875001 0.7240740734375 0.6557291671875001 0.752777778125 0.6635416671875001 0.7666666671875 0.675 0.7666666671875
0 0.35885416718749996 0.8888888890625 0.3734375 0.8888888890625 0.38125 0.875 0.38125 0.8351851859374999 0.3796875 0.834259259375 0.3796875 0.8296296296874999 0.3734375 0.821296296875 0.3619791671875 0.821296296875 0.3614583328125 0.8240740734375 0.3572916671875 0.8240740734375 0.3572916671875 0.83148148125 0.3557291671875 0.8324074078124999 0.3557291671875 0.8833333328125 0.35885416718749996 0.8888888890625
0 0.4322916671875 0.24444444375000002 0.43645833281249996 0.24444444375000002 0.4369791671875 0.24722222187499998 0.44114583281249997 0.24722222187499998 0.44166666718750003 0.25 0.4484375 0.25 0.4484375 0.24259259218749998 0.45625 0.222222221875 0.45625 0.21296296250000002 0.4515625 0.20648148125 0.4484375 0.190740740625 0.43385416718750003 0.1879629625 0.43072916718750004 0.19351851874999998 0.43072916718750004 0.2388888890625 0.4322916671875 0.2398148140625 0.4322916671875 0.24444444375000002
0 0.6088541671875001 0.1861111109375 0.6234375 0.1833333328125 0.6255208328124999 0.177777778125 0.628125 0.177777778125 0.634375 0.1611111109375 0.634375 0.146296296875 0.6328125 0.1453703703125 0.63125 0.1351851859375 0.6296875 0.1324074078125 0.6104166671875 0.1324074078125 0.6098958328124999 0.1351851859375 0.6072916671875 0.1351851859375 0.6072916671875 0.13981481406250001 0.6057291671875 0.140740740625 0.6072916671875 0.1833333328125 0.6088541671875001 0.1861111109375
0 0.6567708328124999 0.302777778125 0.6572916671875 0.30555555624999997 0.6614583328125 0.30555555624999997 0.6619791671875 0.3083333328125 0.6671875 0.3083333328125 0.6708333328125 0.3 0.6734375 0.3 0.6734375 0.2953703703125 0.678125 0.2833333328125 0.678125 0.271296296875 0.6765625 0.2703703703125 0.675 0.2601851859375 0.6703125 0.2546296296875 0.6526041671875 0.2546296296875 0.6494791671875 0.2601851859375 0.6494791671875 0.29722222187499997 0.6526041671875 0.302777778125 0.6567708328124999 0.302777778125
0 0.7203125 0.88055555625 0.7296875 0.872222221875 0.73125 0.8574074078124999 0.7265625 0.8462962968750001 0.7208333328125 0.8462962968750001 0.7203125 0.8435185187500001 0.7010416671875 0.8435185187500001 0.6994791671875 0.8462962968750001 0.6994791671875 0.86944444375 0.7010416671875 0.875 0.7072916671875 0.88055555625 0.7203125 0.88055555625
0 0.9625 0.058333332812500006 0.96875 0.052777778124999994 0.9703125 0.04444444375 0.96875 0.0240740734375 0.965625 0.021296296875000002 0.9385416671875 0.021296296875000002 0.9369791671875 0.0240740734375 0.9369791671875 0.0416666671875 0.9401041671874999 0.05 0.9526041671875 0.058333332812500006 0.9625 0.058333332812500006
0 0.8109375 0.052777778124999994 0.8109375 0.0324074078125 0.8078125 0.028703703125 0.8078125 0.0240740734375 0.7885416671875001 0.021296296875000002 0.7869791671875 0.0240740734375 0.7885416671875001 0.0638888890625 0.8046875 0.0638888890625 0.8109375 0.052777778124999994
0 0.9255208328125001 0.127777778125 0.9260416671874999 0.13055555624999998 0.934375 0.125 0.9390625 0.1166666671875 0.9390625 0.09351851875 0.9375 0.0925925921875 0.9375 0.08518518593749999 0.93125 0.07685185156249999 0.9135416671875 0.07685185156249999 0.9119791671874999 0.07962962968750001 0.9135416671875 0.12222222187500001 0.9166666671874999 0.127777778125 0.9255208328125001 0.127777778125
0 0.9994791671875 0.521296296875 0.9885416671874999 0.521296296875 0.9869791671874999 0.5722222218749999 0.9947916671874999 0.5861111109375 0.9994791671875 0.5861111109375 0.9994791671875 0.521296296875
0 0.6416666671875 0.73055555625 0.6484375 0.73055555625 0.65 0.727777778125 0.6515625 0.7129629625 0.646875 0.6990740734374999 0.6260416671875 0.6990740734374999 0.6244791671875001 0.7018518515625 0.6244791671875001 0.7166666671875 0.6276041671875 0.722222221875 0.6333333328124999 0.722222221875 0.6416666671875 0.73055555625
0 0.9307291671875 0.2638888890625 0.9359375 0.2638888890625 0.9359375 0.259259259375 0.9375 0.25833333281250004 0.9375 0.24814814843750002 0.9458333328125 0.23333333281250002 0.953125 0.23055555625 0.95625 0.21574074062499998 0.953125 0.2101851859375 0.9213541671875 0.2101851859375 0.9182291671874999 0.21574074062499998 0.9182291671874999 0.24444444375000002 0.9197916671874999 0.2453703703125 0.9197916671874999 0.252777778125 0.9223958328125 0.252777778125 0.9244791671874999 0.25833333281250004 0.9270833328125001 0.25833333281250004 0.9307291671875 0.2638888890625
0 0.39114583281250004 0.21111111093749999 0.3947916671875 0.2166666671875 0.41302083281249996 0.2166666671875 0.4135416671875 0.21944444375 0.415625 0.21944444375 0.4171875 0.2166666671875 0.4171875 0.190740740625 0.409375 0.178703703125 0.409375 0.1740740734375 0.4078125 0.17314814843749998 0.409375 0.1601851859375 0.40520833281249996 0.1574074078125 0.4046875 0.1546296296875 0.3854166671875 0.1546296296875 0.3848958328125 0.1574074078125 0.38229166718749996 0.1574074078125 0.3807291671875 0.1601851859375 0.3807291671875 0.197222221875 0.3885416671875 0.21111111093749999 0.39114583281250004 0.21111111093749999
0 0.9723958328125001 0.6 0.975 0.6 0.98125 0.5861111109375 0.98125 0.571296296875 0.9765625 0.565740740625 0.9572916671874999 0.565740740625 0.9557291671874999 0.56851851875 0.9557291671874999 0.597222221875 0.9588541671874999 0.602777778125 0.971875 0.602777778125 0.9723958328125001 0.6
0 0.41197916718750005 0.1574074078125 0.4135416671875 0.20833333281250002 0.4234375 0.20555555625 0.4359375 0.1861111109375 0.4359375 0.18148148125000002 0.4375 0.18055555625 0.4375 0.1629629625 0.4359375 0.1620370375 0.4359375 0.1574074078125 0.43333333281249997 0.1574074078125 0.4328125 0.1546296296875 0.4135416671875 0.1546296296875 0.41197916718750005 0.1574074078125
0 0.390625 0.30555555624999997 0.4 0.29444444375 0.4 0.271296296875 0.396875 0.26574074062499997 0.38229166718749996 0.26574074062499997 0.3807291671875 0.26851851875 0.3807291671875 0.3 0.38229166718749996 0.30555555624999997 0.390625 0.30555555624999997
0 0.3885416671875 0.5416666671875 0.390625 0.5416666671875 0.3927083328125 0.5361111109375 0.3953125 0.5361111109375 0.3984375 0.5305555562500001 0.3984375 0.521296296875 0.396875 0.5203703703125 0.396875 0.515740740625 0.3890625 0.5018518515625 0.3864583328125 0.5018518515625 0.3859375 0.4990740734375 0.3760416671875 0.4990740734375 0.37447916718749996 0.5018518515625 0.37447916718749996 0.51944444375 0.3807291671875 0.5333333328125 0.38333333281250004 0.5333333328125 0.3885416671875 0.5416666671875
0 0.0197916671875 0.915740740625 0.0197916671875 0.9203703703125001 0.0182291671875 0.921296296875 0.0182291671875 0.9444444437499999 0.0197916671875 0.9453703703125 0.021354167187500002 0.952777778125 0.025520832812499998 0.952777778125 0.0260416671875 0.95555555625 0.034375 0.95555555625 0.04375 0.9416666671874999 0.04375 0.928703703125 0.0484375 0.91944444375 0.0484375 0.9120370375 0.05 0.9111111109375001 0.05 0.9046296296874999 0.046875 0.8990740734375 0.0322916671875 0.8990740734375 0.0286458328125 0.9074074078125 0.0229166671875 0.9101851859375 0.0197916671875 0.915740740625
0 0.9072916671875 0.5555555562500001 0.9234375 0.5555555562500001 0.9239583328125001 0.5527777781250001 0.928125 0.5527777781250001 0.934375 0.5416666671875 0.934375 0.5324074078125001 0.93125 0.5287037031249999 0.93125 0.5240740734375 0.9286458328125 0.5240740734375 0.928125 0.521296296875 0.9010416671874999 0.521296296875 0.8994791671875 0.5240740734375 0.8994791671875 0.5416666671875 0.9010416671874999 0.5425925921875 0.9010416671874999 0.547222221875 0.9072916671875 0.5555555562500001
0 0.0609375 0.44351851875000003 0.0557291671875 0.44629629687500005 0.05729166718749999 0.45555555625000005 0.0640625 0.45277777812500003 0.0640625 0.44629629687500005 0.0609375 0.44351851875000003
0 0.43645833281249996 0.27777777812500004 0.44375 0.275 0.446875 0.2638888890625 0.446875 0.2546296296875 0.4421875 0.24351851875000002 0.42760416718750005 0.24351851875000002 0.4244791671875 0.24907407343750002 0.4244791671875 0.275 0.42760416718750005 0.28055555625 0.4359375 0.28055555625 0.43645833281249996 0.27777777812500004
0 0.9994791671875 0.16388888906250001 0.9994791671875 0.12129629687500001 0.9744791671874999 0.12407407343750002 0.9760416671875 0.147222221875 0.9895833328125001 0.147222221875 0.9932291671875 0.1611111109375 0.9994791671875 0.16388888906250001
0 0.09375 0.75 0.1 0.7416666671875001 0.1015625 0.7268518515625 0.0984375 0.7212962968750001 0.08854166718749999 0.7212962968750001 0.0869791671875 0.7240740734375 0.0869791671875 0.74444444375 0.08854166718749999 0.75 0.09375 0.75
0 0.09427083281250001 0.8916666671875 0.09635416718749999 0.897222221875 0.09895833281250001 0.897222221875 0.10260416718750001 0.902777778125 0.109375 0.902777778125 0.115625 0.89444444375 0.115625 0.8898148140625001 0.1171875 0.8888888890625 0.1171875 0.86851851875 0.1098958328125 0.865740740625 0.1046875 0.8546296296874999 0.08854166718749999 0.8546296296874999 0.0869791671875 0.8574074078124999 0.0869791671875 0.8833333328125 0.08854166718749999 0.884259259375 0.08854166718749999 0.8888888890625 0.09427083281250001 0.8916666671875
0 0.19479166718750002 0.772222221875 0.2046875 0.76944444375 0.20625 0.7638888890625 0.2046875 0.746296296875 0.2015625 0.74351851875 0.18697916718750002 0.746296296875 0.18697916718750002 0.7611111109375 0.1901041671875 0.7666666671875 0.1927083328125 0.7666666671875 0.19479166718750002 0.772222221875
0 0.653125 0.34444444375 0.6536458328125 0.3416666671875 0.6609375 0.33888888906250003 0.6609375 0.334259259375 0.6640625 0.33055555625 0.6640625 0.3203703703125 0.665625 0.31944444375000003 0.6609375 0.3018518515625 0.6552083328125 0.3018518515625 0.6546875 0.29907407343750003 0.6385416671875 0.29907407343750003 0.6369791671875 0.3018518515625 0.6369791671875 0.3333333328125 0.6385416671875 0.334259259375 0.6385416671875 0.3416666671875 0.653125 0.34444444375
0 0.9869791671874999 0.16851851874999998 0.9885416671874999 0.175 0.9994791671875 0.175 0.9994791671875 0.12129629687500001 0.9760416671875 0.12129629687500001 0.9760416671875 0.15555555625 0.9895833328125001 0.1583333328125 0.9916666671875 0.1620370375 0.9869791671874999 0.16851851874999998
0 0.7890625 0.030555556249999997 0.7895833328124999 0.025 0.7984375 0.019444443750000002 0.7984375 0.0129629625 0.7942708328125 0.0129629625 0.79375 0.0101851859375 0.7776041671875 0.0101851859375 0.7744791671875 0.015740740625 0.7744791671875 0.0388888890625 0.7776041671875 0.04444444375 0.784375 0.0416666671875 0.7859375 0.034259259375000004 0.7890625 0.030555556249999997
0 0.4109375 0.3129629625 0.4067708328125 0.3129629625 0.40625 0.3101851859375 0.3947916671875 0.3101851859375 0.3932291671875 0.3129629625 0.3932291671875 0.33055555625 0.3947916671875 0.3333333328125 0.403125 0.3333333328125 0.4109375 0.31944444375000003 0.4109375 0.3129629625
0 0.3848958328125 0.20277777812500003 0.3885416671875 0.21111111093749999 0.39114583281250004 0.21111111093749999 0.3947916671875 0.2166666671875 0.39895833281250004 0.2166666671875 0.3994791671875 0.21944444375 0.4171875 0.21944444375 0.42083333281249996 0.21111111093749999 0.4234375 0.21111111093749999 0.4234375 0.20648148125 0.4375 0.1833333328125 0.4375 0.1601851859375 0.4328125 0.1546296296875 0.3854166671875 0.1546296296875 0.3848958328125 0.1574074078125 0.38229166718749996 0.1574074078125 0.38229166718749996 0.1620370375 0.3807291671875 0.1629629625 0.3807291671875 0.197222221875 0.38229166718749996 0.1981481484375 0.38229166718749996 0.20277777812500003 0.3848958328125 0.20277777812500003
0 0.99375 0.3046296296875 0.990625 0.29907407343750003 0.9760416671875 0.29907407343750003 0.9744791671874999 0.3018518515625 0.9744791671874999 0.3138888890625 0.9776041671875 0.322222221875 0.9921875 0.325 0.99375 0.3046296296875
0 0.9515625 0.18055555625 0.9609375 0.1666666671875 0.9609375 0.146296296875 0.9578125 0.14351851875 0.9447916671875 0.14351851875 0.9432291671874999 0.146296296875 0.9432291671874999 0.175 0.9447916671875 0.18055555625 0.9515625 0.18055555625
0 0.6078125 0.6018518515625 0.6046875 0.5990740734375 0.5869791671875 0.6018518515625 0.5885416671875 0.622222221875 0.603125 0.622222221875 0.6078125 0.6111111109375 0.6078125 0.6018518515625
0 0.88125 0.9824074078124999 0.8765625 0.9768518515625001 0.8572916671874999 0.9768518515625001 0.8557291671874999 0.9796296296874999 0.8557291671874999 0.9888888890624999 0.8588541671875 0.997222221875 0.88125 0.997222221875 0.88125 0.9824074078124999
0 0.8015625 0.63055555625 0.7984375 0.621296296875 0.7822916671875 0.621296296875 0.7807291671875001 0.6240740734375 0.7807291671875001 0.63055555625 0.7838541671875 0.6361111109375 0.796875 0.6361111109375 0.8015625 0.63055555625
0 0.375 0.547222221875 0.375 0.534259259375 0.3770833328125 0.527777778125 0.3791666671875 0.5333333328125 0.38333333281250004 0.5333333328125 0.3869791671875 0.5388888890625 0.3921875 0.5388888890625 0.3984375 0.5305555562500001 0.3984375 0.521296296875 0.390625 0.5018518515625 0.3864583328125 0.5018518515625 0.3859375 0.4990740734375 0.3630208328125 0.5018518515625 0.3625 0.4990740734375 0.35885416718749996 0.4990740734375 0.3557291671875 0.5046296296875 0.3557291671875 0.5416666671875 0.3604166671875 0.5527777781250001 0.371875 0.5527777781250001 0.375 0.547222221875
0 0.6395833328125 0.33888888906250003 0.6401041671875001 0.3416666671875 0.6578125 0.3416666671875 0.6640625 0.33055555625 0.6640625 0.3101851859375 0.659375 0.3018518515625 0.6536458328125 0.3018518515625 0.653125 0.29907407343750003 0.6260416671875 0.29907407343750003 0.6244791671875001 0.3018518515625 0.6244791671875001 0.322222221875 0.6260416671875 0.3231481484375 0.6260416671875 0.32777777812500003 0.6395833328125 0.33888888906250003
0 0.9369791671875 0.175 0.9385416671875 0.1759259265625 0.9385416671875 0.1833333328125 0.9453125 0.1833333328125 0.9458333328125 0.18055555625 0.9546875 0.177777778125 0.9609375 0.1666666671875 0.9609375 0.140740740625 0.9546875 0.1324074078125 0.9385416671875 0.1351851859375 0.9385416671875 0.1453703703125 0.9369791671875 0.146296296875 0.9369791671875 0.175
0 0.28854166718749996 0.2 0.2927083328125 0.20277777812500003 0.2947916671875 0.20833333281250002 0.303125 0.20555555625 0.3046875 0.19537037031249999 0.30625 0.19444444375 0.3046875 0.1740740734375 0.3 0.165740740625 0.28854166718749996 0.165740740625 0.2869791671875 0.16851851874999998 0.2869791671875 0.19444444375 0.28854166718749996 0.19537037031249999 0.28854166718749996 0.2
0 0.9390625 0.1861111109375 0.9546875 0.175 0.95625 0.16944444375 0.95625 0.1379629625 0.9546875 0.1351851859375 0.9364583328125 0.1351851859375 0.9359375 0.1324074078125 0.9197916671874999 0.1324074078125 0.9182291671874999 0.1351851859375 0.9182291671874999 0.172222221875 0.9213541671875 0.177777778125 0.9322916671874999 0.1861111109375 0.9390625 0.1861111109375
0 0.40729166718750004 0.1703703703125 0.40729166718750004 0.1981481484375 0.4057291671875 0.1990740734375 0.4057291671875 0.2166666671875 0.4088541671875 0.222222221875 0.4171875 0.222222221875 0.41770833281249997 0.21944444375 0.4203125 0.21944444375 0.4296875 0.20277777812500003 0.4296875 0.1981481484375 0.4359375 0.1888888890625 0.4359375 0.18148148125000002 0.4375 0.18055555625 0.4375 0.1601851859375 0.434375 0.1546296296875 0.4088541671875 0.1546296296875 0.4057291671875 0.1601851859375 0.4057291671875 0.16944444375 0.40729166718750004 0.1703703703125
0 0.940625 0.1833333328125 0.9421875 0.165740740625 0.9375 0.15092592656249998 0.9390625 0.1268518515625 0.9375 0.12407407343750002 0.9302083328125 0.12407407343750002 0.9296875 0.12129629687500001 0.9197916671874999 0.12407407343750002 0.9182291671874999 0.1296296296875 0.9197916671874999 0.175 0.9291666671875 0.1833333328125 0.940625 0.1833333328125
0 0.178125 0.252777778125 0.1828125 0.24444444375000002 0.18125 0.22407407343750002 0.1786458328125 0.22407407343750002 0.178125 0.221296296875 0.1697916671875 0.221296296875 0.1682291671875 0.22407407343750002 0.1682291671875 0.2388888890625 0.17135416718750002 0.24722222187499998 0.178125 0.252777778125
0 0.8734375 0.652777778125 0.8734375 0.6379629625 0.8677083328125 0.6324074078125 0.8640625 0.6240740734375 0.8609375 0.621296296875 0.8510416671875 0.621296296875 0.8494791671874999 0.6240740734375 0.8510416671875 0.64444444375 0.8567708328125001 0.647222221875 0.8588541671875 0.652777778125 0.8734375 0.652777778125