0 0.4171875 0.68984375 0.03984375 0.07265625
0 0.67734375 0.93203125 0.05390625 0.090625
0 0.21015625 0.61640625 0.04140625 0.06875
0 0.03515625 0.6734375 0.03671875 0.065625
0 0.06640625 0.275 0.04140625 0.078125
0 0.20234375 0.16171875 0.040625 0.06484375
0 0.321875 0.296875 0.04296875 0.06875
0 0.33125 0.3515625 0.03828125 0.059375
0 0.29375 0.353125 0.03984375 0.05859375
0 0.19296875 0.40859375 0.03671875 0.05390625
0 0.69375 0.0265625 0.03828125 0.053125
0 0.34921875 0.81015625 0.04296875 0.06953125
0 0.7578125 0.43046875 0.04453125 0.0703125
0 0.19296875 0.67421875 0.03671875 0.05078125
0 0.54296875 0.3765625 0.03671875 0.0734375
0 0.565625 0.75234375 0.03125 0.0484375
0 0.51484375 0.03984375 0.03828125 0.0734375
0 0.00859375 0.6640625 0.0171875 0.05
0 0.203125 0.3453125 0.02109375 0.06796875
0 0.33359375 0.259375 0.0328125 0.046875
0 0.2359375 0.43125 0.0296875 0.06171875
0 0.45703125 0.68203125 0.03125 0.04921875
0 0.446875 0.9375 0.03203125 0.059375
0 0.43046875 0.98125 0.0375 0.0375
0 0.728125 0.8453125 0.03671875 0.0765625
0 0.6125 0.98203125 0.0375 0.0359375
0 0.79453125 0.828125 0.03671875 0.05703125
0 0.85625 0.74453125 0.040625 0.0875
0 0.69453125 0.47890625 0.0453125 0.06796875
0 0.97734375 0.32421875 0.03125 0.0640625
0 0.65546875 0.01875 0.0234375 0.0375
0 0.3 0.5671875 0.03125 0.059375