0 0 0.0638888890625 0.0052083328125 0.0638888890625 0.0057291671875 0.0666666671875 0.0171875 0.0638888890625 0.01875 0.053703703125 0.0234375 0.047222221875 0.0234375 0.0425925921875 0.025 0.0416666671875 0.025 0.0240740734375 0.0171875 0.0101851859375 0 0.0101851859375 0 0.0638888890625
0 0.5005208328124999 0.722222221875 0.5010416671875 0.725 0.5203125 0.722222221875 0.53125 0.70555555625 0.53125 0.7009259265625001 0.5328125 0.7 0.5328125 0.6953703703125 0.5359375 0.6888888890625 0.5359375 0.6740740734374999 0.534375 0.6731481484375 0.534375 0.66851851875 0.53125 0.6648148140625 0.53125 0.6601851859375001 0.528125 0.6546296296875 0.4947916671875 0.6546296296875 0.49427083281249995 0.6574074078125001 0.4916666671875 0.6574074078125001 0.4869791671875 0.66851851875 0.4869791671875 0.7083333328125 0.4947916671875 0.722222221875 0.5005208328124999 0.722222221875
0 0.45729166718750003 0.29722222187499997 0.471875 0.29722222187499997 0.47552083281249996 0.2888888890625 0.478125 0.2888888890625 0.48125 0.2833333328125 0.48125 0.2731481484375 0.4859375 0.2638888890625 0.4859375 0.25740740781250004 0.484375 0.25648148125 0.484375 0.24907407343750002 0.48125 0.2379629625 0.478125 0.23240740781250002 0.44635416718750004 0.23240740781250002 0.44322916718750005 0.2379629625 0.44322916718750005 0.28055555625 0.44635416718750004 0.2888888890625 0.4505208328125 0.2888888890625 0.45729166718750003 0.29722222187499997
0 0.7822916671875 0.1046296296875 0.7822916671875 0.109259259375 0.7807291671875001 0.1101851859375 0.7807291671875001 0.1416666671875 0.7885416671875001 0.15555555625 0.80625 0.15555555625 0.8067708328125001 0.15277777812499999 0.809375 0.15277777812499999 0.8145833328125001 0.1416666671875 0.8171875 0.1416666671875 0.8171875 0.13703703750000001 0.81875 0.1361111109375 0.81875 0.12592592656249998 0.8203125 0.125 0.8203125 0.09629629687499999 0.81875 0.0953703703125 0.81875 0.08796296249999999 0.8109375 0.07685185156249999 0.7947916671875 0.07685185156249999 0.7932291671875 0.08425925937499999 0.7885416671875001 0.09074074062500001 0.7885416671875001 0.0953703703125 0.7822916671875 0.1046296296875
0 0.8854166671874999 0.075 0.90625 0.075 0.909375 0.072222221875 0.9125 0.059259259375 0.91875 0.052777778124999994 0.9203125 0.04444444375 0.91875 0.015740740625 0.915625 0.0101851859375 0.8822916671875 0.0101851859375 0.8807291671874999 0.0129629625 0.8807291671874999 0.061111110937500004 0.8822916671875 0.06944444375 0.8854166671874999 0.075
0 0.2802083328125 0.522222221875 0.2838541671875 0.527777778125 0.2880208328125 0.527777778125 0.28854166718749996 0.5305555562500001 0.2984375 0.5305555562500001 0.3020833328125 0.525 0.309375 0.522222221875 0.3171875 0.5083333328124999 0.31875 0.4796296296875 0.3171875 0.478703703125 0.3171875 0.471296296875 0.3125 0.46481481406249997 0.3125 0.4601851859375 0.309375 0.4546296296875 0.28072916718749996 0.4546296296875 0.2802083328125 0.4574074078125 0.2776041671875 0.4574074078125 0.2744791671875 0.465740740625 0.2744791671875 0.5138888890625 0.2776041671875 0.522222221875 0.2802083328125 0.522222221875
0 0.3932291671875 0.221296296875 0.3932291671875 0.252777778125 0.3947916671875 0.253703703125 0.3947916671875 0.25833333281250004 0.4010416671875 0.26944444375 0.4036458328125 0.26944444375 0.4057291671875 0.275 0.415625 0.275 0.425 0.25555555625 0.425 0.2453703703125 0.4265625 0.24444444375000002 0.425 0.21574074062499998 0.421875 0.2101851859375 0.3994791671875 0.2101851859375 0.39895833281250004 0.21296296250000002 0.3963541671875 0.21296296250000002 0.3947916671875 0.2203703703125 0.3932291671875 0.221296296875
0 0.81875 0.852777778125 0.81875 0.8324074078124999 0.815625 0.8259259265625 0.821875 0.825 0.825 0.8194444437499999 0.825 0.8018518515625 0.8234375 0.7990740734374999 0.7947916671875 0.7990740734374999 0.7932291671875 0.8018518515625 0.7932291671875 0.852777778125 0.8010416671874999 0.8611111109375 0.81875 0.852777778125
0 0.1692708328125 0.2166666671875 0.1796875 0.2138888890625 0.1828125 0.20833333281250002 0.184375 0.190740740625 0.18125 0.16851851874999998 0.178125 0.165740740625 0.15572916718750002 0.165740740625 0.1552083328125 0.16851851874999998 0.14791666718750002 0.16851851874999998 0.1432291671875 0.1768518515625 0.1432291671875 0.2166666671875 0.14791666718750002 0.222222221875 0.1640625 0.222222221875 0.1692708328125 0.2166666671875
0 0.9604166671875 0.6555555562500001 0.9677083328125 0.6583333328125 0.9682291671875 0.6611111109375 0.9796875 0.6611111109375 0.9802083328125001 0.6583333328125 0.9859375 0.6555555562500001 0.9953125 0.6388888890625 0.9953125 0.634259259375 0.9973958328125001 0.63055555625 0.9994791671875 0.63055555625 0.9994791671875 0.6129629624999999 0.9973958328125001 0.6129629624999999 0.9953125 0.609259259375 0.9921875 0.5935185187500001 0.990625 0.590740740625 0.9880208328125001 0.590740740625 0.9875 0.5879629625 0.9572916671874999 0.5879629625 0.9567708328125001 0.590740740625 0.9541666671875 0.590740740625 0.9510416671874999 0.5962962968750001 0.9510416671874999 0.6009259265625 0.9494791671874999 0.6018518515625 0.9494791671874999 0.63055555625 0.9510416671874999 0.63148148125 0.9510416671874999 0.6388888890625 0.9604166671875 0.6555555562500001
0 0.8322916671874999 0.8583333328125 0.8354166671875 0.8638888890624999 0.8380208328125001 0.8638888890624999 0.8416666671874999 0.86944444375 0.8458333328125001 0.86944444375 0.8463541671874999 0.872222221875 0.8505208328125 0.872222221875 0.8510416671875 0.875 0.8609375 0.872222221875 0.8614583328125001 0.86944444375 0.8671875 0.8666666671875 0.871875 0.8453703703125001 0.878125 0.8444444437499999 0.878125 0.8324074078124999 0.875 0.8259259265625 0.875 0.815740740625 0.86875 0.803703703125 0.86875 0.7990740734374999 0.8661458328125 0.7990740734374999 0.8609375 0.7879629625 0.8338541671874999 0.7879629625 0.8307291671874999 0.79351851875 0.8307291671874999 0.852777778125 0.8322916671874999 0.853703703125 0.8322916671874999 0.8583333328125
0 0.46197916718750004 0.1740740734375 0.46197916718750004 0.20833333281250002 0.4635416671875 0.209259259375 0.4635416671875 0.2138888890625 0.46979166718750004 0.222222221875 0.4828125 0.222222221875 0.48333333281249996 0.21944444375 0.4875 0.21944444375 0.4895833328125 0.2138888890625 0.4921875 0.2138888890625 0.4984375 0.2 0.4984375 0.1768518515625 0.4953125 0.17314814843749998 0.4953125 0.16851851874999998 0.4859375 0.1546296296875 0.4713541671875 0.1546296296875 0.47083333281249995 0.1574074078125 0.46666666718750005 0.1601851859375 0.46666666718750005 0.1648148140625 0.46197916718750004 0.1740740734375
0 0.0260416671875 0.63055555625 0.0333333328125 0.6333333328124999 0.0338541671875 0.6361111109375 0.0380208328125 0.6361111109375 0.0385416671875 0.6388888890625 0.0453125 0.6388888890625 0.0458333328125 0.6361111109375 0.0546875 0.6333333328124999 0.0625 0.61944444375 0.0625 0.590740740625 0.059375 0.5851851859375 0.050520832812500006 0.5824074078125 0.0484375 0.571296296875 0.04375 0.565740740625 0.0276041671875 0.565740740625 0.0244791671875 0.571296296875 0.0244791671875 0.622222221875 0.0260416671875 0.6231481484375 0.0260416671875 0.63055555625
0 0.21979166718749998 0.8861111109375001 0.22135416718749998 0.8888888890625 0.23177083281250002 0.8916666671875 0.2322916671875 0.89444444375 0.240625 0.8916666671875 0.24375 0.8861111109375001 0.2453125 0.8703703703125001 0.25 0.8611111109375 0.253125 0.8379629625 0.2484375 0.8324074078124999 0.22135416718749998 0.8324074078124999 0.2182291671875 0.8379629625 0.2182291671875 0.88055555625 0.21979166718749998 0.88148148125 0.21979166718749998 0.8861111109375001
0 0.2260416671875 0.50555555625 0.23333333281250002 0.5111111109375 0.2338541671875 0.5138888890625 0.2364583328125 0.5138888890625 0.23854166718749997 0.51944444375 0.24583333281250003 0.51944444375 0.24635416718749997 0.522222221875 0.259375 0.51944444375 0.2614583328125 0.5138888890625 0.2671875 0.5111111109375 0.2703125 0.4981481484375 0.271875 0.497222221875 0.2734375 0.4731481484375 0.275 0.47222222187499996 0.275 0.46851851875 0.2734375 0.4675925921875 0.2734375 0.4574074078125 0.26875 0.4509259265625 0.26875 0.44629629687500005 0.2609375 0.43240740781250003 0.2322916671875 0.43240740781250003 0.2244791671875 0.44629629687500005 0.2244791671875 0.497222221875 0.2260416671875 0.4981481484375 0.2260416671875 0.50555555625
0 0.6723958328124999 0.922222221875 0.6760416671875 0.9277777781250001 0.6828125 0.925 0.6895833328125 0.9111111109375001 0.709375 0.9111111109375001 0.7109375 0.9083333328125001 0.7109375 0.8953703703125001 0.7140625 0.8861111109375001 0.7140625 0.8740740734375001 0.7109375 0.865740740625 0.6713541671875001 0.865740740625 0.6682291671875 0.871296296875 0.6682291671875 0.9166666671874999 0.6697916671875 0.9175925921875001 0.6697916671875 0.922222221875 0.6723958328124999 0.922222221875
0 0.5171875 0.2888888890625 0.51875 0.28148148125 0.525 0.272222221875 0.525 0.24351851875000002 0.5234375 0.24259259218749998 0.5234375 0.2379629625 0.5177083328125 0.23518518593749999 0.5171875 0.23240740781250002 0.5010416671875 0.23240740781250002 0.4994791671875 0.23518518593749999 0.4994791671875 0.275 0.5072916671875001 0.2888888890625 0.5171875 0.2888888890625
0 0.7213541671875 0.13055555624999998 0.734375 0.13055555624999998 0.7348958328124999 0.127777778125 0.740625 0.125 0.7453125 0.1166666671875 0.7453125 0.1120370375 0.7484375 0.10833333281249999 0.75 0.0898148140625 0.7515625 0.0888888890625 0.7515625 0.078703703125 0.753125 0.077777778125 0.753125 0.0703703703125 0.7546875 0.06944444375 0.7546875 0.0490740734375 0.75 0.0425925921875 0.75 0.0379629625 0.7458333328125 0.0351851859375 0.7453125 0.0324074078125 0.7213541671875 0.0324074078125 0.7119791671875 0.0490740734375 0.7119791671875 0.11944444375 0.7161458328125 0.12222222187500001 0.7213541671875 0.13055555624999998
0 0.6067708328125 0.5333333328125 0.6109375 0.5333333328125 0.6125 0.5259259265625 0.61875 0.51944444375 0.61875 0.509259259375 0.6203125 0.5083333328124999 0.61875 0.48518518593750004 0.6125 0.4768518515625 0.6041666671875 0.4768518515625 0.6036458328125 0.4796296296875 0.5885416671875 0.4768518515625 0.5869791671875 0.4796296296875 0.5885416671875 0.5416666671875 0.6 0.5416666671875 0.6067708328125 0.5333333328125
0 0.7296875 0.23333333281250002 0.7302083328125 0.23055555625 0.7328125 0.23055555625 0.7359375 0.225 0.7359375 0.2203703703125 0.7375 0.21944444375 0.7375 0.19351851874999998 0.734375 0.1879629625 0.7317708328125 0.1879629625 0.728125 0.17962962968750001 0.7255208328125 0.17962962968750001 0.725 0.1768518515625 0.7135416671875 0.1768518515625 0.7119791671875 0.17962962968750001 0.7119791671875 0.21944444375 0.7197916671875 0.23333333281250002 0.7296875 0.23333333281250002
0 0.7557291671875 0.09444444375 0.7572916671875001 0.0953703703125 0.7572916671875001 0.102777778125 0.7588541671875 0.10370370312499999 0.7604166671875 0.1111111109375 0.7630208328125 0.1111111109375 0.7666666671875 0.1166666671875 0.778125 0.1166666671875 0.7817708328124999 0.10833333281249999 0.7859375 0.10555555624999999 0.7875 0.0953703703125 0.7921875 0.0888888890625 0.79375 0.078703703125 0.796875 0.075 0.796875 0.060185185937499996 0.7953125 0.059259259375 0.79375 0.046296296875 0.7859375 0.0324074078125 0.7635416671875 0.0324074078125 0.7572916671875001 0.040740740625 0.7572916671875001 0.048148148437499996 0.7557291671875 0.0490740734375 0.7557291671875 0.09444444375
0 0.5442708328125 0.522222221875 0.5494791671875 0.527777778125 0.559375 0.525 0.565625 0.5111111109375 0.565625 0.49629629687500004 0.5640625 0.4953703703125 0.5625 0.4796296296875 0.5609375 0.4768518515625 0.5416666671875 0.4768518515625 0.5385416671875001 0.4796296296875 0.5369791671875 0.48518518593750004 0.5369791671875 0.5166666671875 0.5385416671875001 0.522222221875 0.5442708328125 0.522222221875
0 0.3260416671875 0.184259259375 0.3260416671875 0.1888888890625 0.3359375 0.1888888890625 0.3395833328125 0.18055555625 0.3458333328125 0.18055555625 0.3463541671875 0.1833333328125 0.3546875 0.1861111109375 0.3583333328125 0.177777778125 0.3609375 0.177777778125 0.3609375 0.17314814843749998 0.3625 0.172222221875 0.3625 0.1546296296875 0.353125 0.1351851859375 0.3505208328125 0.1351851859375 0.35 0.1324074078125 0.33541666718749996 0.1324074078125 0.3348958328125 0.1351851859375 0.3307291671875 0.1351851859375 0.3260416671875 0.140740740625 0.3260416671875 0.1453703703125 0.3244791671875 0.146296296875 0.3244791671875 0.1833333328125 0.3260416671875 0.184259259375
0 0.4057291671875 0.8351851859374999 0.4057291671875 0.877777778125 0.40729166718750004 0.878703703125 0.40729166718750004 0.9 0.40989583281249997 0.9 0.41041666718750003 0.902777778125 0.41302083281249996 0.902777778125 0.4166666671875 0.9083333328125001 0.4234375 0.9083333328125001 0.42552083281249997 0.902777778125 0.428125 0.902777778125 0.42864583281249996 0.9 0.4359375 0.9 0.45 0.875 0.45 0.8546296296874999 0.446875 0.8509259265625 0.446875 0.8462962968750001 0.4453125 0.8453703703125001 0.4453125 0.834259259375 0.4484375 0.83055555625 0.446875 0.8240740734375 0.4427083328125 0.8240740734375 0.4421875 0.821296296875 0.4135416671875 0.821296296875 0.4057291671875 0.8351851859374999
0 0.9395833328125001 0.8333333328125001 0.94375 0.8333333328125001 0.95 0.8194444437499999 0.9484375 0.8018518515625 0.9453125 0.7981481484375 0.9453125 0.79351851875 0.9421875 0.7879629625 0.9135416671875 0.7879629625 0.9119791671874999 0.790740740625 0.9119791671874999 0.827777778125 0.9182291671874999 0.8361111109375001 0.9390625 0.8361111109375001 0.9395833328125001 0.8333333328125001
0 0.9197916671874999 0.678703703125 0.9197916671874999 0.6833333328125 0.9234375 0.6861111109375 0.9255208328125001 0.6805555562500001 0.9348958328125001 0.6805555562500001 0.9369791671875 0.6861111109375 0.9427083328125001 0.6888888890625 0.9447916671875 0.6944444437499999 0.953125 0.6916666671875 0.9578125 0.6833333328125 0.9578125 0.678703703125 0.9609375 0.675 0.9625 0.6574074078125001 0.95625 0.6481481484375 0.9546875 0.6379629625 0.95 0.63148148125 0.95 0.6268518515625 0.9458333328125 0.6240740734375 0.9453125 0.621296296875 0.9276041671874999 0.621296296875 0.9270833328125001 0.6240740734375 0.9244791671874999 0.6240740734375 0.9244791671874999 0.628703703125 0.9182291671874999 0.6379629625 0.9182291671874999 0.6777777781250001 0.9197916671874999 0.678703703125
0 0.8380208328125001 0.46944444374999994 0.8416666671874999 0.477777778125 0.8442708328125 0.477777778125 0.8447916671875 0.48055555625 0.859375 0.48055555625 0.8598958328125 0.477777778125 0.8625 0.477777778125 0.8640625 0.475 0.8640625 0.4703703703125 0.865625 0.46944444374999994 0.865625 0.4620370375 0.8671875 0.4611111109375 0.8671875 0.4574074078125 0.865625 0.45648148125 0.865625 0.44907407343749994 0.8640625 0.4481481484375 0.8640625 0.440740740625 0.8625 0.43981481406249995 0.8625 0.4296296296875 0.8609375 0.42870370312499995 0.8609375 0.4240740734375 0.8583333328125 0.4240740734375 0.8578125 0.42129629687500003 0.8385416671874999 0.42129629687500003 0.8307291671874999 0.43518518593750005 0.8307291671874999 0.4611111109375 0.8354166671875 0.46944444374999994 0.8380208328125001 0.46944444374999994
0 0.9208333328125 0.10185185156250001 0.9104166671874999 0.1046296296875 0.9072916671875 0.1129629625 0.9072916671875 0.1203703703125 0.9057291671875 0.12129629687500001 0.9057291671875 0.1416666671875 0.9088541671874999 0.147222221875 0.9114583328125001 0.147222221875 0.9151041671875 0.15277777812499999 0.9208333328125 0.15277777812499999 0.9213541671875 0.15555555625 0.9265625 0.15555555625 0.9270833328125001 0.15277777812499999 0.93125 0.15277777812499999 0.9333333328125001 0.147222221875 0.9359375 0.147222221875 0.9375 0.13981481406250001 0.9421875 0.13333333281249998 0.94375 0.1203703703125 0.9453125 0.11944444375 0.9453125 0.1074074078125 0.94375 0.10648148125000001 0.9421875 0.09074074062500001 0.9395833328125001 0.09074074062500001 0.9390625 0.08796296249999999 0.9291666671875 0.08796296249999999 0.9208333328125 0.10185185156250001
0 0.7979166671875 0.43333333281249997 0.8140625 0.43333333281249997 0.8171875 0.43055555625 0.821875 0.41944444374999995 0.821875 0.41018518593750003 0.8171875 0.39351851875 0.8125 0.3879629625 0.7947916671875 0.3879629625 0.7932291671875 0.39074074062499997 0.7932291671875 0.425 0.7947916671875 0.43055555625 0.7979166671875 0.43333333281249997
0 0.3421875 0.058333332812500006 0.34427083281250004 0.052777778124999994 0.346875 0.052777778124999994 0.3515625 0.0416666671875 0.3515625 0.0268518515625 0.35 0.0259259265625 0.35 0.018518518749999997 0.346875 0.0129629625 0.3427083328125 0.0129629625 0.3421875 0.0101851859375 0.3260416671875 0.0101851859375 0.3244791671875 0.0129629625 0.3244791671875 0.0388888890625 0.3338541671875 0.055555556250000006 0.3421875 0.058333332812500006
0 0.4536458328125 0.5722222218749999 0.45416666718750004 0.575 0.46875 0.577777778125 0.4692708328125 0.575 0.4734375 0.5722222218749999 0.475 0.5574074078125 0.465625 0.5351851859375001 0.46302083281249995 0.5351851859375001 0.4625 0.5324074078125001 0.44635416718750004 0.5324074078125001 0.44322916718750005 0.5379629625 0.44322916718750005 0.5666666671875 0.4447916671875 0.5675925921875 0.44635416718750004 0.575 0.4536458328125 0.5722222218749999
0 0.8859375 0.875 0.8875 0.8675925921875001 0.8921875 0.8638888890624999 0.8921875 0.8435185187500001 0.8875 0.8370370375 0.884375 0.8240740734375 0.8760416671875 0.821296296875 0.8744791671875 0.8240740734375 0.8744791671875 0.86944444375 0.8760416671875 0.875 0.8859375 0.875
0 0.4614583328125 0.075 0.4635416671875 0.08055555625000001 0.4734375 0.08333333281250001 0.4765625 0.075 0.475 0.048148148437499996 0.47864583281249995 0.0416666671875 0.4791666671875 0.04444444375 0.4859375 0.0416666671875 0.4859375 0.0268518515625 0.48125 0.021296296875000002 0.45885416718750005 0.021296296875000002 0.4557291671875 0.0268518515625 0.4557291671875 0.0638888890625 0.45885416718750005 0.075 0.4614583328125 0.075
0 0.9822916671874999 0.497222221875 0.9994791671875 0.497222221875 0.9994791671875 0.44351851875000003 0.9885416671874999 0.44351851875000003 0.9807291671874999 0.4601851859375 0.9807291671874999 0.4888888890625 0.9822916671874999 0.48981481406249994 0.9822916671874999 0.497222221875
0 0.734375 0.6861111109375 0.7375 0.6777777781250001 0.7359375 0.6574074078125001 0.7197916671875 0.6546296296875 0.7182291671875001 0.6574074078125001 0.7182291671875001 0.6861111109375 0.7197916671875 0.6888888890625 0.734375 0.6861111109375
0 0.6828125 0.0333333328125 0.6880208328124999 0.022222221875 0.696875 0.019444443750000002 0.696875 0.0129629625 0.6921875 0.0101851859375 0.6635416671875001 0.0101851859375 0.6619791671875 0.0129629625 0.6619791671875 0.0361111109375 0.6635416671875001 0.0416666671875 0.6734375 0.04444444375 0.6802083328124999 0.0333333328125 0.6828125 0.0333333328125
0 0.24322916718749998 0.86851851875 0.24322916718749998 0.9055555562500001 0.24635416718749997 0.9111111109375001 0.253125 0.9111111109375001 0.25625 0.9055555562500001 0.25625 0.884259259375 0.2598958328125 0.877777778125 0.2703125 0.875 0.2734375 0.8666666671875 0.2734375 0.8574074078124999 0.2703125 0.8546296296874999 0.2479166671875 0.8574074078124999 0.2479166671875 0.8620370375 0.24322916718749998 0.86851851875
0 0.2744791671875 0.11851851875 0.2744791671875 0.15277777812499999 0.2760416671875 0.15555555625 0.2828125 0.15277777812499999 0.2848958328125 0.147222221875 0.2875 0.147222221875 0.28958333281250004 0.1416666671875 0.2921875 0.1416666671875 0.2958333328125 0.13333333281249998 0.2984375 0.13333333281249998 0.3015625 0.127777778125 0.3015625 0.1046296296875 0.2984375 0.0990740734375 0.28072916718749996 0.0990740734375 0.2776041671875 0.10185185156250001 0.2760416671875 0.1175925921875 0.2744791671875 0.11851851875
0 0.9447916671875 0.16944444375 0.9494791671874999 0.175 0.9578125 0.175 0.9640625 0.16388888906250001 0.9625 0.1268518515625 0.959375 0.12129629687500001 0.9447916671875 0.12129629687500001 0.9432291671874999 0.12407407343750002 0.9432291671874999 0.16388888906250001 0.9447916671875 0.1648148140625 0.9447916671875 0.16944444375
0 0.1515625 0.63055555625 0.1515625 0.6259259265625 0.15625 0.61944444375 0.15625 0.6018518515625 0.1546875 0.5990740734375 0.1385416671875 0.5990740734375 0.1369791671875 0.6018518515625 0.1385416671875 0.6388888890625 0.1515625 0.63055555625
0 0.0296875 0.41944444374999995 0.0333333328125 0.41111111093749997 0.0359375 0.41111111093749997 0.0395833328125 0.40555555625000006 0.04375 0.40555555625000006 0.05 0.397222221875 0.05 0.3851851859375 0.0484375 0.384259259375 0.046875 0.3768518515625 0.0380208328125 0.3796296296875 0.0375 0.3768518515625 0.0348958328125 0.3768518515625 0.0296875 0.365740740625 0.0197916671875 0.365740740625 0.0182291671875 0.36851851875 0.0182291671875 0.40833333281249995 0.0197916671875 0.409259259375 0.021354167187500002 0.4166666671875 0.0296875 0.41944444374999995
0 0.1640625 0.6638888890625 0.1671875 0.6583333328125 0.1671875 0.6537037031249999 0.1734375 0.64444444375 0.1734375 0.6351851859375001 0.171875 0.6324074078125 0.1510416671875 0.6324074078125 0.1494791671875 0.6351851859375001 0.1494791671875 0.6555555562500001 0.1526041671875 0.6638888890625 0.1609375 0.6666666671875 0.1614583328125 0.6638888890625 0.1640625 0.6638888890625
0 0.21770833281250002 0.38333333281250004 0.2182291671875 0.3861111109375 0.22395833281250002 0.3888888890625 0.22760416718749998 0.397222221875 0.23177083281250002 0.397222221875 0.2322916671875 0.4 0.240625 0.4 0.240625 0.3981481484375 0.2484375 0.3861111109375 0.2484375 0.36851851875 0.24739583281250002 0.36851851875 0.2359375 0.34629629687499996 0.23020833281250003 0.34629629687499996 0.2296875 0.34351851875 0.20729166718749997 0.34351851875 0.20729166718749997 0.3453703703125 0.20572916718749998 0.34629629687499996 0.20572916718749998 0.377777778125 0.20729166718749997 0.378703703125 0.20729166718749997 0.38333333281250004 0.21770833281250002 0.38333333281250004
0 0.9447916671875 0.11574074062499999 0.9447916671875 0.1231481484375 0.9432291671874999 0.12407407343750002 0.9432291671874999 0.16388888906250001 0.9463541671875 0.172222221875 0.95625 0.175 0.9625 0.1666666671875 0.9645833328125001 0.1583333328125 0.971875 0.1583333328125 0.978125 0.15 0.9796875 0.14444444375 0.9796875 0.12129629687500001 0.9765625 0.1129629625 0.9734375 0.1101851859375 0.9526041671875 0.1101851859375 0.9520833328125 0.1129629625 0.9447916671875 0.11574074062499999
0 0.76875 0.7129629625 0.7572916671875001 0.7101851859375 0.7557291671875 0.7416666671875001 0.765625 0.74444444375 0.76875 0.7388888890625 0.76875 0.7129629625
0 0.5135416671875 0.8166666671874999 0.5182291671875 0.8259259265625 0.5182291671875 0.83055555625 0.5234375 0.8333333328125001 0.53125 0.8194444437499999 0.53125 0.7824074078125001 0.5296875 0.7814814812499999 0.5296875 0.7768518515625 0.5265625 0.7759259265625 0.5265625 0.771296296875 0.5234375 0.765740740625 0.5072916671875001 0.765740740625 0.5057291671875 0.76851851875 0.5057291671875 0.7916666671875 0.5119791671875 0.803703703125 0.5135416671875 0.8166666671874999
0 0.2375 0.3861111109375 0.2375 0.3574074078125 0.234375 0.34629629687499996 0.2265625 0.34351851875 0.20729166718749997 0.34351851875 0.20572916718749998 0.34629629687499996 0.20729166718749997 0.38333333281250004 0.2208333328125 0.38055555625 0.2260416671875 0.3888888890625 0.2375 0.3861111109375
0 0.0223958328125 0.5 0.034375 0.5 0.0359375 0.490740740625 0.0328125 0.4879629625 0.007291667187500001 0.4879629625 0.0057291671875 0.490740740625 0.007291667187500001 0.525 0.0109375 0.525 0.0125 0.5148148140625 0.0171875 0.5111111109375 0.0223958328125 0.5
0 0.9734375 0.1583333328125 0.9796875 0.147222221875 0.9796875 0.1425925921875 0.98125 0.1416666671875 0.98125 0.12407407343750002 0.9796875 0.1231481484375 0.9796875 0.11851851875 0.975 0.1101851859375 0.9635416671874999 0.1101851859375 0.9619791671875 0.1129629625 0.9619791671875 0.15277777812499999 0.9651041671874999 0.1583333328125 0.9734375 0.1583333328125
0 0.1796875 0.34444444375 0.1796875 0.3425925921875 0.1859375 0.3333333328125 0.1859375 0.321296296875 0.1848958328125 0.321296296875 0.1796875 0.3101851859375 0.16354166718750002 0.3101851859375 0.16354166718750002 0.3120370375 0.1619791671875 0.3129629625 0.1619791671875 0.33888888906250003 0.1630208328125 0.33888888906250003 0.1651041671875 0.34444444375 0.1796875 0.34444444375
0 0.5890625 0.5527777781250001 0.590625 0.55 0.5890625 0.5296296296875 0.584375 0.5129629625 0.58125 0.5101851859375001 0.5651041671875 0.5101851859375001 0.5619791671875001 0.515740740625 0.5619791671875001 0.5416666671875 0.5651041671875 0.55 0.5682291671875 0.5527777781250001 0.5890625 0.5527777781250001
0 0.9682291671875 0.7638888890625 0.9765625 0.7666666671875 0.98125 0.7638888890625 0.9796875 0.753703703125 0.9828125 0.73055555625 0.98125 0.7046296296875 0.9765625 0.6990740734374999 0.9697916671875 0.6990740734374999 0.9682291671875 0.7018518515625 0.9682291671875 0.7416666671875001 0.9697916671875 0.7425925921875 0.9682291671875 0.7638888890625
0 0.2427083328125 0.9 0.24479166718749998 0.9083333328125001 0.2546875 0.9083333328125001 0.25625 0.884259259375 0.2598958328125 0.877777778125 0.2703125 0.875 0.2734375 0.8666666671875 0.2734375 0.8574074078124999 0.2567708328125 0.8518518515625001 0.2546875 0.8481481484375 0.2546875 0.8351851859374999 0.25052083281250004 0.8351851859374999 0.25 0.8324074078124999 0.2260416671875 0.8324074078124999 0.2244791671875 0.8351851859374999 0.2244791671875 0.8861111109375001 0.22760416718749998 0.8916666671875 0.2427083328125 0.9
0 0.14375 0.31944444375000003 0.1484375 0.3111111109375 0.1484375 0.296296296875 0.1453125 0.2925925921875 0.1453125 0.2851851859375 0.14375 0.284259259375 0.1421875 0.2768518515625 0.13229166718750002 0.2768518515625 0.1307291671875 0.2796296296875 0.1307291671875 0.30555555624999997 0.1369791671875 0.31944444375000003 0.14375 0.31944444375000003
0 0.7572916671875001 0.04351851875 0.7541666671875 0.0490740734375 0.7541666671875 0.053703703125 0.7510416671875 0.060185185937499996 0.7494791671875001 0.125 0.7510416671875 0.12592592656249998 0.7510416671875 0.13333333281249998 0.7526041671875 0.134259259375 0.7557291671875 0.15 0.7588541671875 0.15555555625 0.7734375 0.15555555625 0.7739583328124999 0.15277777812499999 0.778125 0.15 0.778125 0.1453703703125 0.7796875 0.14444444375 0.7796875 0.1120370375 0.7875 0.1 0.7875 0.0953703703125 0.7921875 0.0888888890625 0.79375 0.078703703125 0.796875 0.075 0.796875 0.065740740625 0.7953125 0.0648148140625 0.79375 0.046296296875 0.784375 0.0324074078125 0.7635416671875 0.0324074078125 0.7604166671875 0.0379629625 0.7604166671875 0.0425925921875 0.7572916671875001 0.04351851875
0 0.4203125 0.44166666718750003 0.4203125 0.4268518515625 0.415625 0.42129629687500003 0.4010416671875 0.42129629687500003 0.3994791671875 0.4240740734375 0.3994791671875 0.4361111109375 0.4057291671875 0.447222221875 0.4171875 0.447222221875 0.4203125 0.44166666718750003
0 0.7510416671875 0.425 0.7536458328125 0.425 0.7572916671875001 0.43055555625 0.7609375 0.43055555625 0.7671875 0.41944444374999995 0.765625 0.4046296296875 0.7609375 0.3990740734375 0.7510416671875 0.3990740734375 0.7494791671875001 0.4018518515625 0.7494791671875001 0.41944444374999995 0.7510416671875 0.4203703703125 0.7510416671875 0.425
0 0.7510416671875 0.1416666671875 0.7557291671875 0.15092592656249998 0.7557291671875 0.15555555625 0.7583333328124999 0.15555555625 0.7619791671875 0.1611111109375 0.7703125 0.1611111109375 0.7708333328125 0.1583333328125 0.7765625 0.15555555625 0.78125 0.1416666671875 0.7796875 0.1129629625 0.7708333328125 0.1129629625 0.76875 0.1074074078125 0.7661458328124999 0.1074074078125 0.7609375 0.0990740734375 0.7510416671875 0.0990740734375 0.7494791671875001 0.10185185156250001 0.7494791671875001 0.13333333281249998 0.7510416671875 0.134259259375 0.7510416671875 0.1416666671875