0 0.22109375 0.0875 0.04765625 0.08046875
0 0.22265625 0.35390625 0.05234375 0.0703125
0 0.121875 0.35546875 0.05078125 0.08203125
0 0.26640625 0.628125 0.0640625 0.10859375
0 0.45390625 0.675 0.0671875 0.11796875
0 0.39375 0.6640625 0.0578125 0.1
0 0.1375 0.88828125 0.05390625 0.090625
0 0.01875 0.853125 0.0375 0.1046875
0 0.509375 0.43359375 0.04921875 0.09140625
0 0.475 0.28125 0.05546875 0.10546875
0 0.57265625 0.3421875 0.0578125 0.0828125
0 0.5953125 0.4578125 0.059375 0.090625
0 0.9515625 0.76640625 0.05078125 0.07890625
0 0.34921875 0.28984375 0.03828125 0.059375