0 0.7197916671875 0.427777778125 0.7244791671875 0.434259259375 0.7244791671875 0.4388888890625 0.7276041671875 0.44444444375 0.7333333328125 0.447222221875 0.7338541671875001 0.45 0.7421875 0.45 0.7427083328124999 0.447222221875 0.75 0.44444444375 0.7515625 0.4370370375 0.75625 0.43055555625 0.75625 0.42592592656250006 0.7578125 0.425 0.7578125 0.4074074078125 0.75625 0.40648148125 0.75625 0.3990740734375 0.7484375 0.3879629625 0.7213541671875 0.3879629625 0.7182291671875001 0.39351851875 0.7182291671875001 0.42222222187499997 0.7197916671875 0.42314814843750004 0.7197916671875 0.427777778125
0 0.3135416671875 0.052777778124999994 0.3161458328125 0.052777778124999994 0.3244791671875 0.0666666671875 0.3375 0.0638888890625 0.3375 0.059259259375 0.34375 0.052777778124999994 0.346875 0.0416666671875 0.346875 0.021296296875000002 0.3453125 0.0203703703125 0.34375 0.0018518515625 0.3151041671875 0 0.31197916718749996 0.004629629687499999 0.31197916718749996 0.04444444375 0.3135416671875 0.045370370312500005 0.3135416671875 0.052777778124999994
0 0.6885416671875 0.46388888906250003 0.6911458328125 0.46388888906250003 0.6916666671875 0.46666666718750005 0.6942708328125 0.46666666718750005 0.6947916671875001 0.46944444374999994 0.6973958328125 0.46944444374999994 0.7010416671875 0.475 0.7125 0.475 0.7130208328125 0.47222222187499996 0.721875 0.46666666718750005 0.725 0.4611111109375 0.725 0.45648148125 0.728125 0.45277777812500003 0.728125 0.44629629687500005 0.7265625 0.4453703703125 0.7234375 0.4296296296875 0.71875 0.4203703703125 0.71875 0.4046296296875 0.715625 0.3990740734375 0.7010416671875 0.3990740734375 0.6869791671875001 0.4240740734375 0.6869791671875001 0.4583333328125 0.6885416671875 0.459259259375 0.6885416671875 0.46388888906250003
0 0.4359375 0.25555555625 0.4375 0.24814814843750002 0.44375 0.2388888890625 0.44375 0.221296296875 0.4421875 0.2203703703125 0.440625 0.20740740781250003 0.434375 0.1990740734375 0.4135416671875 0.1990740734375 0.41197916718750005 0.2018518515625 0.41197916718750005 0.252777778125 0.4135416671875 0.25555555625 0.4359375 0.25555555625
0 0.061979167187499996 0.597222221875 0.0645833328125 0.597222221875 0.06510416718749999 0.6 0.0796875 0.6 0.08645833281250001 0.5888888890625 0.090625 0.5861111109375 0.090625 0.58148148125 0.0921875 0.58055555625 0.0921875 0.5629629625 0.0859375 0.546296296875 0.08333333281250001 0.546296296875 0.0828125 0.54351851875 0.058854167187499994 0.54351851875 0.0557291671875 0.5490740734374999 0.0557291671875 0.5861111109375 0.058854167187499994 0.5916666671875 0.0614583328125 0.5916666671875 0.061979167187499996 0.597222221875
0 0.7192708328124999 0.1888888890625 0.7197916671875 0.1916666671875 0.721875 0.1916666671875 0.7223958328125 0.1888888890625 0.728125 0.1888888890625 0.73125 0.1833333328125 0.73125 0.17314814843749998 0.7328125 0.172222221875 0.7328125 0.1518518515625 0.73125 0.15092592656249998 0.7296875 0.1351851859375 0.7203125 0.12129629687500001 0.7010416671875 0.12129629687500001 0.6994791671875 0.12407407343750002 0.6994791671875 0.172222221875 0.7135416671875 0.1888888890625 0.7192708328124999 0.1888888890625
0 0.1630208328125 0.0296296296875 0.1588541671875 0.0296296296875 0.15572916718750002 0.0351851859375 0.15572916718750002 0.0638888890625 0.1604166671875 0.075 0.1630208328125 0.075 0.16354166718750002 0.077777778125 0.1734375 0.077777778125 0.18125 0.0666666671875 0.1828125 0.05648148125 0.1859375 0.052777778124999994 0.1859375 0.0268518515625 0.184375 0.0240740734375 0.1817708328125 0.0240740734375 0.18125 0.021296296875000002 0.17135416718750002 0.021296296875000002 0.1630208328125 0.0296296296875
0 0.3010416671875 0.6638888890625 0.3098958328125 0.6666666671875 0.3104166671875 0.66944444375 0.3203125 0.66944444375 0.32083333281250004 0.6666666671875 0.3296875 0.6638888890625 0.33125 0.6379629625 0.31875 0.6175925921875 0.31875 0.6129629624999999 0.3171875 0.6101851859375 0.3010416671875 0.6101851859375 0.2994791671875 0.6129629624999999 0.2994791671875 0.6555555562500001 0.3010416671875 0.6564814812499999 0.3010416671875 0.6638888890625
0 0.0447916671875 0.234259259375 0.0447916671875 0.2388888890625 0.058854167187499994 0.252777778125 0.06875 0.252777778125 0.075 0.2416666671875 0.0765625 0.23148148124999998 0.0796875 0.22777777812500002 0.0796875 0.2018518515625 0.078125 0.2009259265625 0.078125 0.196296296875 0.0734375 0.1879629625 0.051041667187499994 0.1879629625 0.050520832812500006 0.190740740625 0.0479166671875 0.190740740625 0.0479166671875 0.19537037031249999 0.0432291671875 0.2046296296875 0.0432291671875 0.23333333281250002 0.0447916671875 0.234259259375
0 0.0260416671875 0.27777777812500004 0.0286458328125 0.27777777812500004 0.0322916671875 0.28611111093749997 0.0546875 0.28611111093749997 0.0625 0.275 0.0640625 0.2601851859375 0.0609375 0.2546296296875 0.058333332812500006 0.2546296296875 0.0546875 0.246296296875 0.0458333328125 0.240740740625 0.0453125 0.23518518593749999 0.04375 0.234259259375 0.04375 0.22685185156249998 0.040625 0.221296296875 0.0260416671875 0.22407407343750002 0.0260416671875 0.22870370312500002 0.0244791671875 0.2296296296875 0.0244791671875 0.275 0.0260416671875 0.27777777812500004
0 0.3322916671875 0.18055555625 0.3369791671875 0.1861111109375 0.3484375 0.1861111109375 0.35208333281250004 0.177777778125 0.35625 0.175 0.35625 0.14351851875 0.35 0.1324074078125 0.3322916671875 0.1324074078125 0.3307291671875 0.1351851859375 0.3307291671875 0.175 0.3322916671875 0.1759259265625 0.3322916671875 0.18055555625
0 0.9822916671874999 0.1611111109375 0.9994791671875 0.15555555625 0.9994791671875 0.0990740734375 0.9776041671875 0.0990740734375 0.9744791671874999 0.1046296296875 0.9744791671874999 0.15277777812499999 0.9817708328125001 0.1583333328125 0.9822916671874999 0.1611111109375
0 0.70625 0.23333333281250002 0.7067708328125 0.23055555625 0.709375 0.23055555625 0.7125 0.225 0.7125 0.2203703703125 0.7171875 0.2138888890625 0.7171875 0.209259259375 0.71875 0.20833333281250002 0.71875 0.190740740625 0.7171875 0.1879629625 0.7130208328125 0.1879629625 0.709375 0.17962962968750001 0.7067708328125 0.17962962968750001 0.70625 0.1768518515625 0.6885416671875 0.1768518515625 0.6869791671875001 0.17962962968750001 0.6869791671875001 0.21944444375 0.6963541671875 0.23333333281250002 0.70625 0.23333333281250002
0 0.5572916671875 0.4916666671875 0.5734375 0.4888888890625 0.575 0.48148148125 0.5796875 0.475 0.5796875 0.46481481406249997 0.58125 0.46388888906250003 0.5796875 0.4546296296875 0.5770833328125 0.4546296296875 0.5703125 0.44351851875000003 0.5572916671875 0.44351851875000003 0.5541666671875001 0.44629629687500005 0.5494791671875 0.465740740625 0.5494791671875 0.4861111109375 0.5567708328125 0.4888888890625 0.5572916671875 0.4916666671875
0 0.9869791671874999 0.8111111109375001 0.9895833328125001 0.8111111109375001 0.9947916671874999 0.8194444437499999 0.9994791671875 0.8194444437499999 0.9994791671875 0.74351851875 0.9885416671874999 0.74351851875 0.9838541671875 0.746296296875 0.9807291671874999 0.7574074078125 0.9807291671874999 0.797222221875 0.9869791671874999 0.8111111109375001
0 0.7947916671875 0.3953703703125 0.7947916671875 0.40277777812500004 0.7979166671875 0.40833333281249995 0.8052083328125 0.41111111093749997 0.8057291671875 0.4138888890625 0.8171875 0.4138888890625 0.8192708328125 0.40833333281249995 0.821875 0.40833333281249995 0.8296875 0.3888888890625 0.8296875 0.371296296875 0.825 0.3648148140625 0.8234375 0.3490740734375 0.8177083328125001 0.34629629687499996 0.8171875 0.34351851875 0.7994791671875 0.34351851875 0.7989583328125 0.34629629687499996 0.7947916671875 0.34629629687499996 0.7947916671875 0.3509259265625 0.7932291671875 0.3518518515625 0.7932291671875 0.39444444375 0.7947916671875 0.3953703703125
0 0.7572916671875001 0.8731481484374999 0.7572916671875001 0.877777778125 0.7583333328124999 0.877777778125 0.7619791671875 0.8861111109375001 0.7661458328124999 0.8861111109375001 0.7666666671875 0.8888888890625 0.7796875 0.8888888890625 0.7802083328125 0.8861111109375001 0.7828125 0.8861111109375001 0.7828125 0.884259259375 0.790625 0.872222221875 0.790625 0.8675925921875001 0.7921875 0.8666666671875 0.7921875 0.8546296296874999 0.7890625 0.8509259265625 0.7890625 0.8462962968750001 0.7833333328125 0.8435185187500001 0.771875 0.821296296875 0.7572916671875001 0.821296296875 0.7572916671875001 0.8231481484375 0.7557291671875 0.8240740734375 0.7557291671875 0.872222221875 0.7572916671875001 0.8731481484374999
0 0.8359375 0.522222221875 0.84375 0.5083333328124999 0.84375 0.4796296296875 0.8421875 0.4768518515625 0.8197916671875 0.4768518515625 0.8182291671874999 0.4796296296875 0.8182291671874999 0.51944444375 0.8197916671875 0.522222221875 0.8359375 0.522222221875
0 0.017708332812499998 0.502777778125 0.021354167187500002 0.5111111109375 0.028125 0.5111111109375 0.0286458328125 0.5083333328124999 0.034375 0.50555555625 0.0364583328125 0.5 0.0390625 0.5 0.0421875 0.49444444374999996 0.0421875 0.48703703750000005 0.04375 0.4861111109375 0.04375 0.46296296249999996 0.0421875 0.4620370375 0.0421875 0.4574074078125 0.0380208328125 0.4546296296875 0.034375 0.44629629687500005 0.0317708328125 0.44629629687500005 0.03125 0.44351851875000003 0.008854167187500001 0.44351851875000003 0.0057291671875 0.44907407343749994 0.0057291671875 0.4888888890625 0.007291667187500001 0.48981481406249994 0.008854167187500001 0.497222221875 0.017708332812499998 0.502777778125
0 0.5708333328124999 0.44444444375 0.5760416671875 0.45277777812500003 0.5859375 0.447222221875 0.5890625 0.44166666718750003 0.5890625 0.434259259375 0.5921875 0.43055555625 0.5921875 0.4129629625 0.5890625 0.409259259375 0.5890625 0.4046296296875 0.5859375 0.3990740734375 0.5635416671875 0.3990740734375 0.5619791671875001 0.4018518515625 0.5619791671875001 0.4361111109375 0.5635416671875 0.44166666718750003 0.5708333328124999 0.44444444375
0 0.0760416671875 0.6777777781250001 0.0859375 0.672222221875 0.0875 0.6620370375 0.0927083328125 0.652777778125 0.0953125 0.652777778125 0.096875 0.6351851859375001 0.09375 0.6240740734375 0.090625 0.621296296875 0.06979166718749999 0.621296296875 0.0682291671875 0.6240740734375 0.06979166718749999 0.675 0.07552083281250001 0.675 0.0760416671875 0.6777777781250001
0 0.19375 0.352777778125 0.1953125 0.328703703125 0.196875 0.32777777812500003 0.1953125 0.3129629625 0.1921875 0.3101851859375 0.16354166718750002 0.3101851859375 0.1619791671875 0.3129629625 0.1619791671875 0.34444444375 0.1666666671875 0.35555555625 0.1875 0.3583333328125 0.19375 0.352777778125
0 0.6072916671875 0.477777778125 0.61875 0.475 0.625 0.46388888906250003 0.625 0.45370370312499997 0.6265625 0.45277777812500003 0.625 0.4268518515625 0.621875 0.42129629687500003 0.6010416671875001 0.42129629687500003 0.5994791671875 0.4240740734375 0.5994791671875 0.46388888906250003 0.6026041671875 0.475 0.6072916671875 0.477777778125
0 0.1708333328125 0.4166666671875 0.17135416718750002 0.41944444374999995 0.1796875 0.41944444374999995 0.18020833281249998 0.4166666671875 0.1890625 0.41111111093749997 0.19375 0.40277777812500004 0.1953125 0.371296296875 0.1921875 0.365740740625 0.16354166718750002 0.365740740625 0.1619791671875 0.36851851875 0.1619791671875 0.40833333281249995 0.1661458328125 0.41111111093749997 0.1682291671875 0.4166666671875 0.1708333328125 0.4166666671875
0 0.73125 0.2638888890625 0.7375 0.252777778125 0.7375 0.22407407343750002 0.7359375 0.221296296875 0.7197916671875 0.221296296875 0.7182291671875001 0.22407407343750002 0.7182291671875001 0.25555555625 0.7213541671875 0.2638888890625 0.73125 0.2638888890625
0 0.0489583328125 0.5 0.054166667187499996 0.50555555625 0.0640625 0.50555555625 0.0734375 0.49444444374999996 0.075 0.48425925937500003 0.0796875 0.477777778125 0.0796875 0.4574074078125 0.07552083281250001 0.4574074078125 0.075 0.4546296296875 0.051041667187499994 0.4546296296875 0.0447916671875 0.46296296249999996 0.0432291671875 0.46851851875 0.0432291671875 0.49444444374999996 0.0447916671875 0.5 0.0489583328125 0.5
0 0.0546875 0.575 0.05625 0.546296296875 0.053125 0.5351851859375001 0.05 0.5324074078125001 0.0276041671875 0.5324074078125001 0.0244791671875 0.5379629625 0.0244791671875 0.5722222218749999 0.0260416671875 0.577777778125 0.05 0.58055555625 0.0546875 0.575
0 0.0994791671875 0.20833333281250002 0.1041666671875 0.2138888890625 0.1140625 0.2138888890625 0.11875 0.20833333281250002 0.11875 0.20370370312500002 0.125 0.1916666671875 0.125 0.171296296875 0.121875 0.165740740625 0.1057291671875 0.165740740625 0.1052083328125 0.16851851874999998 0.10260416718750001 0.16851851874999998 0.0994791671875 0.1768518515625 0.0994791671875 0.20833333281250002
0 0.9260416671874999 0 0.9244791671874999 0.0018518515625 0.9244791671874999 0.030555556249999997 0.9260416671874999 0.0333333328125 0.9302083328125 0.0333333328125 0.9322916671874999 0.0388888890625 0.9380208328125 0.0388888890625 0.9385416671875 0.0416666671875 0.940625 0.0416666671875 0.9427083328125001 0.0361111109375 0.95 0.0333333328125 0.95625 0.025 0.959375 0.004629629687499999 0.9546875 0 0.9260416671874999 0
0 0.0973958328125 0.8879629625 0.0947916671875 0.8879629625 0.0869791671875 0.9018518515625 0.0869791671875 0.925 0.08854166718749999 0.9259259265625 0.08854166718749999 0.9305555562500001 0.1 0.9305555562500001 0.10364583281249999 0.922222221875 0.1109375 0.91944444375 0.1125 0.9037037031249999 0.1171875 0.897222221875 0.1171875 0.8925925921875001 0.1203125 0.8861111109375001 0.1203125 0.8796296296874999 0.1177083328125 0.8796296296874999 0.1171875 0.8768518515625001 0.10260416718750001 0.8768518515625001 0.0973958328125 0.8879629625
0 0.15 0.052777778124999994 0.15 0.0351851859375 0.1484375 0.0324074078125 0.1260416671875 0.0324074078125 0.1244791671875 0.0351851859375 0.1244791671875 0.052777778124999994 0.1260416671875 0.055555556250000006 0.1421875 0.061111110937500004 0.15 0.052777778124999994
0 0.7302083328125 0.1361111109375 0.7322916671875 0.1416666671875 0.7359375 0.1416666671875 0.7421875 0.13333333281249998 0.7421875 0.12870370312499999 0.7453125 0.12222222187500001 0.7453125 0.1046296296875 0.7421875 0.0990740734375 0.7260416671875001 0.0990740734375 0.7244791671875 0.10185185156250001 0.7244791671875 0.13055555624999998 0.7276041671875 0.1361111109375 0.7302083328125 0.1361111109375
0 0.9135416671875 0.25833333281250004 0.9265625 0.25833333281250004 0.934375 0.252777778125 0.9375 0.2388888890625 0.9359375 0.20740740781250003 0.9307291671875 0.20740740781250003 0.9291666671875 0.22870370312500002 0.9270833328125001 0.2296296296875 0.9265625 0.22407407343750002 0.91875 0.2148148140625 0.921875 0.20833333281250002 0.9203125 0.2018518515625 0.9072916671875 0.1990740734375 0.9057291671875 0.2018518515625 0.9057291671875 0.24722222187499998 0.9072916671875 0.252777778125 0.9135416671875 0.25833333281250004
0 0.9046875 0.28611111093749997 0.909375 0.272222221875 0.909375 0.25740740781250004 0.8947916671874999 0.2546296296875 0.8932291671874999 0.25740740781250004 0.8947916671874999 0.2833333328125 0.8963541671874999 0.28611111093749997 0.9046875 0.28611111093749997
0 0.78125 0.252777778125 0.78125 0.23518518593749999 0.7796875 0.23240740781250002 0.7635416671875 0.23240740781250002 0.7619791671875 0.23518518593749999 0.7619791671875 0.24722222187499998 0.7666666671875 0.25833333281250004 0.7734375 0.2611111109375 0.78125 0.252777778125
0 0.1494791671875 0.0361111109375 0.16875 0.030555556249999997 0.1692708328125 0.027777778125000003 0.171875 0.027777778125000003 0.175 0.019444443750000002 0.175 0.004629629687499999 0.171875 0 0.1432291671875 0.0018518515625 0.1432291671875 0.030555556249999997 0.1447916671875 0.0333333328125 0.14895833281249998 0.0333333328125 0.1494791671875 0.0361111109375
0 0.5359375 0.46666666718750005 0.5359375 0.4574074078125 0.5328125 0.4546296296875 0.5135416671875 0.4546296296875 0.5119791671875 0.4574074078125 0.5119791671875 0.475 0.5166666671875 0.48055555625 0.53125 0.477777778125 0.5359375 0.46666666718750005
0 0.1765625 0.0129629625 0.1734375 0.0101851859375 0.1510416671875 0.0101851859375 0.1494791671875 0.0129629625 0.1494791671875 0.030555556249999997 0.1510416671875 0.0361111109375 0.1703125 0.030555556249999997 0.1765625 0.019444443750000002 0.1765625 0.0129629625
0 0.5953125 0.4888888890625 0.6046875 0.475 0.6046875 0.46851851875 0.6015625 0.46481481406249997 0.6015625 0.4601851859375 0.5984375 0.4546296296875 0.5885416671875 0.4546296296875 0.5869791671875 0.4574074078125 0.5869791671875 0.4861111109375 0.5885416671875 0.4888888890625 0.5953125 0.4888888890625
0 0.7432291671875 0.45185185156249996 0.7432291671875 0.47222222187499996 0.7463541671875 0.477777778125 0.753125 0.477777778125 0.7536458328125 0.475 0.7578125 0.475 0.7583333328124999 0.47222222187499996 0.7609375 0.47222222187499996 0.7671875 0.4611111109375 0.7671875 0.45370370312499997 0.76875 0.45277777812500003 0.7671875 0.43518518593750005 0.7645833328125 0.43518518593750005 0.7640625 0.43240740781250003 0.7526041671875 0.43240740781250003 0.7432291671875 0.45185185156249996
0 0.1770833328125 0.9888888890624999 0.1796875 0.9888888890624999 0.1859375 0.977777778125 0.1859375 0.9601851859374999 0.184375 0.9574074078124999 0.1786458328125 0.9574074078124999 0.178125 0.9546296296874999 0.16354166718750002 0.9546296296874999 0.1619791671875 0.9574074078124999 0.1619791671875 0.997222221875 0.1734375 0.997222221875 0.1770833328125 0.9888888890624999
0 0.0239583328125 0.225 0.0260416671875 0.23055555625 0.03125 0.23055555625 0.0390625 0.2138888890625 0.0390625 0.2018518515625 0.0364583328125 0.2018518515625 0.0359375 0.1990740734375 0.0197916671875 0.1990740734375 0.0182291671875 0.2018518515625 0.0182291671875 0.21944444375 0.021354167187500002 0.225 0.0239583328125 0.225
0 0.1546875 0.025 0.1546875 0.0129629625 0.14375 0.0101851859375 0.1307291671875 0.0129629625 0.13229166718750002 0.0333333328125 0.14375 0.0361111109375 0.153125 0.030555556249999997 0.1546875 0.025
0 0.7229166671875 0.872222221875 0.7260416671875001 0.877777778125 0.7317708328125 0.88055555625 0.7322916671875 0.8833333328125 0.740625 0.8833333328125 0.746875 0.872222221875 0.746875 0.86851851875 0.7453125 0.8675925921875001 0.7453125 0.8481481484375 0.7484375 0.8444444437499999 0.7484375 0.8351851859374999 0.746875 0.834259259375 0.746875 0.8296296296874999 0.7421875 0.821296296875 0.7213541671875 0.821296296875 0.7182291671875001 0.8268518515625001 0.7182291671875001 0.85555555625 0.7197916671875 0.85648148125 0.7229166671875 0.872222221875
0 0.9015625 0.0638888890625 0.9046875 0.055555556250000006 0.9046875 0.046296296875 0.9015625 0.0425925921875 0.9 0.0296296296875 0.89375 0.021296296875000002 0.8885416671874999 0.021296296875000002 0.8869791671874999 0.0240740734375 0.8869791671874999 0.055555556250000006 0.8885416671874999 0.061111110937500004 0.9015625 0.0638888890625
0 0.45208333281249996 0.46944444374999994 0.4546875 0.46944444374999994 0.45625 0.46388888906250003 0.4546875 0.44351851875000003 0.43854166718750004 0.44351851875000003 0.4369791671875 0.44629629687500005 0.4369791671875 0.4583333328125 0.4447916671875 0.475 0.45 0.475 0.45208333281249996 0.46944444374999994
0 0.6984375 0.0333333328125 0.7015625 0.027777778125000003 0.703125 0.015740740625 0.7 0.0101851859375 0.6885416671875 0.0101851859375 0.6869791671875001 0.0129629625 0.6869791671875001 0.030555556249999997 0.6885416671875 0.0333333328125 0.6984375 0.0333333328125
0 0.55625 0.5129629625 0.5447916671875 0.5101851859375001 0.5432291671875 0.5305555562500001 0.553125 0.5333333328125 0.55625 0.527777778125 0.55625 0.5129629625