0 0.0796875 0.35 0.08125 0.34444444375 0.08125 0.315740740625 0.078125 0.3101851859375 0.051041667187499994 0.3101851859375 0.0494791671875 0.3129629625 0.0494791671875 0.35 0.052604167187499995 0.35555555625 0.0703125 0.3583333328125 0.0796875 0.35
0 0 0.6888888890625 0.0109375 0.6861111109375 0.01875 0.672222221875 0.01875 0.6296296296875 0.0171875 0.628703703125 0.0171875 0.6240740734375 0.014583332812499999 0.6240740734375 0.0140625 0.621296296875 0 0.621296296875 0 0.6888888890625
0 0.1744791671875 0.3888888890625 0.18020833281249998 0.3888888890625 0.1807291671875 0.3916666671875 0.1921875 0.3888888890625 0.1953125 0.38333333281250004 0.1953125 0.378703703125 0.2 0.375 0.2 0.34351851875 0.1921875 0.3324074078125 0.1697916671875 0.3324074078125 0.1682291671875 0.3351851859375 0.1682291671875 0.377777778125 0.1697916671875 0.38333333281250004 0.1744791671875 0.3888888890625
0 0.7869791671875 0.04444444375 0.7942708328125 0.047222221875 0.7947916671875 0.05 0.803125 0.05 0.8036458328125 0.047222221875 0.8125 0.04444444375 0.81875 0.0333333328125 0.81875 0.0259259265625 0.8234375 0.0166666671875 0.8234375 0.004629629687499999 0.81875 0 0.7807291671875001 0.0018518515625 0.7807291671875001 0.030555556249999997 0.7822916671875 0.03148148125 0.7822916671875 0.0361111109375 0.7869791671875 0.04444444375
0 0.7072916671875 0.275 0.7098958328125 0.275 0.7104166671875001 0.27777777812500004 0.7234375 0.27777777812500004 0.7375 0.25555555625 0.7375 0.24814814843750002 0.7390625 0.24722222187499998 0.7390625 0.22685185156249998 0.734375 0.21296296250000002 0.7317708328125 0.21296296250000002 0.73125 0.2101851859375 0.7041666671875 0.2101851859375 0.7036458328124999 0.21296296250000002 0.7010416671875 0.21296296250000002 0.7010416671875 0.2175925921875 0.6994791671875 0.21851851875 0.6994791671875 0.25833333281250004 0.7072916671875 0.275
0 0.5307291671875001 0.7861111109375 0.5333333328125 0.7861111109375 0.5338541671875 0.7888888890625 0.5421875 0.7888888890625 0.5473958328124999 0.7805555562500001 0.5546875 0.775 0.5546875 0.7703703703125 0.55625 0.76944444375 0.55625 0.7268518515625 0.553125 0.7212962968750001 0.5354166671875 0.7212962968750001 0.5348958328125 0.7240740734375 0.5197916671875 0.7212962968750001 0.5182291671875 0.7240740734375 0.5182291671875 0.7611111109375 0.5276041671875 0.7805555562500001 0.5307291671875001 0.7814814812499999 0.5307291671875001 0.7861111109375
0 0.7984375 0.42222222187499997 0.7989583328125 0.41944444374999995 0.8015625 0.41944444374999995 0.8046875 0.4138888890625 0.80625 0.403703703125 0.809375 0.4 0.8109375 0.3898148140625 0.8125 0.3888888890625 0.8125 0.371296296875 0.809375 0.365740740625 0.7822916671875 0.365740740625 0.7807291671875001 0.36851851875 0.7807291671875001 0.4166666671875 0.7838541671875 0.42222222187499997 0.7984375 0.42222222187499997
0 0 0.5305555562500001 0.0098958328125 0.5333333328125 0.0119791671875 0.5416666671875 0.014583332812499999 0.5416666671875 0.0151041671875 0.54444444375 0.0234375 0.5416666671875 0.0296875 0.525 0.0296875 0.5074074078125 0.025 0.4981481484375 0.025 0.49351851875 0.021875 0.4879629625 0 0.4879629625 0 0.5305555562500001
0 0.7010416671875 0.8870370375000001 0.7010416671875 0.8916666671875 0.7020833328125 0.8916666671875 0.7041666671875 0.897222221875 0.7067708328125 0.897222221875 0.7072916671875 0.9 0.7234375 0.9 0.7234375 0.8981481484374999 0.73125 0.8861111109375001 0.73125 0.8574074078124999 0.7302083328125 0.8574074078124999 0.7171875 0.8324074078124999 0.7010416671875 0.8324074078124999 0.7010416671875 0.834259259375 0.6994791671875 0.8351851859374999 0.6994791671875 0.8861111109375001 0.7010416671875 0.8870370375000001
0 0.05625 0.7138888890625 0.05625 0.690740740625 0.0546875 0.6879629625 0.0260416671875 0.6879629625 0.0244791671875 0.690740740625 0.0244791671875 0.7138888890625 0.029166667187500002 0.722222221875 0.05 0.725 0.05625 0.7138888890625
0 0.8072916671874999 0.29444444375 0.8119791671875 0.3 0.8296875 0.3 0.8302083328125001 0.29722222187499997 0.8328125 0.29722222187499997 0.84375 0.275 0.84375 0.23518518593749999 0.840625 0.2296296296875 0.8380208328125001 0.2296296296875 0.8375 0.22407407343750002 0.8348958328125 0.22407407343750002 0.834375 0.221296296875 0.8088541671874999 0.221296296875 0.8057291671875 0.22685185156249998 0.8057291671875 0.2888888890625 0.8072916671874999 0.2898148140625 0.8072916671874999 0.29444444375
0 0.40989583281249997 0.0916666671875 0.4135416671875 0.1 0.4203125 0.097222221875 0.4234375 0.0916666671875 0.4234375 0.0870370375 0.425 0.0861111109375 0.425 0.0675925921875 0.4265625 0.0666666671875 0.425 0.046296296875 0.4234375 0.04351851875 0.3947916671875 0.04351851875 0.3932291671875 0.046296296875 0.3932291671875 0.075 0.3994791671875 0.0861111109375 0.40989583281249997 0.0916666671875
0 0.6578125 0.04444444375 0.6583333328125 0.0416666671875 0.6625 0.0388888890625 0.6630208328125 0.0333333328125 0.6671875 0.030555556249999997 0.6671875 0.0231481484375 0.66875 0.022222221875 0.66875 0.0074074078125 0.665625 0 0.6369791671875 0.0018518515625 0.6369791671875 0.030555556249999997 0.6411458328124999 0.0333333328125 0.6463541671875 0.04444444375 0.6578125 0.04444444375
0 0.040625 0.5111111109375 0.0411458328125 0.5083333328124999 0.04375 0.5083333328124999 0.04375 0.503703703125 0.05 0.497222221875 0.05 0.4601851859375 0.046875 0.4546296296875 0.0260416671875 0.4546296296875 0.0244791671875 0.4574074078125 0.0244791671875 0.497222221875 0.0322916671875 0.5111111109375 0.040625 0.5111111109375
0 0.490625 0.6583333328125 0.49114583281249996 0.6555555562500001 0.5 0.652777778125 0.5 0.6481481484375 0.5046875 0.6416666671875 0.5078125 0.6231481484375 0.509375 0.622222221875 0.509375 0.6129629624999999 0.50625 0.609259259375 0.50625 0.6046296296875 0.5015625 0.5990740734375 0.47760416718750004 0.5990740734375 0.47447916718750005 0.6046296296875 0.47447916718750005 0.65 0.48229166718750005 0.6583333328125 0.490625 0.6583333328125
0 0.0359375 0.7888888890625 0.0390625 0.7833333328125 0.0390625 0.7620370375000001 0.0421875 0.75555555625 0.0421875 0.74351851875 0.0359375 0.7324074078125 0.0197916671875 0.7324074078125 0.0182291671875 0.7351851859375 0.0182291671875 0.7833333328125 0.021354167187500002 0.7888888890625 0.0359375 0.7888888890625
0 0.8010416671874999 0.6388888890625 0.8088541671874999 0.647222221875 0.8130208328125 0.647222221875 0.8135416671875 0.65 0.8234375 0.647222221875 0.8296875 0.6361111109375 0.83125 0.6203703703125 0.8328125 0.61944444375 0.83125 0.590740740625 0.8296875 0.5879629625 0.8072916671874999 0.5879629625 0.8067708328125001 0.590740740625 0.8041666671875 0.590740740625 0.7994791671875 0.6018518515625 0.7994791671875 0.6333333328124999 0.8010416671874999 0.634259259375 0.8010416671874999 0.6388888890625
0 0.6359375 0.98055555625 0.64375 0.9638888890624999 0.64375 0.9518518515625001 0.6421875 0.9509259265625 0.6421875 0.946296296875 0.6395833328125 0.946296296875 0.6390625 0.94351851875 0.6260416671875 0.94351851875 0.6244791671875001 0.946296296875 0.6244791671875001 0.975 0.6276041671875 0.98055555625 0.6359375 0.98055555625
0 0.42864583281249996 0.722222221875 0.43385416718750003 0.7333333328125 0.4484375 0.7333333328125 0.4546875 0.722222221875 0.4546875 0.7018518515625 0.453125 0.7009259265625001 0.453125 0.696296296875 0.4484375 0.6879629625 0.42604166718750003 0.6879629625 0.4244791671875 0.690740740625 0.4244791671875 0.7166666671875 0.42604166718750003 0.7175925921874999 0.42604166718750003 0.722222221875 0.42864583281249996 0.722222221875
0 0.5682291671875 0.33055555625 0.5697916671875001 0.3333333328125 0.5859375 0.3333333328125 0.5890625 0.32777777812500003 0.5890625 0.315740740625 0.58125 0.3009259265625 0.5796875 0.290740740625 0.5755208328125 0.290740740625 0.575 0.28796296250000003 0.5635416671875 0.28796296250000003 0.5619791671875001 0.290740740625 0.5619791671875001 0.3166666671875 0.5682291671875 0.32592592656249997 0.5682291671875 0.33055555625
0 0.61875 0.9861111109375 0.621875 0.972222221875 0.61875 0.959259259375 0.61875 0.946296296875 0.6010416671875001 0.94351851875 0.5994791671875 0.946296296875 0.5994791671875 0.9833333328125 0.6026041671875 0.9888888890624999 0.61875 0.9861111109375
0 0.3958333328125 0.41111111093749997 0.3963541671875 0.4138888890625 0.409375 0.41111111093749997 0.4125 0.40555555625000006 0.4125 0.3796296296875 0.4046875 0.365740740625 0.3885416671875 0.365740740625 0.3869791671875 0.36851851875 0.3869791671875 0.40833333281249995 0.3885416671875 0.41111111093749997 0.3958333328125 0.41111111093749997
0 0.40729166718750004 0.2833333328125 0.41197916718750005 0.2888888890625 0.4265625 0.2888888890625 0.4270833328125 0.28611111093749997 0.4296875 0.28611111093749997 0.4375 0.26944444375 0.4375 0.23518518593749999 0.4359375 0.234259259375 0.4359375 0.2296296296875 0.4296875 0.221296296875 0.40729166718750004 0.221296296875 0.4057291671875 0.22407407343750002 0.4057291671875 0.27777777812500004 0.40729166718750004 0.27870370312500004 0.40729166718750004 0.2833333328125
0 0.0260416671875 0.058333332812500006 0.0286458328125 0.058333332812500006 0.0338541671875 0.06944444375 0.0380208328125 0.06944444375 0.0385416671875 0.072222221875 0.0515625 0.072222221875 0.05208333281250001 0.06944444375 0.0546875 0.06944444375 0.0578125 0.0638888890625 0.0578125 0.059259259375 0.0625 0.052777778124999994 0.0625 0.0240740734375 0.0609375 0.0231481484375 0.0609375 0.018518518749999997 0.0546875 0.0101851859375 0.021354167187500002 0.0101851859375 0.0182291671875 0.015740740625 0.0182291671875 0.0416666671875 0.0197916671875 0.0425925921875 0.0197916671875 0.047222221875 0.0260416671875 0.058333332812500006
0 0.6197916671875 0.272222221875 0.6213541671875 0.275 0.6296875 0.27777777812500004 0.6302083328125 0.275 0.6359375 0.272222221875 0.6421875 0.2611111109375 0.6421875 0.25648148125 0.64375 0.25555555625 0.64375 0.22407407343750002 0.6359375 0.2101851859375 0.6213541671875 0.2101851859375 0.6182291671875 0.21574074062499998 0.6182291671875 0.2666666671875 0.6197916671875 0.2675925921875 0.6197916671875 0.272222221875
0 0.3526041671875 0.0333333328125 0.359375 0.0333333328125 0.3645833328125 0.025 0.3671875 0.025 0.36875 0.009259259374999999 0.3703125 0.0083333328125 0.3703125 0.004629629687499999 0.3671875 0 0.3369791671875 0.0018518515625 0.3369791671875 0.0166666671875 0.3401041671875 0.022222221875 0.3473958328125 0.025 0.3526041671875 0.0333333328125
0 0.475 0.2666666671875 0.47552083281249996 0.2638888890625 0.4796875 0.2638888890625 0.4796875 0.25648148125 0.48125 0.25555555625 0.48125 0.22407407343750002 0.4796875 0.22314814843750003 0.4796875 0.21574074062499998 0.475 0.2101851859375 0.4635416671875 0.2101851859375 0.4557291671875 0.22407407343750002 0.4557291671875 0.252777778125 0.4635416671875 0.2666666671875 0.475 0.2666666671875
0 0.45729166718750003 0.8222222218749999 0.45885416718750005 0.825 0.4671875 0.827777778125 0.4692708328125 0.8222222218749999 0.471875 0.8222222218749999 0.4796875 0.8083333328125001 0.4796875 0.79351851875 0.4703125 0.7787037031249999 0.4703125 0.7740740734375 0.46875 0.7731481484375 0.46875 0.76851851875 0.4671875 0.765740740625 0.45729166718750003 0.765740740625 0.4557291671875 0.76851851875 0.4557291671875 0.8166666671874999 0.45729166718750003 0.8175925921875 0.45729166718750003 0.8222222218749999
0 0.4114583328125 0.377777778125 0.41510416718750004 0.3861111109375 0.4234375 0.3861111109375 0.4270833328125 0.38055555625 0.4375 0.375 0.4375 0.3648148140625 0.440625 0.35555555625 0.4390625 0.3379629625 0.43177083281249995 0.3351851859375 0.43125 0.3324074078125 0.4135416671875 0.3324074078125 0.40729166718750004 0.340740740625 0.4057291671875 0.34629629687499996 0.4057291671875 0.372222221875 0.4088541671875 0.377777778125 0.4114583328125 0.377777778125
0 0.42604166718750003 0.43333333281249997 0.434375 0.43333333281249997 0.4375 0.427777778125 0.4375 0.4175925921875 0.4390625 0.4166666671875 0.4390625 0.39351851875 0.4359375 0.3879629625 0.4135416671875 0.3879629625 0.41197916718750005 0.39074074062499997 0.41197916718750005 0.41944444374999995 0.41770833281249997 0.42222222187499997 0.42604166718750003 0.43333333281249997
0 0.1432291671875 0.9064814812499999 0.1447916671875 0.9138888890624999 0.159375 0.9138888890624999 0.1598958328125 0.9111111109375001 0.1671875 0.9083333328125001 0.16875 0.8879629625 0.1671875 0.8870370375000001 0.1671875 0.8796296296874999 0.1609375 0.865740740625 0.1416666671875 0.865740740625 0.14114583281249998 0.86851851875 0.1385416671875 0.86851851875 0.1385416671875 0.8731481484374999 0.1369791671875 0.8740740734375001 0.1369791671875 0.897222221875 0.1432291671875 0.9064814812499999
0 0.9135416671875 0 0.9119791671874999 0.0018518515625 0.9119791671874999 0.0388888890625 0.9135416671875 0.039814814062499995 0.9135416671875 0.04444444375 0.9161458328125001 0.04444444375 0.9213541671875 0.055555556250000006 0.9348958328125001 0.055555556250000006 0.9354166671874999 0.058333332812500006 0.9484375 0.055555556250000006 0.9515625 0.05 0.9515625 0.045370370312500005 0.9546875 0.0416666671875 0.95625 0.03148148125 0.9578125 0.030555556249999997 0.9578125 0.0101851859375 0.95625 0.009259259374999999 0.9546875 0.0018518515625 0.9515625 0 0.9135416671875 0
0 0.0484375 0.13333333281249998 0.0489583328125 0.13055555624999998 0.0515625 0.13055555624999998 0.05625 0.11944444375 0.05625 0.1120370375 0.0578125 0.1111111109375 0.0578125 0.09074074062500001 0.05625 0.0898148140625 0.05625 0.0824074078125 0.0515625 0.07685185156249999 0.0385416671875 0.07685185156249999 0.0369791671875 0.07962962968750001 0.0369791671875 0.12222222187500001 0.0401041671875 0.13055555624999998 0.0484375 0.13333333281249998
0 0.5411458328125 0.3888888890625 0.5453125 0.3888888890625 0.5484375 0.38333333281250004 0.5484375 0.3759259265625 0.55 0.375 0.5484375 0.365740740625 0.5442708328125 0.365740740625 0.5390625 0.35925925937500003 0.5390625 0.3518518515625 0.5359375 0.34351851875 0.5213541671875 0.34351851875 0.5208333328125 0.34629629687499996 0.5151041671875001 0.3490740734375 0.5119791671875 0.3574074078125 0.5135416671875 0.38055555625 0.5182291671875 0.3888888890625 0.540625 0.3916666671875 0.5411458328125 0.3888888890625
0 0.15625 0.46388888906250003 0.1578125 0.45648148125 0.1609375 0.45555555625000005 0.1625 0.4481481484375 0.1671875 0.44444444375 0.16875 0.4240740734375 0.1609375 0.41018518593750003 0.1447916671875 0.41018518593750003 0.1432291671875 0.4129629625 0.1432291671875 0.4583333328125 0.1447916671875 0.46388888906250003 0.15625 0.46388888906250003
0 0.90625 0.70555555625 0.9067708328125 0.702777778125 0.9109375 0.702777778125 0.9125 0.6953703703125 0.9171875 0.6888888890625 0.9171875 0.6768518515624999 0.9145833328125 0.6768518515624999 0.9140625 0.671296296875 0.9046875 0.6546296296875 0.9010416671874999 0.6546296296875 0.8994791671875 0.6574074078125001 0.8994791671875 0.7 0.9010416671874999 0.70555555625 0.90625 0.70555555625
0 0.3932291671875 0.902777778125 0.403125 0.902777778125 0.4036458328125 0.9 0.40625 0.9 0.4125 0.8833333328125 0.4109375 0.878703703125 0.4109375 0.8629629624999999 0.40625 0.8546296296874999 0.3885416671875 0.8546296296874999 0.3869791671875 0.8574074078124999 0.3869791671875 0.897222221875 0.3927083328125 0.9 0.3932291671875 0.902777778125
0 0.0307291671875 0.177777778125 0.0322916671875 0.178703703125 0.0322916671875 0.1861111109375 0.0385416671875 0.197222221875 0.0484375 0.197222221875 0.059375 0.1666666671875 0.059375 0.1546296296875 0.0578125 0.15370370312499998 0.0578125 0.146296296875 0.0546875 0.1425925921875 0.0546875 0.1379629625 0.05208333281250001 0.1379629625 0.0484375 0.1324074078125 0.0369791671875 0.1324074078125 0.0364583328125 0.1351851859375 0.0338541671875 0.1351851859375 0.0307291671875 0.14351851875 0.0307291671875 0.177777778125
0 0.6369791671875 0.190740740625 0.6369791671875 0.2166666671875 0.6401041671875001 0.222222221875 0.6458333328125 0.222222221875 0.6463541671875 0.225 0.65625 0.222222221875 0.6625 0.21111111093749999 0.6625 0.20370370312500002 0.6640625 0.20277777812500003 0.6640625 0.17962962968750001 0.6609375 0.1768518515625 0.6494791671875 0.1768518515625 0.6401041671875001 0.1851851859375 0.6369791671875 0.190740740625
0 0.8208333328125 0.797222221875 0.8244791671874999 0.803703703125 0.8260416671874999 0.8111111109375001 0.8375 0.8111111109375001 0.84375 0.8027777781250001 0.84375 0.7953703703125 0.8453125 0.79444444375 0.8453125 0.7796296296875 0.84375 0.7787037031249999 0.84375 0.76851851875 0.840625 0.7648148140625 0.8390625 0.7574074078125 0.8348958328125 0.7574074078125 0.834375 0.7546296296875 0.8135416671875 0.7546296296875 0.8057291671875 0.76851851875 0.8057291671875 0.7916666671875 0.8072916671874999 0.7925925921875 0.8072916671874999 0.8 0.8208333328125 0.797222221875
0 0.9322916671874999 0.20833333281250002 0.9354166671874999 0.21203703749999997 0.9354166671874999 0.2166666671875 0.9385416671875 0.2203703703125 0.9401041671874999 0.22777777812500002 0.9484375 0.23055555625 0.9546875 0.222222221875 0.95625 0.21203703749999997 0.959375 0.20833333281250002 0.959375 0.20370370312500002 0.9625 0.2 0.9625 0.1925925921875 0.9671875 0.1833333328125 0.9671875 0.1601851859375 0.9625 0.1546296296875 0.9338541671874999 0.1546296296875 0.9307291671875 0.1601851859375 0.9307291671875 0.2 0.9322916671874999 0.2009259265625 0.9322916671874999 0.20833333281250002
0 0.4135416671875 0.1611111109375 0.4171875 0.1611111109375 0.4192708328125 0.15555555625 0.4234375 0.15277777812499999 0.4234375 0.1351851859375 0.4203125 0.12407407343750002 0.4171875 0.12129629687500001 0.3947916671875 0.12129629687500001 0.3932291671875 0.12407407343750002 0.3932291671875 0.1416666671875 0.3994791671875 0.15277777812499999 0.40833333281249995 0.15555555625 0.4135416671875 0.1611111109375
0 0.7697916671875 0.8416666671874999 0.784375 0.8444444437499999 0.7875 0.8388888890624999 0.7875 0.83148148125 0.7890625 0.83055555625 0.7875 0.8101851859375 0.784375 0.8046296296875 0.7817708328124999 0.8046296296875 0.7796875 0.7990740734374999 0.7635416671875 0.7990740734374999 0.7619791671875 0.8018518515625 0.7619791671875 0.8194444437499999 0.7682291671875 0.828703703125 0.7697916671875 0.8416666671874999
0 0.4635416671875 0.7416666671875001 0.4734375 0.74444444375 0.48125 0.73055555625 0.4828125 0.7129629625 0.48020833281249997 0.7129629625 0.4796875 0.7101851859375 0.4635416671875 0.7101851859375 0.46197916718750004 0.7129629625 0.46197916718750004 0.7361111109375 0.4635416671875 0.7370370375 0.4635416671875 0.7416666671875001
0 0.9213541671875 0.1046296296875 0.9182291671874999 0.11574074062499999 0.9197916671874999 0.15277777812499999 0.940625 0.15277777812499999 0.9427083328125001 0.147222221875 0.9484375 0.14444444375 0.9515625 0.13888888906250002 0.9515625 0.134259259375 0.9546875 0.13333333281249998 0.959375 0.12222222187500001 0.9578125 0.10185185156250001 0.9369791671875 0.0990740734375 0.9364583328125 0.10185185156250001 0.9244791671874999 0.10185185156250001 0.9213541671875 0.1046296296875
0 0.1796875 0.577777778125 0.184375 0.5638888890625 0.184375 0.5574074078125 0.1796875 0.5518518515624999 0.1755208328125 0.5518518515624999 0.1734375 0.5481481484375 0.171875 0.5351851859375001 0.16354166718750002 0.5324074078125001 0.1619791671875 0.5351851859375001 0.1619791671875 0.5722222218749999 0.1651041671875 0.577777778125 0.1796875 0.577777778125
0 0.1125 0.4861111109375 0.1125 0.4574074078125 0.1010416671875 0.4546296296875 0.0994791671875 0.4888888890625 0.1010416671875 0.49444444374999996 0.1078125 0.49444444374999996 0.1125 0.4861111109375
0 0.8171875 0.522222221875 0.8177083328125001 0.51944444375 0.8203125 0.51944444375 0.825 0.5083333328124999 0.825 0.4824074078125 0.821875 0.4768518515625 0.8088541671874999 0.4768518515625 0.8057291671875 0.4824074078125 0.8057291671875 0.5166666671875 0.8088541671874999 0.522222221875 0.8171875 0.522222221875
0 0.41822916718750003 0.897222221875 0.428125 0.897222221875 0.4375 0.8861111109375001 0.4390625 0.865740740625 0.4375 0.8648148140625 0.4359375 0.8546296296874999 0.4135416671875 0.8546296296874999 0.41197916718750005 0.8574074078124999 0.41197916718750005 0.8861111109375001 0.41510416718750004 0.89444444375 0.41770833281249997 0.89444444375 0.41822916718750003 0.897222221875
0 0.2630208328125 0.777777778125 0.26875 0.775 0.2671875 0.7546296296875 0.24479166718749998 0.7546296296875 0.24322916718749998 0.7574074078125 0.24322916718749998 0.7861111109375 0.24479166718749998 0.7888888890625 0.25625 0.7888888890625 0.2630208328125 0.777777778125
0 0 0.0861111109375 0.0125 0.0861111109375 0.01875 0.072222221875 0.0171875 0.0648148140625 0.01875 0.048148148437499996 0.0203125 0.047222221875 0.01875 0.0268518515625 0.015625 0.021296296875000002 0 0.021296296875000002 0 0.0861111109375
0 0.0286458328125 0.2 0.0359375 0.197222221875 0.034375 0.17962962968750001 0.0296875 0.165740740625 0.0135416671875 0.165740740625 0.0119791671875 0.16851851874999998 0.0119791671875 0.19444444375 0.0151041671875 0.2 0.028125 0.20277777812500003 0.0286458328125 0.2
0 0.7875 0.9768518515625001 0.7744791671875 0.9796296296874999 0.7744791671875 0.997222221875 0.7890625 0.997222221875 0.790625 0.9796296296874999 0.7875 0.9768518515625001
0 0.096875 0.15555555625 0.1015625 0.1416666671875 0.1015625 0.11574074062499999 0.0984375 0.1101851859375 0.0760416671875 0.1101851859375 0.0744791671875 0.1129629625 0.0744791671875 0.15277777812499999 0.0760416671875 0.15555555625 0.096875 0.15555555625
0 0.0557291671875 0.1046296296875 0.0557291671875 0.13888888906250002 0.058854167187499994 0.14444444375 0.0671875 0.1416666671875 0.0703125 0.1361111109375 0.0703125 0.13148148125 0.078125 0.11944444375 0.078125 0.1046296296875 0.0765625 0.10185185156250001 0.0723958328125 0.10185185156250001 0.071875 0.0990740734375 0.058854167187499994 0.0990740734375 0.0557291671875 0.1046296296875
0 0.1015625 0.1416666671875 0.1015625 0.11574074062499999 0.0984375 0.1101851859375 0.0822916671875 0.1101851859375 0.08072916718749999 0.1129629625 0.0822916671875 0.15555555625 0.096875 0.15555555625 0.1015625 0.1416666671875
0 0.4109375 0.6805555562500001 0.415625 0.672222221875 0.4125 0.646296296875 0.4109375 0.64351851875 0.4010416671875 0.64351851875 0.3994791671875 0.646296296875 0.3994791671875 0.675 0.4057291671875 0.6805555562500001 0.4109375 0.6805555562500001
0 0.7635416671875 0.322222221875 0.7682291671875 0.3333333328125 0.7739583328124999 0.3361111109375 0.7760416671875 0.3416666671875 0.7796875 0.3416666671875 0.7875 0.33055555625 0.7875 0.3231481484375 0.7921875 0.3138888890625 0.7921875 0.2824074078125 0.790625 0.28148148125 0.784375 0.25740740781250004 0.7817708328124999 0.25740740781250004 0.78125 0.2546296296875 0.7635416671875 0.2546296296875 0.7619791671875 0.25740740781250004 0.7619791671875 0.3083333328125 0.7635416671875 0.309259259375 0.7635416671875 0.322222221875
0 0.7901041671875 0.34722222187499996 0.8046875 0.35 0.8125 0.33888888906250003 0.8125 0.315740740625 0.8109375 0.3129629625 0.8083333328125001 0.3129629625 0.8078125 0.3101851859375 0.7901041671875 0.3129629625 0.7885416671875001 0.3231481484375 0.7869791671875 0.3240740734375 0.7869791671875 0.3416666671875 0.7901041671875 0.34722222187499996
0 0.090625 0.15277777812499999 0.09375 0.13888888906250002 0.09375 0.11574074062499999 0.090625 0.1101851859375 0.0713541671875 0.1101851859375 0.0682291671875 0.11574074062499999 0.0682291671875 0.15 0.0713541671875 0.15555555625 0.090625 0.15277777812499999
0 0.6015625 0.1898148140625 0.60625 0.1833333328125 0.6078125 0.171296296875 0.6046875 0.165740740625 0.5947916671875 0.165740740625 0.5932291671875001 0.16851851874999998 0.5932291671875001 0.19444444375 0.6 0.197222221875 0.6015625 0.1898148140625
0 0.4046875 0.902777778125 0.4140625 0.8861111109375001 0.4145833328125 0.88055555625 0.4166666671875 0.884259259375 0.4166666671875 0.8916666671875 0.41979166718750005 0.897222221875 0.4296875 0.89444444375 0.4302083328125 0.8916666671875 0.4359375 0.8888888890625 0.4359375 0.884259259375 0.4375 0.8833333328125 0.4375 0.8574074078124999 0.4359375 0.8546296296874999 0.4244791671875 0.8546296296874999 0.42395833281249995 0.8574074078124999 0.3885416671875 0.8546296296874999 0.3869791671875 0.8574074078124999 0.3869791671875 0.897222221875 0.3927083328125 0.9 0.3963541671875 0.9055555562500001 0.4046875 0.902777778125
0 0.7171875 0.9685185187500001 0.7072916671875 0.965740740625 0.7057291671875 0.997222221875 0.7171875 0.9990740734375001 0.71875 0.997222221875 0.7171875 0.9685185187500001
0 0.3395833328125 0.8138888890624999 0.3427083328125 0.8138888890624999 0.3479166671875 0.83055555625 0.35104166718749996 0.8333333328125001 0.3609375 0.83055555625 0.3625 0.825 0.3625 0.790740740625 0.3609375 0.7879629625 0.3536458328125 0.790740740625 0.3260416671875 0.7879629625 0.3244791671875 0.790740740625 0.3244791671875 0.8194444437499999 0.32760416718749996 0.825 0.3359375 0.825 0.3395833328125 0.8138888890624999
0 0.7921875 0.296296296875 0.790625 0.2953703703125 0.790625 0.2824074078125 0.7875 0.2759259265625 0.7859375 0.2601851859375 0.78125 0.2546296296875 0.7635416671875 0.2546296296875 0.7619791671875 0.25740740781250004 0.7635416671875 0.3083333328125 0.790625 0.3083333328125 0.7921875 0.296296296875
0 0.6713541671875001 0.922222221875 0.678125 0.91944444375 0.68125 0.9111111109375001 0.6828125 0.89351851875 0.678125 0.8879629625 0.6697916671875 0.8879629625 0.6682291671875 0.890740740625 0.6682291671875 0.9166666671874999 0.6713541671875001 0.922222221875
0 0.3395833328125 0.8111111109375001 0.3427083328125 0.8111111109375001 0.3447916671875 0.8166666671874999 0.3484375 0.8138888890624999 0.35 0.8055555562500001 0.3484375 0.790740740625 0.3390625 0.7879629625 0.3244791671875 0.790740740625 0.3244791671875 0.8194444437499999 0.32760416718749996 0.825 0.3375 0.8222222218749999 0.3395833328125 0.8111111109375001
0 0.5484375 0.1129629625 0.54375 0.1101851859375 0.5307291671875001 0.1129629625 0.5322916671875 0.13333333281249998 0.5484375 0.13333333281249998 0.55 0.127777778125 0.5484375 0.1129629625
0 0.35625 0.8416666671874999 0.3625 0.83055555625 0.365625 0.796296296875 0.3609375 0.7879629625 0.35104166718749996 0.7879629625 0.3494791671875 0.790740740625 0.3494791671875 0.8361111109375001 0.35104166718749996 0.8416666671874999 0.35625 0.8416666671874999
0 0.05729166718749999 0.14444444375 0.0703125 0.14444444375 0.0723958328125 0.1416666671875 0.0760416671875 0.15277777812499999 0.0796875 0.15277777812499999 0.0859375 0.1361111109375 0.0859375 0.11574074062499999 0.084375 0.1148148140625 0.084375 0.1101851859375 0.08125 0.1046296296875 0.0723958328125 0.10185185156250001 0.071875 0.0990740734375 0.058854167187499994 0.0990740734375 0.0557291671875 0.1046296296875 0.0557291671875 0.13888888906250002 0.05729166718749999 0.13981481406250001 0.05729166718749999 0.14444444375
0 0.2984375 0.275 0.296875 0.26574074062499997 0.2890625 0.2648148140625 0.29375 0.25833333281250004 0.2953125 0.24907407343750002 0.2921875 0.24351851875000002 0.2822916671875 0.24351851875000002 0.2822916671875 0.2666666671875 0.2880208328125 0.2666666671875 0.2901041671875 0.275 0.2984375 0.275
0 0.3109375 0.27777777812500004 0.3125 0.272222221875 0.3125 0.23518518593749999 0.3109375 0.23240740781250002 0.2994791671875 0.23518518593749999 0.29739583281250004 0.24907407343750002 0.29375 0.23518518593749999 0.28958333281250004 0.23518518593749999 0.2890625 0.23240740781250002 0.2822916671875 0.23240740781250002 0.28072916718749996 0.23518518593749999 0.28072916718749996 0.2638888890625 0.28854166718749996 0.27777777812500004 0.2916666671875 0.28055555625 0.3109375 0.27777777812500004
0 0.025520832812499998 0.2 0.028125 0.20277777812500003 0.0286458328125 0.2 0.040625 0.19444444375 0.0390625 0.1851851859375 0.0328125 0.1759259265625 0.03125 0.1574074078125 0.0270833328125 0.1574074078125 0.0265625 0.1546296296875 0.0135416671875 0.1574074078125 0.0119791671875 0.1629629625 0.0119791671875 0.19444444375 0.0151041671875 0.2 0.025520832812499998 0.2