0 0.24375 0.3984375 0.06484375 0.1125
0 0.3875 0.409375 0.0625 0.121875
0 0.45625 0.4265625 0.07578125 0.13515625
0 0.62109375 0.21015625 0.0609375 0.10390625
0 0.596875 0.0859375 0.06328125 0.1078125
0 0.52109375 0.1859375 0.0546875 0.0828125
0 0.48515625 0.03203125 0.0640625 0.0640625
0 0.35078125 0.05625 0.04765625 0.08984375
0 0.19921875 0.959375 0.04453125 0.08125
0 0.25625 0.96328125 0.03828125 0.07265625
0 0.11484375 0.703125 0.05703125 0.09453125
0 0.15859375 0.7 0.028125 0.06875
0 0.21328125 0.11875 0.05546875 0.08046875
0 0.0921875 0.0890625 0.0515625 0.075
0 0.5609375 0.16328125 0.03828125 0.05546875