0 0.6057291671875 0.1 0.6104166671875 0.10833333281249999 0.6130208328125 0.10833333281249999 0.6135416671875 0.1111111109375 0.625 0.1111111109375 0.6255208328124999 0.10833333281249999 0.6296875 0.10833333281249999 0.6302083328125 0.102777778125 0.6375 0.097222221875 0.6375 0.0898148140625 0.6390625 0.0888888890625 0.6390625 0.0629629625 0.6375 0.0620370375 0.6375 0.0546296296875 0.634375 0.046296296875 0.6317708328125 0.046296296875 0.63125 0.04351851875 0.6088541671875001 0.04351851875 0.6083333328125 0.046296296875 0.6057291671875 0.046296296875 0.5994791671875 0.060185185937499996 0.5994791671875 0.0861111109375 0.6057291671875 0.0953703703125 0.6057291671875 0.1
0 0.6270833328125 0.1666666671875 0.6276041671875 0.16944444375 0.6421875 0.1666666671875 0.6453125 0.15370370312499998 0.6484375 0.15 0.6484375 0.11574074062499999 0.64375 0.1101851859375 0.6166666671875001 0.1101851859375 0.6135416671875 0.1129629625 0.6119791671875 0.11851851875 0.6135416671875 0.1583333328125 0.6197916671875 0.1666666671875 0.6270833328125 0.1666666671875
0 0.47760416718750004 0.2101851859375 0.47760416718750004 0.21203703749999997 0.47447916718750005 0.21574074062499998 0.47447916718750005 0.2611111109375 0.4760416671875 0.26203703749999996 0.4760416671875 0.2666666671875 0.4770833328125 0.2666666671875 0.48229166718750005 0.27777777812500004 0.4848958328125 0.27777777812500004 0.48541666718750004 0.28055555625 0.4895833328125 0.28055555625 0.4916666671875 0.28611111093749997 0.5046875 0.28611111093749997 0.5052083328125 0.2833333328125 0.5078125 0.2833333328125 0.5098958328125 0.27777777812500004 0.5125 0.27777777812500004 0.5125 0.2759259265625 0.5234375 0.25833333281250004 0.5234375 0.253703703125 0.525 0.252777778125 0.525 0.23240740781250002 0.5234375 0.23148148124999998 0.5234375 0.22685185156249998 0.5223958328125 0.22685185156249998 0.509375 0.2018518515625 0.5067708328125 0.2018518515625 0.50625 0.1990740734375 0.4869791671875 0.1990740734375 0.48645833281249995 0.2018518515625 0.4838541671875 0.2018518515625 0.48020833281249997 0.2101851859375 0.47760416718750004 0.2101851859375
0 0.8494791671874999 0.172222221875 0.8510416671875 0.17314814843749998 0.8510416671875 0.177777778125 0.8536458328125001 0.177777778125 0.8572916671874999 0.1861111109375 0.8598958328125 0.1861111109375 0.8604166671875 0.1888888890625 0.8734375 0.1861111109375 0.8755208328125 0.18055555625 0.878125 0.18055555625 0.8833333328125 0.16944444375 0.8875 0.1666666671875 0.8875 0.15925925937500002 0.8890625 0.1583333328125 0.8875 0.1324074078125 0.8796875 0.12129629687500001 0.8572916671874999 0.12129629687500001 0.8567708328125001 0.12407407343750002 0.8541666671874999 0.12407407343750002 0.8494791671874999 0.1351851859375 0.8494791671874999 0.172222221875
0 0.5885416671875 0.147222221875 0.5947916671875 0.15555555625 0.6078125 0.15277777812499999 0.6125 0.1416666671875 0.6125 0.1074074078125 0.6109375 0.10185185156250001 0.6067708328125 0.10185185156250001 0.60625 0.0990740734375 0.5885416671875 0.10185185156250001 0.5885416671875 0.109259259375 0.5869791671875 0.1101851859375 0.5869791671875 0.1416666671875 0.5885416671875 0.147222221875
0 0.7182291671875001 0.08518518593749999 0.7182291671875001 0.10833333281249999 0.7197916671875 0.109259259375 0.7197916671875 0.11388888906250001 0.7223958328125 0.11388888906250001 0.7244791671875 0.11944444375 0.7421875 0.11944444375 0.7427083328124999 0.1166666671875 0.746875 0.1166666671875 0.7567708328125 0.1 0.7609375 0.097222221875 0.7625 0.071296296875 0.753125 0.0490740734375 0.7505208328124999 0.0490740734375 0.746875 0.04351851875 0.7307291671875 0.04351851875 0.7302083328125 0.046296296875 0.7244791671875 0.046296296875 0.7229166671875 0.05648148125 0.7213541671875 0.0574074078125 0.7197916671875 0.08425925937499999 0.7182291671875001 0.08518518593749999
0 0.3869791671875 0.21296296250000002 0.3869791671875 0.2666666671875 0.39010416718749996 0.275 0.3932291671875 0.27777777812500004 0.4109375 0.27777777812500004 0.4140625 0.2666666671875 0.4140625 0.25648148125 0.421875 0.24722222187499998 0.421875 0.2398148140625 0.4234375 0.2388888890625 0.4234375 0.209259259375 0.425 0.2046296296875 0.421875 0.1990740734375 0.40260416718750003 0.1990740734375 0.3973958328125 0.20740740781250003 0.39010416718749996 0.20740740781250003 0.3869791671875 0.21296296250000002
0 0.7822916671875 0.5833333328125 0.7869791671875 0.5888888890625 0.7984375 0.5861111109375 0.8 0.5759259265625001 0.8015625 0.575 0.7984375 0.5490740734374999 0.7927083328125 0.546296296875 0.7921875 0.54351851875 0.7822916671875 0.54351851875 0.7807291671875001 0.546296296875 0.7807291671875001 0.577777778125 0.7822916671875 0.578703703125 0.7822916671875 0.5833333328125
0 0.4380208328125 0.6166666671875001 0.43854166718750004 0.6203703703125 0.43385416718750003 0.621296296875 0.4322916671875 0.627777778125 0.4390625 0.627777778125 0.43958333281249995 0.625 0.446875 0.63055555625 0.4484375 0.627777778125 0.4484375 0.6148148140624999 0.4515625 0.603703703125 0.4546875 0.6 0.4546875 0.5796296296875 0.4515625 0.5759259265625001 0.4515625 0.571296296875 0.4484375 0.565740740625 0.42604166718750003 0.565740740625 0.42291666718750004 0.56851851875 0.41822916718750003 0.5796296296875 0.41822916718750003 0.60555555625 0.42604166718750003 0.6138888890625 0.4380208328125 0.6166666671875001
0 0.07760416718749999 0.037037037499999995 0.07760416718749999 0.0416666671875 0.08072916718749999 0.045370370312500005 0.0822916671875 0.052777778124999994 0.0880208328125 0.055555556250000006 0.0916666671875 0.0638888890625 0.1046875 0.0638888890625 0.1171875 0.047222221875 0.1171875 0.0425925921875 0.11875 0.0416666671875 0.11875 0.021296296875000002 0.1171875 0.0203703703125 0.1171875 0.0101851859375 0.1125 0.0018518515625 0.07760416718749999 0 0.0744791671875 0.004629629687499999 0.0744791671875 0.025 0.0760416671875 0.0259259265625 0.0760416671875 0.0361111109375 0.07760416718749999 0.037037037499999995
0 0.7791666671875 0.322222221875 0.7984375 0.31944444375000003 0.7984375 0.3148148140625 0.80625 0.29722222187499997 0.8046875 0.2796296296875 0.8015625 0.2768518515625 0.7760416671875 0.2768518515625 0.7744791671875 0.2796296296875 0.7744791671875 0.3138888890625 0.7760416671875 0.31944444375000003 0.7791666671875 0.322222221875
0 0.7010416671875 0.0666666671875 0.7109375 0.0666666671875 0.7114583328124999 0.0638888890625 0.715625 0.0638888890625 0.7192708328124999 0.055555556250000006 0.721875 0.055555556250000006 0.725 0.047222221875 0.725 0.0296296296875 0.71875 0.021296296875000002 0.6963541671875 0.021296296875000002 0.6932291671875 0.0268518515625 0.6932291671875 0.052777778124999994 0.6947916671875001 0.053703703125 0.6947916671875001 0.058333332812500006 0.7010416671875 0.0666666671875
0 0.5713541671875 0.547222221875 0.5796875 0.55 0.5802083328125 0.547222221875 0.584375 0.547222221875 0.5875 0.5416666671875 0.5859375 0.5296296296875 0.5796875 0.521296296875 0.5635416671875 0.521296296875 0.5619791671875001 0.5240740734375 0.5619791671875001 0.5388888890625 0.5651041671875 0.54444444375 0.5708333328124999 0.54444444375 0.5713541671875 0.547222221875
0 0.41197916718750005 0.0268518515625 0.41197916718750005 0.06944444375 0.4135416671875 0.0703703703125 0.4135416671875 0.077777778125 0.41510416718750004 0.08055555625000001 0.41770833281249997 0.08055555625000001 0.41822916718750003 0.08333333281250001 0.42083333281249996 0.08333333281250001 0.4213541671875 0.0861111109375 0.4234375 0.0861111109375 0.42395833281249995 0.08333333281250001 0.428125 0.08333333281250001 0.4302083328125 0.077777778125 0.4359375 0.075 0.4359375 0.0703703703125 0.4380208328125 0.0666666671875 0.44375 0.0638888890625 0.45 0.052777778124999994 0.4515625 0.03148148125 0.4546875 0.027777778125000003 0.4546875 0.0129629625 0.41822916718750003 0.0129629625 0.4135416671875 0.021296296875000002 0.4135416671875 0.0259259265625 0.41197916718750005 0.0268518515625
0 0.42864583281249996 0.647222221875 0.4322916671875 0.6583333328125 0.446875 0.6555555562500001 0.45 0.647222221875 0.4484375 0.61851851875 0.4453125 0.6129629624999999 0.4380208328125 0.6129629624999999 0.4375 0.6101851859375 0.42760416718750005 0.6101851859375 0.4270833328125 0.6129629624999999 0.4244791671875 0.6129629624999999 0.42291666718750004 0.6203703703125 0.41979166718750005 0.6240740734375 0.41979166718750005 0.6416666671875 0.42864583281249996 0.647222221875
0 0.3546875 0.702777778125 0.353125 0.6879629625 0.3322916671875 0.6879629625 0.3307291671875 0.690740740625 0.3322916671875 0.7083333328125 0.3369791671875 0.7111111109375 0.3484375 0.7111111109375 0.3546875 0.702777778125
0 0.6177083328124999 0.3333333328125 0.6213541671875 0.3416666671875 0.6296875 0.33888888906250003 0.63125 0.3046296296875 0.628125 0.29907407343750003 0.6135416671875 0.29907407343750003 0.6119791671875 0.3018518515625 0.6119791671875 0.325 0.6135416671875 0.33055555625 0.6177083328124999 0.3333333328125
0 0.41979166718750005 0.6240740734375 0.41979166718750005 0.6416666671875 0.4244791671875 0.647222221875 0.42864583281249996 0.647222221875 0.4322916671875 0.6583333328125 0.446875 0.6555555562500001 0.45 0.647222221875 0.45 0.621296296875 0.4484375 0.6203703703125 0.4484375 0.6148148140624999 0.4515625 0.6046296296875 0.4484375 0.5990740734375 0.4213541671875 0.5990740734375 0.41979166718750005 0.6111111109375 0.42291666718750004 0.6148148140624999 0.42291666718750004 0.6203703703125 0.41979166718750005 0.6240740734375
0 0.8447916671875 0.47222222187499996 0.8489583328125001 0.47222222187499996 0.8494791671874999 0.475 0.8625 0.475 0.8661458328125 0.46944444374999994 0.8734375 0.46666666718750005 0.8796875 0.447222221875 0.8796875 0.43518518593750005 0.8765625 0.42870370312499995 0.875 0.415740740625 0.86875 0.40648148125 0.86875 0.4018518515625 0.8671875 0.3990740734375 0.8432291671875 0.3990740734375 0.8427083328125 0.4018518515625 0.8385416671874999 0.4018518515625 0.8385416671874999 0.4175925921875 0.8369791671875 0.41851851875 0.8385416671874999 0.4611111109375 0.8447916671875 0.47222222187499996
0 0.7411458328125 0.2296296296875 0.7338541671875001 0.23240740781250002 0.7307291671875 0.2379629625 0.7307291671875 0.2638888890625 0.7401041671875 0.275 0.7515625 0.275 0.7520833328125 0.272222221875 0.7546875 0.272222221875 0.7625 0.25833333281250004 0.7625 0.22685185156249998 0.7609375 0.22407407343750002 0.7583333328124999 0.22407407343750002 0.7578125 0.221296296875 0.7463541671875 0.221296296875 0.7411458328125 0.2296296296875
0 0.784375 0.27777777812500004 0.7895833328124999 0.26944444375 0.7921875 0.26944444375 0.7942708328125 0.2638888890625 0.796875 0.2638888890625 0.796875 0.259259259375 0.7984375 0.25833333281250004 0.7984375 0.246296296875 0.790625 0.23240740781250002 0.7713541671875 0.23240740781250002 0.7682291671875 0.2379629625 0.7682291671875 0.2666666671875 0.7697916671875 0.2675925921875 0.7697916671875 0.275 0.784375 0.27777777812500004
0 0.9526041671875 0.23333333281250002 0.9703125 0.23611111093749998 0.9708333328125001 0.23333333281250002 0.978125 0.23055555625 0.98125 0.225 0.9828125 0.21203703749999997 0.984375 0.21111111093749999 0.984375 0.2018518515625 0.9828125 0.2009259265625 0.9828125 0.19351851874999998 0.978125 0.17962962968750001 0.9755208328125 0.17962962968750001 0.975 0.1768518515625 0.9541666671875 0.1768518515625 0.9536458328125 0.17962962968750001 0.9510416671874999 0.17962962968750001 0.9510416671874999 0.184259259375 0.9494791671874999 0.1851851859375 0.9494791671874999 0.225 0.9526041671875 0.23333333281250002
0 0.4661458328125 0.29351851875 0.4609375 0.2851851859375 0.45729166718750003 0.28796296250000003 0.45729166718750003 0.2953703703125 0.4557291671875 0.296296296875 0.4557291671875 0.325 0.45729166718750003 0.32592592656249997 0.45729166718750003 0.3333333328125 0.4635416671875 0.3416666671875 0.4734375 0.3361111109375 0.48125 0.322222221875 0.4828125 0.3120370375 0.4859375 0.3083333328125 0.4859375 0.290740740625 0.484375 0.2898148140625 0.4828125 0.2796296296875 0.48020833281249997 0.2796296296875 0.4796875 0.2768518515625 0.46979166718750004 0.2768518515625 0.4692708328125 0.2796296296875 0.46666666718750005 0.2796296296875 0.4661458328125 0.29351851875
0 0 0.252777778125 0.01875 0.252777778125 0.021875 0.25 0.028125 0.23055555625 0.028125 0.196296296875 0.0265625 0.190740740625 0.01875 0.17962962968750001 0.0114583328125 0.17962962968750001 0.0109375 0.1768518515625 0.0083333328125 0.17962962968750001 0 0.17962962968750001 0 0.252777778125