0 0.8572916671874999 0.597222221875 0.8604166671875 0.6 0.8796875 0.6 0.8875 0.5888888890625 0.8890625 0.5759259265625001 0.8921875 0.5722222218749999 0.8921875 0.5574074078125 0.8859375 0.54351851875 0.8604166671875 0.54351851875 0.8572916671874999 0.546296296875 0.8557291671874999 0.5518518515624999 0.8557291671874999 0.5888888890625 0.8572916671874999 0.5898148140624999 0.8572916671874999 0.597222221875
0 0.0385416671875 0.7731481484375 0.0385416671875 0.777777778125 0.0411458328125 0.777777778125 0.0447916671875 0.7888888890625 0.0473958328125 0.7888888890625 0.051041667187499994 0.797222221875 0.055208332812500004 0.797222221875 0.0557291671875 0.8 0.0671875 0.797222221875 0.07083333281250001 0.7888888890625 0.0734375 0.7888888890625 0.075 0.7814814812499999 0.0796875 0.775 0.0796875 0.7675925921875 0.08125 0.7666666671875 0.08125 0.7379629624999999 0.0796875 0.7370370375 0.0796875 0.7324074078125 0.0734375 0.7212962968750001 0.0432291671875 0.7212962968750001 0.0427083328125 0.7240740734375 0.0385416671875 0.7240740734375 0.0385416671875 0.73148148125 0.0369791671875 0.7324074078125 0.0369791671875 0.772222221875 0.0385416671875 0.7731481484375
0 0.6151041671875 0 0.6119791671875 0.004629629687499999 0.6119791671875 0.052777778124999994 0.6229166671875 0.0666666671875 0.6375 0.0638888890625 0.6375 0.059259259375 0.64375 0.052777778124999994 0.64375 0.037037037499999995 0.6453125 0.0361111109375 0.6453125 0.021296296875000002 0.6421875 0.0074074078125 0.6395833328125 0.0074074078125 0.6390625 0.0018518515625 0.6359375 0 0.6151041671875 0
0 0.8927083328125001 0.24722222187499998 0.8947916671874999 0.25555555625 0.9140625 0.25555555625 0.9145833328125 0.252777778125 0.9171875 0.252777778125 0.9234375 0.23333333281250002 0.9234375 0.2203703703125 0.925 0.21944444375 0.91875 0.190740740625 0.9171875 0.1879629625 0.8885416671874999 0.1879629625 0.8869791671874999 0.190740740625 0.8869791671874999 0.2416666671875 0.8901041671875 0.24722222187499998 0.8927083328125001 0.24722222187499998
0 0.2916666671875 0.8194444437499999 0.309375 0.8194444437499999 0.3114583328125 0.8138888890624999 0.31875 0.8083333328125001 0.31875 0.7879629625 0.3171875 0.7870370375 0.3171875 0.7796296296875 0.3125 0.7703703703125 0.3125 0.7601851859375001 0.309375 0.7546296296875 0.2838541671875 0.7546296296875 0.28072916718749996 0.7601851859375001 0.28072916718749996 0.8055555562500001 0.2838541671875 0.8111111109375001 0.2864583328125 0.8111111109375001 0.2916666671875 0.8194444437499999
0 0.8817708328125 0.3861111109375 0.8822916671875 0.3888888890625 0.8921875 0.3888888890625 0.8958333328125001 0.38055555625 0.9 0.377777778125 0.9015625 0.36759259218749996 0.9046875 0.3638888890625 0.9046875 0.34629629687499996 0.903125 0.3453703703125 0.9 0.3296296296875 0.89375 0.321296296875 0.8760416671875 0.321296296875 0.8744791671875 0.3240740734375 0.8744791671875 0.377777778125 0.8776041671874999 0.3861111109375 0.8817708328125 0.3861111109375
0 0.1197916671875 0.23055555625 0.12395833281249999 0.23055555625 0.1244791671875 0.23333333281250002 0.134375 0.23333333281250002 0.1380208328125 0.225 0.140625 0.225 0.14375 0.21944444375 0.14375 0.2148148140625 0.146875 0.20833333281250002 0.146875 0.1990740734375 0.1453125 0.1981481484375 0.14375 0.17962962968750001 0.1359375 0.165740740625 0.1135416671875 0.165740740625 0.1119791671875 0.16851851874999998 0.1119791671875 0.21944444375 0.11614583281249999 0.222222221875 0.1197916671875 0.23055555625
0 0.1755208328125 0.5111111109375 0.1838541671875 0.527777778125 0.1864583328125 0.527777778125 0.18697916718750002 0.5305555562500001 0.203125 0.5305555562500001 0.2052083328125 0.525 0.2078125 0.525 0.2078125 0.5231481484375 0.2125 0.5166666671875 0.2125 0.50648148125 0.2140625 0.50555555625 0.2140625 0.4768518515625 0.2125 0.47592592656250005 0.2125 0.471296296875 0.2114583328125 0.471296296875 0.203125 0.4546296296875 0.1776041671875 0.4546296296875 0.1776041671875 0.45648148125 0.1744791671875 0.4601851859375 0.1744791671875 0.5111111109375 0.1755208328125 0.5111111109375
0 0.7354166671875 0.6611111109375 0.7369791671875 0.6638888890625 0.7411458328125 0.6638888890625 0.7416666671875001 0.6666666671875 0.759375 0.6666666671875 0.7598958328125 0.6638888890625 0.7640625 0.6638888890625 0.7671875 0.6583333328125 0.76875 0.6481481484375 0.7734375 0.6416666671875 0.7734375 0.634259259375 0.775 0.6333333328124999 0.775 0.6129629624999999 0.7671875 0.5990740734375 0.7322916671875 0.5990740734375 0.7307291671875 0.6018518515625 0.7307291671875 0.6416666671875 0.7354166671875 0.6537037031249999 0.7354166671875 0.6611111109375
0 0.4609375 0.35 0.4661458328125 0.34444444375 0.471875 0.34444444375 0.475 0.33888888906250003 0.475 0.334259259375 0.4796875 0.32777777812500003 0.4796875 0.3203703703125 0.48125 0.31944444375000003 0.48125 0.29907407343750003 0.4796875 0.29814814843750004 0.4796875 0.290740740625 0.471875 0.2768518515625 0.4526041671875 0.2768518515625 0.45208333281249996 0.2796296296875 0.44947916718750003 0.2796296296875 0.44322916718750005 0.29351851875 0.44322916718750005 0.3416666671875 0.45104166718750005 0.35 0.4609375 0.35
0 0.7885416671875001 0.16944444375 0.8010416671874999 0.1833333328125 0.8078125 0.1833333328125 0.8083333328125001 0.18055555625 0.815625 0.177777778125 0.81875 0.172222221875 0.8203125 0.15648148125 0.8234375 0.15277777812499999 0.8234375 0.140740740625 0.821875 0.13981481406250001 0.8171875 0.12129629687500001 0.7885416671875001 0.12129629687500001 0.7869791671875 0.12407407343750002 0.7869791671875 0.16388888906250001 0.7885416671875001 0.1648148140625 0.7885416671875001 0.16944444375
0 0.8552083328125001 0.3 0.8557291671874999 0.302777778125 0.865625 0.3 0.86875 0.29444444375 0.86875 0.2870370375 0.871875 0.27777777812500004 0.86875 0.24907407343750002 0.865625 0.24351851875000002 0.8463541671874999 0.24351851875000002 0.8432291671875 0.24907407343750002 0.8432291671875 0.29444444375 0.8463541671874999 0.3 0.8552083328125001 0.3
0 0.41979166718750005 0.6675925921875 0.41979166718750005 0.672222221875 0.42083333281249996 0.672222221875 0.4213541671875 0.675 0.42395833281249995 0.675 0.4244791671875 0.6777777781250001 0.4484375 0.6777777781250001 0.4484375 0.6759259265625001 0.4546875 0.6666666671875 0.4546875 0.6518518515625 0.4515625 0.6481481484375 0.4515625 0.64351851875 0.45 0.6425925921875 0.4484375 0.6324074078125 0.44739583281249995 0.6324074078125 0.4421875 0.621296296875 0.42604166718750003 0.621296296875 0.42604166718750003 0.6231481484375 0.41822916718750003 0.6351851859375001 0.41822916718750003 0.6666666671875 0.41979166718750005 0.6675925921875
0 0.37447916718749996 0.2 0.3921875 0.2 0.4 0.1861111109375 0.4 0.1518518515625 0.3984375 0.146296296875 0.3942708328125 0.146296296875 0.39375 0.14351851875 0.3713541671875 0.14351851875 0.3682291671875 0.1490740734375 0.3682291671875 0.1888888890625 0.3697916671875 0.19444444375 0.37447916718749996 0.2
0 0.1270833328125 0.35 0.1307291671875 0.35555555625 0.1421875 0.352777778125 0.14375 0.32685185156249996 0.1421875 0.321296296875 0.1390625 0.3203703703125 0.1359375 0.3101851859375 0.11510416718750001 0.3101851859375 0.1119791671875 0.315740740625 0.1119791671875 0.3583333328125 0.1135416671875 0.3638888890625 0.1234375 0.3638888890625 0.1270833328125 0.35
0 0.08072916718749999 0.9055555562500001 0.0822916671875 0.9111111109375001 0.0880208328125 0.9138888890624999 0.0901041671875 0.91944444375 0.0984375 0.91944444375 0.1109375 0.9055555562500001 0.1140625 0.89444444375 0.115625 0.8731481484374999 0.1171875 0.872222221875 0.1171875 0.8574074078124999 0.1145833328125 0.8574074078124999 0.109375 0.8462962968750001 0.1052083328125 0.8462962968750001 0.1046875 0.8435185187500001 0.08854166718749999 0.8435185187500001 0.08541666718749999 0.8462962968750001 0.0822916671875 0.8759259265624999 0.08072916718749999 0.8768518515625001 0.08072916718749999 0.9055555562500001
0 0.421875 0.2 0.425 0.197222221875 0.4270833328125 0.1888888890625 0.43125 0.1861111109375 0.43125 0.1759259265625 0.4328125 0.175 0.43125 0.146296296875 0.41041666718750003 0.14351851875 0.4057291671875 0.1518518515625 0.4057291671875 0.197222221875 0.40729166718750004 0.2 0.421875 0.2
0 0.9484375 0.10833333281249999 0.9505208328125001 0.102777778125 0.9583333328125001 0.102777778125 0.9604166671875 0.10648148125000001 0.9619791671875 0.11944444375 0.9671875 0.12222222187500001 0.975 0.102777778125 0.975 0.07962962968750001 0.9734375 0.07685185156249999 0.9447916671875 0.07685185156249999 0.9432291671874999 0.07962962968750001 0.9432291671874999 0.1 0.9447916671875 0.10555555624999999 0.9484375 0.10833333281249999
0 0.48854166718750003 0.29907407343750003 0.4869791671875 0.3046296296875 0.4869791671875 0.33888888906250003 0.48854166718750003 0.34444444375 0.49427083281249995 0.34444444375 0.4947916671875 0.34722222187499996 0.5046875 0.34444444375 0.5078125 0.334259259375 0.515625 0.322222221875 0.5171875 0.29351851875 0.5125 0.28796296250000003 0.49635416718750003 0.28796296250000003 0.49322916718750004 0.290740740625 0.49114583281249996 0.29907407343750003 0.48854166718750003 0.29907407343750003
0 0.5723958328125 0.11851851875 0.5651041671875 0.12129629687500001 0.5619791671875001 0.1296296296875 0.5619791671875001 0.1611111109375 0.5635416671875 0.1620370375 0.5635416671875 0.1666666671875 0.5661458328125 0.1666666671875 0.5697916671875001 0.175 0.5828125 0.175 0.59375 0.15277777812499999 0.59375 0.1425925921875 0.5953125 0.1416666671875 0.596875 0.12407407343750002 0.5953125 0.1231481484375 0.5953125 0.11574074062499999 0.59375 0.1148148140625 0.59375 0.1046296296875 0.590625 0.0990740734375 0.5822916671875 0.0990740734375 0.5817708328125 0.10185185156250001 0.5791666671875 0.10185185156250001 0.5723958328125 0.11851851875
0 0.0536458328125 0.4129629625 0.051041667187499994 0.4129629625 0.0494791671875 0.4203703703125 0.0447916671875 0.4268518515625 0.0447916671875 0.43148148124999997 0.0432291671875 0.43240740781250003 0.0432291671875 0.46388888906250003 0.0473958328125 0.46666666718750005 0.051041667187499994 0.475 0.055208332812500004 0.475 0.0557291671875 0.477777778125 0.065625 0.475 0.0692708328125 0.46666666718750005 0.071875 0.46666666718750005 0.0828125 0.44444444375 0.0828125 0.4268518515625 0.08125 0.42592592656250006 0.0796875 0.4129629625 0.07552083281250001 0.4129629625 0.075 0.41018518593750003 0.054166667187499996 0.41018518593750003 0.0536458328125 0.4129629625
0 0.9067708328125 0.9638888890624999 0.9135416671875 0.977777778125 0.9265625 0.977777778125 0.9270833328125001 0.975 0.93125 0.975 0.93125 0.9546296296874999 0.9296875 0.953703703125 0.9296875 0.9490740734375 0.925 0.9425925921875 0.9234375 0.9324074078125 0.9223958328125 0.9324074078125 0.9171875 0.921296296875 0.9072916671875 0.921296296875 0.9072916671875 0.9231481484374999 0.9057291671875 0.9240740734375 0.9057291671875 0.9638888890624999 0.9067708328125 0.9638888890624999
0 0.3359375 0.925 0.33645833281250004 0.922222221875 0.34375 0.922222221875 0.3546875 0.9055555562500001 0.3546875 0.8981481484374999 0.35625 0.897222221875 0.3546875 0.871296296875 0.35 0.865740740625 0.3322916671875 0.865740740625 0.3307291671875 0.86851851875 0.3307291671875 0.91944444375 0.3338541671875 0.925 0.3359375 0.925
0 0.078125 0.7083333328125 0.0817708328125 0.7 0.0859375 0.6972222218749999 0.0875 0.6796296296875 0.0796875 0.665740740625 0.06510416718749999 0.665740740625 0.0645833328125 0.66851851875 0.061979167187499996 0.66851851875 0.061979167187499996 0.6731481484375 0.05729166718749999 0.6796296296875 0.05729166718749999 0.684259259375 0.0557291671875 0.6851851859375 0.0557291671875 0.7 0.05729166718749999 0.7009259265625001 0.058854167187499994 0.7083333328125 0.078125 0.7083333328125
0 0.9526041671875 0.46944444374999994 0.9557291671874999 0.4703703703125 0.9572916671874999 0.48055555625 0.9604166671875 0.4861111109375 0.9703125 0.4861111109375 0.9708333328125001 0.48333333281249996 0.9828125 0.475 0.984375 0.4574074078125 0.98125 0.45370370312499997 0.98125 0.44629629687500005 0.9734375 0.43240740781250003 0.9557291671874999 0.43240740781250003 0.9552083328125001 0.43518518593750005 0.9510416671874999 0.4379629625 0.9510416671874999 0.44259259218749997 0.9494791671874999 0.44351851875000003 0.9494791671874999 0.46388888906250003 0.9526041671875 0.46944444374999994
0 0 0.6416666671875 0.0046875 0.6416666671875 0.0083333328125 0.6333333328124999 0.0109375 0.6333333328124999 0.0125 0.615740740625 0.0078125 0.60648148125 0.00625 0.590740740625 0 0.5879629625 0 0.6416666671875
0 0.853125 0.1861111109375 0.8609375 0.1583333328125 0.8609375 0.146296296875 0.8567708328125001 0.146296296875 0.85625 0.14351851875 0.8385416671874999 0.14351851875 0.8369791671875 0.146296296875 0.8369791671875 0.1833333328125 0.8401041671874999 0.1888888890625 0.853125 0.1861111109375
0 0.8203125 0.522222221875 0.825 0.5083333328124999 0.825 0.49351851875 0.821875 0.4879629625 0.8072916671874999 0.4879629625 0.8057291671875 0.490740740625 0.8057291671875 0.51944444375 0.8088541671874999 0.525 0.8203125 0.522222221875
0 0.1364583328125 0.1666666671875 0.1385416671875 0.172222221875 0.15 0.172222221875 0.1583333328125 0.1583333328125 0.165625 0.15277777812499999 0.165625 0.1379629625 0.1640625 0.13703703750000001 0.1609375 0.12129629687500001 0.1546875 0.1101851859375 0.1432291671875 0.1101851859375 0.1427083328125 0.1129629625 0.1364583328125 0.1129629625 0.1359375 0.1101851859375 0.1338541671875 0.1101851859375 0.1307291671875 0.11574074062499999 0.1307291671875 0.1583333328125 0.13229166718750002 0.15925925937500002 0.13229166718750002 0.16388888906250001 0.1364583328125 0.1666666671875
0 0.1432291671875 0.171296296875 0.1432291671875 0.1861111109375 0.1447916671875 0.1870370375 0.1447916671875 0.197222221875 0.1463541671875 0.1981481484375 0.14791666718750002 0.20555555625 0.1505208328125 0.20555555625 0.1510416671875 0.20833333281250002 0.1609375 0.20833333281250002 0.1630208328125 0.20277777812500003 0.165625 0.20277777812500003 0.175 0.1861111109375 0.175 0.1601851859375 0.171875 0.1546296296875 0.1572916671875 0.1546296296875 0.1536458328125 0.1629629625 0.1463541671875 0.165740740625 0.1432291671875 0.171296296875
0 0.03125 0.5111111109375 0.034375 0.50555555625 0.0328125 0.4879629625 0.03125 0.48703703750000005 0.0296875 0.4768518515625 0.0135416671875 0.4768518515625 0.0119791671875 0.4796296296875 0.0119791671875 0.5083333328124999 0.0151041671875 0.5138888890625 0.0208333328125 0.5083333328124999 0.03125 0.5111111109375
0 0.4213541671875 0.5611111109375 0.4244791671875 0.5666666671875 0.4270833328125 0.5666666671875 0.4322916671875 0.577777778125 0.43645833281249996 0.577777778125 0.4369791671875 0.58055555625 0.43958333281249995 0.58055555625 0.44322916718750005 0.5861111109375 0.4484375 0.5861111109375 0.4484375 0.58148148125 0.45625 0.5722222218749999 0.45625 0.546296296875 0.4484375 0.5324074078125001 0.4458333328125 0.5324074078125001 0.4453125 0.5296296296875 0.4427083328125 0.5296296296875 0.4390625 0.5240740734375 0.43333333281249997 0.5240740734375 0.4328125 0.521296296875 0.41979166718750005 0.521296296875 0.41822916718750003 0.5240740734375 0.41822916718750003 0.5527777781250001 0.4213541671875 0.55648148125 0.4213541671875 0.5611111109375
0 0.5697916671875001 0.252777778125 0.5744791671875 0.259259259375 0.5760416671875 0.272222221875 0.5807291671875 0.27777777812500004 0.59375 0.27777777812500004 0.5942708328124999 0.275 0.5984375 0.275 0.5984375 0.2703703703125 0.6 0.26944444375 0.6 0.246296296875 0.5890625 0.23148148124999998 0.5875 0.21574074062499998 0.5828125 0.20648148125 0.5828125 0.2018518515625 0.5802083328125 0.2018518515625 0.5796875 0.1990740734375 0.5713541671875 0.1990740734375 0.5682291671875 0.2046296296875 0.5682291671875 0.24444444375000002 0.5697916671875001 0.2453703703125 0.5697916671875001 0.252777778125
0 0.2666666671875 0.42222222187499997 0.2692708328125 0.42222222187499997 0.2713541671875 0.427777778125 0.284375 0.425 0.2848958328125 0.42222222187499997 0.2875 0.42222222187499997 0.2875 0.4175925921875 0.29375 0.40833333281249995 0.29375 0.396296296875 0.2859375 0.3796296296875 0.2833333328125 0.3796296296875 0.2828125 0.3768518515625 0.2635416671875 0.3768518515625 0.2619791671875 0.3796296296875 0.2619791671875 0.41111111093749997 0.2635416671875 0.41203703750000004 0.2635416671875 0.4166666671875 0.2666666671875 0.42222222187499997
0 0.459375 0.65 0.46302083281249995 0.64444444375 0.471875 0.6416666671875 0.4765625 0.6333333328124999 0.4765625 0.6240740734375 0.465625 0.6101851859375 0.45104166718750005 0.6101851859375 0.44947916718750003 0.6129629624999999 0.44947916718750003 0.64444444375 0.45104166718750005 0.6453703703125 0.45104166718750005 0.65 0.459375 0.65
0 0.5947916671875 0.1861111109375 0.5994791671875 0.1925925921875 0.5994791671875 0.20555555625 0.6041666671875 0.21111111093749999 0.6125 0.21111111093749999 0.6130208328125 0.20833333281250002 0.615625 0.20833333281250002 0.625 0.1861111109375 0.625 0.165740740625 0.6234375 0.1648148140625 0.6234375 0.1574074078125 0.6114583328125 0.1546296296875 0.6046875 0.14351851875 0.5947916671875 0.14351851875 0.5932291671875001 0.146296296875 0.5932291671875001 0.177777778125 0.5947916671875 0.178703703125 0.5947916671875 0.1861111109375
0 0.8765625 0.025 0.8828125 0.0166666671875 0.8828125 0.004629629687499999 0.8796875 0 0.8494791671874999 0.0018518515625 0.8494791671874999 0.0166666671875 0.8510416671875 0.0175925921875 0.8510416671875 0.022222221875 0.8765625 0.025
0 0.9729166671874999 0.5111111109375 0.9859375 0.5083333328124999 0.9875 0.4824074078125 0.984375 0.4768518515625 0.9651041671874999 0.4768518515625 0.9619791671875 0.4824074078125 0.9619791671875 0.497222221875 0.9651041671874999 0.50555555625 0.9723958328125001 0.5083333328124999 0.9729166671874999 0.5111111109375
0 0.284375 0.23611111093749998 0.2848958328125 0.23333333281250002 0.2875 0.23333333281250002 0.2875 0.22870370312500002 0.2890625 0.22777777812500002 0.2859375 0.196296296875 0.28125 0.1879629625 0.2760416671875 0.1879629625 0.2744791671875 0.190740740625 0.2744791671875 0.23055555625 0.2776041671875 0.23611111093749998 0.284375 0.23611111093749998
0 0.7390625 0.0018518515625 0.7197916671875 0 0.7182291671875001 0.0018518515625 0.7182291671875001 0.019444443750000002 0.7197916671875 0.022222221875 0.73125 0.022222221875 0.7359375 0.0166666671875 0.7390625 0.0018518515625
0 0.8703125 0.2 0.8796875 0.177777778125 0.8796875 0.1574074078125 0.8755208328125 0.1574074078125 0.875 0.1546296296875 0.8604166671875 0.1546296296875 0.8557291671874999 0.1629629625 0.8557291671874999 0.197222221875 0.8572916671874999 0.2 0.8703125 0.2
0 0.6010416671875001 0.2138888890625 0.6057291671875 0.21944444375 0.6125 0.21944444375 0.6125 0.2148148140625 0.6171875 0.20833333281250002 0.6171875 0.20370370312500002 0.625 0.1888888890625 0.625 0.1601851859375 0.6234375 0.1574074078125 0.6010416671875001 0.1546296296875 0.5994791671875 0.1574074078125 0.5994791671875 0.20833333281250002 0.6010416671875001 0.209259259375 0.6010416671875001 0.2138888890625
0 0.2822916671875 0.2870370375 0.28072916718749996 0.28796296250000003 0.28072916718749996 0.31944444375000003 0.2822916671875 0.3203703703125 0.2838541671875 0.3333333328125 0.2916666671875 0.33703703749999997 0.2911458328125 0.340740740625 0.2822916671875 0.340740740625 0.2822916671875 0.3453703703125 0.28072916718749996 0.34629629687499996 0.2822916671875 0.35555555625 0.2984375 0.352777778125 0.3 0.3425925921875 0.3140625 0.3166666671875 0.3140625 0.3018518515625 0.3046875 0.284259259375 0.3046875 0.2796296296875 0.3005208328125 0.2796296296875 0.3 0.2768518515625 0.2869791671875 0.2768518515625 0.2864583328125 0.2796296296875 0.2822916671875 0.2796296296875 0.2822916671875 0.2870370375
0 0.4302083328125 0.12222222187500001 0.4328125 0.12222222187500001 0.434375 0.10370370312499999 0.4359375 0.102777778125 0.434375 0.09074074062500001 0.4296875 0.08796296249999999 0.40729166718750004 0.08796296249999999 0.4057291671875 0.09074074062500001 0.4057291671875 0.11944444375 0.41041666718750003 0.127777778125 0.425 0.13055555624999998 0.4302083328125 0.12222222187500001
0 0.8572916671874999 0.2 0.871875 0.197222221875 0.8734375 0.1898148140625 0.884375 0.175 0.8828125 0.1574074078125 0.8770833328125001 0.1574074078125 0.8765625 0.1546296296875 0.8604166671875 0.1546296296875 0.8572916671874999 0.1574074078125 0.8572916671874999 0.1648148140625 0.8557291671874999 0.165740740625 0.8557291671874999 0.197222221875 0.8572916671874999 0.2
0 0.2984375 0.35555555625 0.3015625 0.34444444375 0.3015625 0.3351851859375 0.2760416671875 0.3324074078125 0.2744791671875 0.3351851859375 0.2744791671875 0.35555555625 0.2776041671875 0.3638888890625 0.2921875 0.3638888890625 0.2958333328125 0.35555555625 0.2984375 0.35555555625
0 0.0322916671875 0.9768518515625001 0.0307291671875 0.9796296296874999 0.0322916671875 0.9990740734375001 0.05 0.997222221875 0.0484375 0.9768518515625001 0.0322916671875 0.9768518515625001
0 0.646875 0.5527777781250001 0.65 0.5351851859375001 0.6453125 0.5287037031249999 0.6453125 0.5240740734375 0.6427083328125 0.5240740734375 0.6421875 0.521296296875 0.6322916671875001 0.521296296875 0.6307291671875 0.5240740734375 0.6322916671875001 0.55 0.6369791671875 0.5555555562500001 0.646875 0.5527777781250001
0 0.909375 0.5083333328124999 0.9125 0.497222221875 0.9125 0.4796296296875 0.8947916671874999 0.4768518515625 0.8932291671874999 0.4796296296875 0.8932291671874999 0.50555555625 0.8963541671874999 0.5111111109375 0.909375 0.5083333328124999
0 0.5885416671875 0.9759259265625 0.5869791671875 0.9768518515625001 0.5869791671875 0.997222221875 0.6 0.997222221875 0.6015625 0.99444444375 0.6015625 0.98148148125 0.60625 0.977777778125 0.60625 0.9731481484375 0.6109375 0.9638888890624999 0.6109375 0.9574074078124999 0.5947916671875 0.9546296296874999 0.5932291671875001 0.9620370375 0.5885416671875 0.9685185187500001 0.5885416671875 0.9759259265625
0 0.6109375 0.9574074078124999 0.6078125 0.9546296296874999 0.5932291671875001 0.9574074078124999 0.5947916671875 0.977777778125 0.60625 0.977777778125 0.6109375 0.9666666671874999 0.6109375 0.9574074078124999
0 0.4635416671875 0.1833333328125 0.4760416671875 0.197222221875 0.48020833281249997 0.197222221875 0.48072916718750003 0.2 0.4848958328125 0.2 0.48541666718750004 0.20277777812500003 0.4895833328125 0.20277777812500003 0.49010416718750005 0.20555555625 0.496875 0.20277777812500003 0.5015625 0.1916666671875 0.5015625 0.16851851874999998 0.4921875 0.15092592656249998 0.4921875 0.1268518515625 0.490625 0.12407407343750002 0.48645833281249995 0.12407407343750002 0.4859375 0.12129629687500001 0.46197916718750004 0.12129629687500001 0.4614583328125 0.12407407343750002 0.45885416718750005 0.12407407343750002 0.4557291671875 0.1324074078125 0.4557291671875 0.16388888906250001 0.4635416671875 0.178703703125 0.4635416671875 0.1833333328125
0 0.6109375 0.9666666671874999 0.6109375 0.9574074078124999 0.6078125 0.9546296296874999 0.5947916671875 0.9546296296874999 0.5932291671875001 0.9574074078124999 0.5932291671875001 0.975 0.5963541671875 0.98055555625 0.60625 0.977777778125 0.6109375 0.9666666671874999
0 0.534375 0.0574074078125 0.5197916671875 0.0546296296875 0.5182291671875 0.0574074078125 0.5182291671875 0.072222221875 0.5197916671875 0.075 0.528125 0.075 0.534375 0.0638888890625 0.534375 0.0574074078125
0 0.2958333328125 0.35555555625 0.3 0.352777778125 0.3 0.3453703703125 0.3046875 0.3361111109375 0.3046875 0.3240740734375 0.3 0.321296296875 0.2776041671875 0.321296296875 0.2744791671875 0.32685185156249996 0.2744791671875 0.35555555625 0.2776041671875 0.3638888890625 0.2921875 0.3638888890625 0.2958333328125 0.35555555625