0 0.25 0.7 0.25052083281250004 0.6972222218749999 0.253125 0.6972222218749999 0.25625 0.6888888890625 0.25625 0.6759259265625001 0.2578125 0.675 0.2546875 0.6379629625 0.25 0.6324074078125 0.2244791671875 0.6324074078125 0.22395833281250002 0.6351851859375001 0.22135416718749998 0.6351851859375001 0.2182291671875 0.64351851875 0.2182291671875 0.6833333328125 0.22760416718749998 0.7 0.25 0.7
0 0.3109375 0.91944444375 0.31875 0.902777778125 0.31875 0.8898148140625001 0.3203125 0.8888888890625 0.3203125 0.88148148125 0.3234375 0.877777778125 0.3234375 0.865740740625 0.321875 0.8629629624999999 0.3151041671875 0.8629629624999999 0.31197916718749996 0.865740740625 0.31197916718749996 0.8703703703125001 0.3083333328125 0.8768518515625001 0.3020833328125 0.8768518515625001 0.3 0.8731481484374999 0.3 0.8462962968750001 0.2984375 0.8435185187500001 0.2822916671875 0.8435185187500001 0.28072916718749996 0.8462962968750001 0.28072916718749996 0.9055555562500001 0.2916666671875 0.922222221875 0.3109375 0.91944444375
0 0.9671875 0.525 0.9677083328125 0.522222221875 0.9734375 0.522222221875 0.975 0.5148148140625 0.9796875 0.5083333328124999 0.9796875 0.5009259265625 0.98125 0.5 0.98125 0.471296296875 0.978125 0.465740740625 0.9447916671875 0.465740740625 0.9432291671874999 0.46851851875 0.9432291671874999 0.5083333328124999 0.9541666671875 0.525 0.9671875 0.525
0 0.0880208328125 0.38333333281250004 0.0947916671875 0.397222221875 0.0973958328125 0.397222221875 0.0979166671875 0.4 0.1140625 0.4 0.1145833328125 0.397222221875 0.1171875 0.397222221875 0.1171875 0.3953703703125 0.1234375 0.3861111109375 0.1234375 0.378703703125 0.125 0.377777778125 0.125 0.34629629687499996 0.12395833281249999 0.34629629687499996 0.1171875 0.3324074078125 0.08854166718749999 0.3324074078125 0.08854166718749999 0.334259259375 0.0869791671875 0.3351851859375 0.0869791671875 0.38333333281250004 0.0880208328125 0.38333333281250004
0 0.42604166718750003 0.46388888906250003 0.43177083281249995 0.46388888906250003 0.4322916671875 0.46666666718750005 0.44375 0.46388888906250003 0.45625 0.4388888890625 0.45625 0.4018518515625 0.453125 0.3981481484375 0.453125 0.39351851875 0.4515625 0.39074074062499997 0.44895833281249997 0.39074074062499997 0.4484375 0.3879629625 0.42291666718750004 0.3879629625 0.4223958328125 0.39074074062499997 0.41979166718750005 0.39074074062499997 0.41979166718750005 0.3953703703125 0.41822916718750003 0.396296296875 0.41822916718750003 0.45 0.42604166718750003 0.46388888906250003
0 0.6385416671875 0.727777778125 0.6401041671875001 0.73055555625 0.6515625 0.73055555625 0.6520833328125 0.727777778125 0.6609375 0.722222221875 0.66875 0.7083333328125 0.66875 0.6768518515624999 0.6640625 0.66851851875 0.6614583328125 0.66851851875 0.6609375 0.665740740625 0.6385416671875 0.665740740625 0.6369791671875 0.66851851875 0.6369791671875 0.722222221875 0.6385416671875 0.7231481484375 0.6385416671875 0.727777778125
0 0.1307291671875 0.06944444375 0.1421875 0.0666666671875 0.14375 0.0509259265625 0.15 0.0333333328125 0.15 0.015740740625 0.146875 0.0101851859375 0.1260416671875 0.0101851859375 0.1244791671875 0.0129629625 0.1244791671875 0.0638888890625 0.1302083328125 0.0666666671875 0.1307291671875 0.06944444375
0 0.46979166718750004 0.7333333328125 0.4828125 0.7333333328125 0.4859375 0.73055555625 0.4859375 0.7259259265625 0.49375 0.7083333328125 0.49375 0.690740740625 0.4921875 0.6851851859375 0.4859375 0.6768518515624999 0.4682291671875 0.6768518515624999 0.46770833281249996 0.6796296296875 0.4635416671875 0.6796296296875 0.4635416671875 0.6870370375 0.46197916718750004 0.6879629625 0.46197916718750004 0.7194444437499999 0.46979166718750004 0.7333333328125
0 0.1432291671875 0.0490740734375 0.1432291671875 0.075 0.1510416671875 0.0888888890625 0.15677083281249998 0.0888888890625 0.1572916671875 0.0916666671875 0.1671875 0.0888888890625 0.16875 0.08148148125 0.175 0.075 0.175 0.0675925921875 0.178125 0.058333332812500006 0.1765625 0.0351851859375 0.1734375 0.0240740734375 0.1703125 0.021296296875000002 0.1526041671875 0.021296296875000002 0.1494791671875 0.0240740734375 0.1447916671875 0.040740740625 0.1447916671875 0.048148148437499996 0.1432291671875 0.0490740734375
0 0.7072916671875 0.6833333328125 0.7166666671875 0.6972222218749999 0.725 0.6972222218749999 0.7270833328124999 0.6916666671875 0.7359375 0.6861111109375 0.7359375 0.68148148125 0.7375 0.6805555562500001 0.7375 0.64351851875 0.7359375 0.6425925921875 0.7359375 0.6379629625 0.73125 0.6324074078125 0.7072916671875 0.6324074078125 0.7057291671875 0.6351851859375001 0.7057291671875 0.6777777781250001 0.7072916671875 0.678703703125 0.7072916671875 0.6833333328125
0 0.2755208328125 0.097222221875 0.2822916671875 0.1111111109375 0.2921875 0.1111111109375 0.2927083328125 0.10833333281249999 0.2984375 0.10555555624999999 0.2984375 0.10370370312499999 0.3046875 0.09444444375 0.3046875 0.0870370375 0.30625 0.0861111109375 0.30625 0.065740740625 0.3046875 0.0648148140625 0.3046875 0.0574074078125 0.3036458328125 0.0574074078125 0.296875 0.04351851875 0.2776041671875 0.04351851875 0.2776041671875 0.045370370312500005 0.2744791671875 0.0490740734375 0.2744791671875 0.097222221875 0.2755208328125 0.097222221875
0 0.021354167187500002 0.0861111109375 0.0239583328125 0.08333333281250001 0.0375 0.0861111109375 0.04375 0.077777778125 0.0453125 0.0546296296875 0.04375 0.053703703125 0.04375 0.04351851875 0.0390625 0.0351851859375 0.0364583328125 0.0351851859375 0.0359375 0.0324074078125 0.0135416671875 0.0324074078125 0.0119791671875 0.0351851859375 0.0119791671875 0.072222221875 0.0151041671875 0.077777778125 0.017708332812499998 0.077777778125 0.021354167187500002 0.0861111109375
0 0.5510416671875 0.61944444375 0.565625 0.6166666671875001 0.5703125 0.6083333328125 0.575 0.5916666671875 0.5734375 0.571296296875 0.5661458328125 0.571296296875 0.565625 0.56851851875 0.5583333328125 0.56851851875 0.5578125 0.565740740625 0.5447916671875 0.565740740625 0.5432291671875 0.56851851875 0.5432291671875 0.6083333328125 0.5473958328124999 0.6111111109375 0.5510416671875 0.61944444375
0 0.46979166718750004 0.25740740781250004 0.46979166718750004 0.2675925921875 0.4682291671875 0.26851851875 0.46979166718750004 0.3083333328125 0.4713541671875 0.3111111109375 0.4739583328125 0.3111111109375 0.48072916718750003 0.31944444375000003 0.4859375 0.31944444375000003 0.4927083328125 0.3111111109375 0.4984375 0.3111111109375 0.50625 0.3 0.50625 0.2953703703125 0.5078125 0.29444444375 0.5078125 0.26851851875 0.50625 0.2675925921875 0.50625 0.2601851859375 0.496875 0.24351851875000002 0.47760416718750004 0.24351851875000002 0.47291666718750003 0.24907407343750002 0.47291666718750003 0.253703703125 0.46979166718750004 0.25740740781250004
0 0.6375 0.9685185187500001 0.6328125 0.9574074078124999 0.6296875 0.9546296296874999 0.6088541671875001 0.9546296296874999 0.6057291671875 0.9601851859374999 0.6057291671875 0.997222221875 0.6359375 0.997222221875 0.6375 0.9916666671875 0.6375 0.9685185187500001
0 0.8989583328125 0.397222221875 0.8994791671875 0.4 0.9171875 0.4 0.9177083328125001 0.397222221875 0.9203125 0.397222221875 0.9265625 0.3861111109375 0.9265625 0.38148148125 0.9296875 0.377777778125 0.9296875 0.3703703703125 0.93125 0.36944444375 0.93125 0.3490740734375 0.9296875 0.3481481484375 0.928125 0.3379629625 0.9203125 0.3240740734375 0.9177083328125001 0.3240740734375 0.9171875 0.321296296875 0.8901041671875 0.321296296875 0.8869791671874999 0.32685185156249996 0.8869791671874999 0.38333333281250004 0.8947916671874999 0.397222221875 0.8989583328125 0.397222221875
0 0.2557291671875 0.13333333281249998 0.2703125 0.13055555624999998 0.2765625 0.11944444375 0.2765625 0.1120370375 0.278125 0.1111111109375 0.278125 0.10185185156250001 0.275 0.0953703703125 0.2734375 0.0824074078125 0.26875 0.07685185156249999 0.2510416671875 0.07685185156249999 0.2494791671875 0.07962962968750001 0.2494791671875 0.12222222187500001 0.2510416671875 0.127777778125 0.2557291671875 0.13333333281249998
0 0.8604166671875 0.9472222218749999 0.8630208328125001 0.9472222218749999 0.8635416671874999 0.95 0.8734375 0.95 0.8739583328125 0.9472222218749999 0.8796875 0.9444444437499999 0.8828125 0.9388888890624999 0.8828125 0.934259259375 0.8875 0.9277777781250001 0.8875 0.9046296296874999 0.8859375 0.9037037031249999 0.8859375 0.8990740734375 0.8796875 0.8879629625 0.8510416671875 0.8879629625 0.8494791671874999 0.890740740625 0.8494791671874999 0.9305555562500001 0.8572916671874999 0.9444444437499999 0.8598958328125 0.9444444437499999 0.8604166671875 0.9472222218749999
0 0.6135416671875 0.45555555625000005 0.6161458328125 0.45555555625000005 0.6166666671875001 0.4583333328125 0.6296875 0.4583333328125 0.6390625 0.44166666718750003 0.6390625 0.4370370375 0.640625 0.4361111109375 0.640625 0.43148148124999997 0.6421875 0.43055555625 0.6421875 0.4129629625 0.640625 0.41203703750000004 0.640625 0.4074074078125 0.6359375 0.3990740734375 0.6104166671875 0.3990740734375 0.6098958328124999 0.4018518515625 0.6072916671875 0.4018518515625 0.6072916671875 0.40648148125 0.6057291671875 0.4074074078125 0.6057291671875 0.44166666718750003 0.6135416671875 0.45555555625000005
0 0.3692708328125 0.2138888890625 0.3697916671875 0.21944444375 0.3796875 0.21944444375 0.3802083328125 0.2166666671875 0.3859375 0.2138888890625 0.39375 0.197222221875 0.39375 0.1601851859375 0.390625 0.1546296296875 0.3635416671875 0.1546296296875 0.3619791671875 0.1574074078125 0.3619791671875 0.20555555625 0.36666666718749996 0.2138888890625 0.3692708328125 0.2138888890625
0 0.0109375 0.9888888890624999 0.0125 0.98148148125 0.01875 0.972222221875 0.0171875 0.94351851875 0.0057291671875 0.946296296875 0.0057291671875 0.9861111109375 0.007291667187500001 0.9888888890624999 0.0109375 0.9888888890624999
0 0.3177083328125 0.1888888890625 0.3182291671875 0.1916666671875 0.328125 0.1916666671875 0.3359375 0.177777778125 0.3359375 0.17314814843749998 0.3375 0.172222221875 0.3375 0.146296296875 0.3359375 0.1453703703125 0.3359375 0.140740740625 0.3328125 0.1351851859375 0.3302083328125 0.1351851859375 0.3296875 0.1324074078125 0.3088541671875 0.1324074078125 0.3057291671875 0.1379629625 0.3057291671875 0.175 0.3135416671875 0.1888888890625 0.3177083328125 0.1888888890625
0 0.0119791671875 0.4916666671875 0.025 0.4888888890625 0.03125 0.475 0.03125 0.4675925921875 0.0328125 0.46666666718750005 0.03125 0.44629629687500005 0.0296875 0.44351851875000003 0.007291667187500001 0.44351851875000003 0.0057291671875 0.44629629687500005 0.0057291671875 0.4861111109375 0.0114583328125 0.4888888890625 0.0119791671875 0.4916666671875
0 0.7234375 0.852777778125 0.7234375 0.8481481484375 0.7265625 0.8444444437499999 0.7265625 0.8398148140625 0.7296875 0.8333333328125001 0.7296875 0.8259259265625 0.73125 0.825 0.7328125 0.8148148140625 0.7375 0.8083333328125001 0.7375 0.8046296296875 0.734375 0.7990740734374999 0.7104166671875001 0.7990740734374999 0.7057291671875 0.8074074078125 0.7057291671875 0.8416666671874999 0.7135416671875 0.852777778125 0.7234375 0.852777778125
0 0.48854166718750003 0 0.4869791671875 0.0018518515625 0.4869791671875 0.025 0.4947916671875 0.0416666671875 0.5005208328124999 0.04444444375 0.5057291671875 0.052777778124999994 0.5140625 0.052777778124999994 0.5145833328125 0.05 0.5171875 0.05 0.5192708328125 0.04444444375 0.5234375 0.0416666671875 0.525 0.028703703125 0.5265625 0.027777778125000003 0.5265625 0.004629629687499999 0.5234375 0 0.48854166718750003 0
0 0.7276041671875 0.75555555625 0.7317708328125 0.75555555625 0.7322916671875 0.7583333328124999 0.7364583328125 0.7583333328124999 0.7369791671875 0.7611111109375 0.7421875 0.7611111109375 0.7427083328124999 0.7583333328124999 0.7484375 0.75555555625 0.753125 0.747222221875 0.753125 0.7425925921875 0.7546875 0.7416666671875001 0.753125 0.7018518515625 0.7505208328124999 0.7018518515625 0.75 0.6990740734374999 0.7244791671875 0.6990740734374999 0.7239583328125 0.7018518515625 0.7197916671875 0.7018518515625 0.7197916671875 0.70648148125 0.7182291671875001 0.7074074078125 0.7182291671875001 0.7361111109375 0.7276041671875 0.75555555625
0 0.984375 0.38055555625 0.9994791671875 0.372222221875 0.9994791671875 0.3101851859375 0.9697916671875 0.3101851859375 0.9682291671875 0.3129629625 0.9697916671875 0.375 0.9760416671875 0.38055555625 0.984375 0.38055555625
0 0.7859375 0.7416666671875001 0.7859375 0.734259259375 0.7875 0.7333333328125 0.7859375 0.7018518515625 0.7744791671875 0.6990740734374999 0.7677083328125 0.7074074078125 0.7645833328125 0.7074074078125 0.7609375 0.6990740734374999 0.7588541671875 0.6990740734374999 0.7557291671875 0.7046296296875 0.7557291671875 0.7416666671875001 0.7572916671875001 0.74444444375 0.778125 0.747222221875 0.7859375 0.7416666671875001
0 0 0.547222221875 0.00625 0.54444444375 0.00625 0.5398148140625 0.0125 0.5305555562500001 0.0109375 0.5101851859375001 0 0.5101851859375001 0 0.547222221875
0 0.1380208328125 0.98055555625 0.1385416671875 0.9833333328125 0.1484375 0.977777778125 0.15 0.9703703703125001 0.1546875 0.9638888890624999 0.1546875 0.95648148125 0.15625 0.95555555625 0.15625 0.9490740734375 0.1546875 0.9481481484375 0.153125 0.9379629625 0.1484375 0.9324074078125 0.1276041671875 0.9324074078125 0.1244791671875 0.9379629625 0.1244791671875 0.972222221875 0.1276041671875 0.977777778125 0.1380208328125 0.98055555625
0 0.3796875 0.34444444375 0.3875 0.32777777812500003 0.3875 0.31759259218749997 0.3890625 0.3166666671875 0.3890625 0.3046296296875 0.3859375 0.290740740625 0.3635416671875 0.28796296250000003 0.3619791671875 0.290740740625 0.3619791671875 0.3416666671875 0.3635416671875 0.34444444375 0.3796875 0.34444444375
0 0.0536458328125 0.21944444375 0.054166667187499996 0.222222221875 0.065625 0.222222221875 0.0661458328125 0.21944444375 0.071875 0.2166666671875 0.078125 0.20555555625 0.0765625 0.190740740625 0.071875 0.17962962968750001 0.0692708328125 0.17962962968750001 0.06875 0.1768518515625 0.051041667187499994 0.1768518515625 0.0494791671875 0.17962962968750001 0.0494791671875 0.2138888890625 0.051041667187499994 0.2148148140625 0.051041667187499994 0.21944444375 0.0536458328125 0.21944444375
0 0.484375 0.11944444375 0.4875 0.11388888906250001 0.4890625 0.0898148140625 0.4953125 0.08055555625000001 0.4953125 0.071296296875 0.4921875 0.065740740625 0.4760416671875 0.065740740625 0.47447916718750005 0.06851851875000001 0.47447916718750005 0.1111111109375 0.4760416671875 0.1166666671875 0.484375 0.11944444375
0 0.1447916671875 0.45277777812500003 0.1546875 0.45277777812500003 0.1625 0.4388888890625 0.1640625 0.42314814843750004 0.1671875 0.41944444374999995 0.1671875 0.415740740625 0.1625 0.41018518593750003 0.1447916671875 0.41018518593750003 0.1432291671875 0.4129629625 0.1432291671875 0.44444444375 0.1447916671875 0.4453703703125 0.1447916671875 0.45277777812500003
0 0.0875 0.272222221875 0.0859375 0.25740740781250004 0.0828125 0.2546296296875 0.0635416671875 0.2546296296875 0.061979167187499996 0.25740740781250004 0.061979167187499996 0.28611111093749997 0.0635416671875 0.2888888890625 0.0796875 0.2888888890625 0.0875 0.272222221875
0 0.7401041671875 0.6416666671875 0.7546875 0.6416666671875 0.7583333328124999 0.6333333328124999 0.7625 0.63055555625 0.7640625 0.6129629624999999 0.7625 0.6120370375 0.7609375 0.5962962968750001 0.7578125 0.590740740625 0.7552083328125 0.590740740625 0.7546875 0.5879629625 0.7322916671875 0.5879629625 0.7307291671875 0.590740740625 0.7307291671875 0.63055555625 0.7322916671875 0.6333333328124999 0.7380208328125 0.6361111109375 0.7401041671875 0.6416666671875
0 0.3609375 0.1574074078125 0.3447916671875 0.1546296296875 0.34322916718749996 0.1574074078125 0.3447916671875 0.20277777812500003 0.359375 0.2 0.3609375 0.1574074078125
0 0.40729166718750004 0.302777778125 0.4171875 0.29722222187499997 0.41875 0.2768518515625 0.4171875 0.2759259265625 0.4171875 0.2601851859375 0.4125 0.2546296296875 0.3885416671875 0.2546296296875 0.3869791671875 0.25740740781250004 0.3869791671875 0.2833333328125 0.39010416718749996 0.2916666671875 0.4067708328125 0.3 0.40729166718750004 0.302777778125
0 0.08645833281250001 0.5361111109375 0.09375 0.5333333328125 0.0973958328125 0.525 0.10625 0.51944444375 0.10625 0.5148148140625 0.1109375 0.5111111109375 0.1109375 0.5018518515625 0.109375 0.4990740734375 0.0869791671875 0.4990740734375 0.08645833281250001 0.5018518515625 0.0713541671875 0.4990740734375 0.0682291671875 0.5046296296875 0.0682291671875 0.5305555562500001 0.06979166718749999 0.5361111109375 0.0760416671875 0.5416666671875 0.0828125 0.5416666671875 0.08645833281250001 0.5361111109375
0 0.3682291671875 0.0351851859375 0.3682291671875 0.075 0.3713541671875 0.08055555625000001 0.3796875 0.08055555625000001 0.3802083328125 0.077777778125 0.3828125 0.077777778125 0.3875 0.06944444375 0.3875 0.0648148140625 0.396875 0.05 0.396875 0.0379629625 0.3953125 0.0351851859375 0.39114583281250004 0.0351851859375 0.390625 0.0324074078125 0.3697916671875 0.0324074078125 0.3682291671875 0.0351851859375
0 0.1546875 0.622222221875 0.159375 0.6166666671875001 0.159375 0.60648148125 0.1609375 0.60555555625 0.1609375 0.5824074078125 0.15625 0.5768518515625 0.1447916671875 0.5768518515625 0.1432291671875 0.5796296296875 0.1432291671875 0.6083333328125 0.1510416671875 0.622222221875 0.1546875 0.622222221875
0 0.12395833281249999 0.5296296296875 0.1197916671875 0.5324074078125001 0.1197916671875 0.5370370375 0.11822916718750001 0.5379629625 0.11822916718750001 0.575 0.1244791671875 0.5861111109375 0.1270833328125 0.5861111109375 0.1276041671875 0.5888888890625 0.1296875 0.5888888890625 0.1302083328125 0.5861111109375 0.1359375 0.5861111109375 0.1359375 0.58148148125 0.1390625 0.575 0.1395833328125 0.5583333328125 0.159375 0.5638888890625 0.1598958328125 0.5611111109375 0.1625 0.5611111109375 0.1671875 0.5555555562500001 0.1671875 0.5351851859375001 0.1625 0.5287037031249999 0.1625 0.5240740734375 0.1546875 0.5101851859375001 0.1369791671875 0.5101851859375001 0.1302083328125 0.521296296875 0.1276041671875 0.521296296875 0.12395833281249999 0.5296296296875
0 0.078125 0.127777778125 0.078125 0.1101851859375 0.0734375 0.0990740734375 0.05729166718749999 0.0990740734375 0.0557291671875 0.10185185156250001 0.0557291671875 0.13055555624999998 0.05729166718749999 0.13333333281249998 0.075 0.13333333281249998 0.078125 0.127777778125
0 0.0182291671875 0.8166666671874999 0.0192708328125 0.8166666671874999 0.021354167187500002 0.8222222218749999 0.0234375 0.8222222218749999 0.0239583328125 0.8194444437499999 0.0265625 0.8194444437499999 0.0265625 0.8175925921875 0.0328125 0.8083333328125001 0.0328125 0.803703703125 0.0375 0.797222221875 0.0375 0.790740740625 0.0364583328125 0.790740740625 0.0359375 0.7879629625 0.0197916671875 0.7879629625 0.0197916671875 0.7898148140625 0.0182291671875 0.790740740625 0.0182291671875 0.8166666671874999
0 0.1578125 0.20740740781250003 0.1546875 0.1990740734375 0.1447916671875 0.1990740734375 0.1432291671875 0.2416666671875 0.1546875 0.24444444375000002 0.1578125 0.23333333281250002 0.1578125 0.20740740781250003
0 0.4322916671875 0.10555555624999999 0.4369791671875 0.1111111109375 0.4484375 0.1111111109375 0.4515625 0.10555555624999999 0.4515625 0.10092592656249999 0.4546875 0.097222221875 0.4546875 0.0824074078125 0.45 0.0703703703125 0.45 0.0629629625 0.44375 0.0546296296875 0.43385416718750003 0.0546296296875 0.43072916718750004 0.060185185937499996 0.43072916718750004 0.097222221875 0.4322916671875 0.0981481484375 0.4322916671875 0.10555555624999999
0 0.9890625 0.8666666671875 0.9895833328125001 0.8638888890624999 0.9921875 0.8638888890624999 0.99375 0.8611111109375 0.99375 0.840740740625 0.9921875 0.8398148140625 0.9921875 0.8351851859374999 0.984375 0.821296296875 0.9760416671875 0.821296296875 0.9744791671874999 0.8240740734375 0.9744791671874999 0.852777778125 0.9822916671874999 0.8666666671875 0.9890625 0.8666666671875
0 0.061979167187499996 0.621296296875 0.061979167187499996 0.652777778125 0.0635416671875 0.6555555562500001 0.0734375 0.6583333328125 0.08125 0.65 0.08125 0.6370370375000001 0.0875 0.622222221875 0.0875 0.6129629624999999 0.0859375 0.6101851859375 0.0682291671875 0.6101851859375 0.0635416671875 0.615740740625 0.0635416671875 0.6203703703125 0.061979167187499996 0.621296296875
0 0.061979167187499996 0.652777778125 0.0682291671875 0.6583333328125 0.078125 0.6555555562500001 0.08125 0.65 0.0828125 0.63148148125 0.0875 0.627777778125 0.0890625 0.622222221875 0.0890625 0.6129629624999999 0.0859375 0.6101851859375 0.06510416718749999 0.6129629624999999 0.061979167187499996 0.6240740734375 0.061979167187499996 0.652777778125
0 0.084375 0.852777778125 0.084375 0.8481481484375 0.0859375 0.847222221875 0.0859375 0.8351851859374999 0.08125 0.828703703125 0.08125 0.821296296875 0.0765625 0.8129629625 0.06979166718749999 0.8101851859375 0.0682291671875 0.8129629625 0.0682291671875 0.85 0.07291666718749999 0.85555555625 0.084375 0.852777778125
0 0.6802083328124999 0.058333332812500006 0.6822916671875 0.0638888890625 0.6869791671875001 0.0675925921875 0.6885416671875 0.075 0.6984375 0.072222221875 0.6984375 0.0675925921875 0.7015625 0.0638888890625 0.7015625 0.05648148125 0.703125 0.055555556250000006 0.7015625 0.0351851859375 0.69375 0.021296296875000002 0.6666666671875 0.021296296875000002 0.6661458328125 0.0240740734375 0.6619791671875 0.0240740734375 0.6557291671875001 0.0351851859375 0.6557291671875001 0.055555556250000006 0.6572916671875 0.05648148125 0.6572916671875 0.061111110937500004 0.6802083328124999 0.058333332812500006
0 0.471875 0.29722222187499997 0.4734375 0.2796296296875 0.4703125 0.26851851875 0.4671875 0.26574074062499997 0.45104166718750005 0.26574074062499997 0.44947916718750003 0.26851851875 0.44947916718750003 0.29722222187499997 0.45104166718750005 0.3 0.4671875 0.302777778125 0.471875 0.29722222187499997
0 0.3572916671875 0.13333333281249998 0.3703125 0.13055555624999998 0.3703125 0.12592592656249998 0.3734375 0.12222222187500001 0.3734375 0.1046296296875 0.3671875 0.08796296249999999 0.3447916671875 0.08796296249999999 0.34322916718749996 0.09074074062500001 0.34322916718749996 0.11944444375 0.3463541671875 0.13055555624999998 0.3567708328125 0.13055555624999998 0.3572916671875 0.13333333281249998
0 0.5197916671875 0.9888888890624999 0.5234375 0.9888888890624999 0.5265625 0.9759259265625 0.53125 0.9666666671874999 0.5296875 0.9546296296874999 0.5197916671875 0.9546296296874999 0.5182291671875 0.9574074078124999 0.5182291671875 0.9861111109375 0.5197916671875 0.9888888890624999
0 0.5963541671875 0.3111111109375 0.6046875 0.3083333328125 0.6078125 0.3 0.60625 0.2796296296875 0.6046875 0.2768518515625 0.5885416671875 0.2768518515625 0.5869791671875 0.2796296296875 0.5869791671875 0.29722222187499997 0.5885416671875 0.302777778125 0.5963541671875 0.3111111109375
0 0.6947916671875001 0.64444444375 0.703125 0.6416666671875 0.70625 0.6333333328124999 0.7046875 0.621296296875 0.6822916671875 0.621296296875 0.6807291671875 0.6240740734375 0.6807291671875 0.63055555625 0.6854166671875 0.6388888890625 0.6942708328125 0.6416666671875 0.6947916671875001 0.64444444375
0 0.4859375 0.91944444375 0.4859375 0.9074074078125 0.4796875 0.8990740734375 0.4635416671875 0.8990740734375 0.46197916718750004 0.9018518515625 0.46197916718750004 0.91944444375 0.4635416671875 0.922222221875 0.48125 0.925 0.4859375 0.91944444375
0 0.803125 0.0324074078125 0.7869791671875 0.0324074078125 0.7864583328125 0.0351851859375 0.7822916671875 0.0351851859375 0.7791666671875 0.040740740625 0.7786458328125 0.046296296875 0.7744791671875 0.046296296875 0.7697916671875 0.051851851562499995 0.7682291671875 0.08055555625000001 0.7713541671875 0.0888888890625 0.7796875 0.0916666671875 0.7802083328125 0.0888888890625 0.7859375 0.0861111109375 0.7875 0.07962962968750001 0.7859375 0.078703703125 0.784375 0.06851851875000001 0.7765625 0.059259259375 0.7786458328125 0.052777778124999994 0.7791666671875 0.055555556250000006 0.7911458328125 0.058333332812500006 0.7963541671875001 0.0666666671875 0.80625 0.0666666671875 0.8067708328125001 0.0638888890625 0.809375 0.0638888890625 0.809375 0.059259259375 0.8109375 0.058333332812500006 0.8109375 0.046296296875 0.80625 0.039814814062499995 0.80625 0.0351851859375 0.8036458328125 0.0351851859375 0.803125 0.0324074078125
0 0.021875 0.07962962968750001 0.01875 0.07685185156249999 0.0057291671875 0.07962962968750001 0.007291667187500001 0.1 0.025 0.097222221875 0.025 0.08796296249999999 0.021875 0.07962962968750001
0 0.0875 0.43055555625 0.0890625 0.425 0.0875 0.4018518515625 0.0760416671875 0.3990740734375 0.0744791671875 0.4018518515625 0.0760416671875 0.43055555625 0.0822916671875 0.43333333281249997 0.0875 0.43055555625
0 0.109375 0.4601851859375 0.1046875 0.4546296296875 0.0947916671875 0.4546296296875 0.0947916671875 0.4861111109375 0.10625 0.4861111109375 0.109375 0.48055555625 0.109375 0.4601851859375
0 0.7947916671875 0.061111110937500004 0.7994791671875 0.0666666671875 0.8078125 0.0638888890625 0.8109375 0.055555556250000006 0.8109375 0.046296296875 0.803125 0.0324074078125 0.7947916671875 0.0324074078125 0.7932291671875 0.0351851859375 0.7932291671875 0.055555556250000006 0.7947916671875 0.05648148125 0.7947916671875 0.061111110937500004
0 0.11822916718750001 0.5351851859375001 0.11822916718750001 0.575 0.1260416671875 0.5888888890625 0.13125 0.5888888890625 0.1317708328125 0.5861111109375 0.134375 0.5861111109375 0.1390625 0.575 0.1375 0.5574074078125 0.1328125 0.5509259265625001 0.1328125 0.5370370375 0.1359375 0.5361111109375 0.1364583328125 0.5333333328125 0.1421875 0.5333333328125 0.1421875 0.5240740734375 0.1276041671875 0.5240740734375 0.1270833328125 0.5268518515625 0.1213541671875 0.5296296296875 0.11822916718750001 0.5351851859375001
0 0.7494791671875001 0.321296296875 0.7494791671875001 0.35 0.7526041671875 0.35555555625 0.7671875 0.352777778125 0.7703125 0.3416666671875 0.7703125 0.32592592656249997 0.7734375 0.322222221875 0.7734375 0.31759259218749997 0.784375 0.3138888890625 0.7875 0.3083333328125 0.7875 0.3018518515625 0.7859375 0.29907407343750003 0.7557291671875 0.3018518515625 0.7510416671875 0.3101851859375 0.7494791671875001 0.321296296875