0 0.9109375 0.06944444375 0.9109375 0.0648148140625 0.9125 0.0638888890625 0.9125 0.0351851859375 0.9109375 0.0324074078125 0.8822916671875 0.0324074078125 0.8807291671874999 0.0351851859375 0.8807291671874999 0.077777778125 0.8838541671875 0.0861111109375 0.8984375 0.0861111109375 0.9109375 0.06944444375
0 0.9494791671874999 0.039814814062499995 0.9432291671874999 0.0490740734375 0.9432291671874999 0.09444444375 0.9447916671875 0.0953703703125 0.9447916671875 0.1 0.9489583328125001 0.102777778125 0.9510416671874999 0.10833333281249999 0.959375 0.10833333281249999 0.9614583328125 0.102777778125 0.9703125 0.097222221875 0.9739583328125001 0.0888888890625 0.9765625 0.0888888890625 0.9796875 0.08333333281250001 0.98125 0.0574074078125 0.9796875 0.05648148125 0.9796875 0.0490740734375 0.975 0.0425925921875 0.975 0.0379629625 0.971875 0.0324074078125 0.9526041671875 0.0324074078125 0.9520833328125 0.0351851859375 0.9494791671874999 0.0351851859375 0.9494791671874999 0.039814814062499995
0 0.1447916671875 0.0638888890625 0.1473958328125 0.0638888890625 0.1541666671875 0.075 0.15677083281249998 0.075 0.1572916671875 0.077777778125 0.1734375 0.077777778125 0.1739583328125 0.075 0.1765625 0.075 0.1828125 0.0638888890625 0.1828125 0.059259259375 0.1875 0.052777778124999994 0.1875 0.0351851859375 0.178125 0.0129629625 0.1755208328125 0.0129629625 0.175 0.0101851859375 0.1510416671875 0.0101851859375 0.1505208328125 0.0129629625 0.14791666718750002 0.0129629625 0.1432291671875 0.0240740734375 0.1432291671875 0.055555556250000006 0.1447916671875 0.05648148125 0.1447916671875 0.0638888890625
0 0.5072916671875001 0.102777778125 0.5135416671875 0.1111111109375 0.525 0.1111111109375 0.5255208328125 0.10833333281249999 0.528125 0.10833333281249999 0.53125 0.102777778125 0.53125 0.0953703703125 0.5359375 0.0861111109375 0.5359375 0.06851851875000001 0.528125 0.0546296296875 0.5072916671875001 0.0546296296875 0.5057291671875 0.0574074078125 0.5057291671875 0.097222221875 0.5072916671875001 0.0981481484375 0.5072916671875001 0.102777778125
0 0.20729166718749997 0.3916666671875 0.2130208328125 0.3916666671875 0.21354166718749998 0.39444444375 0.221875 0.39444444375 0.22552083281250002 0.3888888890625 0.2296875 0.3888888890625 0.234375 0.36944444375 0.234375 0.3490740734375 0.228125 0.3324074078125 0.2026041671875 0.3324074078125 0.1994791671875 0.3379629625 0.1994791671875 0.38055555625 0.2010416671875 0.3861111109375 0.20729166718749997 0.3916666671875
0 0.5557291671875 0.4611111109375 0.5572916671875 0.4620370375 0.5572916671875 0.46666666718750005 0.5651041671875 0.477777778125 0.5796875 0.477777778125 0.5890625 0.4583333328125 0.5890625 0.43240740781250003 0.5875 0.43148148124999997 0.5875 0.4268518515625 0.584375 0.42129629687500003 0.5635416671875 0.42129629687500003 0.5630208328124999 0.4240740734375 0.5604166671875 0.4240740734375 0.5572916671875 0.4296296296875 0.5572916671875 0.434259259375 0.5557291671875 0.43518518593750005 0.5557291671875 0.4611111109375
0 0.6447916671875 0.46481481406249997 0.6447916671875 0.46944444374999994 0.6494791671875 0.477777778125 0.6567708328124999 0.48055555625 0.6572916671875 0.48333333281249996 0.671875 0.475 0.6765625 0.4611111109375 0.675 0.41851851875 0.66875 0.41018518593750003 0.6479166671875001 0.41018518593750003 0.6473958328125 0.4129629625 0.6447916671875 0.4129629625 0.6447916671875 0.4175925921875 0.6432291671875 0.41851851875 0.6432291671875 0.46388888906250003 0.6447916671875 0.46481481406249997
0 0.5567708328125 0.6583333328125 0.5572916671875 0.6611111109375 0.565625 0.6611111109375 0.5692708328125 0.6555555562500001 0.5734375 0.6555555562500001 0.575 0.6481481484375 0.58125 0.6361111109375 0.5796875 0.61851851875 0.575 0.6101851859375 0.5510416671875 0.6101851859375 0.5494791671875 0.6129629624999999 0.5494791671875 0.652777778125 0.5526041671875 0.6583333328125 0.5567708328125 0.6583333328125
0 0.3171875 0.27777777812500004 0.31875 0.275 0.31875 0.2703703703125 0.325 0.2638888890625 0.325 0.25648148125 0.328125 0.252777778125 0.328125 0.24814814843750002 0.3296875 0.24722222187499998 0.3296875 0.22685185156249998 0.328125 0.22407407343750002 0.3255208328125 0.22407407343750002 0.325 0.221296296875 0.29635416718749996 0.221296296875 0.2932291671875 0.22685185156249998 0.2932291671875 0.2638888890625 0.3010416671875 0.27777777812500004 0.3171875 0.27777777812500004
0 0.6473958328125 0.13333333281249998 0.6510416671875 0.14444444375 0.6671875 0.14444444375 0.675 0.13055555624999998 0.6765625 0.1046296296875 0.675 0.10370370312499999 0.6734375 0.09074074062500001 0.6645833328124999 0.08796296249999999 0.6625 0.07962962968750001 0.659375 0.07685185156249999 0.6447916671875 0.07685185156249999 0.6432291671875 0.07962962968750001 0.6432291671875 0.127777778125 0.6447916671875 0.13333333281249998 0.6473958328125 0.13333333281249998
0 0.528125 0.597222221875 0.5302083328125 0.5916666671875 0.5359375 0.5888888890625 0.540625 0.575 0.540625 0.546296296875 0.5380208328125 0.546296296875 0.5375 0.54351851875 0.5135416671875 0.54351851875 0.5119791671875 0.546296296875 0.5119791671875 0.5888888890625 0.5197916671875 0.6 0.528125 0.597222221875
0 0.08854166718749999 0.5388888890625 0.09322916718749999 0.54444444375 0.1109375 0.54444444375 0.11145833281249999 0.5416666671875 0.1140625 0.5416666671875 0.11875 0.5333333328125 0.11875 0.5259259265625 0.121875 0.51944444375 0.121875 0.5018518515625 0.1203125 0.5009259265625 0.11875 0.490740740625 0.1171875 0.4879629625 0.0994791671875 0.4879629625 0.09895833281250001 0.490740740625 0.0947916671875 0.490740740625 0.0869791671875 0.5046296296875 0.0869791671875 0.5333333328125 0.08854166718749999 0.534259259375 0.08854166718749999 0.5388888890625
0 0.0229166671875 0.409259259375 0.0260416671875 0.42222222187499997 0.0317708328125 0.42222222187499997 0.0322916671875 0.425 0.0453125 0.42222222187499997 0.05208333281250001 0.41111111093749997 0.0546875 0.41111111093749997 0.0546875 0.40648148125 0.0578125 0.4 0.059375 0.38240740781250004 0.0578125 0.38148148125 0.05625 0.36851851875 0.0484375 0.3546296296875 0.021354167187500002 0.3546296296875 0.0182291671875 0.3601851859375 0.0182291671875 0.4 0.0197916671875 0.40092592656250003 0.0197916671875 0.40833333281249995 0.0229166671875 0.409259259375
0 0.5760416671875 0.5888888890625 0.590625 0.5888888890625 0.596875 0.5722222218749999 0.596875 0.5518518515624999 0.590625 0.5351851859375001 0.5880208328125 0.5351851859375001 0.5875 0.5324074078125001 0.5760416671875 0.5324074078125001 0.5744791671875 0.5351851859375001 0.5744791671875 0.5833333328125 0.5760416671875 0.584259259375 0.5760416671875 0.5888888890625
0 0.6270833328125 0.3861111109375 0.6276041671875 0.3888888890625 0.6359375 0.3888888890625 0.6364583328125 0.3861111109375 0.640625 0.3861111109375 0.6442708328125 0.377777778125 0.646875 0.377777778125 0.6484375 0.375 0.6484375 0.3703703703125 0.6515625 0.3638888890625 0.6515625 0.3490740734375 0.65 0.3481481484375 0.65 0.340740740625 0.6484375 0.3398148140625 0.6484375 0.3351851859375 0.640625 0.321296296875 0.6213541671875 0.321296296875 0.6182291671875 0.32685185156249996 0.6182291671875 0.375 0.6244791671875001 0.3861111109375 0.6270833328125 0.3861111109375
0 0.9302083328125 0.5333333328125 0.9322916671874999 0.5388888890625 0.9395833328125001 0.5416666671875 0.9401041671874999 0.54444444375 0.9484375 0.54444444375 0.9489583328125001 0.5416666671875 0.953125 0.5416666671875 0.95625 0.5361111109375 0.9578125 0.5259259265625 0.9625 0.5166666671875 0.9625 0.4990740734375 0.9578125 0.48981481406249994 0.95625 0.4796296296875 0.9536458328125 0.4796296296875 0.953125 0.4768518515625 0.9354166671874999 0.4768518515625 0.9348958328125001 0.4796296296875 0.9307291671875 0.4796296296875 0.9244791671874999 0.49351851875 0.9244791671874999 0.5305555562500001 0.9260416671874999 0.5333333328125 0.9302083328125 0.5333333328125
0 0.007291667187500001 0.45 0.0109375 0.45 0.014583332812499999 0.44444444375 0.01875 0.44444444375 0.025 0.43333333281249997 0.025 0.4129629625 0.0203125 0.403703703125 0.0203125 0.3990740734375 0.0171875 0.3953703703125 0.0171875 0.39074074062499997 0.007291667187500001 0.3879629625 0.0057291671875 0.39074074062499997 0.0057291671875 0.44444444375 0.007291667187500001 0.4453703703125 0.007291667187500001 0.45
0 0.007291667187500001 0.5620370375 0.007291667187500001 0.5666666671875 0.013020832812499999 0.5666666671875 0.0135416671875 0.5694444437499999 0.01875 0.5666666671875 0.0234375 0.5583333328125 0.025 0.5481481484375 0.0348958328125 0.5305555562500001 0.0390625 0.527777778125 0.0390625 0.5240740734375 0.0375 0.5231481484375 0.0375 0.5129629625 0.0333333328125 0.5101851859375001 0.0296875 0.5018518515625 0.0270833328125 0.5018518515625 0.0265625 0.4990740734375 0.008854167187500001 0.4990740734375 0.0057291671875 0.5046296296875 0.0057291671875 0.5611111109375 0.007291667187500001 0.5620370375
0 0.0244791671875 0.5944444437499999 0.0276041671875 0.6 0.0364583328125 0.60555555625 0.0369791671875 0.6083333328125 0.0484375 0.6083333328125 0.05208333281250001 0.6 0.0546875 0.6 0.0625 0.5861111109375 0.0625 0.5518518515624999 0.0609375 0.5509259265625001 0.0609375 0.546296296875 0.058333332812500006 0.546296296875 0.05625 0.540740740625 0.0536458328125 0.540740740625 0.0484375 0.5324074078125001 0.0322916671875 0.5324074078125001 0.0317708328125 0.5351851859375001 0.029166667187500002 0.5351851859375001 0.0244791671875 0.546296296875 0.0244791671875 0.5944444437499999
0 0.9661458328125001 0.0990740734375 0.9635416671874999 0.0990740734375 0.9635416671874999 0.10370370312499999 0.9619791671875 0.1046296296875 0.9619791671875 0.1416666671875 0.9651041671874999 0.147222221875 0.9677083328125 0.147222221875 0.9713541671874999 0.15555555625 0.978125 0.15555555625 0.9786458328125001 0.15277777812499999 0.990625 0.14444444375 0.99375 0.13888888906250002 0.9953125 0.12592592656249998 0.9994791671875 0.12222222187500001 0.9994791671875 0.10185185156250001 0.99375 0.0953703703125 0.9921875 0.08796296249999999 0.9744791671874999 0.08796296249999999 0.9739583328125001 0.09074074062500001 0.9697916671875 0.09074074062500001 0.9661458328125001 0.0990740734375
0 0.6244791671875001 0.16944444375 0.6286458328125 0.16944444375 0.6307291671875 0.175 0.6390625 0.175 0.646875 0.1611111109375 0.646875 0.15370370312499998 0.6484375 0.15277777812499999 0.6484375 0.146296296875 0.646875 0.1453703703125 0.646875 0.1379629625 0.64375 0.13148148125 0.6421875 0.11851851875 0.6359375 0.1101851859375 0.6197916671875 0.1101851859375 0.6182291671875 0.1129629625 0.6182291671875 0.16388888906250001 0.6239583328125 0.1666666671875 0.6244791671875001 0.16944444375
0 0.2557291671875 0.7388888890625 0.25729166718749996 0.7398148140624999 0.25729166718749996 0.74444444375 0.2635416671875 0.752777778125 0.2765625 0.752777778125 0.2833333328125 0.7416666671875001 0.2859375 0.7416666671875001 0.2859375 0.7370370375 0.28958333281250004 0.73055555625 0.2921875 0.73055555625 0.2921875 0.7231481484375 0.29375 0.722222221875 0.29375 0.69351851875 0.28125 0.6768518515624999 0.2635416671875 0.6768518515624999 0.2630208328125 0.6796296296875 0.2604166671875 0.6796296296875 0.2557291671875 0.690740740625 0.2557291671875 0.7388888890625
0 0.565625 0.6 0.56875 0.5944444437499999 0.5703125 0.5759259265625001 0.571875 0.575 0.5703125 0.5574074078125 0.56875 0.55648148125 0.56875 0.5379629625 0.565625 0.5324074078125001 0.5463541671875001 0.5324074078125001 0.5432291671875 0.5379629625 0.5432291671875 0.5888888890625 0.5447916671875 0.597222221875 0.565625 0.6
0 0.7171875 0.252777778125 0.71875 0.24444444375000002 0.7171875 0.21574074062499998 0.7125 0.2101851859375 0.6947916671875001 0.2101851859375 0.6932291671875 0.252777778125 0.6994791671875 0.25833333281250004 0.7109375 0.25833333281250004 0.7171875 0.252777778125
0 0.1380208328125 0.23333333281250002 0.1385416671875 0.23611111093749998 0.153125 0.23333333281250002 0.1609375 0.21944444375 0.1609375 0.21203703749999997 0.1625 0.21111111093749999 0.1625 0.19351851874999998 0.1609375 0.1925925921875 0.1609375 0.1879629625 0.1546875 0.1768518515625 0.13229166718750002 0.1768518515625 0.1307291671875 0.17962962968750001 0.1307291671875 0.22777777812500002 0.1338541671875 0.23333333281250002 0.1380208328125 0.23333333281250002
0 0.1697916671875 0.6805555562500001 0.190625 0.6777777781250001 0.1984375 0.6638888890625 0.1984375 0.6537037031249999 0.2 0.652777778125 0.1984375 0.6351851859375001 0.1921875 0.621296296875 0.18697916718750002 0.621296296875 0.1864583328125 0.6240740734375 0.1817708328125 0.6240740734375 0.18125 0.621296296875 0.16354166718750002 0.621296296875 0.1619791671875 0.6240740734375 0.1619791671875 0.66944444375 0.1651041671875 0.6777777781250001 0.1692708328125 0.6777777781250001 0.1697916671875 0.6805555562500001
0 0.1885416671875 0.58055555625 0.1916666671875 0.5861111109375 0.1942708328125 0.5861111109375 0.1979166671875 0.5916666671875 0.20208333281250002 0.5916666671875 0.2026041671875 0.5944444437499999 0.209375 0.5944444437499999 0.20989583281250002 0.5916666671875 0.21875 0.5888888890625 0.225 0.5722222218749999 0.225 0.5574074078125 0.221875 0.553703703125 0.2203125 0.54351851875 0.2125 0.5324074078125001 0.1901041671875 0.5324074078125001 0.18697916718750002 0.5379629625 0.18697916718750002 0.575 0.1885416671875 0.5759259265625001 0.1885416671875 0.58055555625
0 0.2984375 0.222222221875 0.3046875 0.20555555625 0.3046875 0.1824074078125 0.3 0.1768518515625 0.2822916671875 0.1768518515625 0.28072916718749996 0.17962962968750001 0.28072916718749996 0.2138888890625 0.2822916671875 0.21944444375 0.2984375 0.222222221875
0 0.3552083328125 0.1888888890625 0.35885416718749996 0.197222221875 0.3630208328125 0.197222221875 0.3635416671875 0.2 0.371875 0.2 0.3723958328125 0.197222221875 0.375 0.197222221875 0.3828125 0.1833333328125 0.3828125 0.17314814843749998 0.384375 0.172222221875 0.38125 0.1490740734375 0.378125 0.14351851875 0.3526041671875 0.14351851875 0.3494791671875 0.1490740734375 0.3494791671875 0.1833333328125 0.3526041671875 0.1888888890625 0.3552083328125 0.1888888890625
0 0.9328125 0.43055555625 0.9375 0.41944444374999995 0.9375 0.41018518593750003 0.9328125 0.403703703125 0.9328125 0.3796296296875 0.9296875 0.3768518515625 0.9135416671875 0.3768518515625 0.9119791671874999 0.3796296296875 0.9119791671874999 0.425 0.9151041671875 0.43333333281249997 0.9328125 0.43055555625
0 0.1473958328125 0.12222222187500001 0.1510416671875 0.13055555624999998 0.159375 0.13333333281249998 0.1598958328125 0.13055555624999998 0.1671875 0.127777778125 0.1708333328125 0.11944444375 0.1734375 0.11944444375 0.1765625 0.10833333281249999 0.1765625 0.0824074078125 0.1734375 0.07685185156249999 0.1494791671875 0.07685185156249999 0.14895833281249998 0.07962962968750001 0.1447916671875 0.07962962968750001 0.1432291671875 0.08518518593749999 0.1432291671875 0.11944444375 0.1447916671875 0.12222222187500001 0.1473958328125 0.12222222187500001
0 0.0135416671875 0.2666666671875 0.034375 0.2638888890625 0.0380208328125 0.25555555625 0.0421875 0.252777778125 0.04375 0.23518518593749999 0.0421875 0.234259259375 0.0421875 0.22685185156249998 0.0359375 0.21574074062499998 0.0333333328125 0.21574074062499998 0.0296875 0.2101851859375 0.008854167187500001 0.2101851859375 0.0057291671875 0.21574074062499998 0.0057291671875 0.25555555625 0.008854167187500001 0.2638888890625 0.013020832812499999 0.2638888890625 0.0135416671875 0.2666666671875
0 0.8822916671875 0.39444444375 0.8864583328125001 0.397222221875 0.8869791671874999 0.4 0.8984375 0.4 0.9078125 0.38333333281250004 0.909375 0.371296296875 0.9078125 0.3703703703125 0.90625 0.3601851859375 0.9020833328125001 0.3574074078125 0.9015625 0.3546296296875 0.8822916671875 0.3546296296875 0.8807291671874999 0.3574074078125 0.8807291671874999 0.3861111109375 0.8822916671875 0.38703703749999996 0.8822916671875 0.39444444375
0 0 0.13888888906250002 0.0067708328125 0.1416666671875 0.007291667187500001 0.14444444375 0.015625 0.1416666671875 0.017708332812499998 0.1361111109375 0.0234375 0.13333333281249998 0.0296875 0.11944444375 0.0296875 0.09074074062500001 0.0265625 0.0870370375 0.0265625 0.0824074078125 0.0234375 0.07685185156249999 0 0.07685185156249999 0 0.13888888906250002
0 0.3182291671875 0.3 0.31979166718749996 0.3009259265625 0.31979166718749996 0.30555555624999997 0.3255208328125 0.3083333328125 0.3260416671875 0.3111111109375 0.340625 0.3111111109375 0.3411458328125 0.3083333328125 0.34375 0.3083333328125 0.35 0.29444444375 0.3484375 0.26851851875 0.340625 0.2546296296875 0.3260416671875 0.2546296296875 0.3229166671875 0.2601851859375 0.3229166671875 0.2648148140625 0.3182291671875 0.26851851875 0.3182291671875 0.3
0 0.459375 0.6888888890625 0.46875 0.675 0.46875 0.6537037031249999 0.4703125 0.6490740734375 0.4671875 0.64351851875 0.45104166718750005 0.64351851875 0.44947916718750003 0.646296296875 0.44947916718750003 0.6805555562500001 0.45104166718750005 0.6861111109375 0.459375 0.6888888890625
0 0.3046875 0.6416666671875 0.30520833281250004 0.6361111109375 0.3125 0.63055555625 0.315625 0.61944444375 0.3140625 0.6074074078125 0.3078125 0.5990740734375 0.28854166718749996 0.5990740734375 0.2869791671875 0.6018518515625 0.2869791671875 0.6361111109375 0.28854166718749996 0.6416666671875 0.2932291671875 0.64444444375 0.3046875 0.6416666671875
0 0.8322916671874999 0.46388888906250003 0.8421875 0.46666666718750005 0.85 0.45555555625000005 0.85 0.4509259265625 0.8546875 0.44166666718750003 0.8546875 0.43518518593750005 0.85 0.42870370312499995 0.85 0.4240740734375 0.8473958328125001 0.4240740734375 0.846875 0.42129629687500003 0.8338541671874999 0.42129629687500003 0.8307291671874999 0.4268518515625 0.8307291671874999 0.45555555625000005 0.8322916671874999 0.45648148125 0.8322916671874999 0.46388888906250003
0 0.703125 0.3111111109375 0.70625 0.30555555624999997 0.70625 0.2953703703125 0.7078125 0.29444444375 0.7078125 0.271296296875 0.7046875 0.26574074062499997 0.6838541671875 0.26851851875 0.6807291671875 0.2824074078125 0.6807291671875 0.3083333328125 0.6901041671875 0.3138888890625 0.703125 0.3111111109375
0 0.7052083328125 0.55 0.7171875 0.547222221875 0.7203125 0.5416666671875 0.721875 0.5240740734375 0.7203125 0.5231481484375 0.7171875 0.5018518515625 0.7145833328125 0.5018518515625 0.7140625 0.4990740734375 0.6901041671875 0.4990740734375 0.6869791671875001 0.5046296296875 0.6869791671875001 0.5416666671875 0.6947916671875001 0.5527777781250001 0.7046875 0.5527777781250001 0.7052083328125 0.55
0 0.6072916671875 0 0.6057291671875 0.0018518515625 0.6057291671875 0.025 0.6072916671875 0.0259259265625 0.6072916671875 0.0333333328125 0.6098958328124999 0.0333333328125 0.6119791671875 0.0388888890625 0.6145833328125 0.0388888890625 0.6151041671875 0.0416666671875 0.6171875 0.0416666671875 0.6177083328124999 0.0388888890625 0.6234375 0.0388888890625 0.6359375 0.019444443750000002 0.6375 0.004629629687499999 0.634375 0 0.6072916671875 0
0 0.8807291671874999 0.16388888906250001 0.8833333328125 0.16388888906250001 0.8838541671875 0.1666666671875 0.8953125 0.16388888906250001 0.9 0.15 0.8984375 0.12407407343750002 0.8958333328125001 0.12407407343750002 0.8953125 0.12129629687500001 0.8760416671875 0.12129629687500001 0.8744791671875 0.12407407343750002 0.8744791671875 0.15 0.8807291671874999 0.15925925937500002 0.8807291671874999 0.16388888906250001
0 0.1734375 0.602777778125 0.1796875 0.5916666671875 0.18125 0.5796296296875 0.1796875 0.578703703125 0.1796875 0.56851851875 0.1765625 0.565740740625 0.1510416671875 0.565740740625 0.1494791671875 0.56851851875 0.1494791671875 0.597222221875 0.1541666671875 0.60555555625 0.1671875 0.6083333328125 0.1734375 0.602777778125
0 0.9572916671874999 0.5425925921875 0.9572916671874999 0.547222221875 0.9614583328125 0.547222221875 0.9619791671875 0.55 0.975 0.547222221875 0.9755208328125 0.54444444375 0.978125 0.54444444375 0.9828125 0.5333333328125 0.9828125 0.5101851859375001 0.98125 0.509259259375 0.98125 0.5046296296875 0.9765625 0.4990740734375 0.9635416671874999 0.4990740734375 0.9604166671875 0.5175925921875 0.9557291671874999 0.5240740734375 0.9557291671874999 0.5416666671875 0.9572916671874999 0.5425925921875
0 0.8296875 0.502777778125 0.8302083328125001 0.5 0.8359375 0.5 0.8421875 0.48333333281249996 0.840625 0.471296296875 0.8375 0.465740740625 0.8260416671874999 0.465740740625 0.8244791671874999 0.46851851875 0.8244791671874999 0.497222221875 0.8276041671875 0.502777778125 0.8296875 0.502777778125
0 0.5421875 0.63055555625 0.5484375 0.61944444375 0.5484375 0.6120370375 0.55 0.6111111109375 0.5484375 0.5990740734375 0.5291666671875 0.5990740734375 0.5260416671875 0.6018518515625 0.5260416671875 0.6111111109375 0.5307291671875001 0.6203703703125 0.5322916671875 0.63055555625 0.5421875 0.63055555625
0 0.4953125 0.671296296875 0.4921875 0.6574074078125001 0.4760416671875 0.6546296296875 0.47447916718750005 0.6574074078125001 0.4760416671875 0.6888888890625 0.49375 0.6888888890625 0.4953125 0.671296296875
0 0.8947916671874999 0.425 0.8973958328125 0.425 0.8994791671875 0.43055555625 0.909375 0.43055555625 0.9109375 0.427777778125 0.9109375 0.4074074078125 0.909375 0.40648148125 0.909375 0.39351851875 0.9026041671874999 0.3879629625 0.8932291671874999 0.4018518515625 0.8932291671874999 0.41944444374999995 0.8947916671874999 0.4203703703125 0.8947916671874999 0.425
0 0.5135416671875 0.7916666671875 0.528125 0.7888888890625 0.53125 0.7833333328125 0.53125 0.7731481484375 0.534375 0.7638888890625 0.5328125 0.7490740734375 0.5296875 0.74351851875 0.5072916671875001 0.74351851875 0.5057291671875 0.746296296875 0.5057291671875 0.7805555562500001 0.5072916671875001 0.7861111109375 0.5135416671875 0.7916666671875
0 0.8640625 0.2296296296875 0.8609375 0.221296296875 0.8510416671875 0.221296296875 0.8494791671874999 0.2638888890625 0.8609375 0.2666666671875 0.8640625 0.25833333281250004 0.8640625 0.2296296296875
0 0.75 0.3018518515625 0.7385416671875 0.29907407343750003 0.7369791671875 0.31944444375000003 0.7385416671875 0.322222221875 0.7484375 0.31944444375000003 0.75 0.3018518515625
0 0.7588541671875 0.4 0.7640625 0.397222221875 0.7671875 0.3916666671875 0.76875 0.38240740781250004 0.765625 0.3768518515625 0.7572916671875001 0.3768518515625 0.7557291671875 0.3796296296875 0.7557291671875 0.39444444375 0.7588541671875 0.4
0 0.3072916671875 0.1870370375 0.3057291671875 0.1879629625 0.3057291671875 0.21111111093749999 0.3088541671875 0.21944444375 0.31875 0.222222221875 0.33125 0.20833333281250002 0.3328125 0.17962962968750001 0.33125 0.178703703125 0.33125 0.16851851874999998 0.3296875 0.165740740625 0.31979166718749996 0.165740740625 0.3161458328125 0.171296296875 0.3088541671875 0.171296296875 0.3072916671875 0.1870370375
0 0.734375 0.352777778125 0.734375 0.34629629687499996 0.7260416671875001 0.34351851875 0.7244791671875 0.34629629687499996 0.7244791671875 0.3638888890625 0.7296875 0.36666666718749996 0.734375 0.352777778125
0 0.2979166671875 0.3953703703125 0.2932291671875 0.4018518515625 0.2932291671875 0.43055555625 0.29635416718749996 0.4388888890625 0.30625 0.44166666718750003 0.3114583328125 0.43333333281249997 0.3171875 0.43055555625 0.3171875 0.42592592656250006 0.31875 0.425 0.31875 0.409259259375 0.3203125 0.40833333281249995 0.31875 0.403703703125 0.31875 0.39074074062499997 0.3171875 0.3879629625 0.3010416671875 0.3879629625 0.3005208328125 0.39074074062499997 0.2979166671875 0.39074074062499997 0.2979166671875 0.3953703703125
0 0.6125 0.5305555562500001 0.6109375 0.5129629625 0.5963541671875 0.5101851859375001 0.5932291671875001 0.515740740625 0.5947916671875 0.5416666671875 0.6109375 0.5388888890625 0.6109375 0.5314814812499999 0.6125 0.5305555562500001
0 0.2510416671875 0.5111111109375 0.26875 0.5083333328124999 0.275 0.497222221875 0.275 0.48981481406249994 0.2765625 0.4888888890625 0.2765625 0.46851851875 0.2734375 0.4574074078125 0.2697916671875 0.4574074078125 0.2682291671875 0.4703703703125 0.2645833328125 0.47407407343749997 0.2609375 0.45648148125 0.265625 0.45277777812500003 0.265625 0.44907407343749994 0.2567708328125 0.44629629687500005 0.25625 0.44351851875000003 0.24479166718749998 0.44351851875000003 0.24322916718749998 0.44629629687500005 0.24322916718749998 0.5 0.24479166718749998 0.50555555625 0.2510416671875 0.5111111109375
0 0.1578125 0.6083333328125 0.159375 0.6018518515625 0.15625 0.5981481484375 0.15625 0.590740740625 0.153125 0.5796296296875 0.1447916671875 0.5768518515625 0.1432291671875 0.5796296296875 0.1432291671875 0.60555555625 0.1463541671875 0.6111111109375 0.1578125 0.6083333328125
0 0.7546875 0.375 0.7546875 0.3574074078125 0.7447916671875 0.3546296296875 0.7432291671875 0.3574074078125 0.7432291671875 0.375 0.7463541671875 0.38055555625 0.7546875 0.375
0 0.9317708328125001 0.030555556249999997 0.9359375 0.030555556249999997 0.9359375 0.015740740625 0.93125 0.0018518515625 0.9182291671874999 0.0018518515625 0.9182291671874999 0.030555556249999997 0.9197916671874999 0.0333333328125 0.93125 0.0333333328125 0.9317708328125001 0.030555556249999997
0 0.9140625 0.0129629625 0.90625 0.0101851859375 0.8932291671874999 0.0129629625 0.8932291671874999 0.019444443750000002 0.8979166671875 0.025 0.9140625 0.019444443750000002 0.9140625 0.0129629625
0 0.5760416671875 0.41944444374999995 0.5833333328125 0.42222222187499997 0.5838541671875 0.425 0.5921875 0.42222222187499997 0.5953125 0.4138888890625 0.5953125 0.39074074062499997 0.5875 0.3768518515625 0.5760416671875 0.3768518515625 0.5744791671875 0.3796296296875 0.5744791671875 0.41111111093749997 0.5760416671875 0.41203703750000004 0.5760416671875 0.41944444374999995
0 0.784375 0.36851851875 0.7760416671875 0.365740740625 0.7744791671875 0.36851851875 0.7760416671875 0.38055555625 0.78125 0.38055555625 0.784375 0.36851851875
0 0.9375 0.48055555625 0.9380208328125 0.477777778125 0.9453125 0.475 0.9484375 0.4574074078125 0.9421875 0.44351851875000003 0.9260416671874999 0.44351851875000003 0.9244791671874999 0.44629629687500005 0.9244791671874999 0.47222222187499996 0.9260416671874999 0.4731481484375 0.9260416671874999 0.48055555625 0.9375 0.48055555625
0 0.890625 0.27777777812500004 0.890625 0.25740740781250004 0.8859375 0.2546296296875 0.8697916671874999 0.2546296296875 0.8682291671875 0.25740740781250004 0.8682291671875 0.28611111093749997 0.8713541671874999 0.2916666671875 0.8828125 0.2888888890625 0.890625 0.27777777812500004
0 0.25729166718749996 0.409259259375 0.25729166718749996 0.4138888890625 0.2645833328125 0.4166666671875 0.26510416718749996 0.41944444374999995 0.2796875 0.41944444374999995 0.2921875 0.40555555625000006 0.29375 0.3879629625 0.284375 0.36851851875 0.27395833281250004 0.36851851875 0.2734375 0.365740740625 0.2604166671875 0.365740740625 0.2598958328125 0.36851851875 0.25729166718749996 0.36851851875 0.25729166718749996 0.3731481484375 0.2557291671875 0.3740740734375 0.2557291671875 0.40833333281249995 0.25729166718749996 0.409259259375
0 0.7572916671875001 0.4888888890625 0.7609375 0.4888888890625 0.7671875 0.477777778125 0.765625 0.465740740625 0.7572916671875001 0.465740740625 0.7557291671875 0.46851851875 0.7557291671875 0.4861111109375 0.7572916671875001 0.4888888890625
0 0.73125 0.24444444375000002 0.7328125 0.22685185156249998 0.728125 0.221296296875 0.7197916671875 0.221296296875 0.7182291671875001 0.22407407343750002 0.7197916671875 0.25 0.725 0.25 0.73125 0.24444444375000002
0 0.5109375 0.3861111109375 0.5140625 0.377777778125 0.5125 0.3574074078125 0.5010416671875 0.3546296296875 0.4994791671875 0.3574074078125 0.4994791671875 0.3861111109375 0.5010416671875 0.3888888890625 0.5109375 0.3861111109375
0 0.890625 0.465740740625 0.8822916671875 0.465740740625 0.8822916671875 0.497222221875 0.896875 0.49444444374999996 0.896875 0.471296296875 0.890625 0.465740740625
0 0.9010416671874999 0.1425925921875 0.9010416671874999 0.15 0.9109375 0.14444444375 0.9125 0.13703703750000001 0.91875 0.127777778125 0.91875 0.11574074062499999 0.915625 0.1101851859375 0.9010416671874999 0.1101851859375 0.8994791671875 0.1129629625 0.8994791671875 0.1416666671875 0.9010416671874999 0.1425925921875
0 0.778125 0.427777778125 0.78125 0.41944444374999995 0.78125 0.4046296296875 0.778125 0.3990740734375 0.7651041671875001 0.3990740734375 0.7619791671875 0.4046296296875 0.7619791671875 0.427777778125 0.7635416671875 0.43055555625 0.778125 0.427777778125
0 0.4953125 0.352777778125 0.4953125 0.34629629687499996 0.4927083328125 0.34629629687499996 0.4921875 0.34351851875 0.48229166718750005 0.34351851875 0.48072916718750003 0.34629629687499996 0.48229166718750005 0.3583333328125 0.490625 0.3638888890625 0.4953125 0.352777778125
0 0.6765625 0.3111111109375 0.68125 0.29722222187499997 0.68125 0.290740740625 0.6796875 0.2898148140625 0.6796875 0.26851851875 0.6770833328125 0.26851851875 0.6765625 0.26574074062499997 0.6572916671875 0.26574074062499997 0.6557291671875001 0.26851851875 0.6572916671875 0.3083333328125 0.6651041671875 0.3166666671875 0.6765625 0.3111111109375
0 0.3578125 0.21944444375 0.359375 0.2018518515625 0.35625 0.1990740734375 0.3369791671875 0.2018518515625 0.3369791671875 0.21944444375 0.3416666671875 0.225 0.3515625 0.225 0.3578125 0.21944444375
0 0.1598958328125 0.60555555625 0.1604166671875 0.6083333328125 0.165625 0.6083333328125 0.175 0.597222221875 0.175 0.5796296296875 0.1734375 0.5768518515625 0.16354166718750002 0.5768518515625 0.1598958328125 0.5824074078125 0.153125 0.5768518515625 0.1432291671875 0.5796296296875 0.1432291671875 0.60555555625 0.1463541671875 0.6111111109375 0.153125 0.6111111109375 0.1598958328125 0.60555555625