0 0.0703125 0.3265625 0.0328125 0.05703125
0 0.0375 0.3296875 0.0359375 0.0546875
0 0.05234375 0.1484375 0.03125 0.05078125
0 0.0640625 0.07265625 0.02734375 0.04609375
0 0.38828125 0.50859375 0.03984375 0.07578125
0 0.278125 0.63828125 0.03046875 0.05390625
0 0.30859375 0.58828125 0.03359375 0.0453125
0 0.34453125 0.571875 0.03203125 0.059375
0 0.08671875 0.5765625 0.03125 0.0546875
0 0.02421875 0.55 0.0296875 0.05
0 0.1640625 0.42265625 0.02578125 0.04375
0 0.1015625 0.359375 0.03046875 0.05625
0 0.278125 0.9234375 0.03359375 0.0609375
0 0.45078125 0.88671875 0.0328125 0.0578125
0 0.4546875 0.76015625 0.03203125 0.059375
0 0.509375 0.81875 0.025 0.04765625
0 0.6109375 0.66640625 0.0296875 0.0671875
0 0.5890625 0.515625 0.03984375 0.0609375
0 0.68984375 0.55625 0.034375 0.0515625
0 0.74296875 0.784375 0.0390625 0.078125
0 0.6421875 0.925 0.03515625 0.06484375
0 0.4109375 0.1828125 0.03515625 0.05703125
0 0.378125 0.1890625 0.02734375 0.0515625
0 0.49765625 0.18125 0.028125 0.05
0 0.659375 0.3546875 0.0390625 0.06875
0 0.59609375 0.340625 0.03359375 0.0640625
0 0.69609375 0.46171875 0.0328125 0.065625
0 0.7390625 0.49140625 0.03359375 0.06640625
0 0.7734375 0.4953125 0.0328125 0.05859375
0 0.7984375 0.54140625 0.03828125 0.06328125
0 0.8921875 0.51875 0.03203125 0.059375
0 0.87109375 0.221875 0.03984375 0.06640625
0 0.621875 0.15 0.0328125 0.05859375
0 0.53828125 0.1390625 0.03046875 0.05703125
0 0.553125 0.18671875 0.02578125 0.03984375
0 0.565625 0.02265625 0.034375 0.0453125
0 0.640625 0.0375 0.03203125 0.05078125
0 0.60078125 0.01875 0.03046875 0.03359375
0 0.95546875 0.046875 0.03828125 0.0703125
0 0.96953125 0.2671875 0.04296875 0.0703125
0 0.978125 0.184375 0.04375 0.078125
0 0.8109375 0.8515625 0.03828125 0.0671875
0 0.92421875 0.76171875 0.0359375 0.05859375
0 0.98515625 0.75625 0.0296875 0.06875
0 0.35 0.77109375 0.0234375 0.0375
0 0.0953125 0.9359375 0.03046875 0.0515625
0 0.6765625 0.103125 0.0359375 0.06875
0 0.78828125 0.78046875 0.02578125 0.0625
0 0.2921875 0.24609375 0.02734375 0.04609375
0 0.05625 0.0296875 0.0265625 0.04296875
0 0.03046875 0.11875 0.0234375 0.04375
0 0.00859375 0.35390625 0.0171875 0.0515625
0 0.1171875 0.54140625 0.01953125 0.0421875
0 0.04453125 0.5921875 0.02578125 0.03671875
0 0.05390625 0.7671875 0.0265625 0.04453125
0 0.26484375 0.0484375 0.0171875 0.04453125
0 0.6125 0.22421875 0.0296875 0.06015625
0 0.4625 0.66640625 0.0203125 0.04296875
0 0.6546875 0.9625 0.02421875 0.025
0 0.66328125 0.5765625 0.02265625 0.0515625
0 0.7078125 0.60546875 0.0296875 0.0390625
0 0.76875 0.7921875 0.0171875 0.0609375
0 0.78046875 0.8453125 0.025 0.046875
0 0.8515625 0.6484375 0.021875 0.03984375
0 0.9265625 0.32578125 0.03125 0.05078125
0 0.95859375 0.3546875 0.0359375 0.053125
0 0.9359375 0.18671875 0.03125 0.0421875