0 0.2635416671875 0.4388888890625 0.2666666671875 0.44444444375 0.27395833281250004 0.447222221875 0.2760416671875 0.45277777812500003 0.2859375 0.447222221875 0.29375 0.43055555625 0.29375 0.4046296296875 0.2921875 0.403703703125 0.2921875 0.3990740734375 0.2875 0.39074074062499997 0.2833333328125 0.39074074062499997 0.2828125 0.3879629625 0.2635416671875 0.3879629625 0.2619791671875 0.39074074062499997 0.2619791671875 0.43333333281249997 0.2635416671875 0.434259259375 0.2635416671875 0.4388888890625
0 0.28854166718749996 0.372222221875 0.29635416718749996 0.3861111109375 0.3005208328125 0.3861111109375 0.3010416671875 0.3888888890625 0.3171875 0.3861111109375 0.31875 0.378703703125 0.3234375 0.375 0.3234375 0.3703703703125 0.325 0.36944444375 0.325 0.34351851875 0.3234375 0.3425925921875 0.3203125 0.32685185156249996 0.3171875 0.321296296875 0.2901041671875 0.321296296875 0.2869791671875 0.32685185156249996 0.2869791671875 0.3638888890625 0.28854166718749996 0.3648148140625 0.28854166718749996 0.372222221875
0 0.0260416671875 0.1861111109375 0.0364583328125 0.1888888890625 0.0369791671875 0.1916666671875 0.0484375 0.1888888890625 0.05625 0.175 0.05625 0.1648148140625 0.0578125 0.16388888906250001 0.0546875 0.1379629625 0.05 0.1324074078125 0.0260416671875 0.1324074078125 0.0244791671875 0.1351851859375 0.0244791671875 0.177777778125 0.0260416671875 0.178703703125 0.0260416671875 0.1861111109375
0 0.940625 0.5527777781250001 0.9427083328125001 0.547222221875 0.9484375 0.54444444375 0.95 0.5416666671875 0.95 0.534259259375 0.9515625 0.5333333328125 0.9515625 0.5101851859375001 0.95 0.509259259375 0.95 0.5018518515625 0.9421875 0.4879629625 0.9197916671874999 0.4879629625 0.9182291671874999 0.490740740625 0.9182291671874999 0.5416666671875 0.9260416671874999 0.5527777781250001 0.940625 0.5527777781250001
0 0.8302083328125001 0.5666666671875 0.8354166671875 0.575 0.8453125 0.575 0.8458333328125001 0.5722222218749999 0.85625 0.5666666671875 0.8625 0.5555555562500001 0.8640625 0.5296296296875 0.8625 0.5287037031249999 0.8609375 0.5129629625 0.8567708328125001 0.5129629625 0.85625 0.5101851859375001 0.8307291671874999 0.5101851859375001 0.8276041671875 0.5129629625 0.8244791671874999 0.521296296875 0.8244791671874999 0.5611111109375 0.8276041671875 0.5666666671875 0.8302083328125001 0.5666666671875
0 0.0135416671875 0.2675925921875 0.0151041671875 0.27777777812500004 0.021354167187500002 0.28148148125 0.021354167187500002 0.29722222187499997 0.0276041671875 0.3111111109375 0.0317708328125 0.3111111109375 0.0322916671875 0.3138888890625 0.0421875 0.3111111109375 0.0546875 0.29444444375 0.0546875 0.2870370375 0.05625 0.28611111093749997 0.05625 0.246296296875 0.0515625 0.23518518593749999 0.0489583328125 0.23518518593749999 0.0484375 0.23240740781250002 0.0166666671875 0.23240740781250002 0.0161458328125 0.23518518593749999 0.0135416671875 0.23518518593749999 0.0135416671875 0.2398148140625 0.0119791671875 0.240740740625 0.0119791671875 0.2666666671875 0.0135416671875 0.2675925921875
0 0.9307291671875 0.16388888906250001 0.9375 0.16388888906250001 0.946875 0.15555555625 0.95 0.15 0.95 0.1268518515625 0.946875 0.11574074062499999 0.9421875 0.1101851859375 0.9260416671874999 0.1101851859375 0.9244791671874999 0.1129629625 0.9244791671874999 0.15277777812499999 0.9260416671874999 0.1583333328125 0.9307291671875 0.16388888906250001
0 0.28177083281250004 0.3888888890625 0.2822916671875 0.3916666671875 0.290625 0.3916666671875 0.2921875 0.3888888890625 0.2921875 0.371296296875 0.2890625 0.3648148140625 0.2875 0.34629629687499996 0.2859375 0.34351851875 0.2697916671875 0.34351851875 0.2682291671875 0.34629629687499996 0.2682291671875 0.375 0.2776041671875 0.3888888890625 0.28177083281250004 0.3888888890625
0 0.5947916671875 0.3083333328125 0.6078125 0.3083333328125 0.6171875 0.29722222187499997 0.61875 0.271296296875 0.6140625 0.25740740781250004 0.6114583328125 0.25740740781250004 0.6109375 0.2546296296875 0.5822916671875 0.2546296296875 0.5807291671875 0.25740740781250004 0.5807291671875 0.29722222187499997 0.5822916671875 0.3 0.5942708328124999 0.30555555624999997 0.5947916671875 0.3083333328125
0 0.4734375 0.44166666718750003 0.48020833281249997 0.43333333281249997 0.4875 0.43055555625 0.4890625 0.4018518515625 0.484375 0.3879629625 0.4635416671875 0.3879629625 0.46197916718750004 0.39074074062499997 0.46197916718750004 0.43333333281249997 0.4635416671875 0.434259259375 0.4635416671875 0.44166666718750003 0.4734375 0.44166666718750003
0 0.909375 0.15555555625 0.9098958328125001 0.15277777812499999 0.915625 0.15 0.91875 0.14444444375 0.91875 0.13703703750000001 0.9203125 0.1361111109375 0.9203125 0.13148148125 0.9234375 0.125 0.9234375 0.1046296296875 0.9192708328125001 0.10185185156250001 0.91875 0.0990740734375 0.8901041671875 0.0990740734375 0.8869791671874999 0.1046296296875 0.8869791671874999 0.1416666671875 0.8963541671874999 0.15555555625 0.909375 0.15555555625
0 0.5994791671875 0.5 0.6067708328125 0.5 0.6072916671875 0.502777778125 0.6171875 0.5 0.6234375 0.4861111109375 0.6234375 0.4768518515625 0.6203125 0.465740740625 0.615625 0.4574074078125 0.6114583328125 0.4574074078125 0.6109375 0.4546296296875 0.5947916671875 0.4546296296875 0.5932291671875001 0.4574074078125 0.5932291671875001 0.4888888890625 0.5947916671875 0.49444444374999996 0.5994791671875 0.5
0 0.375 0.6972222218749999 0.375 0.6796296296875 0.3734375 0.6768518515624999 0.3572916671875 0.6768518515624999 0.3557291671875 0.6796296296875 0.3557291671875 0.7 0.35885416718749996 0.70555555625 0.3671875 0.7083333328125 0.375 0.6972222218749999
0 0.21354166718749998 0.627777778125 0.2166666671875 0.634259259375 0.2166666671875 0.6416666671875 0.21979166718749998 0.64444444375 0.2359375 0.64444444375 0.2421875 0.6333333328124999 0.2421875 0.6259259265625 0.24375 0.625 0.24375 0.609259259375 0.2453125 0.6083333328125 0.24375 0.590740740625 0.2359375 0.5768518515625 0.21510416718749997 0.5768518515625 0.21197916718749998 0.5824074078125 0.21197916718749998 0.6166666671875001 0.21354166718749998 0.6175925921875 0.21354166718749998 0.627777778125
0 0.48645833281249995 0.34444444375 0.4869791671875 0.34722222187499996 0.5046875 0.34722222187499996 0.5067708328125 0.3416666671875 0.509375 0.3416666671875 0.509375 0.3240740734375 0.49895833281249996 0.315740740625 0.4921875 0.3018518515625 0.4890625 0.29907407343750003 0.4760416671875 0.29907407343750003 0.47447916718750005 0.3018518515625 0.47447916718750005 0.3333333328125 0.4760416671875 0.334259259375 0.4760416671875 0.3416666671875 0.48645833281249995 0.34444444375
0 0.5385416671875001 0.7333333328125 0.5484375 0.7333333328125 0.5546875 0.722222221875 0.5546875 0.7074074078125 0.5484375 0.6990740734374999 0.5322916671875 0.6990740734374999 0.5307291671875001 0.7018518515625 0.5307291671875001 0.722222221875 0.5338541671875 0.73055555625 0.5380208328125 0.73055555625 0.5385416671875001 0.7333333328125
0 0.9026041671874999 0.21111111093749999 0.9052083328125 0.20833333281250002 0.9114583328125001 0.20833333281250002 0.9119791671874999 0.21111111093749999 0.921875 0.20833333281250002 0.93125 0.1861111109375 0.93125 0.165740740625 0.9296875 0.1648148140625 0.9296875 0.1601851859375 0.925 0.1546296296875 0.9072916671875 0.1546296296875 0.9067708328125 0.1574074078125 0.9010416671874999 0.1574074078125 0.9010416671874999 0.1648148140625 0.8994791671875 0.165740740625 0.8994791671875 0.20555555625 0.9026041671874999 0.21111111093749999
0 0.9046875 0.3240740734375 0.9005208328125001 0.3240740734375 0.9 0.321296296875 0.8760416671875 0.321296296875 0.8744791671875 0.3240740734375 0.8760416671875 0.35555555625 0.9 0.3583333328125 0.90625 0.34722222187499996 0.9046875 0.3240740734375
0 0.9010416671874999 0.0333333328125 0.9052083328125 0.0333333328125 0.9057291671875 0.0361111109375 0.915625 0.0333333328125 0.9203125 0.025 0.9203125 0.0203703703125 0.9234375 0.0166666671875 0.9234375 0.0129629625 0.9203125 0.009259259374999999 0.9203125 0.004629629687499999 0.9171875 0 0.8807291671874999 0.0018518515625 0.8807291671874999 0.019444443750000002 0.8838541671875 0.025 0.8973958328125 0.025 0.9010416671874999 0.0333333328125
0 0.290625 0.602777778125 0.29375 0.597222221875 0.29375 0.56851851875 0.2921875 0.565740740625 0.2760416671875 0.565740740625 0.2744791671875 0.56851851875 0.2760416671875 0.5944444437499999 0.28072916718749996 0.6 0.290625 0.602777778125
0 0.4609375 0.9666666671874999 0.4625 0.9638888890624999 0.4625 0.9351851859375 0.4609375 0.9324074078125 0.4447916671875 0.9324074078125 0.44322916718750005 0.9351851859375 0.44322916718750005 0.952777778125 0.45104166718750005 0.9666666671874999 0.4609375 0.9666666671874999
0 0.8760416671875 0.1916666671875 0.8786458328125001 0.1916666671875 0.8822916671875 0.197222221875 0.8890625 0.197222221875 0.896875 0.1833333328125 0.8984375 0.1574074078125 0.890625 0.14351851875 0.8760416671875 0.14351851875 0.8744791671875 0.146296296875 0.8744791671875 0.1861111109375 0.8760416671875 0.1870370375 0.8760416671875 0.1916666671875
0 0.20625 0.91944444375 0.2078125 0.9009259265624999 0.2109375 0.9 0.2109375 0.890740740625 0.19479166718750002 0.8879629625 0.1932291671875 0.890740740625 0.1932291671875 0.91944444375 0.203125 0.925 0.20625 0.91944444375
0 0.7953125 0.20277777812500003 0.7984375 0.197222221875 0.7984375 0.171296296875 0.79375 0.165740740625 0.7822916671875 0.165740740625 0.7807291671875001 0.16851851874999998 0.7822916671875 0.20277777812500003 0.7838541671875 0.20555555625 0.7953125 0.20277777812500003
0 0.8171875 0.3 0.8234375 0.2888888890625 0.8234375 0.271296296875 0.8192708328125 0.26851851875 0.81875 0.26574074062499997 0.8072916671874999 0.26574074062499997 0.8057291671875 0.26851851875 0.8057291671875 0.29722222187499997 0.8088541671874999 0.302777778125 0.8171875 0.3
0 0.909375 0.5638888890625 0.9114583328125001 0.5583333328125 0.91875 0.5527777781250001 0.9171875 0.5129629625 0.9010416671874999 0.5101851859375001 0.8994791671875 0.5129629625 0.8994791671875 0.5555555562500001 0.9026041671874999 0.5638888890625 0.909375 0.5638888890625
0 0.16354166718750002 0.75 0.1682291671875 0.75555555625 0.1796875 0.752777778125 0.1828125 0.7351851859375 0.1796875 0.7296296296875 0.1770833328125 0.7296296296875 0.1734375 0.7212962968750001 0.16354166718750002 0.7212962968750001 0.1619791671875 0.7240740734375 0.1619791671875 0.74444444375 0.16354166718750002 0.7453703703125 0.16354166718750002 0.75
0 0.2854166671875 0.3111111109375 0.309375 0.3083333328125 0.315625 0.29722222187499997 0.315625 0.290740740625 0.309375 0.2796296296875 0.30520833281250004 0.2796296296875 0.3046875 0.2768518515625 0.2838541671875 0.2768518515625 0.28072916718749996 0.2824074078125 0.28072916718749996 0.3 0.2822916671875 0.3009259265625 0.2822916671875 0.3083333328125 0.2854166671875 0.3111111109375
0 0.6760416671875 0.1416666671875 0.6859375 0.13888888906250002 0.6859375 0.12870370312499999 0.6890625 0.11944444375 0.6875 0.10185185156250001 0.6833333328125 0.10185185156250001 0.6828125 0.0990740734375 0.6635416671875001 0.0990740734375 0.6619791671875 0.10185185156250001 0.6619791671875 0.11944444375 0.6729166671875 0.13888888906250002 0.6755208328125 0.13888888906250002 0.6760416671875 0.1416666671875
0 0.8135416671875 0.722222221875 0.8244791671874999 0.7388888890625 0.8328125 0.7388888890625 0.8390625 0.725 0.8390625 0.703703703125 0.840625 0.702777778125 0.840625 0.690740740625 0.8390625 0.6898148140625 0.8390625 0.6824074078125 0.8359375 0.6768518515624999 0.8151041671874999 0.6768518515624999 0.8119791671875 0.6824074078125 0.8119791671875 0.7138888890625 0.8135416671875 0.7148148140624999 0.8135416671875 0.722222221875
0 0.925 0.61944444375 0.9234375 0.6018518515625 0.9192708328125001 0.6018518515625 0.91875 0.5990740734375 0.9026041671874999 0.5990740734375 0.8994791671875 0.6046296296875 0.8994791671875 0.627777778125 0.9026041671874999 0.6333333328124999 0.9171875 0.6333333328124999 0.925 0.61944444375
0 0.5848958328125 0.9666666671874999 0.5875 0.9666666671874999 0.5890625 0.9611111109375001 0.5890625 0.9490740734375 0.5859375 0.94351851875 0.5692708328125 0.94351851875 0.5645833328125 0.940740740625 0.5625 0.9351851859375 0.5557291671875 0.9379629625 0.5557291671875 0.9694444437499999 0.5604166671875 0.977777778125 0.578125 0.977777778125 0.5848958328125 0.9666666671874999
0 0.6697916671875 0.1361111109375 0.6744791671875 0.13981481406250001 0.6760416671875 0.15 0.684375 0.15 0.6875 0.1361111109375 0.6875 0.1231481484375 0.6890625 0.12222222187500001 0.6875 0.1046296296875 0.6828125 0.0990740734375 0.6635416671875001 0.0990740734375 0.6619791671875 0.10185185156250001 0.6619791671875 0.11944444375 0.6697916671875 0.13148148125 0.6697916671875 0.1361111109375
0 0.5760416671875 0.077777778125 0.5984375 0.08055555625000001 0.60625 0.075 0.609375 0.0666666671875 0.609375 0.0546296296875 0.6046875 0.04351851875 0.5807291671875 0.04351851875 0.5802083328125 0.046296296875 0.5760416671875 0.046296296875 0.5760416671875 0.053703703125 0.5744791671875 0.0546296296875 0.5744791671875 0.075 0.5760416671875 0.077777778125
0 0.5765625 0.8666666671875 0.5796875 0.8574074078124999 0.575 0.8425925921875 0.575 0.8351851859374999 0.5635416671875 0.8324074078124999 0.5619791671875001 0.8351851859374999 0.5619791671875001 0.8638888890624999 0.5635416671875 0.8666666671875 0.5765625 0.8666666671875