0 0.8932291671874999 0.4574074078125 0.8932291671874999 0.4861111109375 0.9010416671874999 0.5 0.9114583328125001 0.5 0.9119791671874999 0.502777778125 0.925 0.5 0.9333333328125001 0.4861111109375 0.9359375 0.4861111109375 0.9359375 0.48148148125 0.940625 0.475 0.940625 0.4574074078125 0.9375 0.4509259265625 0.9359375 0.4379629625 0.93125 0.43148148124999997 0.9296875 0.4240740734375 0.9270833328125001 0.4240740734375 0.9265625 0.42129629687500003 0.9182291671874999 0.42129629687500003 0.9177083328125001 0.4240740734375 0.9052083328125 0.4240740734375 0.9026041671874999 0.42129629687500003 0.9020833328125001 0.4240740734375 0.8994791671875 0.4240740734375 0.8979166671875 0.434259259375 0.8963541671874999 0.43518518593750005 0.8979166671875 0.4481481484375 0.8932291671874999 0.4574074078125
0 0.0973958328125 0.40277777812500004 0.0994791671875 0.40833333281249995 0.10625 0.40833333281249995 0.11614583281249999 0.3916666671875 0.125 0.3861111109375 0.125 0.3731481484375 0.1265625 0.372222221875 0.1265625 0.36851851875 0.125 0.36759259218749996 0.125 0.3574074078125 0.1171875 0.34351851875 0.0947916671875 0.34351851875 0.09322916718749999 0.34629629687499996 0.09322916718749999 0.397222221875 0.0947916671875 0.3981481484375 0.0947916671875 0.40277777812500004 0.0973958328125 0.40277777812500004
0 0.3072916671875 0.3611111109375 0.31875 0.35555555625 0.3223958328125 0.34722222187499996 0.325 0.34722222187499996 0.3270833328125 0.3416666671875 0.3296875 0.3416666671875 0.3333333328125 0.33055555625 0.3359375 0.33055555625 0.3359375 0.3203703703125 0.3375 0.31944444375000003 0.3375 0.315740740625 0.3296875 0.29907407343750003 0.3010416671875 0.29907407343750003 0.2994791671875 0.3018518515625 0.2994791671875 0.352777778125 0.30416666718749996 0.3583333328125 0.3067708328125 0.3583333328125 0.3072916671875 0.3611111109375
0 0.1135416671875 0.2453703703125 0.11510416718750001 0.252777778125 0.1177083328125 0.252777778125 0.1213541671875 0.25833333281250004 0.1270833328125 0.25833333281250004 0.1276041671875 0.2611111109375 0.1421875 0.2638888890625 0.1458333328125 0.25833333281250004 0.15625 0.25555555625 0.1625 0.24444444375000002 0.1625 0.234259259375 0.1640625 0.23333333281250002 0.1640625 0.21296296250000002 0.1625 0.21203703749999997 0.1625 0.2018518515625 0.1609375 0.2009259265625 0.1609375 0.196296296875 0.15625 0.1879629625 0.1536458328125 0.1879629625 0.1484375 0.1768518515625 0.1276041671875 0.1768518515625 0.1270833328125 0.17962962968750001 0.1244791671875 0.17962962968750001 0.1223958328125 0.1851851859375 0.1166666671875 0.1879629625 0.1135416671875 0.19351851874999998 0.1135416671875 0.1981481484375 0.1119791671875 0.1990740734375 0.1119791671875 0.24444444375000002 0.1135416671875 0.2453703703125
0 0.5401041671875 0.9083333328125001 0.55 0.9083333328125001 0.5520833328125 0.902777778125 0.5546875 0.902777778125 0.5578125 0.8925925921875001 0.5625 0.8861111109375001 0.5625 0.8629629624999999 0.5609375 0.8574074078124999 0.5578125 0.8546296296874999 0.5322916671875 0.8546296296874999 0.5307291671875001 0.8574074078124999 0.5307291671875001 0.897222221875 0.5380208328125 0.902777778125 0.5401041671875 0.9083333328125001
0 0.5046875 0.1 0.5052083328125 0.097222221875 0.5078125 0.097222221875 0.5125 0.0861111109375 0.5125 0.0546296296875 0.5109375 0.053703703125 0.5109375 0.0490740734375 0.50625 0.04351851875 0.48854166718750003 0.04351851875 0.4869791671875 0.046296296875 0.4869791671875 0.0861111109375 0.4947916671875 0.1 0.5046875 0.1
0 0.060416667187499995 0.47222222187499996 0.06979166718749999 0.4888888890625 0.0828125 0.4888888890625 0.08333333281250001 0.4861111109375 0.0859375 0.4861111109375 0.0875 0.47592592656250005 0.0890625 0.475 0.0890625 0.4675925921875 0.090625 0.46666666718750005 0.0875 0.4379629625 0.084375 0.43240740781250003 0.05729166718749999 0.43240740781250003 0.0557291671875 0.43518518593750005 0.0557291671875 0.46388888906250003 0.05989583281250001 0.46666666718750005 0.060416667187499995 0.47222222187499996
0 0.4994791671875 0.5287037031249999 0.4994791671875 0.5333333328125 0.5020833328125 0.5333333328125 0.5026041671875 0.5361111109375 0.509375 0.5361111109375 0.5125 0.5305555562500001 0.515625 0.5018518515625 0.5109375 0.4879629625 0.48229166718750005 0.4879629625 0.48072916718750003 0.490740740625 0.48072916718750003 0.5111111109375 0.4838541671875 0.51944444375 0.49583333281249997 0.522222221875 0.4994791671875 0.5287037031249999
0 0.6260416671875 0.5305555562500001 0.6286458328125 0.5305555562500001 0.6291666671875 0.5333333328125 0.6421875 0.5333333328125 0.6427083328125 0.5305555562500001 0.6453125 0.5305555562500001 0.6515625 0.5166666671875 0.65 0.49351851875 0.646875 0.4879629625 0.6276041671875 0.4879629625 0.6244791671875001 0.49351851875 0.6244791671875001 0.525 0.6260416671875 0.5259259265625 0.6260416671875 0.5305555562500001
0 0.6739583328125 0.825 0.6744791671875 0.827777778125 0.678125 0.827777778125 0.6817708328125 0.8222222218749999 0.6859375 0.8222222218749999 0.6921875 0.8055555562500001 0.6921875 0.790740740625 0.6875 0.7787037031249999 0.6875 0.771296296875 0.6828125 0.765740740625 0.6635416671875001 0.765740740625 0.6619791671875 0.76851851875 0.6619791671875 0.8166666671874999 0.6651041671875 0.8222222218749999 0.6739583328125 0.825
0 0.728125 0.1888888890625 0.7286458328125 0.1861111109375 0.7328125 0.1833333328125 0.7328125 0.178703703125 0.7375 0.16944444375 0.7375 0.1490740734375 0.7359375 0.1481481484375 0.7359375 0.14351851875 0.734375 0.1425925921875 0.734375 0.1379629625 0.7328125 0.13703703750000001 0.73125 0.12407407343750002 0.7296875 0.12129629687500001 0.7135416671875 0.12129629687500001 0.7057291671875 0.1351851859375 0.7057291671875 0.175 0.7135416671875 0.1888888890625 0.728125 0.1888888890625
0 0.3635416671875 0.25555555625 0.36666666718749996 0.259259259375 0.36666666718749996 0.2638888890625 0.3713541671875 0.272222221875 0.3796875 0.272222221875 0.3802083328125 0.26944444375 0.3828125 0.26944444375 0.3895833328125 0.25555555625 0.3921875 0.25555555625 0.3921875 0.2509259265625 0.39375 0.25 0.39375 0.22407407343750002 0.3859375 0.2101851859375 0.3635416671875 0.2101851859375 0.3619791671875 0.21296296250000002 0.3619791671875 0.25 0.3635416671875 0.2509259265625 0.3635416671875 0.25555555625
0 0.21458333281250003 0.8 0.21875 0.797222221875 0.221875 0.7787037031249999 0.2234375 0.777777778125 0.2234375 0.771296296875 0.21875 0.765740740625 0.19479166718750002 0.765740740625 0.1932291671875 0.76851851875 0.1932291671875 0.8027777781250001 0.1979166671875 0.8111111109375001 0.209375 0.8111111109375001 0.21458333281250003 0.8
0 0.7489583328125 0.8194444437499999 0.7494791671875001 0.8222222218749999 0.7671875 0.8222222218749999 0.7734375 0.8166666671874999 0.7770833328125 0.8083333328125001 0.7796875 0.8083333328125001 0.7828125 0.797222221875 0.7828125 0.784259259375 0.784375 0.7833333328125 0.784375 0.76851851875 0.78125 0.7648148140625 0.7796875 0.7574074078125 0.7765625 0.7546296296875 0.7682291671875 0.7546296296875 0.7677083328125 0.7574074078125 0.7432291671875 0.7546296296875 0.7385416671875 0.7601851859375001 0.7369791671875 0.765740740625 0.7369791671875 0.8055555562500001 0.7447916671875 0.8194444437499999 0.7489583328125 0.8194444437499999
0 0.7807291671875001 0.09444444375 0.7822916671875 0.0953703703125 0.7822916671875 0.102777778125 0.7838541671875 0.10370370312499999 0.7838541671875 0.10833333281249999 0.7885416671875001 0.1120370375 0.7901041671875 0.11944444375 0.7942708328125 0.11944444375 0.7947916671875 0.12222222187500001 0.8078125 0.11944444375 0.81875 0.1 0.81875 0.0953703703125 0.8234375 0.08333333281250001 0.8234375 0.0759259265625 0.825 0.075 0.825 0.0546296296875 0.8234375 0.053703703125 0.8234375 0.0490740734375 0.81875 0.04351851875 0.7885416671875001 0.04351851875 0.7880208328125 0.046296296875 0.7854166671875 0.046296296875 0.7807291671875001 0.0574074078125 0.7807291671875001 0.09444444375
0 0.5260416671875 0.74444444375 0.5348958328125 0.74444444375 0.5447916671875 0.7666666671875 0.5546875 0.7666666671875 0.55625 0.7638888890625 0.5578125 0.7268518515625 0.55625 0.7259259265625 0.55625 0.7129629625 0.5546875 0.7101851859375 0.5385416671875001 0.7101851859375 0.5333333328125 0.7185185187500001 0.5260416671875 0.7240740734375 0.5260416671875 0.73148148125 0.5244791671875 0.7324074078125 0.5244791671875 0.7416666671875001 0.5260416671875 0.74444444375
0 0.41822916718750003 0.3111111109375 0.4375 0.3138888890625 0.4380208328125 0.3111111109375 0.4453125 0.3083333328125 0.4484375 0.302777778125 0.4484375 0.29814814843750004 0.45 0.29722222187499997 0.4484375 0.2824074078125 0.44375 0.2740740734375 0.440625 0.2731481484375 0.440625 0.26851851875 0.4375 0.26203703749999996 0.4375 0.246296296875 0.4359375 0.24351851875000002 0.42291666718750004 0.24351851875000002 0.41614583281249995 0.2546296296875 0.4135416671875 0.2546296296875 0.4135416671875 0.259259259375 0.41197916718750005 0.2601851859375 0.41197916718750005 0.3 0.41822916718750003 0.3111111109375
0 0.1177083328125 0.98055555625 0.128125 0.977777778125 0.13125 0.972222221875 0.1296875 0.946296296875 0.125 0.94351851875 0.1010416671875 0.94351851875 0.0994791671875 0.946296296875 0.0994791671875 0.972222221875 0.10260416718750001 0.977777778125 0.1171875 0.9833333328125 0.1177083328125 0.98055555625
0 0.4635416671875 0.12870370312499999 0.4635416671875 0.13333333281249998 0.4692708328125 0.13333333281249998 0.46979166718750004 0.1361111109375 0.47864583281249995 0.1361111109375 0.48541666718750004 0.15 0.4921875 0.15277777812499999 0.4921875 0.1481481484375 0.49375 0.147222221875 0.49375 0.1425925921875 0.496875 0.1361111109375 0.496875 0.1268518515625 0.49375 0.1203703703125 0.49375 0.1129629625 0.4796875 0.08796296249999999 0.46666666718750005 0.08796296249999999 0.4661458328125 0.09074074062500001 0.4635416671875 0.09074074062500001 0.4635416671875 0.0953703703125 0.46197916718750004 0.09629629687499999 0.46197916718750004 0.127777778125 0.4635416671875 0.12870370312499999
0 0.7260416671875001 0.897222221875 0.7322916671875 0.902777778125 0.7421875 0.897222221875 0.74375 0.884259259375 0.75 0.86944444375 0.75 0.8574074078124999 0.7484375 0.8546296296874999 0.7260416671875001 0.8546296296874999 0.7244791671875 0.8574074078124999 0.7244791671875 0.8888888890625 0.7260416671875001 0.8898148140625001 0.7260416671875001 0.897222221875
0 0.5125 0.8388888890624999 0.5130208328125 0.8361111109375001 0.51875 0.8361111109375001 0.5192708328125 0.8333333328125001 0.525 0.8333333328125001 0.5255208328125 0.83055555625 0.5302083328125 0.83055555625 0.5322916671875 0.8361111109375001 0.5390625 0.8361111109375001 0.5421875 0.83055555625 0.5421875 0.8203703703125 0.54375 0.8194444437499999 0.54375 0.79351851875 0.5421875 0.7925925921875 0.5421875 0.7879629625 0.5322916671875 0.7851851859375001 0.5270833328125 0.79351851875 0.5244791671875 0.79351851875 0.5223958328125 0.7990740734374999 0.5109375 0.7768518515625 0.5010416671875 0.7768518515625 0.4994791671875 0.7796296296875 0.4994791671875 0.827777778125 0.5010416671875 0.828703703125 0.5010416671875 0.8333333328125001 0.5125 0.8388888890624999
0 0.7635416671875 0.61944444375 0.771875 0.61944444375 0.7739583328124999 0.6138888890625 0.7796875 0.6111111109375 0.7796875 0.60648148125 0.78125 0.60555555625 0.78125 0.5935185187500001 0.7734375 0.5768518515625 0.7510416671875 0.5768518515625 0.7494791671875001 0.5796296296875 0.7494791671875001 0.60555555625 0.7526041671875 0.6111111109375 0.7583333328124999 0.6111111109375 0.7635416671875 0.61944444375
0 0.48802083281249997 0.622222221875 0.490625 0.622222221875 0.49375 0.6166666671875001 0.49375 0.6120370375 0.4953125 0.6111111109375 0.4953125 0.5962962968750001 0.49375 0.5953703703125 0.49375 0.590740740625 0.4895833328125 0.5879629625 0.4875 0.5824074078125 0.4848958328125 0.5824074078125 0.48125 0.5768518515625 0.46510416718750003 0.5768518515625 0.46197916718750004 0.5824074078125 0.46197916718750004 0.61944444375 0.4682291671875 0.63055555625 0.484375 0.63055555625 0.48802083281249997 0.622222221875
0 0.8010416671874999 0.8333333328125001 0.8125 0.8333333328125001 0.8208333328125 0.8194444437499999 0.8234375 0.8194444437499999 0.825 0.80648148125 0.8265625 0.8055555562500001 0.8265625 0.79351851875 0.8234375 0.7879629625 0.8026041671874999 0.7879629625 0.7994791671875 0.79351851875 0.7994791671875 0.83055555625 0.8010416671874999 0.8333333328125001
0 0.775 0.6777777781250001 0.7770833328125 0.6611111109375 0.7921875 0.6638888890625 0.7953125 0.646296296875 0.7921875 0.6425925921875 0.7921875 0.6379629625 0.7890625 0.634259259375 0.7859375 0.621296296875 0.7651041671875001 0.621296296875 0.7619791671875 0.6268518515625 0.7619791671875 0.6666666671875 0.7635416671875 0.6675925921875 0.7635416671875 0.675 0.775 0.6777777781250001
0 0.3776041671875 0.7666666671875 0.3796875 0.7666666671875 0.3802083328125 0.7638888890625 0.3859375 0.7638888890625 0.3895833328125 0.75555555625 0.39375 0.752777778125 0.39375 0.7481481484375 0.3958333328125 0.74444444375 0.3984375 0.74444444375 0.3984375 0.7324074078125 0.3890625 0.7129629625 0.3864583328125 0.7129629625 0.3859375 0.7101851859375 0.3697916671875 0.7101851859375 0.3682291671875 0.7129629625 0.3682291671875 0.752777778125 0.37447916718749996 0.7638888890625 0.3770833328125 0.7638888890625 0.3776041671875 0.7666666671875
0 0.8302083328125001 0.88055555625 0.8322916671874999 0.8861111109375001 0.8359375 0.8861111109375001 0.8395833328125001 0.877777778125 0.8421875 0.877777778125 0.84375 0.875 0.8453125 0.8648148140625 0.8484375 0.8611111109375 0.8484375 0.85648148125 0.85 0.85555555625 0.85 0.8462962968750001 0.84375 0.8324074078124999 0.8260416671874999 0.8324074078124999 0.8244791671874999 0.8351851859374999 0.8244791671874999 0.875 0.8276041671875 0.88055555625 0.8302083328125001 0.88055555625
0 0.25729166718749996 0.1611111109375 0.2671875 0.1611111109375 0.2692708328125 0.15555555625 0.2734375 0.15277777812499999 0.275 0.1351851859375 0.2734375 0.134259259375 0.2734375 0.12407407343750002 0.26875 0.1175925921875 0.26875 0.1129629625 0.265625 0.1101851859375 0.2510416671875 0.1101851859375 0.24322916718749998 0.1268518515625 0.24322916718749998 0.147222221875 0.24479166718749998 0.15277777812499999 0.2536458328125 0.15555555625 0.25729166718749996 0.1611111109375
0 0.7734375 0.12222222187500001 0.7796875 0.1111111109375 0.7796875 0.08796296249999999 0.775 0.07685185156249999 0.771875 0.0759259265625 0.771875 0.0648148140625 0.7734375 0.0638888890625 0.7734375 0.060185185937499996 0.7692708328125 0.0574074078125 0.76875 0.0546296296875 0.7510416671875 0.0546296296875 0.7494791671875001 0.0574074078125 0.7494791671875001 0.10833333281249999 0.7572916671875001 0.12222222187500001 0.7734375 0.12222222187500001
0 0.4557291671875 0.3879629625 0.4557291671875 0.41944444374999995 0.45885416718750005 0.425 0.4614583328125 0.425 0.46510416718750003 0.43055555625 0.4671875 0.43055555625 0.46770833281249996 0.427777778125 0.4734375 0.427777778125 0.4765625 0.4148148140625 0.48125 0.40833333281249995 0.4828125 0.3925925921875 0.4875 0.3861111109375 0.4875 0.36851851875 0.4859375 0.365740740625 0.4635416671875 0.36851851875 0.45729166718750003 0.3796296296875 0.45729166718750003 0.38703703749999996 0.4557291671875 0.3879629625
0 0.796875 0.43055555625 0.7953125 0.4018518515625 0.7921875 0.3990740734375 0.7744791671875 0.4018518515625 0.7744791671875 0.42222222187499997 0.7776041671875 0.43055555625 0.7807291671875001 0.43333333281249997 0.796875 0.43055555625
0 0.34322916718749996 0.2638888890625 0.35104166718749996 0.27777777812500004 0.365625 0.28055555625 0.3703125 0.275 0.3703125 0.26574074062499997 0.36875 0.2648148140625 0.36875 0.2601851859375 0.3640625 0.2509259265625 0.3640625 0.24351851875000002 0.3625 0.24259259218749998 0.3625 0.21296296250000002 0.35989583281250004 0.21296296250000002 0.359375 0.2101851859375 0.3494791671875 0.2101851859375 0.3489583328125 0.21296296250000002 0.3463541671875 0.21296296250000002 0.34322916718749996 0.221296296875 0.34322916718749996 0.2638888890625
0 0.22239583281250003 0.1111111109375 0.22291666718749997 0.11388888906250001 0.22552083281250002 0.11388888906250001 0.22916666718749998 0.11944444375 0.2359375 0.11944444375 0.2375 0.1166666671875 0.2375 0.109259259375 0.2390625 0.10833333281249999 0.2390625 0.10370370312499999 0.2421875 0.097222221875 0.2421875 0.0925925921875 0.2484375 0.08055555625000001 0.25 0.071296296875 0.2453125 0.0620370375 0.2453125 0.0574074078125 0.2427083328125 0.0574074078125 0.2421875 0.0546296296875 0.2260416671875 0.0546296296875 0.22552083281250002 0.0574074078125 0.22135416718749998 0.0574074078125 0.21197916718749998 0.07685185156249999 0.21197916718749998 0.097222221875 0.2182291671875 0.1111111109375 0.22239583281250003 0.1111111109375
0 0.84375 0.7388888890625 0.8458333328125001 0.73055555625 0.8484375 0.73055555625 0.85 0.7046296296875 0.846875 0.6990740734374999 0.8307291671874999 0.7018518515625 0.8322916671874999 0.74444444375 0.8390625 0.74444444375 0.84375 0.7388888890625
0 0.7796875 0.377777778125 0.7859375 0.36666666718749996 0.7859375 0.3574074078125 0.784375 0.3546296296875 0.7635416671875 0.3546296296875 0.7619791671875 0.3574074078125 0.7619791671875 0.375 0.7677083328125 0.377777778125 0.7682291671875 0.38055555625 0.7796875 0.377777778125
0 0.753125 0.1666666671875 0.75625 0.1611111109375 0.75625 0.15648148125 0.7609375 0.15 0.759375 0.12407407343750002 0.75625 0.12129629687500001 0.7401041671875 0.12129629687500001 0.7369791671875 0.1268518515625 0.7385416671875 0.16388888906250001 0.7401041671875 0.1666666671875 0.753125 0.1666666671875
0 0.15 0.4916666671875 0.1520833328125 0.4861111109375 0.1572916671875 0.4916666671875 0.1671875 0.4916666671875 0.16875 0.4861111109375 0.16875 0.4574074078125 0.165625 0.44907407343749994 0.1520833328125 0.44629629687500005 0.1515625 0.44351851875000003 0.13229166718750002 0.44351851875000003 0.1307291671875 0.44629629687500005 0.1307291671875 0.4861111109375 0.1380208328125 0.4916666671875 0.14010416718750002 0.497222221875 0.15 0.4916666671875
0 0.3869791671875 0.102777778125 0.39114583281250004 0.102777778125 0.3932291671875 0.10833333281249999 0.403125 0.10833333281249999 0.4067708328125 0.1 0.409375 0.1 0.4125 0.09444444375 0.4145833328125 0.0861111109375 0.4203125 0.08333333281250001 0.4234375 0.075 0.4234375 0.06851851875000001 0.415625 0.0546296296875 0.4010416671875 0.0546296296875 0.3973958328125 0.060185185937499996 0.3895833328125 0.0574074078125 0.3890625 0.0546296296875 0.38229166718749996 0.0546296296875 0.3807291671875 0.0574074078125 0.3807291671875 0.0888888890625 0.38229166718749996 0.0898148140625 0.38229166718749996 0.097222221875 0.3869791671875 0.102777778125
0 0.9869791671874999 0.597222221875 0.9994791671875 0.597222221875 0.9994791671875 0.5546296296875 0.9744791671874999 0.5546296296875 0.9697916671875 0.5601851859375 0.9682291671875 0.5861111109375 0.9713541671874999 0.5916666671875 0.9817708328125001 0.5916666671875 0.9869791671874999 0.597222221875
0 0.5328125 0.977777778125 0.5359375 0.975 0.5359375 0.9685185187500001 0.53125 0.9509259265625 0.5328125 0.9472222218749999 0.53125 0.9240740734375 0.5296875 0.921296296875 0.5197916671875 0.921296296875 0.5182291671875 0.9240740734375 0.5182291671875 0.9583333328125001 0.5260416671875 0.977777778125 0.5328125 0.977777778125
0 0.09375 0.8 0.0921875 0.7879629625 0.0760416671875 0.7879629625 0.0744791671875 0.790740740625 0.0744791671875 0.8083333328125001 0.0760416671875 0.8111111109375001 0.0875 0.8111111109375001 0.09375 0.8
0 0.2286458328125 0.7416666671875001 0.246875 0.74444444375 0.25 0.7388888890625 0.25 0.7046296296875 0.246875 0.6990740734374999 0.2166666671875 0.6990740734374999 0.21354166718749998 0.7018518515625 0.21197916718749998 0.7074074078125 0.21197916718749998 0.7416666671875001 0.21979166718749998 0.747222221875 0.2286458328125 0.7416666671875001
0 0.9760416671875 0.95 0.9869791671874999 0.9666666671874999 0.9994791671875 0.9666666671874999 0.9994791671875 0.9324074078125 0.99375 0.9259259265625 0.99375 0.915740740625 0.9875 0.9101851859375 0.9760416671875 0.9101851859375 0.9744791671874999 0.9129629625 0.9744791671874999 0.9416666671874999 0.9760416671875 0.9425925921875 0.9760416671875 0.95
0 0.221875 0.7 0.23125 0.6833333328125 0.23125 0.66851851875 0.2296875 0.665740740625 0.21354166718749998 0.665740740625 0.20989583281250002 0.6740740734374999 0.20729166718749997 0.6740740734374999 0.20572916718749998 0.6796296296875 0.20572916718749998 0.6972222218749999 0.20729166718749997 0.7 0.221875 0.7
0 0.45885416718750005 0.5111111109375 0.4609375 0.5111111109375 0.4614583328125 0.5083333328124999 0.465625 0.5083333328124999 0.4671875 0.50555555625 0.46875 0.48425925937500003 0.4765625 0.47222222187499996 0.4765625 0.46481481406249997 0.478125 0.46388888906250003 0.478125 0.4601851859375 0.475 0.4546296296875 0.45885416718750005 0.4546296296875 0.4557291671875 0.4601851859375 0.4557291671875 0.50555555625 0.45885416718750005 0.5111111109375
0 0.7265625 0.7638888890625 0.7265625 0.746296296875 0.7197916671875 0.74351851875 0.7182291671875001 0.746296296875 0.7182291671875001 0.7638888890625 0.7234375 0.76944444375 0.7265625 0.7638888890625
0 0.1369791671875 0.6018518515625 0.1369791671875 0.6231481484375 0.13333333281249998 0.6324074078125 0.1276041671875 0.6351851859375001 0.1276041671875 0.6398148140625 0.1244791671875 0.646296296875 0.1244791671875 0.65 0.1276041671875 0.6555555562500001 0.1375 0.6555555562500001 0.1380208328125 0.652777778125 0.140625 0.652777778125 0.146875 0.6416666671875 0.15 0.628703703125 0.1546875 0.622222221875 0.15625 0.6046296296875 0.1546875 0.603703703125 0.1546875 0.5962962968750001 0.15 0.5879629625 0.1432291671875 0.5879629625 0.1385416671875 0.5935185187500001 0.1385416671875 0.6009259265625 0.1369791671875 0.6018518515625
0 0.08854166718749999 0.25555555625 0.0947916671875 0.2666666671875 0.0973958328125 0.2666666671875 0.1010416671875 0.275 0.1067708328125 0.275 0.10729166718750001 0.27777777812500004 0.121875 0.275 0.1234375 0.272222221875 0.1234375 0.25740740781250004 0.1125 0.2398148140625 0.1109375 0.22685185156249998 0.10625 0.2203703703125 0.10625 0.21574074062499998 0.1046875 0.21296296250000002 0.1020833328125 0.21296296250000002 0.1015625 0.2101851859375 0.08854166718749999 0.2101851859375 0.0869791671875 0.21296296250000002 0.0869791671875 0.25 0.08854166718749999 0.2509259265625 0.08854166718749999 0.25555555625
0 0.9609375 0.6833333328125 0.96875 0.675 0.96875 0.6601851859375001 0.965625 0.6546296296875 0.9447916671875 0.6546296296875 0.9432291671874999 0.6574074078125001 0.9432291671874999 0.672222221875 0.9447916671875 0.6731481484375 0.9447916671875 0.6777777781250001 0.9609375 0.6833333328125
0 0.7515625 0.3111111109375 0.7515625 0.3018518515625 0.7385416671875 0.29907407343750003 0.7369791671875 0.31944444375000003 0.7385416671875 0.322222221875 0.7484375 0.31944444375000003 0.7515625 0.3111111109375
0 0.7859375 0.2 0.7890625 0.19444444375 0.7890625 0.1879629625 0.7875 0.1870370375 0.7890625 0.1379629625 0.7859375 0.1324074078125 0.7697916671875 0.1324074078125 0.7682291671875 0.1351851859375 0.7697916671875 0.1888888890625 0.7744791671875 0.197222221875 0.7859375 0.2
0 0.8427083328125 0.1916666671875 0.8432291671875 0.197222221875 0.8515625 0.197222221875 0.85625 0.1861111109375 0.85625 0.1768518515625 0.8515625 0.1601851859375 0.8484375 0.1546296296875 0.8385416671874999 0.1546296296875 0.8369791671875 0.1574074078125 0.8369791671875 0.1861111109375 0.8401041671874999 0.1916666671875 0.8427083328125 0.1916666671875
0 0 0.8444444437499999 0.00625 0.8444444437499999 0.009375 0.8388888890624999 0.0078125 0.8268518515625001 0 0.821296296875 0 0.8444444437499999
0 0.8057291671875 0.3768518515625 0.8041666671875 0.38703703749999996 0.7994791671875 0.396296296875 0.7994791671875 0.42222222187499997 0.8010416671874999 0.42314814843750004 0.8010416671874999 0.427777778125 0.8109375 0.425 0.8145833328125001 0.4138888890625 0.8223958328125001 0.4138888890625 0.8260416671874999 0.41944444374999995 0.834375 0.41944444374999995 0.8359375 0.4166666671875 0.8328125 0.39351851875 0.83125 0.3925925921875 0.83125 0.3796296296875 0.828125 0.3759259265625 0.8265625 0.36851851875 0.8239583328125001 0.36851851875 0.8234375 0.365740740625 0.8135416671875 0.365740740625 0.8057291671875 0.3768518515625
0 0.49114583281249996 0.20833333281250002 0.4953125 0.20833333281250002 0.5 0.197222221875 0.5 0.190740740625 0.4984375 0.1879629625 0.4760416671875 0.1879629625 0.47447916718750005 0.190740740625 0.4760416671875 0.20555555625 0.48072916718750003 0.21111111093749999 0.490625 0.21111111093749999 0.49114583281249996 0.20833333281250002
0 0.8453125 0.30555555624999997 0.8421875 0.290740740625 0.8395833328125001 0.290740740625 0.8390625 0.28796296250000003 0.8197916671875 0.28796296250000003 0.8182291671874999 0.290740740625 0.8182291671874999 0.3166666671875 0.8197916671875 0.31759259218749997 0.8197916671875 0.33055555625 0.8234375 0.33055555625 0.8286458328125 0.31944444375000003 0.840625 0.3166666671875 0.8453125 0.30555555624999997
0 0.14375 0.86851851875 0.13229166718750002 0.865740740625 0.1307291671875 0.8861111109375001 0.13229166718750002 0.8888888890625 0.1421875 0.8861111109375001 0.14375 0.86851851875
0 0.41822916718750003 0.16388888906250001 0.41979166718750005 0.1648148140625 0.41979166718750005 0.16944444375 0.4296875 0.16944444375 0.4427083328125 0.14444444375 0.4453125 0.14444444375 0.4453125 0.1425925921875 0.446875 0.1416666671875 0.446875 0.1324074078125 0.4453125 0.13148148125 0.4453125 0.1268518515625 0.44427083281249996 0.1268518515625 0.4421875 0.12129629687500001 0.42604166718750003 0.12129629687500001 0.42604166718750003 0.1231481484375 0.41822916718750003 0.1351851859375 0.41822916718750003 0.16388888906250001
0 0.8208333328125 0.4138888890625 0.8276041671875 0.42222222187499997 0.840625 0.42222222187499997 0.840625 0.4129629625 0.834375 0.403703703125 0.834375 0.3990740734375 0.83125 0.3925925921875 0.83125 0.3796296296875 0.8296875 0.378703703125 0.8296875 0.3740740734375 0.825 0.365740740625 0.8135416671875 0.365740740625 0.8119791671875 0.36851851875 0.8119791671875 0.40833333281249995 0.8151041671874999 0.4138888890625 0.8208333328125 0.4138888890625
0 0.96875 0.675 0.96875 0.6601851859375001 0.965625 0.6546296296875 0.9447916671875 0.6546296296875 0.9432291671874999 0.6574074078125001 0.9432291671874999 0.672222221875 0.9479166671874999 0.6805555562500001 0.9609375 0.6833333328125 0.96875 0.675
0 0.1369791671875 0.64444444375 0.1385416671875 0.65 0.1421875 0.65 0.1453125 0.64444444375 0.1453125 0.6398148140625 0.15 0.6333333328124999 0.1515625 0.6231481484375 0.1546875 0.622222221875 0.15625 0.6166666671875001 0.15625 0.6046296296875 0.153125 0.5953703703125 0.153125 0.5851851859375 0.1484375 0.5768518515625 0.1447916671875 0.5768518515625 0.1416666671875 0.5824074078125 0.1369791671875 0.5990740734375 0.1369791671875 0.64444444375
0 0.7369791671875 0.1833333328125 0.7385416671875 0.1888888890625 0.7411458328125 0.1888888890625 0.7447916671875 0.197222221875 0.7671875 0.197222221875 0.7671875 0.1879629625 0.75625 0.184259259375 0.7640625 0.15 0.7640625 0.1379629625 0.759375 0.1324074078125 0.7385416671875 0.1324074078125 0.7369791671875 0.1351851859375 0.7369791671875 0.1583333328125 0.7385416671875 0.15925925937500002 0.7369791671875 0.1833333328125
0 0.8484375 0.2 0.8489583328125001 0.197222221875 0.8546875 0.19444444375 0.85625 0.1768518515625 0.8546875 0.1759259265625 0.8546875 0.16851851874999998 0.85 0.15925925937500002 0.8515625 0.1583333328125 0.8515625 0.1490740734375 0.8484375 0.14351851875 0.8401041671874999 0.14351851875 0.8369791671875 0.1490740734375 0.8369791671875 0.1861111109375 0.8432291671875 0.197222221875 0.8484375 0.2
0 0.3359375 0.36666666718749996 0.3375 0.3638888890625 0.3375 0.3574074078125 0.3296875 0.34351851875 0.3260416671875 0.34351851875 0.3244791671875 0.34629629687499996 0.3244791671875 0.3638888890625 0.3260416671875 0.36666666718749996 0.3359375 0.36666666718749996
0 0.6109375 0.5129629625 0.60625 0.5101851859375001 0.5947916671875 0.5101851859375001 0.5932291671875001 0.5129629625 0.5947916671875 0.5333333328125 0.603125 0.5361111109375 0.6125 0.5305555562500001 0.6109375 0.5129629625
0 0.55 0.597222221875 0.55 0.56851851875 0.5385416671875001 0.565740740625 0.5369791671875 0.56851851875 0.5385416671875001 0.5944444437499999 0.5447916671875 0.6 0.55 0.597222221875
0 0.1385416671875 0.49444444374999996 0.1484375 0.4916666671875 0.153125 0.48333333281249996 0.153125 0.47592592656250005 0.1546875 0.475 0.1546875 0.45185185156249996 0.1484375 0.44351851875000003 0.13229166718750002 0.44351851875000003 0.1307291671875 0.44629629687500005 0.1307291671875 0.4861111109375 0.1380208328125 0.4916666671875 0.1385416671875 0.49444444374999996
0 0.07760416718749999 0.25555555625 0.09114583281250001 0.25833333281250004 0.0916666671875 0.2638888890625 0.09427083281250001 0.2638888890625 0.09635416718749999 0.26944444375 0.09895833281250001 0.26944444375 0.1010416671875 0.275 0.1052083328125 0.275 0.1057291671875 0.27777777812500004 0.1171875 0.27777777812500004 0.1177083328125 0.275 0.1234375 0.272222221875 0.1234375 0.25740740781250004 0.1125 0.2398148140625 0.1109375 0.22685185156249998 0.1046875 0.21296296250000002 0.1020833328125 0.21296296250000002 0.1015625 0.2101851859375 0.08541666718749999 0.2101851859375 0.0848958328125 0.21296296250000002 0.0791666671875 0.21296296250000002 0.0760416671875 0.21851851875 0.0760416671875 0.22314814843750003 0.0744791671875 0.22407407343750002 0.0744791671875 0.24722222187499998 0.07760416718749999 0.25555555625
0 0.5322916671875 0.8444444437499999 0.5453125 0.8444444437499999 0.5458333328125 0.8416666671874999 0.5484375 0.8416666671874999 0.5484375 0.8268518515625001 0.546875 0.8259259265625 0.546875 0.81851851875 0.54375 0.809259259375 0.54375 0.790740740625 0.540625 0.7851851859375001 0.5307291671875001 0.7851851859375001 0.5223958328125 0.7990740734374999 0.51875 0.7953703703125 0.5171875 0.7879629625 0.5140625 0.7870370375 0.5140625 0.7824074078125001 0.5109375 0.7768518515625 0.5057291671875 0.7796296296875 0.5057291671875 0.83055555625 0.5088541671875 0.8388888890624999 0.5270833328125 0.8333333328125001 0.5322916671875 0.8444444437499999
0 0.3807291671875 0.26574074062499997 0.3807291671875 0.27777777812500004 0.3838541671875 0.28611111093749997 0.390625 0.28611111093749997 0.39114583281250004 0.2833333328125 0.3984375 0.27777777812500004 0.3984375 0.2731481484375 0.4 0.272222221875 0.4 0.2601851859375 0.396875 0.2546296296875 0.3869791671875 0.2546296296875 0.38229166718749996 0.2601851859375 0.38229166718749996 0.2648148140625 0.3807291671875 0.26574074062499997
0 0.7619791671875 0.1861111109375 0.7635416671875 0.197222221875 0.76875 0.197222221875 0.778125 0.18055555625 0.778125 0.165740740625 0.7734375 0.1620370375 0.7739583328124999 0.1583333328125 0.7765625 0.1583333328125 0.778125 0.1490740734375 0.7635416671875 0.14351851875 0.7619791671875 0.146296296875 0.7619791671875 0.172222221875 0.7635416671875 0.17314814843749998 0.7619791671875 0.1861111109375
0 0.965625 0.3333333328125 0.971875 0.3166666671875 0.9703125 0.3018518515625 0.9671875 0.29907407343750003 0.9572916671874999 0.29907407343750003 0.9557291671874999 0.3018518515625 0.9557291671874999 0.33055555625 0.9572916671874999 0.3333333328125 0.965625 0.3333333328125
0 0.9994791671875 0.465740740625 0.9885416671874999 0.465740740625 0.9869791671874999 0.49444444374999996 0.9901041671874999 0.5 0.9994791671875 0.502777778125 0.9994791671875 0.465740740625
0 0.5046875 0.652777778125 0.5046875 0.6351851859375001 0.4984375 0.621296296875 0.4947916671875 0.621296296875 0.49322916718750004 0.6240740734375 0.4947916671875 0.65 0.49635416718750003 0.652777778125 0.5046875 0.652777778125
0 0.6875 0.6611111109375 0.6875 0.646296296875 0.6760416671875 0.64351851875 0.6744791671875 0.6611111109375 0.6776041671875 0.6666666671875 0.684375 0.6666666671875 0.6875 0.6611111109375