0 0.013020832812499999 0.1111111109375 0.0135416671875 0.11388888906250001 0.0161458328125 0.11388888906250001 0.0197916671875 0.11944444375 0.0296875 0.1166666671875 0.0317708328125 0.1111111109375 0.034375 0.1111111109375 0.0390625 0.102777778125 0.0390625 0.0981481484375 0.04375 0.0916666671875 0.04375 0.08148148125 0.0453125 0.08055555625000001 0.04375 0.0546296296875 0.0359375 0.04351851875 0.007291667187500001 0.04351851875 0.0057291671875 0.046296296875 0.0057291671875 0.10555555624999999 0.008854167187500001 0.1111111109375 0.013020832812499999 0.1111111109375
0 0 0.975 0.0057291671875 0.977777778125 0.025 0.975 0.0265625 0.9648148140625 0.0296875 0.9611111109375001 0.0296875 0.9351851859375 0.0234375 0.921296296875 0 0.921296296875 0 0.975
0 0.20729166718749997 0.0916666671875 0.21197916718749998 0.1 0.2192708328125 0.102777778125 0.21979166718749998 0.10555555624999999 0.234375 0.1 0.2375 0.09444444375 0.2375 0.0898148140625 0.24375 0.072222221875 0.24375 0.060185185937499996 0.2421875 0.059259259375 0.2421875 0.051851851562499995 0.2375 0.0425925921875 0.2375 0.0379629625 0.2328125 0.0324074078125 0.2088541671875 0.0324074078125 0.20572916718749998 0.0379629625 0.20572916718749998 0.0861111109375 0.20729166718749997 0.0870370375 0.20729166718749997 0.0916666671875
0 0.3395833328125 0.9416666671874999 0.3401041671875 0.9444444437499999 0.346875 0.9444444437499999 0.3473958328125 0.9416666671874999 0.35 0.9416666671874999 0.35625 0.9305555562500001 0.35625 0.9259259265625 0.3609375 0.91944444375 0.3609375 0.9148148140625001 0.3625 0.9138888890624999 0.3625 0.8824074078124999 0.359375 0.8768518515625001 0.3322916671875 0.8768518515625001 0.3307291671875 0.8796296296874999 0.3307291671875 0.9305555562500001 0.3369791671875 0.9416666671874999 0.3395833328125 0.9416666671874999
0 0.9270833328125001 0.8111111109375001 0.9276041671874999 0.8138888890624999 0.9484375 0.8111111109375001 0.95 0.803703703125 0.9546875 0.797222221875 0.9546875 0.7796296296875 0.9515625 0.7759259265625 0.9515625 0.771296296875 0.9484375 0.765740740625 0.9458333328125 0.765740740625 0.94375 0.7574074078125 0.9395833328125001 0.7546296296875 0.9375 0.746296296875 0.934375 0.74351851875 0.9135416671875 0.74351851875 0.9119791671874999 0.746296296875 0.9119791671874999 0.797222221875 0.9197916671874999 0.8111111109375001 0.9270833328125001 0.8111111109375001
0 0.628125 0.35 0.6317708328125 0.3416666671875 0.634375 0.3416666671875 0.6375 0.33055555625 0.6375 0.3018518515625 0.6359375 0.296296296875 0.6296875 0.28796296250000003 0.6088541671875001 0.28796296250000003 0.6057291671875 0.29351851875 0.6057291671875 0.34444444375 0.6088541671875001 0.35 0.628125 0.35
0 0.7260416671875001 0.24444444375000002 0.7421875 0.24444444375000002 0.75 0.23055555625 0.75 0.2259259265625 0.7546875 0.21944444375 0.7546875 0.1990740734375 0.7515625 0.19537037031249999 0.7515625 0.190740740625 0.7489583328125 0.190740740625 0.7484375 0.1879629625 0.7197916671875 0.1879629625 0.7182291671875001 0.190740740625 0.7182291671875001 0.23055555625 0.7197916671875 0.23148148124999998 0.7197916671875 0.23611111093749998 0.7260416671875001 0.24444444375000002
0 0.2901041671875 0.6333333328124999 0.2958333328125 0.6333333328124999 0.29635416718749996 0.6361111109375 0.3109375 0.6333333328124999 0.3140625 0.627777778125 0.315625 0.6120370375 0.3171875 0.6111111109375 0.3125 0.5824074078125 0.309375 0.5768518515625 0.28854166718749996 0.5796296296875 0.28854166718749996 0.5870370375 0.2869791671875 0.5879629625 0.2869791671875 0.627777778125 0.2901041671875 0.6333333328124999
0 0.37447916718749996 0.3638888890625 0.390625 0.36666666718749996 0.4 0.34444444375 0.4 0.3129629625 0.3984375 0.3120370375 0.3984375 0.30740740781250003 0.3958333328125 0.30740740781250003 0.3953125 0.3018518515625 0.3927083328125 0.3018518515625 0.3921875 0.29907407343750003 0.3697916671875 0.29907407343750003 0.3682291671875 0.3018518515625 0.3697916671875 0.352777778125 0.37447916718749996 0.35925925937500003 0.37447916718749996 0.3638888890625
0 0.9713541671874999 0.24444444375000002 0.9921875 0.2416666671875 0.9958333328125001 0.23611111093749998 0.9994791671875 0.23611111093749998 0.9994791671875 0.16851851874999998 0.9953125 0.165740740625 0.9682291671875 0.165740740625 0.9651041671874999 0.16851851874999998 0.9619791671875 0.1768518515625 0.9619791671875 0.22777777812500002 0.9635416671874999 0.23333333281250002 0.9713541671874999 0.24444444375000002
0 0.80625 0.703703703125 0.8109375 0.7 0.8125 0.6944444437499999 0.8109375 0.66851851875 0.8078125 0.665740740625 0.7807291671875001 0.66851851875 0.7807291671875001 0.702777778125 0.7838541671875 0.7111111109375 0.8046875 0.7111111109375 0.80625 0.703703703125
0 0.40989583281249997 0.1666666671875 0.41041666718750003 0.16944444375 0.4234375 0.1666666671875 0.43125 0.15277777812499999 0.43125 0.1481481484375 0.434375 0.1416666671875 0.4328125 0.1296296296875 0.4296875 0.12129629687500001 0.4057291671875 0.12129629687500001 0.40520833281249996 0.12407407343750002 0.40260416718750003 0.12407407343750002 0.3994791671875 0.1324074078125 0.3994791671875 0.1611111109375 0.40260416718750003 0.1666666671875 0.40989583281249997 0.1666666671875
0 0.3192708328125 0.49444444374999996 0.3296875 0.4916666671875 0.3302083328125 0.4888888890625 0.3359375 0.4888888890625 0.3390625 0.48333333281249996 0.340625 0.46296296249999996 0.3359375 0.44629629687500005 0.3317708328125 0.44629629687500005 0.33125 0.44351851875000003 0.3244791671875 0.44629629687500005 0.3223958328125 0.46296296249999996 0.3177083328125 0.46296296249999996 0.315625 0.459259259375 0.315625 0.44907407343749994 0.3109375 0.44351851875000003 0.3057291671875 0.44629629687500005 0.3057291671875 0.4861111109375 0.3135416671875 0.497222221875 0.31875 0.497222221875 0.3192708328125 0.49444444374999996
0 0.6197916671875 0.8222222218749999 0.6296875 0.8222222218749999 0.6395833328125 0.8083333328125001 0.6421875 0.8083333328125001 0.64375 0.7879629625 0.6421875 0.7870370375 0.6421875 0.7796296296875 0.6380208328125 0.7768518515625 0.6359375 0.76851851875 0.6270833328125 0.765740740625 0.625 0.7574074078125 0.621875 0.7546296296875 0.6072916671875 0.7546296296875 0.6057291671875 0.7574074078125 0.6057291671875 0.8027777781250001 0.6088541671875001 0.8111111109375001 0.6145833328125 0.8138888890624999 0.6197916671875 0.8222222218749999
0 0.7708333328125 0.725 0.78125 0.7166666671875 0.78125 0.6990740734374999 0.778125 0.690740740625 0.7755208328125 0.690740740625 0.775 0.6879629625 0.7572916671875001 0.6879629625 0.7557291671875 0.690740740625 0.7557291671875 0.7194444437499999 0.7619791671875 0.73055555625 0.76875 0.73055555625 0.7708333328125 0.725
0 0.8385416671874999 0.40833333281249995 0.8427083328125 0.40833333281249995 0.8432291671875 0.41111111093749997 0.8671875 0.41111111093749997 0.875 0.39444444375 0.8734375 0.3601851859375 0.8703125 0.353703703125 0.86875 0.3351851859375 0.8671875 0.3324074078125 0.8401041671874999 0.3351851859375 0.8369791671875 0.34351851875 0.8369791671875 0.4 0.8385416671874999 0.40092592656250003 0.8385416671874999 0.40833333281249995
0 0.3203125 0.9888888890624999 0.325 0.9833333328125 0.3296875 0.9694444437499999 0.3296875 0.9574074078124999 0.3265625 0.9509259265625 0.3265625 0.94351851875 0.321875 0.9324074078125 0.3072916671875 0.9324074078125 0.3057291671875 0.9351851859375 0.3057291671875 0.9833333328125 0.3088541671875 0.9888888890624999 0.3203125 0.9888888890624999
0 0.9197916671874999 0.21203703749999997 0.9182291671874999 0.21296296250000002 0.9182291671874999 0.2416666671875 0.9244791671874999 0.25555555625 0.9270833328125001 0.25555555625 0.9276041671874999 0.25833333281250004 0.934375 0.25833333281250004 0.9348958328125001 0.25555555625 0.9375 0.25555555625 0.9453125 0.2416666671875 0.9453125 0.2370370375 0.95 0.23055555625 0.95 0.21574074062499998 0.9421875 0.1990740734375 0.9244791671874999 0.1990740734375 0.9239583328125001 0.2018518515625 0.9213541671875 0.2018518515625 0.9197916671874999 0.2046296296875 0.9197916671874999 0.21203703749999997
0 0.9697916671875 0.747222221875 0.9921875 0.74444444375 0.9953125 0.7388888890625 0.9953125 0.734259259375 0.996875 0.7333333328125 0.996875 0.7240740734375 0.9953125 0.7212962968750001 0.9927083328125 0.7212962968750001 0.9890625 0.7148148140624999 0.9890625 0.7101851859375 0.98125 0.6990740734374999 0.9572916671874999 0.6990740734374999 0.9557291671874999 0.7018518515625 0.9557291671874999 0.73055555625 0.9635416671874999 0.74444444375 0.9692708328125 0.74444444375 0.9697916671875 0.747222221875
0 0.73125 0.559259259375 0.7395833328125 0.54444444375 0.7421875 0.54444444375 0.7421875 0.5351851859375001 0.740625 0.5324074078125001 0.7151041671875 0.5351851859375001 0.7119791671875 0.54351851875 0.7119791671875 0.5611111109375 0.7151041671875 0.5666666671875 0.728125 0.5666666671875 0.73125 0.5638888890625 0.73125 0.559259259375
0 0.2994791671875 0.12407407343750002 0.2994791671875 0.15277777812499999 0.3010416671875 0.15370370312499998 0.3010416671875 0.1583333328125 0.30416666718749996 0.16388888906250001 0.3067708328125 0.16388888906250001 0.3072916671875 0.1666666671875 0.315625 0.1666666671875 0.3161458328125 0.16388888906250001 0.31875 0.16388888906250001 0.3265625 0.15 0.3265625 0.1453703703125 0.32864583281250004 0.1416666671875 0.33125 0.1416666671875 0.3359375 0.13333333281249998 0.3359375 0.11851851875 0.3328125 0.1129629625 0.3270833328125 0.1129629625 0.3265625 0.1101851859375 0.3072916671875 0.1101851859375 0.2994791671875 0.12407407343750002
0 0.06979166718749999 0.13055555624999998 0.0828125 0.13055555624999998 0.09375 0.11944444375 0.09375 0.09351851875 0.090625 0.08796296249999999 0.0635416671875 0.08796296249999999 0.061979167187499996 0.09074074062500001 0.061979167187499996 0.11944444375 0.06510416718749999 0.125 0.06770833281250001 0.125 0.06979166718749999 0.13055555624999998
0 0.35989583281250004 0.1888888890625 0.3635416671875 0.197222221875 0.3703125 0.197222221875 0.3770833328125 0.1861111109375 0.3796875 0.1861111109375 0.38125 0.18055555625 0.38125 0.1546296296875 0.378125 0.146296296875 0.375 0.14351851875 0.35104166718749996 0.14351851875 0.3494791671875 0.146296296875 0.3494791671875 0.16944444375 0.3557291671875 0.18148148125000002 0.3557291671875 0.1861111109375 0.35989583281250004 0.1888888890625
0 0.9739583328125001 0.302777778125 0.98125 0.29722222187499997 0.9828125 0.2796296296875 0.98125 0.27870370312500004 0.98125 0.271296296875 0.978125 0.26574074062499997 0.9588541671874999 0.26574074062499997 0.9557291671874999 0.271296296875 0.9557291671874999 0.30555555624999997 0.9588541671874999 0.3111111109375 0.971875 0.3083333328125 0.9739583328125001 0.302777778125
0 0.6510416671875 0.55648148125 0.6510416671875 0.5638888890625 0.659375 0.5611111109375 0.6614583328125 0.5555555562500001 0.6640625 0.5555555562500001 0.66875 0.54444444375 0.66875 0.5240740734375 0.6671875 0.5231481484375 0.6671875 0.51851851875 0.6609375 0.5101851859375001 0.6526041671875 0.5101851859375001 0.6494791671875 0.515740740625 0.6494791671875 0.5555555562500001 0.6510416671875 0.55648148125
0 0.6072916671875 0.397222221875 0.6145833328125 0.40277777812500004 0.6151041671875 0.40555555625000006 0.621875 0.40555555625000006 0.6223958328125 0.40277777812500004 0.625 0.40277777812500004 0.6296875 0.39444444375 0.63125 0.384259259375 0.6359375 0.377777778125 0.6359375 0.365740740625 0.634375 0.3648148140625 0.634375 0.3601851859375 0.6296875 0.3546296296875 0.6072916671875 0.3546296296875 0.6057291671875 0.3574074078125 0.6057291671875 0.3916666671875 0.6072916671875 0.3925925921875 0.6072916671875 0.397222221875
0 0.1494791671875 0.46851851875 0.1494791671875 0.49444444374999996 0.1526041671875 0.5 0.165625 0.497222221875 0.1692708328125 0.4888888890625 0.171875 0.4888888890625 0.175 0.48333333281249996 0.175 0.46296296249999996 0.171875 0.4546296296875 0.15572916718750002 0.4546296296875 0.1510416671875 0.46296296249999996 0.1510416671875 0.4675925921875 0.1494791671875 0.46851851875
0 0.7046875 0.1111111109375 0.70625 0.10370370312499999 0.7109375 0.1 0.7125 0.07685185156249999 0.709375 0.06851851875000001 0.70625 0.065740740625 0.6822916671875 0.065740740625 0.6807291671875 0.06851851875000001 0.6807291671875 0.1 0.6838541671875 0.10833333281249999 0.6984375 0.11388888906250001 0.7046875 0.1111111109375
0 0.7036458328124999 0.0416666671875 0.70625 0.0416666671875 0.7171875 0.022222221875 0.71875 0.004629629687499999 0.715625 0 0.6885416671875 0.0018518515625 0.6869791671875001 0.004629629687499999 0.6869791671875001 0.0333333328125 0.6885416671875 0.034259259375000004 0.6885416671875 0.0416666671875 0.6927083328125 0.0416666671875 0.6932291671875 0.04444444375 0.703125 0.04444444375 0.7036458328124999 0.0416666671875
0 0.3947916671875 0.825 0.4046875 0.825 0.409375 0.8166666671874999 0.409375 0.809259259375 0.4109375 0.8083333328125001 0.4078125 0.7824074078125001 0.4046875 0.7768518515625 0.3885416671875 0.7768518515625 0.3869791671875 0.7796296296875 0.3869791671875 0.8138888890624999 0.3885416671875 0.8194444437499999 0.3947916671875 0.825
0 0.31197916718749996 0.3638888890625 0.3151041671875 0.36944444375 0.3177083328125 0.36944444375 0.31979166718749996 0.375 0.3255208328125 0.375 0.3260416671875 0.377777778125 0.3375 0.375 0.3390625 0.3509259265625 0.3421875 0.34444444375 0.3421875 0.32685185156249996 0.3375 0.321296296875 0.3244791671875 0.321296296875 0.3135416671875 0.340740740625 0.3135416671875 0.3453703703125 0.31197916718749996 0.34629629687499996 0.31197916718749996 0.3638888890625
0 0.5776041671875001 0.177777778125 0.5802083328125 0.177777778125 0.5822916671875 0.1833333328125 0.596875 0.175 0.5984375 0.1675925921875 0.603125 0.1611111109375 0.6046875 0.146296296875 0.603125 0.1453703703125 0.603125 0.1351851859375 0.6 0.12592592656249998 0.6 0.1129629625 0.5973958328125 0.1129629625 0.596875 0.1101851859375 0.5776041671875001 0.1101851859375 0.5744791671875 0.11574074062499999 0.5744791671875 0.172222221875 0.5776041671875001 0.177777778125
0 0.2619791671875 0.8398148140625 0.2619791671875 0.8444444437499999 0.2645833328125 0.8444444437499999 0.2713541671875 0.85555555625 0.275 0.85555555625 0.2755208328125 0.852777778125 0.2796875 0.852777778125 0.2802083328125 0.85 0.2921875 0.8416666671874999 0.2921875 0.8370370375 0.2953125 0.83055555625 0.29375 0.81851851875 0.290625 0.8129629625 0.2848958328125 0.8129629625 0.28125 0.80648148125 0.2828125 0.7953703703125 0.2875 0.7861111109375 0.2875 0.7796296296875 0.2859375 0.7768518515625 0.2604166671875 0.7768518515625 0.2598958328125 0.7796296296875 0.25729166718749996 0.7796296296875 0.25729166718749996 0.784259259375 0.2557291671875 0.7851851859375001 0.2557291671875 0.827777778125 0.2619791671875 0.8398148140625
0 0.18125 0.997222221875 0.18125 0.9851851859374999 0.1796875 0.984259259375 0.1796875 0.9796296296874999 0.178125 0.9768518515625001 0.17239583281249998 0.9768518515625001 0.165625 0.9574074078124999 0.1614583328125 0.9574074078124999 0.1609375 0.9546296296874999 0.1385416671875 0.9546296296874999 0.1369791671875 0.9574074078124999 0.1369791671875 0.9861111109375 0.1416666671875 0.997222221875 0.1447916671875 0.9990740734375001 0.18125 0.997222221875
0 0.3307291671875 0.4074074078125 0.3307291671875 0.44166666718750003 0.3338541671875 0.447222221875 0.3395833328125 0.45 0.3401041671875 0.45277777812500003 0.3546875 0.447222221875 0.3578125 0.44166666718750003 0.3578125 0.4240740734375 0.35625 0.42314814843750004 0.35625 0.41851851875 0.353125 0.4148148140625 0.353125 0.41018518593750003 0.35 0.403703703125 0.35 0.39351851875 0.3458333328125 0.39074074062499997 0.3453125 0.3879629625 0.3338541671875 0.3879629625 0.3307291671875 0.39351851875 0.3307291671875 0.40277777812500004 0.3322916671875 0.403703703125 0.3307291671875 0.4074074078125
0 0.425 0.975 0.4265625 0.9666666671874999 0.425 0.946296296875 0.4135416671875 0.94351851875 0.41197916718750005 0.946296296875 0.41197916718750005 0.972222221875 0.41510416718750004 0.977777778125 0.425 0.975
0 0.3171875 0.28055555625 0.3203125 0.275 0.3203125 0.26203703749999996 0.3234375 0.24907407343750002 0.31875 0.24351851875000002 0.3088541671875 0.24351851875000002 0.3057291671875 0.24907407343750002 0.3057291671875 0.275 0.3088541671875 0.28055555625 0.3171875 0.28055555625
0 0.1901041671875 0.8194444437499999 0.2 0.8194444437499999 0.2036458328125 0.8111111109375001 0.20625 0.8111111109375001 0.20677083281250003 0.8083333328125001 0.21770833281250002 0.8083333328125001 0.2182291671875 0.8111111109375001 0.221875 0.8111111109375001 0.23125 0.797222221875 0.23125 0.7796296296875 0.2296875 0.7787037031249999 0.2296875 0.7740740734375 0.2234375 0.765740740625 0.1838541671875 0.765740740625 0.1807291671875 0.771296296875 0.1807291671875 0.8055555562500001 0.1838541671875 0.8111111109375001 0.1864583328125 0.8111111109375001 0.1901041671875 0.8194444437499999
0 0.5557291671875 0.40277777812500004 0.5572916671875 0.40833333281249995 0.565625 0.40833333281249995 0.56875 0.40277777812500004 0.5703125 0.3898148140625 0.5734375 0.38333333281250004 0.5734375 0.371296296875 0.571875 0.36851851875 0.5635416671875 0.365740740625 0.5572916671875 0.3740740734375 0.5557291671875 0.3796296296875 0.5557291671875 0.40277777812500004
0 0.3447916671875 0.4509259265625 0.34322916718749996 0.45185185156249996 0.34322916718749996 0.475 0.3447916671875 0.47592592656250005 0.3447916671875 0.48055555625 0.3546875 0.477777778125 0.3609375 0.46666666718750005 0.3625 0.44907407343749994 0.359375 0.44351851875000003 0.3479166671875 0.44351851875000003 0.3473958328125 0.44629629687500005 0.3447916671875 0.44629629687500005 0.3447916671875 0.4509259265625
0 0.30625 0.0166666671875 0.30625 0.009259259374999999 0.3078125 0.0083333328125 0.3078125 0.0018518515625 0.3046875 0 0.28072916718749996 0.0018518515625 0.2822916671875 0.013888889062500001 0.28854166718749996 0.022222221875 0.303125 0.022222221875 0.30625 0.0166666671875
0 0.7276041671875 0.64444444375 0.7296875 0.64444444375 0.7359375 0.6333333328124999 0.7359375 0.6240740734375 0.734375 0.621296296875 0.7260416671875001 0.621296296875 0.7244791671875 0.6240740734375 0.7244791671875 0.6388888890625 0.7276041671875 0.64444444375