0 0.1651041671875 0.8027777781250001 0.1765625 0.8027777781250001 0.1770833328125 0.8 0.1859375 0.797222221875 0.1859375 0.7925925921875 0.1890625 0.7888888890625 0.19375 0.772222221875 0.1921875 0.7574074078125 0.1875 0.7509259265625 0.1875 0.746296296875 0.1833333328125 0.74351851875 0.18125 0.7351851859375 0.178125 0.7324074078125 0.1619791671875 0.7324074078125 0.1588541671875 0.7351851859375 0.15572916718750002 0.74351851875 0.15572916718750002 0.7888888890625 0.1572916671875 0.79444444375 0.1651041671875 0.8027777781250001
0 0.95625 0.6083333328125 0.95625 0.603703703125 0.9609375 0.6 0.9625 0.5944444437499999 0.9625 0.5546296296875 0.9609375 0.5490740734374999 0.95625 0.54351851875 0.9260416671874999 0.54351851875 0.9244791671874999 0.546296296875 0.9244791671874999 0.597222221875 0.9338541671874999 0.6111111109375 0.95625 0.6083333328125
0 0.6369791671875 0.671296296875 0.6369791671875 0.6972222218749999 0.6385416671875 0.7 0.6411458328124999 0.7 0.6447916671875 0.70555555625 0.6515625 0.70555555625 0.6520833328125 0.702777778125 0.6609375 0.7 0.6625 0.6925925921875 0.6671875 0.6861111109375 0.6671875 0.678703703125 0.66875 0.6777777781250001 0.66875 0.6574074078125001 0.6671875 0.6564814812499999 0.6671875 0.6518518515625 0.6609375 0.64351851875 0.6479166671875001 0.64351851875 0.6432291671875 0.6490740734375 0.6432291671875 0.659259259375 0.6369791671875 0.671296296875
0 0.2875 0.477777778125 0.2890625 0.46388888906250003 0.2875 0.44629629687500005 0.2859375 0.44351851875000003 0.2635416671875 0.44351851875000003 0.2619791671875 0.44629629687500005 0.2619791671875 0.4861111109375 0.28125 0.4888888890625 0.2875 0.477777778125
0 0.2479166671875 0.43333333281249997 0.2609375 0.43333333281249997 0.26875 0.42222222187499997 0.2703125 0.409259259375 0.271875 0.40833333281249995 0.271875 0.39351851875 0.265625 0.3768518515625 0.24479166718749998 0.3768518515625 0.24322916718749998 0.3796296296875 0.24322916718749998 0.425 0.24479166718749998 0.43055555625 0.2479166671875 0.43333333281249997
0 0.6536458328125 0.0361111109375 0.65625 0.0361111109375 0.6583333328125 0.030555556249999997 0.6609375 0.030555556249999997 0.6609375 0.0231481484375 0.6625 0.022222221875 0.6625 0.004629629687499999 0.6609375 0.0018518515625 0.6369791671875 0.0018518515625 0.6369791671875 0.0333333328125 0.6401041671875001 0.0416666671875 0.6484375 0.04444444375 0.6536458328125 0.0361111109375
0 0.5010416671875 0.8203703703125 0.4994791671875 0.821296296875 0.4994791671875 0.852777778125 0.5036458328125 0.85555555625 0.5088541671875 0.8666666671875 0.5234375 0.8666666671875 0.5359375 0.8416666671874999 0.5359375 0.834259259375 0.5375 0.8333333328125001 0.5375 0.8129629625 0.5359375 0.8120370375 0.5359375 0.8074074078125 0.5296875 0.7990740734374999 0.5260416671875 0.7990740734374999 0.5255208328125 0.8018518515625 0.5192708328125 0.8018518515625 0.51875 0.7990740734374999 0.5026041671875 0.7990740734374999 0.4994791671875 0.8046296296875 0.4994791671875 0.8111111109375001 0.5010416671875 0.8120370375 0.5010416671875 0.8203703703125
0 0.7838541671875 0.0888888890625 0.7984375 0.0888888890625 0.8020833328125001 0.08055555625000001 0.8046875 0.08055555625000001 0.8078125 0.0675925921875 0.8125 0.061111110937500004 0.8125 0.0240740734375 0.8098958328125001 0.0240740734375 0.809375 0.021296296875000002 0.7760416671875 0.021296296875000002 0.7744791671875 0.0240740734375 0.7744791671875 0.075 0.7786458328125 0.077777778125 0.7838541671875 0.0888888890625
0 0.3760416671875 0.6083333328125 0.3875 0.6083333328125 0.3880208328125 0.60555555625 0.3921875 0.60555555625 0.4 0.597222221875 0.4 0.5768518515625 0.396875 0.5731481484375001 0.396875 0.56851851875 0.39375 0.5648148140625 0.39375 0.5601851859375 0.390625 0.5546296296875 0.3713541671875 0.5546296296875 0.3682291671875 0.5601851859375 0.3682291671875 0.597222221875 0.3713541671875 0.602777778125 0.3739583328125 0.602777778125 0.3760416671875 0.6083333328125
0 0.41979166718750005 0.702777778125 0.421875 0.702777778125 0.4223958328125 0.7 0.428125 0.7 0.43333333281249997 0.6888888890625 0.4375 0.6861111109375 0.4375 0.6574074078125001 0.43333333281249997 0.6546296296875 0.4296875 0.64351851875 0.40729166718750004 0.64351851875 0.4057291671875 0.646296296875 0.4057291671875 0.6861111109375 0.41197916718750005 0.7 0.4192708328125 0.7 0.41979166718750005 0.702777778125
0 0.25729166718749996 0.3611111109375 0.2682291671875 0.377777778125 0.278125 0.377777778125 0.2786458328125 0.375 0.28125 0.375 0.28125 0.3703703703125 0.2875 0.3638888890625 0.2859375 0.3518518515625 0.28125 0.3425925921875 0.28125 0.3129629625 0.2796875 0.3101851859375 0.2588541671875 0.3101851859375 0.2557291671875 0.315740740625 0.2557291671875 0.35555555625 0.25729166718749996 0.35648148125 0.25729166718749996 0.3611111109375
0 0.3369791671875 0.797222221875 0.3385416671875 0.8 0.3473958328125 0.8 0.3479166671875 0.8027777781250001 0.3609375 0.8 0.365625 0.7861111109375 0.365625 0.7740740734375 0.3609375 0.7546296296875 0.3583333328125 0.7546296296875 0.3546875 0.74351851875 0.3447916671875 0.74351851875 0.3416666671875 0.7620370375000001 0.3385416671875 0.7629629625 0.3369791671875 0.76851851875 0.3369791671875 0.797222221875
0 0.10729166718750001 0.1120370375 0.1088541671875 0.11944444375 0.1203125 0.12222222187500001 0.1208333328125 0.11944444375 0.1234375 0.11944444375 0.1270833328125 0.1111111109375 0.13125 0.10833333281249999 0.13125 0.10370370312499999 0.1359375 0.097222221875 0.1359375 0.0925925921875 0.1375 0.0916666671875 0.1375 0.071296296875 0.134375 0.065740740625 0.1088541671875 0.065740740625 0.1057291671875 0.071296296875 0.1057291671875 0.1111111109375 0.10729166718750001 0.1120370375
0 0.5171875 0.5916666671875 0.51875 0.5861111109375 0.5171875 0.5546296296875 0.4947916671875 0.5546296296875 0.49322916718750004 0.5574074078125 0.49322916718750004 0.5944444437499999 0.49635416718750003 0.6 0.5109375 0.597222221875 0.5171875 0.5916666671875
0 0.3067708328125 0.36666666718749996 0.3072916671875 0.36944444375 0.3234375 0.36944444375 0.3296875 0.3611111109375 0.33125 0.3490740734375 0.3234375 0.3296296296875 0.3145833328125 0.3296296296875 0.309375 0.321296296875 0.3010416671875 0.321296296875 0.2994791671875 0.3240740734375 0.2994791671875 0.3611111109375 0.3010416671875 0.3620370375 0.3010416671875 0.36666666718749996 0.3067708328125 0.36666666718749996
0 0.0473958328125 0.5138888890625 0.051041667187499994 0.522222221875 0.0625 0.522222221875 0.06302083281250001 0.51944444375 0.0671875 0.51944444375 0.07083333281250001 0.5111111109375 0.0734375 0.5111111109375 0.08125 0.49444444374999996 0.0796875 0.4796296296875 0.071875 0.465740740625 0.051041667187499994 0.465740740625 0.050520832812500006 0.46851851875 0.0479166671875 0.46851851875 0.0479166671875 0.4731481484375 0.0447916671875 0.47407407343749997 0.0447916671875 0.478703703125 0.0432291671875 0.4796296296875 0.0432291671875 0.5083333328124999 0.0447916671875 0.509259259375 0.0447916671875 0.5138888890625 0.0473958328125 0.5138888890625
0 0.59375 0.1861111109375 0.59375 0.16851851874999998 0.5921875 0.165740740625 0.5697916671875001 0.165740740625 0.5682291671875 0.16851851874999998 0.5682291671875 0.19444444375 0.5713541671875 0.2 0.584375 0.2 0.59375 0.1861111109375
0 0.35104166718749996 0.6 0.365625 0.6 0.36875 0.5944444437499999 0.36875 0.571296296875 0.3671875 0.565740740625 0.35989583281250004 0.5629629625 0.3546875 0.5546296296875 0.3447916671875 0.5546296296875 0.34322916718749996 0.5574074078125 0.34322916718749996 0.5861111109375 0.3447916671875 0.5916666671875 0.35104166718749996 0.6
0 0.42864583281249996 0.722222221875 0.4291666671875 0.725 0.43072916718750004 0.7259259265625 0.43072916718750004 0.7416666671875001 0.43177083281249995 0.7416666671875001 0.4369791671875 0.752777778125 0.446875 0.752777778125 0.45208333281249996 0.7416666671875001 0.4546875 0.7416666671875001 0.4546875 0.734259259375 0.45625 0.7333333328125 0.45625 0.715740740625 0.45520833281249995 0.715740740625 0.4484375 0.7018518515625 0.4458333328125 0.7018518515625 0.4453125 0.6990740734374999 0.42604166718750003 0.6990740734374999 0.42604166718750003 0.7009259265625001 0.4244791671875 0.7018518515625 0.4244791671875 0.7194444437499999 0.42552083281249997 0.7194444437499999 0.42604166718750003 0.722222221875 0.42864583281249996 0.722222221875
0 0.6921875 0.2888888890625 0.69375 0.28148148125 0.7 0.272222221875 0.7 0.24907407343750002 0.696875 0.24351851875000002 0.6760416671875 0.24351851875000002 0.6744791671875 0.246296296875 0.6744791671875 0.2833333328125 0.6776041671875 0.2888888890625 0.6921875 0.2888888890625
0 0.2270833328125 0.08055555625000001 0.23020833281250003 0.08055555625000001 0.2338541671875 0.0861111109375 0.2453125 0.0861111109375 0.2515625 0.075 0.25 0.0490740734375 0.2484375 0.048148148437499996 0.2484375 0.04351851875 0.2453125 0.0425925921875 0.2453125 0.0379629625 0.2421875 0.0324074078125 0.21354166718749998 0.0324074078125 0.2130208328125 0.0351851859375 0.2104166671875 0.0351851859375 0.20572916718749998 0.046296296875 0.20572916718749998 0.08333333281250001 0.2088541671875 0.0888888890625 0.2234375 0.0888888890625 0.2270833328125 0.08055555625000001
0 0.3244791671875 0.33055555625 0.3260416671875 0.33148148125 0.3322916671875 0.35555555625 0.3348958328125 0.35555555625 0.3385416671875 0.3611111109375 0.3484375 0.3611111109375 0.35208333281250004 0.352777778125 0.3546875 0.352777778125 0.35625 0.3425925921875 0.3609375 0.3361111109375 0.3609375 0.33148148125 0.3625 0.33055555625 0.3625 0.315740740625 0.35625 0.303703703125 0.3546875 0.290740740625 0.3505208328125 0.290740740625 0.35 0.28796296250000003 0.3307291671875 0.28796296250000003 0.3302083328125 0.290740740625 0.32760416718749996 0.290740740625 0.3244791671875 0.29907407343750003 0.3244791671875 0.33055555625
0 0.7385416671875 0.7611111109375 0.7416666671875001 0.7648148140625 0.7432291671875 0.775 0.75 0.775 0.7546875 0.7666666671875 0.7546875 0.759259259375 0.75625 0.7583333328124999 0.75625 0.74351851875 0.7546875 0.7425925921875 0.7546875 0.7351851859375 0.75 0.7259259265625 0.75 0.715740740625 0.746875 0.7101851859375 0.7322916671875 0.7101851859375 0.7307291671875 0.7129629625 0.7307291671875 0.7333333328125 0.7369791671875 0.7453703703125 0.7385416671875 0.7611111109375
0 0.1010416671875 0.747222221875 0.10364583281249999 0.747222221875 0.1057291671875 0.752777778125 0.10833333281249999 0.752777778125 0.1088541671875 0.75555555625 0.1171875 0.75555555625 0.125 0.7416666671875001 0.1265625 0.7268518515625 0.1234375 0.7212962968750001 0.1145833328125 0.7212962968750001 0.109375 0.7101851859375 0.0947916671875 0.7101851859375 0.09322916718749999 0.7129629625 0.09322916718749999 0.7416666671875001 0.0947916671875 0.74444444375 0.10052083281249999 0.74444444375 0.1010416671875 0.747222221875
0 0.3135416671875 0.1583333328125 0.3166666671875 0.16388888906250001 0.3192708328125 0.16388888906250001 0.31979166718749996 0.1666666671875 0.340625 0.1666666671875 0.34375 0.1611111109375 0.34375 0.15648148125 0.3484375 0.15 0.3484375 0.1425925921875 0.35 0.1416666671875 0.35 0.1296296296875 0.3484375 0.12870370312499999 0.3484375 0.12129629687500001 0.34375 0.1129629625 0.3385416671875 0.1129629625 0.3333333328125 0.1296296296875 0.3270833328125 0.1324074078125 0.325 0.12870370312499999 0.3234375 0.11574074062499999 0.321875 0.1129629625 0.3177083328125 0.1129629625 0.3171875 0.1101851859375 0.3151041671875 0.1101851859375 0.31197916718749996 0.11574074062499999 0.31197916718749996 0.15277777812499999 0.3135416671875 0.15370370312499998 0.3135416671875 0.1583333328125
0 0.6822916671875 0.5203703703125 0.6822916671875 0.527777778125 0.6833333328125 0.527777778125 0.6838541671875 0.5305555562500001 0.6864583328125 0.5305555562500001 0.6869791671875001 0.5333333328125 0.6895833328125 0.5333333328125 0.6932291671875 0.5416666671875 0.7 0.5416666671875 0.7 0.5398148140625 0.7125 0.51944444375 0.7125 0.5018518515625 0.7114583328124999 0.5018518515625 0.7046875 0.4879629625 0.6822916671875 0.4879629625 0.6822916671875 0.48981481406249994 0.6807291671875 0.490740740625 0.6807291671875 0.51944444375 0.6822916671875 0.5203703703125
0 0.9598958328125 0.975 0.9666666671874999 0.9861111109375 0.975 0.9861111109375 0.9770833328125 0.98055555625 0.9796875 0.98055555625 0.98125 0.9574074078124999 0.9765625 0.9379629625 0.9734375 0.9324074078125 0.9572916671874999 0.9324074078125 0.9557291671874999 0.9351851859375 0.9557291671874999 0.9694444437499999 0.9572916671874999 0.975 0.9598958328125 0.975
0 0.3619791671875 0.6546296296875 0.3619791671875 0.6972222218749999 0.3682291671875 0.70555555625 0.3817708328125 0.70555555625 0.38229166718749996 0.7083333328125 0.384375 0.7083333328125 0.3921875 0.6916666671875 0.3921875 0.6796296296875 0.3875 0.6731481484375 0.3875 0.66851851875 0.3828125 0.659259259375 0.3828125 0.6518518515625 0.38125 0.6509259265625 0.3796875 0.64351851875 0.3682291671875 0.64351851875 0.36770833281250004 0.646296296875 0.3651041671875 0.646296296875 0.3635416671875 0.6537037031249999 0.3619791671875 0.6546296296875
0 0.9229166671875 0.27777777812500004 0.95 0.27777777812500004 0.9546875 0.272222221875 0.9546875 0.25740740781250004 0.95 0.24814814843750002 0.946875 0.23518518593749999 0.9213541671875 0.23240740781250002 0.9182291671874999 0.2379629625 0.9182291671874999 0.2666666671875 0.9197916671874999 0.2675925921875 0.9197916671874999 0.275 0.9229166671875 0.27777777812500004
0 0.41979166718750005 0.4453703703125 0.41822916718750003 0.44629629687500005 0.41822916718750003 0.46388888906250003 0.42604166718750003 0.477777778125 0.4375 0.477777778125 0.4380208328125 0.475 0.4421875 0.475 0.4421875 0.4703703703125 0.44375 0.46944444374999994 0.44375 0.4379629625 0.4359375 0.42129629687500003 0.43072916718750004 0.42129629687500003 0.4244791671875 0.4296296296875 0.42291666718750004 0.43981481406249995 0.41979166718750005 0.440740740625 0.41979166718750005 0.4453703703125
0 0.83125 0.1166666671875 0.83125 0.10185185156250001 0.8296875 0.0990740734375 0.8135416671875 0.0990740734375 0.8119791671875 0.10185185156250001 0.8119791671875 0.13055555624999998 0.8234375 0.13333333281249998 0.83125 0.1166666671875
0 0.3541666671875 0.055555556250000006 0.36875 0.055555556250000006 0.3703125 0.052777778124999994 0.36875 0.0240740734375 0.3609375 0.0101851859375 0.3526041671875 0.0101851859375 0.3494791671875 0.015740740625 0.3494791671875 0.047222221875 0.35104166718749996 0.052777778124999994 0.3541666671875 0.055555556250000006
0 0.7244791671875 0.8740740734375001 0.7244791671875 0.89444444375 0.7338541671875001 0.9083333328125001 0.7380208328125 0.9083333328125001 0.7385416671875 0.9111111109375001 0.7453125 0.9083333328125001 0.74375 0.8879629625 0.740625 0.88148148125 0.75 0.872222221875 0.75 0.8574074078124999 0.7484375 0.8546296296874999 0.7260416671875001 0.8546296296874999 0.7244791671875 0.8574074078124999 0.7244791671875 0.86944444375 0.7260416671875001 0.8703703703125001 0.7244791671875 0.8740740734375001
0 0.3526041671875 0.1120370375 0.3526041671875 0.1361111109375 0.3572916671875 0.147222221875 0.3609375 0.147222221875 0.36875 0.13055555624999998 0.36875 0.09074074062500001 0.3671875 0.08796296249999999 0.35104166718749996 0.08796296249999999 0.3494791671875 0.1 0.35104166718749996 0.10092592656249999 0.35104166718749996 0.1111111109375 0.3526041671875 0.1120370375
0 0.3369791671875 0.6518518515625 0.3369791671875 0.6805555562500001 0.3385416671875 0.6861111109375 0.34375 0.6861111109375 0.35 0.675 0.3515625 0.6648148140625 0.3578125 0.652777778125 0.3578125 0.646296296875 0.3536458328125 0.646296296875 0.353125 0.64351851875 0.3385416671875 0.646296296875 0.3369791671875 0.6518518515625
0 0.0135416671875 0.097222221875 0.0234375 0.097222221875 0.0239583328125 0.09444444375 0.0359375 0.0861111109375 0.0375 0.0759259265625 0.0390625 0.075 0.0375 0.0574074078125 0.0348958328125 0.0574074078125 0.034375 0.0546296296875 0.0119791671875 0.0546296296875 0.0057291671875 0.065740740625 0.0057291671875 0.0861111109375 0.008854167187500001 0.09444444375 0.013020832812499999 0.09444444375 0.0135416671875 0.097222221875
0 0.8151041671874999 0.775 0.8177083328125001 0.775 0.8213541671875 0.7805555562500001 0.8296875 0.7805555562500001 0.8328125 0.775 0.834375 0.7509259265625 0.840625 0.7416666671875001 0.840625 0.7370370375 0.8421875 0.7361111109375 0.8421875 0.7268518515625 0.8380208328125001 0.7240740734375 0.8375 0.7212962968750001 0.8213541671875 0.7212962968750001 0.8119791671875 0.7351851859375 0.8119791671875 0.7666666671875 0.8135416671875 0.7675925921875 0.8151041671874999 0.775
0 0 0.975 0.0109375 0.975 0.0109375 0.9731481484375 0.0171875 0.9638888890624999 0.0171875 0.9574074078124999 0.0140625 0.953703703125 0.0125 0.94351851875 0.0098958328125 0.94351851875 0.0046875 0.9324074078125 0 0.9324074078125 0 0.975
0 0.18697916718750002 0.375 0.1901041671875 0.38055555625 0.1984375 0.38055555625 0.2046875 0.372222221875 0.2015625 0.3620370375 0.2015625 0.3518518515625 0.2 0.3509259265625 0.20208333281250002 0.34722222187499996 0.2052083328125 0.34722222187499996 0.21197916718749998 0.35555555625 0.2171875 0.35555555625 0.2203125 0.35 0.2203125 0.3324074078125 0.2171875 0.321296296875 0.19479166718750002 0.321296296875 0.1885416671875 0.3296296296875 0.18697916718750002 0.3351851859375 0.18697916718750002 0.375
0 0.9234375 0.1888888890625 0.925 0.1861111109375 0.925 0.1768518515625 0.915625 0.1574074078125 0.9125 0.1546296296875 0.9010416671874999 0.1546296296875 0.8994791671875 0.1574074078125 0.8994791671875 0.18055555625 0.9010416671874999 0.1861111109375 0.9041666671874999 0.1888888890625 0.9234375 0.1888888890625
0 0.9203125 0.5083333328124999 0.91875 0.490740740625 0.915625 0.4879629625 0.8947916671874999 0.4879629625 0.8932291671874999 0.490740740625 0.8932291671874999 0.5083333328124999 0.8994791671875 0.5166666671875 0.9125 0.5166666671875 0.9203125 0.5083333328124999
0 0.8484375 0.5611111109375 0.8546875 0.55 0.8546875 0.5351851859375001 0.8515625 0.5324074078125001 0.8385416671874999 0.5324074078125001 0.8369791671875 0.5351851859375001 0.8369791671875 0.5527777781250001 0.8447916671875 0.5611111109375 0.8484375 0.5611111109375
0 0.0171875 0.6805555562500001 0.0192708328125 0.675 0.021875 0.675 0.0234375 0.6601851859375001 0.0203125 0.6564814812499999 0.0203125 0.6518518515625 0.0171875 0.646296296875 0.008854167187500001 0.64351851875 0.0057291671875 0.6490740734375 0.0057291671875 0.675 0.008854167187500001 0.6805555562500001 0.0171875 0.6805555562500001
0 0.3875 0.7416666671875001 0.3875 0.7129629625 0.3859375 0.7101851859375 0.3635416671875 0.7101851859375 0.3619791671875 0.7129629625 0.3619791671875 0.73055555625 0.3697916671875 0.74444444375 0.384375 0.74444444375 0.3875 0.7416666671875001
0 0.6911458328125 0.3583333328125 0.6963541671875 0.36666666718749996 0.709375 0.3638888890625 0.7109375 0.3611111109375 0.7109375 0.340740740625 0.703125 0.33148148125 0.7015625 0.315740740625 0.6984375 0.3101851859375 0.6885416671875 0.3101851859375 0.6869791671875001 0.3129629625 0.6869791671875001 0.352777778125 0.6885416671875 0.3583333328125 0.6911458328125 0.3583333328125
0 0.7052083328125 0.3638888890625 0.7109375 0.3611111109375 0.7125 0.34629629687499996 0.7078125 0.3351851859375 0.7052083328125 0.3351851859375 0.7046875 0.3324074078125 0.6885416671875 0.3324074078125 0.6869791671875001 0.3351851859375 0.6869791671875001 0.352777778125 0.6947916671875001 0.36666666718749996 0.7046875 0.36666666718749996 0.7052083328125 0.3638888890625
0 0.013020832812499999 0.9111111109375001 0.014583332812499999 0.9111111109375001 0.0197916671875 0.922222221875 0.034375 0.922222221875 0.0348958328125 0.91944444375 0.0375 0.91944444375 0.0375 0.9046296296874999 0.028125 0.8879629625 0.007291667187500001 0.8879629625 0.0057291671875 0.890740740625 0.0057291671875 0.9083333328125001 0.008854167187500001 0.9138888890624999 0.0125 0.9138888890624999 0.013020832812499999 0.9111111109375001
0 0.821875 0.9833333328125 0.825 0.977777778125 0.825 0.946296296875 0.8166666671874999 0.94351851875 0.8119791671875 0.9518518515625001 0.8119791671875 0.975 0.8135416671875 0.98055555625 0.821875 0.9833333328125
0 0.29375 0.977777778125 0.29375 0.9685185187500001 0.2822916671875 0.965740740625 0.28072916718749996 0.9861111109375 0.2822916671875 0.9888888890624999 0.290625 0.9861111109375 0.29375 0.977777778125
0 0.3859375 0.872222221875 0.3875 0.8490740734375001 0.384375 0.8435185187500001 0.3760416671875 0.8435185187500001 0.37447916718749996 0.8462962968750001 0.3760416671875 0.872222221875 0.3776041671875 0.875 0.3859375 0.872222221875
0 0.8130208328125 0.3574074078125 0.8088541671874999 0.3574074078125 0.8036458328125 0.365740740625 0.7963541671875001 0.365740740625 0.7932291671875 0.3740740734375 0.7932291671875 0.3861111109375 0.7963541671875001 0.3916666671875 0.7984375 0.3916666671875 0.8098958328125001 0.377777778125 0.8234375 0.375 0.828125 0.3638888890625 0.828125 0.3574074078125 0.8255208328125001 0.3574074078125 0.825 0.3546296296875 0.8135416671875 0.3546296296875 0.8130208328125 0.3574074078125
0 0.4953125 0.4129629625 0.48229166718750005 0.41018518593750003 0.48072916718750003 0.43055555625 0.4921875 0.43333333281249997 0.4953125 0.42222222187499997 0.4953125 0.4129629625
0 0.703125 0.352777778125 0.7015625 0.315740740625 0.6984375 0.3101851859375 0.6885416671875 0.3101851859375 0.6869791671875001 0.3129629625 0.6869791671875001 0.35 0.6901041671875 0.35555555625 0.703125 0.352777778125
0 0.4125 0.44629629687500005 0.409375 0.44351851875000003 0.3947916671875 0.44351851875000003 0.3932291671875 0.44629629687500005 0.3947916671875 0.46666666718750005 0.4109375 0.46944444374999994 0.4140625 0.4611111109375 0.4125 0.44629629687500005
0 0.9796875 0.9055555562500001 0.9796875 0.890740740625 0.9697916671875 0.8879629625 0.9682291671875 0.9083333328125001 0.9697916671875 0.9138888890624999 0.975 0.9138888890624999 0.9796875 0.9055555562500001
0 0.8296875 0.7805555562500001 0.8328125 0.775 0.834375 0.7481481484375 0.8375 0.7416666671875001 0.8375 0.7351851859375 0.8359375 0.7324074078125 0.8151041671874999 0.7324074078125 0.8119791671875 0.7379629624999999 0.8135416671875 0.775 0.8197916671875 0.7805555562500001 0.8296875 0.7805555562500001
0 0.18802083281249998 0.6518518515625 0.1807291671875 0.6574074078125001 0.1807291671875 0.6638888890625 0.1838541671875 0.66944444375 0.1953125 0.66944444375 0.19583333281249998 0.6666666671875 0.2046875 0.6638888890625 0.20625 0.6481481484375 0.2078125 0.647222221875 0.2078125 0.6351851859375001 0.2052083328125 0.6351851859375001 0.2046875 0.6324074078125 0.1963541671875 0.6324074078125 0.18802083281249998 0.6518518515625
0 0.8875 0.397222221875 0.8880208328125001 0.39444444375 0.896875 0.397222221875 0.896875 0.39074074062499997 0.89375 0.38703703749999996 0.89375 0.3796296296875 0.8859375 0.365740740625 0.8760416671875 0.365740740625 0.8744791671875 0.36851851875 0.8760416671875 0.3916666671875 0.8786458328125001 0.3916666671875 0.8807291671874999 0.397222221875 0.8875 0.397222221875