0 0.8864583328125001 0.8361111109375001 0.8901041671875 0.8416666671874999 0.8921875 0.8416666671874999 0.8927083328125001 0.8388888890624999 0.896875 0.8388888890624999 0.9 0.8333333328125001 0.9 0.828703703125 0.9046875 0.8222222218749999 0.9046875 0.8175925921875 0.90625 0.8166666671874999 0.90625 0.8018518515625 0.8984375 0.7879629625 0.8760416671875 0.7879629625 0.8744791671875 0.790740740625 0.8744791671875 0.83055555625 0.8760416671875 0.8333333328125001 0.8864583328125001 0.8361111109375001
0 0.6807291671875 0.775 0.690625 0.775 0.6927083328125 0.76944444375 0.7 0.7638888890625 0.7015625 0.7351851859375 0.6984375 0.7212962968750001 0.6697916671875 0.7212962968750001 0.6682291671875 0.7240740734375 0.6682291671875 0.7583333328124999 0.6697916671875 0.7638888890625 0.6723958328124999 0.7638888890625 0.6807291671875 0.775
0 0.825 0.5666666671875 0.825 0.5648148140625 0.8328125 0.5527777781250001 0.8328125 0.5379629625 0.8317708328125001 0.5379629625 0.8296875 0.5324074078125001 0.8072916671874999 0.5324074078125001 0.8072916671874999 0.534259259375 0.8057291671875 0.5351851859375001 0.8057291671875 0.5611111109375 0.8067708328125001 0.5611111109375 0.8088541671874999 0.5666666671875 0.825 0.5666666671875
0 0.309375 0.61944444375 0.3140625 0.6083333328125 0.3125 0.5796296296875 0.3109375 0.5768518515625 0.2901041671875 0.5768518515625 0.2869791671875 0.5824074078125 0.2869791671875 0.61944444375 0.28854166718749996 0.622222221875 0.309375 0.61944444375
0 0.68125 0.7083333328125 0.68125 0.7009259265625001 0.6859375 0.6944444437499999 0.6859375 0.6870370375 0.6875 0.6861111109375 0.6859375 0.6601851859375001 0.68125 0.6546296296875 0.6572916671875 0.6546296296875 0.6557291671875001 0.6574074078125001 0.6557291671875001 0.7 0.6635416671875001 0.7111111109375 0.68125 0.7083333328125
0 0.8546875 0.64351851875 0.8322916671874999 0.64351851875 0.8307291671874999 0.646296296875 0.8322916671874999 0.6777777781250001 0.8484375 0.6805555562500001 0.85625 0.675 0.8546875 0.64351851875
0 0.8421875 0.7611111109375 0.85 0.752777778125 0.8484375 0.7212962968750001 0.8260416671874999 0.7212962968750001 0.8244791671874999 0.7240740734375 0.8260416671874999 0.75555555625 0.8302083328125001 0.75555555625 0.8322916671874999 0.7611111109375 0.8421875 0.7611111109375
0 0.46875 0.690740740625 0.45104166718750005 0.6879629625 0.44947916718750003 0.73055555625 0.465625 0.7333333328125 0.46875 0.727777778125 0.46875 0.690740740625
0 0.871875 0.73055555625 0.875 0.725 0.8765625 0.7120370375 0.878125 0.7111111109375 0.8765625 0.69351851875 0.8734375 0.6879629625 0.8572916671874999 0.6879629625 0.8557291671874999 0.690740740625 0.8557291671874999 0.727777778125 0.8588541671875 0.7333333328125 0.871875 0.73055555625
0 0.325 0.6481481484375 0.33125 0.6416666671875 0.33125 0.615740740625 0.328125 0.6101851859375 0.3135416671875 0.6101851859375 0.31197916718749996 0.6129629624999999 0.31197916718749996 0.652777778125 0.3234375 0.6555555562500001 0.325 0.6481481484375
0 0.9119791671874999 0.8666666671875 0.925 0.8666666671875 0.9302083328125 0.8583333328125 0.9375 0.852777778125 0.9375 0.821296296875 0.9328125 0.8129629625 0.9302083328125 0.8129629625 0.9296875 0.8101851859375 0.9072916671875 0.8101851859375 0.9057291671875 0.8129629625 0.9057291671875 0.85555555625 0.9088541671874999 0.8638888890624999 0.9114583328125001 0.8638888890624999 0.9119791671874999 0.8666666671875
0 0.5885416671875 0.809259259375 0.5885416671875 0.8166666671874999 0.5901041671875 0.8194444437499999 0.5984375 0.8222222218749999 0.60625 0.8083333328125001 0.60625 0.803703703125 0.6140625 0.79444444375 0.6140625 0.7898148140625 0.6171875 0.7861111109375 0.6171875 0.7796296296875 0.6140625 0.7759259265625 0.6140625 0.771296296875 0.6109375 0.765740740625 0.5885416671875 0.765740740625 0.5869791671875 0.76851851875 0.5869791671875 0.8083333328125001 0.5885416671875 0.809259259375
0 0.8546875 0.477777778125 0.85625 0.4703703703125 0.8625 0.46388888906250003 0.8625 0.4379629625 0.859375 0.43240740781250003 0.8385416671874999 0.43240740781250003 0.8369791671875 0.43518518593750005 0.8369791671875 0.475 0.8447916671875 0.48055555625 0.8546875 0.477777778125
0 0.1776041671875 0.83055555625 0.18020833281249998 0.83055555625 0.1807291671875 0.8333333328125001 0.19375 0.8333333328125001 0.1989583328125 0.825 0.20625 0.8194444437499999 0.20625 0.8148148140625 0.209375 0.8083333328125001 0.209375 0.7990740734374999 0.203125 0.7796296296875 0.20052083281250002 0.7796296296875 0.2 0.7768518515625 0.1822916671875 0.7768518515625 0.1760416671875 0.7851851859375001 0.1760416671875 0.7898148140625 0.1744791671875 0.790740740625 0.1744791671875 0.8222222218749999 0.1776041671875 0.83055555625
0 0.32760416718749996 0.9611111109375001 0.3302083328125 0.9611111109375001 0.3307291671875 0.9638888890624999 0.3359375 0.9638888890624999 0.3380208328125 0.9583333328125001 0.34375 0.95555555625 0.3484375 0.9472222218749999 0.3484375 0.9425925921875 0.35 0.9416666671874999 0.35 0.9240740734375 0.3421875 0.9101851859375 0.3260416671875 0.9101851859375 0.3244791671875 0.9129629625 0.3244791671875 0.952777778125 0.3260416671875 0.953703703125 0.32760416718749996 0.9611111109375001
0 0.8671875 0.6111111109375 0.86875 0.5824074078125 0.865625 0.5768518515625 0.8510416671875 0.5768518515625 0.8494791671874999 0.5796296296875 0.8494791671874999 0.6083333328125 0.8541666671874999 0.6138888890625 0.8671875 0.6111111109375
0 0.5572916671875 0.8453703703125001 0.5572916671875 0.852777778125 0.5661458328125 0.85555555625 0.5666666671875 0.8583333328125 0.5796875 0.85555555625 0.5859375 0.8444444437499999 0.5890625 0.83055555625 0.5875 0.8018518515625 0.5833333328125 0.7990740734374999 0.5796875 0.7879629625 0.5572916671875 0.790740740625 0.5572916671875 0.7981481484375 0.5557291671875 0.7990740734374999 0.5557291671875 0.8444444437499999 0.5572916671875 0.8453703703125001
0 0.48645833281249995 0.8444444437499999 0.48854166718750003 0.85 0.49114583281249996 0.85 0.4916666671875 0.852777778125 0.5 0.852777778125 0.5005208328124999 0.85 0.503125 0.85 0.5078125 0.8416666671874999 0.5078125 0.834259259375 0.509375 0.8333333328125001 0.509375 0.8268518515625001 0.5078125 0.8259259265625 0.50625 0.815740740625 0.49375 0.7990740734374999 0.4838541671875 0.7990740734374999 0.48072916718750003 0.8046296296875 0.48072916718750003 0.8388888890624999 0.4838541671875 0.8444444437499999 0.48645833281249995 0.8444444437499999
0 0.5578125 0.79444444375 0.55625 0.7898148140625 0.55625 0.7574074078125 0.5546875 0.7546296296875 0.5385416671875001 0.7574074078125 0.5369791671875 0.797222221875 0.5447916671875 0.8027777781250001 0.5546875 0.8 0.5578125 0.79444444375
0 0.4546875 0.772222221875 0.4578125 0.7611111109375 0.45625 0.7379629624999999 0.453125 0.7324074078125 0.43854166718750004 0.7324074078125 0.4369791671875 0.7351851859375 0.4369791671875 0.775 0.4484375 0.777777778125 0.4546875 0.772222221875
0 0.4322916671875 0.83055555625 0.4375 0.83055555625 0.44375 0.8166666671874999 0.4421875 0.8018518515625 0.43958333281249995 0.8018518515625 0.4390625 0.7990740734374999 0.42604166718750003 0.7990740734374999 0.4244791671875 0.8018518515625 0.4244791671875 0.8194444437499999 0.42864583281249996 0.8222222218749999 0.4322916671875 0.83055555625
0 0.6885416671875 0.7083333328125 0.6979166671875 0.722222221875 0.709375 0.722222221875 0.7125 0.7166666671875 0.7125 0.7120370375 0.7171875 0.70555555625 0.7171875 0.6981481484375001 0.71875 0.6972222218749999 0.7171875 0.6824074078125 0.7125 0.6768518515624999 0.6885416671875 0.6768518515624999 0.6869791671875001 0.6796296296875 0.6869791671875001 0.702777778125 0.6885416671875 0.703703703125 0.6885416671875 0.7083333328125
0 0.4625 0.8222222218749999 0.465625 0.8194444437499999 0.4703125 0.8083333328125001 0.4703125 0.8009259265625 0.4734375 0.797222221875 0.4734375 0.790740740625 0.4671875 0.7768518515625 0.45104166718750005 0.7768518515625 0.44947916718750003 0.7796296296875 0.44947916718750003 0.8166666671874999 0.4526041671875 0.8222222218749999 0.4625 0.8222222218749999
0 0.47864583281249995 0.7074074078125 0.4765625 0.7046296296875 0.46979166718750004 0.7046296296875 0.46979166718750004 0.709259259375 0.4682291671875 0.7101851859375 0.4682291671875 0.73055555625 0.4760416671875 0.7416666671875001 0.4817708328125 0.7416666671875001 0.48229166718750005 0.74444444375 0.4921875 0.7388888890625 0.4984375 0.727777778125 0.4984375 0.7046296296875 0.496875 0.7018518515625 0.49427083281249995 0.7018518515625 0.49375 0.6990740734374999 0.4838541671875 0.6990740734374999 0.47864583281249995 0.7074074078125
0 0.3578125 0.9648148140625 0.35989583281250004 0.9638888890624999 0.3619791671875 0.9694444437499999 0.365625 0.9694444437499999 0.3671875 0.9666666671874999 0.3671875 0.9574074078124999 0.3604166671875 0.9574074078124999 0.35989583281250004 0.9601851859374999 0.35208333281250004 0.9574074078124999 0.3515625 0.9546296296874999 0.3401041671875 0.9574074078124999 0.3369791671875 0.965740740625 0.3369791671875 0.9861111109375 0.3447916671875 0.99444444375 0.35625 0.9888888890624999 0.3578125 0.9861111109375 0.3578125 0.9648148140625
0 0.1973958328125 0.8268518515625001 0.1885416671875 0.8324074078124999 0.18697916718750002 0.8351851859374999 0.18697916718750002 0.852777778125 0.19479166718750002 0.8666666671875 0.209375 0.8666666671875 0.21458333281250003 0.85555555625 0.2171875 0.85555555625 0.21875 0.852777778125 0.21875 0.8268518515625001 0.215625 0.821296296875 0.20416666718749998 0.821296296875 0.2036458328125 0.8240740734375 0.1979166671875 0.8240740734375 0.1973958328125 0.8268518515625001
0 0.8625 0.5305555562500001 0.8609375 0.5129629625 0.85625 0.5101851859375001 0.8447916671875 0.5101851859375001 0.8432291671875 0.5129629625 0.8432291671875 0.5305555562500001 0.8463541671874999 0.5388888890625 0.8546875 0.5388888890625 0.8625 0.5305555562500001
0 0.3734375 0.7879629625 0.3572916671875 0.7879629625 0.3557291671875 0.790740740625 0.3572916671875 0.8111111109375001 0.36875 0.8138888890624999 0.375 0.8083333328125001 0.3734375 0.7879629625
0 0.584375 0.75 0.5859375 0.7379629624999999 0.5796875 0.7212962968750001 0.5572916671875 0.7212962968750001 0.5557291671875 0.7240740734375 0.5557291671875 0.752777778125 0.5572916671875 0.75555555625 0.5796875 0.75555555625 0.584375 0.75
0 0.8822916671875 0.6083333328125 0.8848958328125001 0.6083333328125 0.8854166671874999 0.6111111109375 0.896875 0.6111111109375 0.9 0.60555555625 0.9 0.6009259265625 0.9046875 0.5944444437499999 0.90625 0.5796296296875 0.8984375 0.565740740625 0.8822916671875 0.565740740625 0.8807291671874999 0.56851851875 0.8807291671874999 0.5944444437499999 0.8822916671875 0.5953703703125 0.8822916671875 0.6083333328125
0 0.7817708328124999 0.5138888890625 0.784375 0.5138888890625 0.7875 0.5083333328124999 0.7859375 0.4990740734375 0.7760416671875 0.4990740734375 0.7744791671875 0.5018518515625 0.7744791671875 0.5111111109375 0.7776041671875 0.51944444375 0.7796875 0.51944444375 0.7817708328124999 0.5138888890625
0 0.5364583328125 0.7361111109375 0.5369791671875 0.7388888890625 0.5484375 0.7361111109375 0.553125 0.7194444437499999 0.5484375 0.6990740734374999 0.5322916671875 0.6990740734374999 0.5307291671875001 0.7018518515625 0.5307291671875001 0.73055555625 0.5322916671875 0.7361111109375 0.5364583328125 0.7361111109375
0 0.6817708328125 0.41944444374999995 0.6822916671875 0.42222222187499997 0.690625 0.42222222187499997 0.6911458328125 0.41944444374999995 0.703125 0.41111111093749997 0.70625 0.40555555625000006 0.70625 0.38240740781250004 0.703125 0.3768518515625 0.6760416671875 0.3768518515625 0.6744791671875 0.3796296296875 0.6744791671875 0.41111111093749997 0.6760416671875 0.41203703750000004 0.6776041671875 0.41944444374999995 0.6817708328125 0.41944444374999995
0 0.9958333328125001 0.74444444375 0.9994791671875 0.74444444375 0.9994791671875 0.7018518515625 0.9822916671874999 0.6990740734374999 0.9807291671874999 0.74444444375 0.9838541671875 0.752777778125 0.9921875 0.752777778125 0.9958333328125001 0.74444444375
0 0.5130208328125 0.627777778125 0.515625 0.627777778125 0.5177083328125 0.622222221875 0.521875 0.61944444375 0.5234375 0.60648148125 0.525 0.60555555625 0.525 0.5796296296875 0.5234375 0.5768518515625 0.49635416718750003 0.5768518515625 0.49322916718750004 0.5824074078125 0.49322916718750004 0.627777778125 0.49635416718750003 0.6333333328124999 0.5125 0.63055555625 0.5130208328125 0.627777778125
0 0.2671875 0.8638888890624999 0.2708333328125 0.85555555625 0.2765625 0.852777778125 0.2765625 0.8435185187500001 0.2734375 0.8324074078124999 0.2619791671875 0.8351851859374999 0.2619791671875 0.8611111109375 0.2635416671875 0.8638888890624999 0.2671875 0.8638888890624999
0 0.28854166718749996 0.5111111109375 0.2953125 0.5083333328124999 0.3 0.5 0.3 0.49259259218749996 0.3015625 0.4916666671875 0.3015625 0.4796296296875 0.2984375 0.46851851875 0.2822916671875 0.465740740625 0.28072916718749996 0.46851851875 0.28072916718749996 0.497222221875 0.2822916671875 0.502777778125 0.28854166718749996 0.5111111109375
0 0.16458333281249998 0.8546296296874999 0.1572916671875 0.8546296296874999 0.15572916718750002 0.875 0.1614583328125 0.877777778125 0.1619791671875 0.88055555625 0.1734375 0.877777778125 0.175 0.8703703703125001 0.1796875 0.8638888890624999 0.1796875 0.8462962968750001 0.1697916671875 0.8435185187500001 0.1692708328125 0.8462962968750001 0.1666666671875 0.8462962968750001 0.16458333281249998 0.8546296296874999
0 0.5703125 0.7083333328125 0.5703125 0.7009259265625001 0.5734375 0.6916666671875 0.5734375 0.6796296296875 0.5703125 0.6768518515624999 0.5541666671875001 0.6768518515624999 0.5510416671875 0.6796296296875 0.5494791671875 0.7083333328125 0.5526041671875 0.7138888890625 0.5609375 0.7166666671875 0.5703125 0.7083333328125
0 0.775 0.9083333328125001 0.78125 0.9 0.78125 0.88148148125 0.7828125 0.88055555625 0.7828125 0.8703703703125001 0.7859375 0.8666666671875 0.7859375 0.8574074078124999 0.7802083328125 0.8574074078124999 0.7796875 0.8546296296874999 0.7635416671875 0.8546296296874999 0.7557291671875 0.86851851875 0.7557291671875 0.9 0.7619791671875 0.9083333328125001 0.775 0.9083333328125001
0 0.21875 0.9444444437499999 0.21875 0.9351851859375 0.20729166718749997 0.9324074078125 0.20572916718749998 0.952777778125 0.20729166718749997 0.95555555625 0.215625 0.952777778125 0.21875 0.9444444437499999
0 0.2203125 0.6138888890625 0.225 0.6083333328125 0.228125 0.5824074078125 0.2234375 0.5768518515625 0.21354166718749998 0.5768518515625 0.21197916718749998 0.5796296296875 0.21197916718749998 0.6083333328125 0.21354166718749998 0.6138888890625 0.2203125 0.6138888890625
0 0.6901041671875 0.5888888890625 0.69375 0.5861111109375 0.69375 0.58148148125 0.7 0.5694444437499999 0.6984375 0.5546296296875 0.6885416671875 0.5546296296875 0.6869791671875001 0.5574074078125 0.6869791671875001 0.5833333328125 0.6901041671875 0.5888888890625
0 0.6541666671875 0.43333333281249997 0.665625 0.43055555625 0.6703125 0.42222222187499997 0.6703125 0.4175925921875 0.6734375 0.41111111093749997 0.6734375 0.4046296296875 0.66875 0.3990740734375 0.6510416671875 0.3990740734375 0.6494791671875 0.4018518515625 0.6494791671875 0.425 0.6510416671875 0.42592592656250006 0.6510416671875 0.43055555625 0.6536458328125 0.43055555625 0.6541666671875 0.43333333281249997
0 0.3895833328125 0.9861111109375 0.3921875 0.9861111109375 0.3921875 0.9768518515625001 0.3875 0.965740740625 0.3682291671875 0.9685185187500001 0.3682291671875 0.997222221875 0.384375 0.9990740734375001 0.3875 0.997222221875 0.3895833328125 0.9861111109375
0 0.303125 0.41944444374999995 0.30625 0.41111111093749997 0.30625 0.371296296875 0.303125 0.365740740625 0.2901041671875 0.365740740625 0.2869791671875 0.371296296875 0.2869791671875 0.40833333281249995 0.2932291671875 0.41944444374999995 0.303125 0.41944444374999995
0 0.3234375 0.3916666671875 0.325 0.3861111109375 0.325 0.371296296875 0.321875 0.365740740625 0.3010416671875 0.36851851875 0.3010416671875 0.377777778125 0.3072916671875 0.384259259375 0.3072916671875 0.39444444375 0.3234375 0.3916666671875
0 0.8765625 0.58055555625 0.8796875 0.5722222218749999 0.8796875 0.5574074078125 0.878125 0.5546296296875 0.8635416671874999 0.5546296296875 0.8619791671874999 0.5574074078125 0.8635416671874999 0.5694444437499999 0.8697916671874999 0.58055555625 0.8765625 0.58055555625
0 0.35104166718749996 0.9648148140625 0.35104166718749996 0.9694444437499999 0.3541666671875 0.9731481484375 0.35104166718749996 0.9796296296874999 0.3526041671875 0.9861111109375 0.3546875 0.9861111109375 0.3567708328125 0.98055555625 0.359375 0.98055555625 0.3630208328125 0.975 0.365625 0.975 0.36875 0.9694444437499999 0.36875 0.9648148140625 0.3703125 0.9638888890624999 0.3703125 0.9574074078124999 0.3609375 0.94351851875 0.35104166718749996 0.94351851875 0.3494791671875 0.946296296875 0.3494791671875 0.9638888890624999 0.35104166718749996 0.9648148140625
0 0.80625 0.752777778125 0.8046875 0.74351851875 0.7947916671875 0.74351851875 0.7932291671875 0.746296296875 0.7947916671875 0.7638888890625 0.7984375 0.7638888890625 0.8020833328125001 0.75555555625 0.80625 0.752777778125
0 0.2359375 0.54444444375 0.2375 0.5416666671875 0.2375 0.5351851859375001 0.2359375 0.5324074078125001 0.2322916671875 0.5324074078125001 0.23072916718749997 0.5351851859375001 0.23072916718749997 0.5416666671875 0.2322916671875 0.54444444375 0.2359375 0.54444444375
0 0.9296875 0.42129629687500003 0.9182291671874999 0.4240740734375 0.9197916671874999 0.4361111109375 0.9265625 0.4361111109375 0.93125 0.43055555625 0.9296875 0.42129629687500003
0 0.90625 0.6416666671875 0.9078125 0.6240740734375 0.9046875 0.621296296875 0.8947916671874999 0.621296296875 0.8932291671874999 0.6240740734375 0.8932291671874999 0.65 0.9 0.652777778125 0.90625 0.6416666671875
0 0.828125 0.9583333328125001 0.83125 0.952777778125 0.83125 0.9296296296875 0.825 0.921296296875 0.8135416671875 0.921296296875 0.8119791671875 0.9240740734375 0.8135416671875 0.9583333328125001 0.8182291671874999 0.9611111109375001 0.828125 0.9583333328125001
0 0.43854166718750004 0.5333333328125 0.4453125 0.5333333328125 0.4458333328125 0.5305555562500001 0.4484375 0.5305555562500001 0.45625 0.5166666671875 0.45625 0.5018518515625 0.4546875 0.4990740734375 0.4322916671875 0.4990740734375 0.43072916718750004 0.5018518515625 0.43072916718750004 0.51944444375 0.4322916671875 0.5203703703125 0.4322916671875 0.525 0.43854166718750004 0.5333333328125
0 0.846875 0.60555555625 0.8453125 0.590740740625 0.8385416671874999 0.5879629625 0.8369791671875 0.590740740625 0.8369791671875 0.6083333328125 0.8421875 0.6111111109375 0.846875 0.60555555625
0 0.5572916671875 0.5555555562500001 0.5635416671875 0.5666666671875 0.5734375 0.5638888890625 0.5734375 0.5351851859375001 0.5572916671875 0.5324074078125001 0.5557291671875 0.5351851859375001 0.5557291671875 0.55 0.5572916671875 0.5509259265625001 0.5572916671875 0.5555555562500001
0 0.3234375 0.44444444375 0.3234375 0.4240740734375 0.3203125 0.42129629687500003 0.3057291671875 0.4240740734375 0.3057291671875 0.45277777812500003 0.3072916671875 0.45555555625000005 0.3171875 0.45277777812500003 0.3234375 0.44444444375
0 0.8796875 0.6777777781250001 0.88125 0.675 0.88125 0.6574074078125001 0.8796875 0.6546296296875 0.8697916671874999 0.6546296296875 0.8682291671875 0.6574074078125001 0.8682291671875 0.675 0.8697916671874999 0.6777777781250001 0.8796875 0.6777777781250001
0 0.4875 0.63055555625 0.490625 0.622222221875 0.490625 0.6046296296875 0.4875 0.5990740734375 0.4760416671875 0.5990740734375 0.47447916718750005 0.6018518515625 0.4760416671875 0.625 0.4791666671875 0.63055555625 0.4875 0.63055555625
0 0.5796875 0.521296296875 0.5557291671875 0.5240740734375 0.5572916671875 0.547222221875 0.578125 0.547222221875 0.58125 0.5416666671875 0.5796875 0.521296296875
0 0.8005208328125001 0.6861111109375 0.8010416671874999 0.6888888890625 0.8109375 0.6888888890625 0.8109375 0.684259259375 0.8125 0.6833333328125 0.8125 0.6796296296875 0.8114583328125 0.6796296296875 0.8046875 0.665740740625 0.8010416671874999 0.665740740625 0.8010416671874999 0.6675925921875 0.7994791671875 0.66851851875 0.7994791671875 0.6861111109375 0.8005208328125001 0.6861111109375
0 0.9171875 0.44444444375 0.91875 0.44166666718750003 0.91875 0.4240740734375 0.9171875 0.42129629687500003 0.9072916671875 0.42129629687500003 0.9057291671875 0.4240740734375 0.9057291671875 0.44166666718750003 0.9072916671875 0.44444444375 0.9171875 0.44444444375
0 0.740625 0.6768518515624999 0.7322916671875 0.6768518515624999 0.7307291671875 0.6972222218749999 0.7421875 0.7 0.74375 0.6824074078125 0.740625 0.6768518515624999
0 0.2359375 0.6083333328125 0.2375 0.597222221875 0.2359375 0.5824074078125 0.2260416671875 0.5768518515625 0.2244791671875 0.5796296296875 0.2244791671875 0.6083333328125 0.2328125 0.6111111109375 0.2359375 0.6083333328125
0 0.4765625 0.6018518515625 0.4734375 0.5990740734375 0.46197916718750004 0.6018518515625 0.4635416671875 0.622222221875 0.4703125 0.622222221875 0.4765625 0.6166666671875001 0.4765625 0.6018518515625
0 0.234375 0.5083333328124999 0.234375 0.5018518515625 0.2260416671875 0.4990740734375 0.2244791671875 0.5111111109375 0.2260416671875 0.5166666671875 0.2296875 0.5166666671875 0.234375 0.5083333328124999
0 0.8203125 0.3638888890625 0.825 0.34722222187499996 0.8234375 0.3240740734375 0.8203125 0.321296296875 0.8072916671874999 0.321296296875 0.8057291671875 0.3240740734375 0.8072916671874999 0.3611111109375 0.8088541671874999 0.3638888890625 0.8203125 0.3638888890625
0 0.5765625 0.5555555562500001 0.5765625 0.546296296875 0.571875 0.54351851875 0.5572916671875 0.54351851875 0.5557291671875 0.546296296875 0.5572916671875 0.5611111109375 0.5619791671875001 0.5666666671875 0.571875 0.5666666671875 0.5765625 0.5555555562500001
0 0.7822916671875 0.9138888890624999 0.7921875 0.9111111109375001 0.79375 0.9037037031249999 0.7984375 0.9 0.8 0.89444444375 0.8 0.8768518515625001 0.79375 0.865740740625 0.7822916671875 0.865740740625 0.7807291671875001 0.86851851875 0.7807291671875001 0.9083333328125001 0.7822916671875 0.9138888890624999
0 0.7760416671875 0.872222221875 0.7807291671875001 0.884259259375 0.7760416671875 0.89351851875 0.7760416671875 0.9055555562500001 0.7776041671875 0.9083333328125001 0.7817708328124999 0.9083333328125001 0.7822916671875 0.9111111109375001 0.7921875 0.9111111109375001 0.79375 0.9037037031249999 0.8 0.89444444375 0.8 0.8796296296874999 0.7984375 0.878703703125 0.7984375 0.871296296875 0.7859375 0.8546296296874999 0.7760416671875 0.8546296296874999 0.7744791671875 0.8574074078124999 0.7744791671875 0.8666666671875 0.7760416671875 0.8675925921875001 0.7760416671875 0.872222221875
0 0.5734375 0.5083333328124999 0.575 0.4796296296875 0.5635416671875 0.4768518515625 0.5619791671875001 0.4796296296875 0.5619791671875001 0.50555555625 0.5651041671875 0.5111111109375 0.5734375 0.5083333328124999
0 0.5765625 0.5018518515625 0.5734375 0.4990740734375 0.5619791671875001 0.5018518515625 0.5635416671875 0.522222221875 0.5703125 0.522222221875 0.578125 0.5166666671875 0.5765625 0.5018518515625
0 0.4859375 0.6361111109375 0.490625 0.625 0.490625 0.6074074078125 0.4890625 0.60648148125 0.4890625 0.6018518515625 0.48645833281249995 0.6018518515625 0.4859375 0.5990740734375 0.4760416671875 0.5990740734375 0.47447916718750005 0.6018518515625 0.47447916718750005 0.622222221875 0.48072916718750003 0.6361111109375 0.4859375 0.6361111109375
0 0.325 0.3796296296875 0.3234375 0.3768518515625 0.3088541671875 0.3796296296875 0.3072916671875 0.40833333281249995 0.3088541671875 0.41111111093749997 0.3234375 0.40833333281249995 0.325 0.3796296296875
0 0.8322916671874999 0.8333333328125001 0.840625 0.8333333328125001 0.8411458328125001 0.83055555625 0.84375 0.83055555625 0.84375 0.815740740625 0.834375 0.7990740734374999 0.8260416671874999 0.7990740734374999 0.8244791671874999 0.8018518515625 0.8244791671874999 0.8194444437499999 0.8291666671875 0.83055555625 0.8317708328125001 0.83055555625 0.8322916671874999 0.8333333328125001
0 0.1484375 0.7546296296875 0.1307291671875 0.7574074078125 0.1307291671875 0.7638888890625 0.1354166671875 0.76944444375 0.15 0.7666666671875 0.1484375 0.7546296296875
0 0.9947916671874999 0.9546296296874999 0.9932291671875 0.9861111109375 0.9994791671875 0.9916666671875 0.9994791671875 0.9546296296874999 0.9947916671874999 0.9546296296874999
0 0.1572916671875 0.28611111093749997 0.1671875 0.28611111093749997 0.1677083328125 0.2833333328125 0.1703125 0.2833333328125 0.17239583281249998 0.27777777812500004 0.178125 0.275 0.1796875 0.26203703749999996 0.18125 0.2611111109375 0.18125 0.24907407343750002 0.1734375 0.23240740781250002 0.1510416671875 0.23240740781250002 0.1494791671875 0.23518518593749999 0.1494791671875 0.275 0.1526041671875 0.28055555625 0.1552083328125 0.28055555625 0.1572916671875 0.28611111093749997
0 0.3010416671875 0.39444444375 0.30625 0.39444444375 0.3109375 0.3861111109375 0.3109375 0.371296296875 0.30625 0.365740740625 0.2947916671875 0.365740740625 0.2932291671875 0.36851851875 0.2932291671875 0.375 0.3010416671875 0.384259259375 0.3010416671875 0.39444444375
0 0.5473958328124999 0.7611111109375 0.5510416671875 0.7675925921875 0.5510416671875 0.775 0.5546875 0.775 0.5546875 0.7601851859375001 0.55 0.753703703125 0.55 0.746296296875 0.5484375 0.74351851875 0.5322916671875 0.74351851875 0.5307291671875001 0.746296296875 0.5307291671875001 0.772222221875 0.5338541671875 0.777777778125 0.5390625 0.775 0.5473958328124999 0.7611111109375
0 0.2921875 0.922222221875 0.3 0.9083333328125001 0.3 0.8796296296874999 0.2984375 0.8768518515625001 0.2854166671875 0.8768518515625001 0.28072916718749996 0.8851851859375 0.28072916718749996 0.91944444375 0.2822916671875 0.922222221875 0.2921875 0.922222221875
0 0.5260416671875 0.63055555625 0.53125 0.627777778125 0.53125 0.6175925921875 0.5375 0.6083333328125 0.5359375 0.5990740734375 0.5260416671875 0.5990740734375 0.5244791671875 0.6018518515625 0.5244791671875 0.625 0.5260416671875 0.63055555625
0 0.1125 0.6129629624999999 0.1010416671875 0.6101851859375 0.0994791671875 0.627777778125 0.109375 0.63055555625 0.1125 0.622222221875 0.1125 0.6129629624999999