0 0.6036458328125 0.9472222218749999 0.6041666671875 0.952777778125 0.6067708328125 0.952777778125 0.6072916671875 0.95555555625 0.6234375 0.95555555625 0.6239583328125 0.952777778125 0.6265625 0.952777778125 0.6359375 0.9333333328125001 0.6359375 0.915740740625 0.6234375 0.8990740734375 0.6010416671875001 0.8990740734375 0.5994791671875 0.9018518515625 0.5994791671875 0.9416666671874999 0.6010416671875001 0.9425925921875 0.6010416671875001 0.9472222218749999 0.6036458328125 0.9472222218749999
0 0.434375 0.9546296296874999 0.41197916718750005 0.9574074078124999 0.41197916718750005 0.997222221875 0.4375 0.997222221875 0.4375 0.9601851859374999 0.434375 0.9546296296874999
0 0.6234375 0.45277777812500003 0.628125 0.4388888890625 0.628125 0.4240740734375 0.625 0.4203703703125 0.625 0.4129629625 0.6234375 0.41018518593750003 0.6010416671875001 0.41018518593750003 0.5994791671875 0.4129629625 0.5994791671875 0.45 0.6026041671875 0.45555555625000005 0.6234375 0.45277777812500003
0 0.5776041671875001 0.45 0.5859375 0.45277777812500003 0.5864583328124999 0.45 0.5921875 0.447222221875 0.5984375 0.4361111109375 0.5984375 0.43148148124999997 0.6 0.43055555625 0.6 0.4046296296875 0.596875 0.3990740734375 0.5760416671875 0.3990740734375 0.5744791671875 0.4018518515625 0.5744791671875 0.44166666718750003 0.5776041671875001 0.45
0 0.4270833328125 0.577777778125 0.42760416718750005 0.58055555625 0.4359375 0.58055555625 0.44375 0.5638888890625 0.4421875 0.5546296296875 0.4375 0.5453703703125 0.4375 0.5379629625 0.434375 0.5324074078125001 0.41979166718750005 0.5324074078125001 0.41822916718750003 0.5351851859375001 0.41822916718750003 0.575 0.41979166718750005 0.577777778125 0.4270833328125 0.577777778125
0 0.5234375 0.6638888890625 0.5239583328124999 0.6611111109375 0.528125 0.6611111109375 0.534375 0.6555555562500001 0.5390625 0.6416666671875 0.5375 0.615740740625 0.534375 0.6101851859375 0.5135416671875 0.6101851859375 0.5119791671875 0.6129629624999999 0.5119791671875 0.652777778125 0.5135416671875 0.6583333328125 0.5234375 0.6638888890625
0 0.6307291671875 0.48333333281249996 0.6322916671875001 0.48425925937500003 0.6322916671875001 0.4888888890625 0.6348958328125 0.4888888890625 0.6385416671875 0.497222221875 0.6484375 0.497222221875 0.6505208328125 0.4916666671875 0.653125 0.4916666671875 0.65625 0.4861111109375 0.65625 0.48148148125 0.659375 0.475 0.659375 0.4574074078125 0.6546875 0.44351851875000003 0.6369791671875 0.44351851875000003 0.6364583328125 0.44629629687500005 0.6338541671875 0.44629629687500005 0.6307291671875 0.4546296296875 0.6307291671875 0.48333333281249996
0 0.50625 0.952777778125 0.5125 0.9472222218749999 0.5145833328125 0.9416666671874999 0.5171875 0.9416666671874999 0.51875 0.9361111109375001 0.51875 0.9129629625 0.5109375 0.8990740734375 0.48854166718750003 0.8990740734375 0.4869791671875 0.9018518515625 0.4869791671875 0.9416666671874999 0.49427083281249995 0.9472222218749999 0.49635416718750003 0.952777778125 0.50625 0.952777778125
0 0.6640625 0.5305555562500001 0.6645833328124999 0.527777778125 0.671875 0.5305555562500001 0.6796875 0.5166666671875 0.6796875 0.5046296296875 0.6765625 0.5009259265625 0.6734375 0.4879629625 0.6572916671875 0.4879629625 0.6557291671875001 0.490740740625 0.6557291671875001 0.527777778125 0.6572916671875 0.5305555562500001 0.6640625 0.5305555562500001
0 0.465625 0.33888888906250003 0.46875 0.33055555625 0.46875 0.3018518515625 0.4671875 0.29907407343750003 0.4447916671875 0.29907407343750003 0.44322916718750005 0.3018518515625 0.4447916671875 0.3333333328125 0.45104166718750005 0.3416666671875 0.465625 0.33888888906250003
0 0.5197916671875 0.6870370375 0.5182291671875 0.6879629625 0.5182291671875 0.7083333328125 0.5197916671875 0.7111111109375 0.5239583328124999 0.7111111109375 0.5244791671875 0.7138888890625 0.5359375 0.7111111109375 0.5375 0.703703703125 0.54375 0.6944444437499999 0.54375 0.6824074078125 0.5359375 0.665740740625 0.5276041671875 0.665740740625 0.5270833328125 0.66851851875 0.5197916671875 0.671296296875 0.5197916671875 0.6870370375
0 0.43072916718750004 0.1074074078125 0.43072916718750004 0.13055555624999998 0.4369791671875 0.13981481406250001 0.4369791671875 0.15277777812499999 0.44375 0.15277777812499999 0.4458333328125 0.13888888906250002 0.453125 0.1416666671875 0.45625 0.1361111109375 0.4578125 0.11851851875 0.45625 0.1175925921875 0.45625 0.1101851859375 0.4484375 0.0990740734375 0.43541666718750005 0.0990740734375 0.4348958328125 0.10185185156250001 0.4322916671875 0.10185185156250001 0.4322916671875 0.10648148125000001 0.43072916718750004 0.1074074078125
0 0.4359375 0.8222222218749999 0.4390625 0.8055555562500001 0.4375 0.790740740625 0.4359375 0.7879629625 0.41979166718750005 0.7879629625 0.41822916718750003 0.790740740625 0.41822916718750003 0.8194444437499999 0.41979166718750005 0.8222222218749999 0.4359375 0.8222222218749999
0 0.49427083281249995 0.6351851859375001 0.4895833328125 0.6351851859375001 0.4859375 0.6268518515625 0.48229166718750005 0.6268518515625 0.48229166718750005 0.63148148125 0.48072916718750003 0.6324074078125 0.48072916718750003 0.652777778125 0.48854166718750003 0.6666666671875 0.4984375 0.6666666671875 0.49895833281249996 0.6638888890625 0.5046875 0.6611111109375 0.5046875 0.6564814812499999 0.5078125 0.65 0.5078125 0.6240740734375 0.5010416671875 0.621296296875 0.49791666718750005 0.6268518515625 0.49791666718750005 0.63148148125 0.49427083281249995 0.6351851859375001
0 0.546875 0.622222221875 0.55 0.6166666671875001 0.55 0.590740740625 0.5484375 0.5879629625 0.5369791671875 0.590740740625 0.5369791671875 0.61944444375 0.5401041671875 0.625 0.546875 0.622222221875
0 0.5244791671875 0.575 0.5276041671875 0.577777778125 0.5328125 0.575 0.5375 0.5638888890625 0.5375 0.5351851859375001 0.5359375 0.5324074078125001 0.5135416671875 0.5324074078125001 0.5119791671875 0.5351851859375001 0.5135416671875 0.5638888890625 0.5223958328125 0.5666666671875 0.5244791671875 0.575
0 0.4682291671875 0.41111111093749997 0.4796875 0.40833333281249995 0.48125 0.3981481484375 0.4875 0.3861111109375 0.4875 0.371296296875 0.484375 0.365740740625 0.4635416671875 0.365740740625 0.46197916718750004 0.36851851875 0.4635416671875 0.40833333281249995 0.46770833281249996 0.40833333281249995 0.4682291671875 0.41111111093749997
0 0.66875 0.7083333328125 0.6692708328125 0.702777778125 0.675 0.6972222218749999 0.675 0.6768518515624999 0.6734375 0.6759259265625001 0.6734375 0.66851851875 0.6572916671875 0.665740740625 0.6557291671875001 0.66851851875 0.6572916671875 0.702777778125 0.665625 0.7111111109375 0.66875 0.7083333328125
0 0.4640625 0.252777778125 0.4640625 0.2453703703125 0.4671875 0.2379629625 0.4640625 0.234259259375 0.4625 0.22407407343750002 0.4526041671875 0.221296296875 0.44947916718750003 0.22685185156249998 0.44947916718750003 0.252777778125 0.45104166718750005 0.25555555625 0.4640625 0.252777778125
0 0.43854166718750004 0.2611111109375 0.4453125 0.25833333281250004 0.45 0.25 0.45 0.2370370375 0.453125 0.22685185156249998 0.4484375 0.221296296875 0.43854166718750004 0.221296296875 0.4369791671875 0.22407407343750002 0.4369791671875 0.25555555625 0.43854166718750004 0.2611111109375
0 0.5447916671875 0.909259259375 0.5447916671875 0.9166666671874999 0.5546875 0.9111111109375001 0.5583333328125 0.902777778125 0.5625 0.9 0.5625 0.8953703703125001 0.5640625 0.89444444375 0.5640625 0.8796296296874999 0.559375 0.865740740625 0.5447916671875 0.865740740625 0.5432291671875 0.86851851875 0.5432291671875 0.9083333328125001 0.5447916671875 0.909259259375
0 0.4765625 0.75 0.48125 0.7361111109375 0.48125 0.7240740734375 0.4796875 0.7212962968750001 0.4635416671875 0.7212962968750001 0.46197916718750004 0.7240740734375 0.4635416671875 0.74444444375 0.46979166718750004 0.75 0.4765625 0.75
0 0.11510416718750001 0.8888888890625 0.1171875 0.8888888890625 0.125 0.875 0.125 0.86851851875 0.1234375 0.865740740625 0.1135416671875 0.865740740625 0.1119791671875 0.86851851875 0.1119791671875 0.8833333328125 0.11510416718750001 0.8888888890625
0 0.5171875 0.7212962968750001 0.5140625 0.7175925921874999 0.5140625 0.7129629625 0.5109375 0.7101851859375 0.4994791671875 0.7129629625 0.5010416671875 0.7388888890625 0.509375 0.7388888890625 0.5171875 0.73055555625 0.5171875 0.7212962968750001
0 0.4625 0.790740740625 0.45104166718750005 0.7879629625 0.44947916718750003 0.790740740625 0.45104166718750005 0.8138888890624999 0.4609375 0.8111111109375001 0.4625 0.790740740625
0 0.6484375 0.7666666671875 0.65 0.7638888890625 0.65 0.746296296875 0.6484375 0.74351851875 0.6385416671875 0.74351851875 0.6369791671875 0.746296296875 0.6369791671875 0.7638888890625 0.6385416671875 0.7666666671875 0.6484375 0.7666666671875
0 0.09375 0.8731481484374999 0.0984375 0.8638888890624999 0.0984375 0.8574074078124999 0.08854166718749999 0.8546296296874999 0.0869791671875 0.8574074078124999 0.0869791671875 0.8861111109375001 0.0921875 0.8888888890625 0.09375 0.8731481484374999
0 0.4953125 0.23055555625 0.5 0.21944444375 0.5 0.20740740781250003 0.4984375 0.20648148125 0.4984375 0.2018518515625 0.496875 0.1990740734375 0.48229166718750005 0.1990740734375 0.48072916718750003 0.2018518515625 0.48072916718750003 0.222222221875 0.48854166718750003 0.23333333281250002 0.4953125 0.23055555625
0 0.53125 0.746296296875 0.5197916671875 0.74351851875 0.5197916671875 0.76944444375 0.528125 0.76944444375 0.53125 0.7638888890625 0.53125 0.746296296875
0 0.49375 0.4240740734375 0.48229166718750005 0.42129629687500003 0.48072916718750003 0.4240740734375 0.48229166718750005 0.447222221875 0.4921875 0.45 0.49375 0.4240740734375
0 0.484375 0.28055555625 0.490625 0.275 0.4921875 0.26574074062499997 0.4875 0.253703703125 0.4859375 0.23518518593749999 0.4828125 0.23240740781250002 0.46979166718750004 0.23240740781250002 0.4682291671875 0.23518518593749999 0.4682291671875 0.275 0.47447916718750005 0.28055555625 0.484375 0.28055555625
0 0.4921875 0.45 0.49375 0.44444444375 0.4921875 0.42129629687500003 0.4760416671875 0.42129629687500003 0.47447916718750005 0.4240740734375 0.47447916718750005 0.43333333281249997 0.47760416718750004 0.44166666718750003 0.4869791671875 0.45 0.4921875 0.45
0 0.4453125 0.3240740734375 0.4421875 0.321296296875 0.43072916718750004 0.3240740734375 0.43072916718750004 0.3416666671875 0.43385416718750003 0.34722222187499996 0.4453125 0.3416666671875 0.4453125 0.3240740734375
0 0.565625 0.6888888890625 0.56875 0.6833333328125 0.56875 0.671296296875 0.565625 0.665740740625 0.5510416671875 0.665740740625 0.5505208328125 0.66851851875 0.5447916671875 0.66851851875 0.5463541671875001 0.6833333328125 0.5536458328125 0.6861111109375 0.5572916671875 0.6916666671875 0.565625 0.6888888890625
0 0.6484375 0.5796296296875 0.6453125 0.5768518515625 0.6322916671875001 0.5768518515625 0.6307291671875 0.5796296296875 0.6322916671875001 0.597222221875 0.6390625 0.597222221875 0.6484375 0.5861111109375 0.6484375 0.5796296296875
0 0.5578125 0.9083333328125001 0.5625 0.897222221875 0.5625 0.8796296296874999 0.5609375 0.8768518515625001 0.5416666671875 0.8768518515625001 0.5369791671875 0.8851851859375 0.5369791671875 0.9111111109375001 0.5385416671875001 0.9166666671874999 0.5484375 0.9166666671874999 0.5578125 0.9083333328125001
0 0.4734375 0.45 0.4765625 0.44444444375 0.4765625 0.43981481406249995 0.48125 0.43333333281249997 0.4796875 0.42129629687500003 0.46979166718750004 0.42129629687500003 0.4682291671875 0.4240740734375 0.46979166718750004 0.45 0.4734375 0.45
0 0.4703125 0.33888888906250003 0.46875 0.3129629625 0.45104166718750005 0.3101851859375 0.44947916718750003 0.3129629625 0.45104166718750005 0.34444444375 0.4671875 0.34444444375 0.4703125 0.33888888906250003
0 0.3703125 0.6574074078125001 0.3635416671875 0.6546296296875 0.3619791671875 0.66944444375 0.3635416671875 0.675 0.3671875 0.675 0.3703125 0.6574074078125001
0 0.496875 0.2666666671875 0.5 0.2611111109375 0.5 0.23518518593749999 0.4984375 0.23240740781250002 0.48854166718750003 0.23240740781250002 0.4869791671875 0.23518518593749999 0.4869791671875 0.252777778125 0.4916666671875 0.2638888890625 0.496875 0.2666666671875
0 0.659375 0.7083333328125 0.659375 0.690740740625 0.65625 0.6879629625 0.6432291671875 0.690740740625 0.6432291671875 0.7083333328125 0.6463541671875 0.7138888890625 0.653125 0.7138888890625 0.659375 0.7083333328125
0 0.390625 0.8583333328125 0.3953125 0.847222221875 0.3953125 0.8379629625 0.3921875 0.8324074078124999 0.38229166718749996 0.8324074078124999 0.3807291671875 0.8351851859374999 0.3807291671875 0.852777778125 0.3838541671875 0.8583333328125 0.390625 0.8583333328125
0 0.4328125 0.34351851875 0.41822916718750003 0.34629629687499996 0.41979166718750005 0.35555555625 0.4359375 0.352777778125 0.4359375 0.34629629687499996 0.4328125 0.34351851875
0 0.46979166718750004 0.275 0.4859375 0.272222221875 0.4875 0.246296296875 0.4859375 0.2453703703125 0.484375 0.2296296296875 0.478125 0.221296296875 0.46979166718750004 0.221296296875 0.4682291671875 0.22407407343750002 0.4682291671875 0.25 0.4713541671875 0.259259259375 0.46979166718750004 0.275
0 0.0703125 0.8638888890624999 0.0703125 0.8462962968750001 0.05729166718749999 0.8435185187500001 0.0557291671875 0.8462962968750001 0.0557291671875 0.875 0.065625 0.877777778125 0.0703125 0.8638888890624999
0 0.4515625 0.997222221875 0.45625 0.9861111109375 0.4546875 0.9712962968750001 0.45 0.965740740625 0.4447916671875 0.965740740625 0.44322916718750005 0.9685185187500001 0.44322916718750005 0.99444444375 0.4447916671875 0.997222221875 0.4515625 0.997222221875
0 0.09375 0.4574074078125 0.0921875 0.4546296296875 0.0822916671875 0.4546296296875 0.08072916718749999 0.4574074078125 0.08072916718749999 0.46666666718750005 0.08854166718749999 0.477777778125 0.09375 0.475 0.09375 0.4574074078125
0 0.09375 0.3879629625 0.0869791671875 0.39074074062499997 0.08854166718749999 0.4 0.0984375 0.397222221875 0.0984375 0.39074074062499997 0.09375 0.3879629625
0 0.65625 0.7212962968750001 0.6494791671875 0.7240740734375 0.6510416671875 0.7333333328125 0.659375 0.73055555625 0.659375 0.7240740734375 0.65625 0.7212962968750001
0 0.5578125 0.740740740625 0.5546875 0.7324074078125 0.5510416671875 0.7324074078125 0.5494791671875 0.7638888890625 0.5546875 0.7666666671875 0.5578125 0.7611111109375 0.5578125 0.740740740625
0 0.4421875 0.321296296875 0.4322916671875 0.321296296875 0.43072916718750004 0.3240740734375 0.4322916671875 0.34722222187499996 0.4453125 0.3416666671875 0.4453125 0.32685185156249996 0.4421875 0.321296296875
0 0.4135416671875 0.34629629687499996 0.4135416671875 0.35555555625 0.4171875 0.35555555625 0.4171875 0.34629629687499996 0.4135416671875 0.34629629687499996
0 0.55 0.9824074078124999 0.546875 0.9768518515625001 0.5385416671875001 0.9768518515625001 0.5369791671875 0.9796296296874999 0.5369791671875 0.997222221875 0.5484375 0.997222221875 0.55 0.9824074078124999
0 0.671875 0.7 0.675 0.6916666671875 0.675 0.6796296296875 0.6697916671875 0.6768518515624999 0.6666666671875 0.6824074078125 0.6666666671875 0.6898148140625 0.6645833328124999 0.690740740625 0.6609375 0.6796296296875 0.6510416671875 0.6768518515624999 0.6494791671875 0.70555555625 0.6510416671875 0.7111111109375 0.6671875 0.7083333328125 0.66875 0.7009259265625001 0.671875 0.7
0 0.5421875 0.8796296296874999 0.5322916671875 0.8796296296874999 0.5307291671875001 0.9083333328125001 0.540625 0.9111111109375001 0.54375 0.9 0.5421875 0.8796296296874999
0 0.5140625 0.7361111109375 0.5145833328125 0.7333333328125 0.521875 0.73055555625 0.521875 0.7240740734375 0.5171875 0.7129629625 0.5088541671875 0.7101851859375 0.5057291671875 0.715740740625 0.5057291671875 0.73055555625 0.5072916671875001 0.73148148125 0.5088541671875 0.7388888890625 0.5140625 0.7361111109375
0 0.484375 0.252777778125 0.4859375 0.25 0.484375 0.2296296296875 0.478125 0.221296296875 0.46979166718750004 0.221296296875 0.4682291671875 0.22407407343750002 0.46979166718750004 0.24722222187499998 0.4760416671875 0.252777778125 0.484375 0.252777778125