0 0.1 0.06796875 0.04609375 0.08828125
0 0.05390625 0.40859375 0.04921875 0.0796875
0 0.38828125 0.5859375 0.0484375 0.090625
0 0.28515625 0.671875 0.04765625 0.084375
0 0.40234375 0.4453125 0.04296875 0.06875
0 0.4859375 0.2828125 0.04921875 0.09765625
0 0.54609375 0.321875 0.04921875 0.09296875
0 0.6078125 0.259375 0.053125 0.1015625
0 0.74921875 0.25859375 0.03515625 0.0765625
0 0.784375 0.41953125 0.03359375 0.0609375
0 0.81328125 0.2828125 0.0421875 0.0875
0 0.86328125 0.296875 0.04140625 0.0828125
0 0.96015625 0.44296875 0.04453125 0.065625
0 0.89453125 0.11484375 0.0484375 0.08046875
0 0.95078125 0.19140625 0.03984375 0.0703125
0 0.834375 0.92421875 0.03359375 0.04921875
0 0.7765625 0.89296875 0.02734375 0.04921875
0 0.60703125 0.95859375 0.02578125 0.03984375
0 0.4015625 0.975 0.03125 0.05
0 0.715625 0.31484375 0.0328125 0.0484375
0 0.9796875 0.31953125 0.03984375 0.06875