0 0.4091796875 0.27777777812500004 0.4033203125 0.27777777812500004 0.4013671875 0.27430555624999997 0.3896484375 0.28125 0.384765625 0.28993055624999997 0.3828125 0.30381944375000003 0.38671875 0.32118055624999997 0.3935546875 0.3333333328125 0.40234375 0.33506944375000003 0.412109375 0.33159722187499996 0.416015625 0.3107638890625 0.416015625 0.28993055624999997 0.4091796875 0.27777777812500004
0 0.0205078125 0.875 0.013671875 0.890625 0.015625 0.9114583328125001 0.0224609375 0.9236111109375 0.0263671875 0.9270833328125001 0.03125 0.925347221875 0.0390625 0.918402778125 0.041015625 0.8975694437499999 0.0341796875 0.8819444437499999 0.0205078125 0.875
0 0.1787109375 0.3888888890625 0.1708984375 0.3854166671875 0.1630859375 0.3645833328125 0.1572265625 0.3645833328125 0.1552734375 0.3611111109375 0.1455078125 0.3645833328125 0.140625 0.3767361109375 0.140625 0.4010416671875 0.142578125 0.4079861109375 0.1513671875 0.4270833328125 0.1591796875 0.43402777812500004 0.171875 0.4357638890625 0.1748046875 0.43402777812500004 0.177734375 0.42534722187499996 0.181640625 0.39409722187499996 0.1787109375 0.3888888890625
0 0.431640625 0.578125 0.427734375 0.5642361109375 0.4208984375 0.5520833328125 0.4091796875 0.5520833328125 0.3974609375 0.5625 0.388671875 0.581597221875 0.390625 0.6024305562500001 0.3974609375 0.6145833328125 0.4091796875 0.621527778125 0.421875 0.6197916671875 0.42578125 0.6163194437499999 0.42578125 0.605902778125 0.431640625 0.5954861109375 0.431640625 0.578125
0 0.4443359375 0.6423611109375 0.435546875 0.6510416671875 0.431640625 0.668402778125 0.4423828125 0.7013888890625 0.4541015625 0.7083333328125 0.45703125 0.706597221875 0.466796875 0.6857638890625 0.466796875 0.6579861109375 0.4599609375 0.6423611109375 0.4443359375 0.6423611109375
0 0.943359375 0.7274305562500001 0.94140625 0.7170138890625 0.9306640625 0.715277778125 0.9189453125 0.6979166671875 0.9091796875 0.7013888890625 0.904296875 0.7135416671875 0.904296875 0.7274305562500001 0.908203125 0.7413194437499999 0.9150390625 0.753472221875 0.9208984375 0.7569444437499999 0.9296875 0.7552083328125 0.9365234375 0.75 0.94140625 0.7413194437499999 0.94140625 0.730902778125 0.943359375 0.7274305562500001
0 0.9130859375 0 0.912109375 0.0052083328125 0.9140625 0.00868055625 0.908203125 0.019097221875 0.908203125 0.0329861109375 0.91015625 0.03993055625 0.9169921875 0.0486111109375 0.927734375 0.053819443749999994 0.9326171875 0.05208333281250001 0.939453125 0.043402778125 0.939453125 0.0052083328125 0.9365234375 0 0.9130859375 0
0 0.3466796875 0.652777778125 0.3388671875 0.652777778125 0.3310546875 0.659722221875 0.32421875 0.671875 0.32421875 0.6788194437499999 0.3330078125 0.7013888890625 0.34375 0.699652778125 0.3466796875 0.6979166671875 0.349609375 0.6892361109375 0.3515625 0.6614583328125 0.3466796875 0.652777778125
0 0.41796875 0.02256944375 0.4072265625 0.010416667187500001 0.3935546875 0.013888889062500001 0.388671875 0.0260416671875 0.388671875 0.0364583328125 0.392578125 0.053819443749999994 0.4072265625 0.06944444375 0.4140625 0.06770833281250001 0.4169921875 0.065972221875 0.421875 0.053819443749999994 0.421875 0.0364583328125 0.41796875 0.02256944375
0 0.8681640625 0.08333333281250001 0.8564453125 0.07986111093750001 0.8427734375 0.090277778125 0.837890625 0.09895833281250001 0.837890625 0.1197916671875 0.8505859375 0.1458333328125 0.8564453125 0.14930555625 0.861328125 0.14756944375 0.87109375 0.13368055625 0.873046875 0.1232638890625 0.873046875 0.09548611093750001 0.8681640625 0.08333333281250001
0 0.8193359375 0.3923611109375 0.8154296875 0.3923611109375 0.8095703125 0.3854166671875 0.8017578125 0.3854166671875 0.791015625 0.4045138890625 0.787109375 0.4357638890625 0.7890625 0.4427083328125 0.7978515625 0.4548611109375 0.8037109375 0.4583333328125 0.8203125 0.45659722187499996 0.828125 0.4392361109375 0.830078125 0.42881944375 0.826171875 0.4079861109375 0.8193359375 0.3923611109375
0 0.6748046875 0.23263888906250002 0.6669921875 0.23263888906250002 0.654296875 0.2552083328125 0.654296875 0.26909722187499996 0.6650390625 0.2916666671875 0.6708984375 0.2951388890625 0.67578125 0.29340277812500004 0.6806640625 0.2916666671875 0.685546875 0.2795138890625 0.685546875 0.2552083328125 0.6748046875 0.23263888906250002
0 0.80078125 0.03993055625 0.796875 0.053819443749999994 0.796875 0.07118055625 0.8076171875 0.08680555625 0.814453125 0.08506944375 0.8203125 0.081597221875 0.82421875 0.0364583328125 0.8095703125 0.027777778125000003 0.80078125 0.03993055625
0 0.701171875 0.543402778125 0.6962890625 0.534722221875 0.6806640625 0.53125 0.666015625 0.5538194437499999 0.666015625 0.5607638890625 0.6728515625 0.5798611109375 0.685546875 0.578125 0.6884765625 0.5555555562500001 0.6962890625 0.565972221875 0.701171875 0.5607638890625 0.701171875 0.543402778125
0 0.5205078125 0.5798611109375 0.5234375 0.5711805562500001 0.5234375 0.5572916671875 0.5107421875 0.5381944437499999 0.4970703125 0.5381944437499999 0.4931640625 0.5416666671875 0.48828125 0.550347221875 0.48828125 0.574652778125 0.4931640625 0.5833333328125 0.498046875 0.5850694437499999 0.5009765625 0.5798611109375 0.5107421875 0.5798611109375 0.5126953125 0.5833333328125 0.5205078125 0.5798611109375
0 0.7783203125 0.4583333328125 0.7626953125 0.46180555625 0.7568359375 0.46875 0.75390625 0.47743055625 0.75390625 0.4982638890625 0.7666015625 0.5173611109375 0.7705078125 0.5208333328125 0.7734375 0.519097221875 0.7822265625 0.5138888890625 0.787109375 0.5017361109375 0.78515625 0.4704861109375 0.7783203125 0.4583333328125
0 0.498046875 0.078125 0.4970703125 0.090277778125 0.4853515625 0.08680555625 0.48046875 0.09895833281250001 0.4853515625 0.1111111109375 0.4970703125 0.121527778125 0.513671875 0.1197916671875 0.515625 0.08854166718749999 0.5087890625 0.07291666718749999 0.5009765625 0.07291666718749999 0.498046875 0.078125
0 0.4013671875 0.7604166671875 0.3955078125 0.7604166671875 0.390625 0.7725694437499999 0.3876953125 0.7743055562500001 0.3798828125 0.7638888890625 0.3740234375 0.7638888890625 0.373046875 0.7760416671875 0.375 0.7795138890625 0.376953125 0.800347221875 0.3837890625 0.809027778125 0.396484375 0.8072916671874999 0.400390625 0.8038194437499999 0.40625 0.7829861109375 0.40625 0.769097221875 0.4013671875 0.7604166671875
0 0 0.06770833281250001 0.00390625 0.074652778125 0.005859375 0.08506944375 0.0087890625 0.090277778125 0.029296875 0.08854166718749999 0.03125 0.08506944375 0.029296875 0.053819443749999994 0.0185546875 0.03819444375 0.0048828125 0.034722221875 0 0.043402778125 0 0.06770833281250001
0 0.5859375 0.35590277812500004 0.5859375 0.3489583328125 0.5751953125 0.3263888890625 0.5673828125 0.31944444375000003 0.5595703125 0.31944444375000003 0.552734375 0.328125 0.552734375 0.33506944375000003 0.546875 0.3454861109375 0.546875 0.36284722187499996 0.5556640625 0.37847222187499996 0.572265625 0.38368055624999997 0.576171875 0.3767361109375 0.5703125 0.36284722187499996 0.5830078125 0.3611111109375 0.5859375 0.35590277812500004
0 0.6748046875 0.09375 0.6591796875 0.09375 0.6552734375 0.097222221875 0.65234375 0.1232638890625 0.65625 0.14409722187500001 0.6591796875 0.14930555625 0.67578125 0.14756944375 0.68359375 0.13368055625 0.68359375 0.112847221875 0.6796875 0.09895833281250001 0.6748046875 0.09375
0 0.8798828125 0 0.875 0.02256944375 0.875 0.05729166718749999 0.876953125 0.06423611093750001 0.8857421875 0.07638888906249999 0.896484375 0.074652778125 0.908203125 0.050347221875 0.90625 0.03993055625 0.908203125 0.012152778125 0.9013671875 0 0.8798828125 0
0 0.787109375 0.012152778125 0.7958984375 0.027777778125000003 0.814453125 0.0260416671875 0.8203125 0.015625 0.8193359375 0 0.78515625 0.0017361109374999999 0.787109375 0.012152778125
0 0.3935546875 0.1875 0.3876953125 0.19097222187500001 0.380859375 0.203125 0.380859375 0.22395833281250002 0.3857421875 0.23263888906250002 0.3916015625 0.22916666718749998 0.3974609375 0.23263888906250002 0.40625 0.230902778125 0.412109375 0.22048611093749998 0.412109375 0.203125 0.4052734375 0.19097222187500001 0.3935546875 0.1875
0 0.337890625 0.39409722187499996 0.3291015625 0.38194444375000003 0.3193359375 0.38194444375000003 0.31640625 0.38715277812500004 0.31640625 0.41493055625 0.3125 0.42534722187499996 0.3125 0.4322916671875 0.3154296875 0.4375 0.33203125 0.4357638890625 0.337890625 0.42881944375 0.337890625 0.41840277812500004 0.33984375 0.41493055625 0.337890625 0.39409722187499996
0 0.1748046875 0 0.169921875 0.012152778125 0.171875 0.0295138890625 0.1826171875 0.055555556250000006 0.1865234375 0.059027778125 0.193359375 0.05729166718749999 0.2001953125 0.05208333281250001 0.205078125 0.043402778125 0.185546875 0.00868055625 0.1845703125 0 0.1748046875 0
0 0.96875 0.112847221875 0.9619140625 0.1041666671875 0.9462890625 0.1041666671875 0.939453125 0.112847221875 0.9375 0.1232638890625 0.939453125 0.140625 0.9423828125 0.14930555625 0.95703125 0.1510416671875 0.95703125 0.14756944375 0.970703125 0.12673611093749998 0.970703125 0.1197916671875 0.96875 0.112847221875
0 0.9052734375 0.18402777812499999 0.89453125 0.19618055625 0.89453125 0.21354166718749998 0.9091796875 0.23958333281250002 0.921875 0.237847221875 0.931640625 0.22395833281250002 0.931640625 0.21701388906250002 0.9130859375 0.18402777812499999 0.9052734375 0.18402777812499999
0 0.5771484375 0.23958333281250002 0.5634765625 0.23611111093749998 0.5546875 0.24826388906250002 0.5546875 0.26215277812500004 0.5595703125 0.2708333328125 0.56640625 0.27256944375000003 0.564453125 0.2829861109375 0.5654296875 0.2916666671875 0.576171875 0.29340277812500004 0.5810546875 0.2916666671875 0.5859375 0.2829861109375 0.5859375 0.2552083328125 0.5771484375 0.23958333281250002
0 0.548828125 0.9704861109375 0.548828125 0.987847221875 0.5537109375 1 0.568359375 0.9982638890625 0.568359375 0.984375 0.5595703125 0.965277778125 0.5517578125 0.965277778125 0.548828125 0.9704861109375
0 0.84375 0.24826388906250002 0.84375 0.237847221875 0.8388671875 0.22916666718749998 0.8291015625 0.22916666718749998 0.82421875 0.237847221875 0.82421875 0.24479166718749998 0.8125 0.265625 0.818359375 0.28993055624999997 0.8251953125 0.3020833328125 0.8291015625 0.30555555624999997 0.833984375 0.30381944375000003 0.8427734375 0.2986111109375 0.84765625 0.28993055624999997 0.84765625 0.26215277812500004 0.84375 0.24826388906250002
0 0.2138671875 0.7951388890625 0.2080078125 0.809027778125 0.201171875 0.8142361109375 0.201171875 0.8350694437499999 0.2041015625 0.840277778125 0.21484375 0.8385416671874999 0.22265625 0.8211805562500001 0.22265625 0.800347221875 0.2197265625 0.7951388890625 0.2138671875 0.7951388890625
0 0.16796875 0.21701388906250002 0.1630859375 0.20833333281250002 0.1533203125 0.20138888906250002 0.1435546875 0.20138888906250002 0.1396484375 0.20486111093749998 0.13671875 0.21354166718749998 0.140625 0.22395833281250002 0.140625 0.237847221875 0.138671875 0.24131944375 0.140625 0.2517361109375 0.1533203125 0.2604166671875 0.158203125 0.25868055624999997 0.16015625 0.24826388906250002 0.1669921875 0.23958333281250002 0.169921875 0.230902778125 0.16796875 0.21701388906250002
0 0.1025390625 0.6319444437499999 0.095703125 0.644097221875 0.095703125 0.6579861109375 0.1025390625 0.6736111109375 0.11328125 0.671875 0.12109375 0.6579861109375 0.12109375 0.6510416671875 0.1064453125 0.6319444437499999 0.1025390625 0.6319444437499999
0 0.4013671875 0.06944444375 0.3974609375 0.0625 0.3876953125 0.065972221875 0.384765625 0.07118055625 0.384765625 0.09895833281250001 0.38671875 0.105902778125 0.3955078125 0.1145833328125 0.3994140625 0.1111111109375 0.41015625 0.112847221875 0.416015625 0.09895833281250001 0.416015625 0.081597221875 0.4111328125 0.07291666718749999 0.4013671875 0.06944444375
0 0.166015625 0.6232638890625 0.166015625 0.605902778125 0.1630859375 0.6006944437499999 0.1591796875 0.6006944437499999 0.154296875 0.605902778125 0.154296875 0.6232638890625 0.146484375 0.637152778125 0.146484375 0.6510416671875 0.1513671875 0.6666666671875 0.162109375 0.6649305562500001 0.171875 0.6579861109375 0.173828125 0.6510416671875 0.173828125 0.6336805562500001 0.166015625 0.6232638890625
0 0.4873046875 0.4479166671875 0.4755859375 0.44097222187499996 0.46875 0.453125 0.46875 0.4704861109375 0.470703125 0.47743055625 0.4833984375 0.49652777812500004 0.490234375 0.4947916671875 0.494140625 0.48784722187499996 0.4921875 0.484375 0.4921875 0.46006944375 0.4873046875 0.4479166671875
0 0.73828125 0.05729166718749999 0.7333984375 0.0486111109375 0.7119140625 0.0451388890625 0.708984375 0.050347221875 0.708984375 0.06423611093750001 0.712890625 0.08506944375 0.720703125 0.08506944375 0.7236328125 0.07986111093750001 0.7333984375 0.07986111093750001 0.736328125 0.074652778125 0.73828125 0.05729166718749999
0 0.5771484375 0.5 0.5712890625 0.5 0.564453125 0.5086805562500001 0.5625 0.5364583328125 0.5732421875 0.5625 0.583984375 0.5607638890625 0.5859375 0.550347221875 0.580078125 0.5295138890625 0.580078125 0.5052083328125 0.5771484375 0.5
0 0.205078125 0.6475694437499999 0.203125 0.637152778125 0.1943359375 0.621527778125 0.1923828125 0.621527778125 0.189453125 0.6302083328125 0.1884765625 0.6458333328125 0.1845703125 0.6458333328125 0.1806640625 0.6354166671875 0.17578125 0.640625 0.173828125 0.671875 0.1767578125 0.6805555562500001 0.1806640625 0.684027778125 0.18359375 0.6822916671875 0.1884765625 0.6770833328125 0.1943359375 0.6770833328125 0.203125 0.6579861109375 0.205078125 0.6475694437499999
0 0.701171875 0.15798611093749998 0.69921875 0.16493055625 0.69921875 0.1822916671875 0.7021484375 0.1875 0.724609375 0.18576388906250002 0.724609375 0.171875 0.7177734375 0.15625 0.7060546875 0.15277777812499999 0.701171875 0.15798611093749998
0 0.5029296875 0.28819444375000003 0.4912109375 0.27430555624999997 0.490234375 0.29340277812500004 0.49609375 0.3142361109375 0.5009765625 0.31944444375000003 0.50390625 0.3177083328125 0.5146484375 0.31597222187499996 0.517578125 0.3107638890625 0.515625 0.28993055624999997 0.5029296875 0.28819444375000003
0 0.4169921875 0.722222221875 0.412109375 0.730902778125 0.412109375 0.7482638890625 0.4248046875 0.7673611109375 0.4296875 0.765625 0.43359375 0.7552083328125 0.435546875 0.730902778125 0.4326171875 0.7256944437499999 0.4169921875 0.722222221875
0 0.1591796875 0.10069444375 0.154296875 0.109375 0.1484375 0.1302083328125 0.1484375 0.13715277812499999 0.1552734375 0.1458333328125 0.1640625 0.14756944375 0.169921875 0.140625 0.169921875 0.1197916671875 0.16796875 0.112847221875 0.1591796875 0.10069444375
0 0.66796875 0.8732638890625 0.6650390625 0.8680555562500001 0.6591796875 0.8645833328125001 0.6572265625 0.8680555562500001 0.6396484375 0.8645833328125001 0.6357421875 0.871527778125 0.6298828125 0.871527778125 0.6279296875 0.8680555562500001 0.62109375 0.8802083328125001 0.62109375 0.890625 0.6259765625 0.8993055562500001 0.6298828125 0.8993055562500001 0.6337890625 0.8923611109375 0.6396484375 0.8888888890625 0.6533203125 0.8958333328125001 0.66015625 0.9288194437499999 0.669921875 0.9288194437499999 0.671875 0.925347221875 0.671875 0.9045138890625 0.66796875 0.887152778125 0.66796875 0.8732638890625
0 0.0009765625 0.9375 0 0.984375 0.00390625 0.984375 0.009765625 0.9670138890625 0.009765625 0.949652778125 0.0068359375 0.940972221875 0.0009765625 0.9375
0 0.5244140625 0.24305555625 0.5166015625 0.24305555625 0.513671875 0.25868055624999997 0.515625 0.27256944375000003 0.525390625 0.27256944375000003 0.5302734375 0.2708333328125 0.533203125 0.265625 0.529296875 0.24826388906250002 0.5244140625 0.24305555625
0 0.6650390625 0.8680555562500001 0.6611328125 0.8645833328125001 0.6552734375 0.8680555562500001 0.6396484375 0.8645833328125001 0.6357421875 0.871527778125 0.6259765625 0.871527778125 0.62109375 0.8802083328125001 0.62109375 0.887152778125 0.6259765625 0.8993055562500001 0.6298828125 0.8993055562500001 0.6337890625 0.8923611109375 0.6396484375 0.8888888890625 0.6513671875 0.8958333328125001 0.65625 0.9045138890625 0.66015625 0.9288194437499999 0.669921875 0.9288194437499999 0.673828125 0.918402778125 0.671875 0.9149305562500001 0.66796875 0.8732638890625 0.6650390625 0.8680555562500001
0 0.798828125 0.22048611093749998 0.80078125 0.2517361109375 0.8095703125 0.2673611109375 0.814453125 0.265625 0.822265625 0.24131944375 0.8095703125 0.21180555625 0.8037109375 0.21180555625 0.798828125 0.22048611093749998
0 0.7822265625 0.9201388890625 0.77734375 0.9288194437499999 0.7861328125 0.9479166671874999 0.7900390625 0.9513888890625 0.80078125 0.949652778125 0.8046875 0.9357638890625 0.8046875 0.921875 0.8017578125 0.9166666671874999 0.7822265625 0.9201388890625
0 0.5166015625 0.24305555625 0.513671875 0.2552083328125 0.515625 0.27256944375000003 0.52734375 0.27256944375000003 0.533203125 0.265625 0.533203125 0.25868055624999997 0.5283203125 0.246527778125 0.5166015625 0.24305555625
0 0.8017578125 0.9166666671874999 0.7880859375 0.9201388890625 0.783203125 0.9288194437499999 0.783203125 0.9392361109375 0.7900390625 0.9513888890625 0.794921875 0.953125 0.7998046875 0.9513888890625 0.8046875 0.9392361109375 0.8046875 0.921875 0.8017578125 0.9166666671874999
0 0.8154296875 0.2986111109375 0.8037109375 0.2916666671875 0.798828125 0.30034722187499996 0.798828125 0.3107638890625 0.8017578125 0.31597222187499996 0.8056640625 0.31597222187499996 0.8115234375 0.3263888890625 0.8203125 0.32465277812500004 0.822265625 0.32118055624999997 0.8203125 0.3177083328125 0.8203125 0.3072916671875 0.8154296875 0.2986111109375
0 0.9599609375 0.1979166671875 0.955078125 0.21006944375 0.9619140625 0.22569444375 0.966796875 0.22395833281250002 0.974609375 0.21354166718749998 0.974609375 0.206597221875 0.9716796875 0.1979166671875 0.9599609375 0.1979166671875
0 0.6611328125 0.8645833328125001 0.6552734375 0.8680555562500001 0.6455078125 0.8680555562500001 0.6435546875 0.8645833328125001 0.6396484375 0.8680555562500001 0.638671875 0.8836805562500001 0.6416015625 0.8888888890625 0.6513671875 0.8923611109375 0.654296875 0.8975694437499999 0.658203125 0.921875 0.66015625 0.9288194437499999 0.6630859375 0.934027778125 0.6640625 0.9322916671874999 0.6708984375 0.9305555562500001 0.673828125 0.921875 0.66796875 0.8732638890625 0.6611328125 0.8645833328125001
0 0.1591796875 0.10069444375 0.154296875 0.109375 0.1484375 0.1302083328125 0.1484375 0.13715277812499999 0.1572265625 0.1458333328125 0.158203125 0.1614583328125 0.162109375 0.1614583328125 0.169921875 0.140625 0.169921875 0.1197916671875 0.16796875 0.112847221875 0.1591796875 0.10069444375
0 0.5146484375 0.28472222187499996 0.5087890625 0.28819444375000003 0.501953125 0.2795138890625 0.501953125 0.265625 0.4951171875 0.25 0.48828125 0.2864583328125 0.494140625 0.3107638890625 0.4990234375 0.31944444375000003 0.505859375 0.3177083328125 0.5146484375 0.31597222187499996 0.517578125 0.3107638890625 0.517578125 0.29340277812500004 0.5146484375 0.28472222187499996
0 0.5107421875 0.6666666671875 0.4990234375 0.6631944437499999 0.4921875 0.671875 0.49609375 0.6927083328125 0.49609375 0.706597221875 0.4990234375 0.7083333328125 0.5048828125 0.722222221875 0.5107421875 0.7291666671875 0.513671875 0.7274305562500001 0.517578125 0.7170138890625 0.515625 0.6822916671875 0.51171875 0.675347221875 0.5107421875 0.6666666671875