0 0.451171875 0.9045138890625 0.4462890625 0.8958333328125001 0.4423828125 0.8923611109375 0.4306640625 0.8923611109375 0.4208984375 0.8993055562500001 0.4140625 0.9114583328125001 0.412109375 0.9322916671874999 0.4140625 0.9357638890625 0.4140625 0.949652778125 0.4189453125 0.9583333328125001 0.4267578125 0.965277778125 0.4375 0.9635416671874999 0.4423828125 0.9618055562500001 0.455078125 0.9392361109375 0.455078125 0.921875 0.451171875 0.9045138890625
0 0.275390625 0.7517361109375 0.2734375 0.734375 0.2705078125 0.7256944437499999 0.2607421875 0.715277778125 0.2431640625 0.715277778125 0.232421875 0.737847221875 0.232421875 0.769097221875 0.2392578125 0.784722221875 0.2451171875 0.784722221875 0.2470703125 0.7881944437499999 0.2578125 0.7864583328125 0.2646484375 0.78125 0.2734375 0.765625 0.2734375 0.7552083328125 0.275390625 0.7517361109375
0 0.22265625 0.4357638890625 0.2060546875 0.4201388890625 0.1923828125 0.4270833328125 0.185546875 0.4392361109375 0.177734375 0.4635416671875 0.177734375 0.4704861109375 0.1962890625 0.49305555625 0.21875 0.49131944375 0.224609375 0.484375 0.228515625 0.4704861109375 0.228515625 0.453125 0.22265625 0.4357638890625
0 0.46875 0.30034722187499996 0.4560546875 0.27430555624999997 0.4482421875 0.2673611109375 0.4365234375 0.2708333328125 0.423828125 0.28993055624999997 0.421875 0.30034722187499996 0.423828125 0.33159722187499996 0.4384765625 0.35069444375000003 0.455078125 0.3489583328125 0.4619140625 0.34375 0.466796875 0.33506944375000003 0.46875 0.328125 0.46875 0.30034722187499996
0 0.4013671875 0.7951388890625 0.39453125 0.8038194437499999 0.392578125 0.8211805562500001 0.388671875 0.828125 0.388671875 0.8385416671874999 0.392578125 0.8489583328125001 0.4013671875 0.8611111109375 0.4140625 0.859375 0.423828125 0.8454861109375 0.42578125 0.8142361109375 0.4091796875 0.7951388890625 0.4013671875 0.7951388890625
0 0.51171875 0.5885416671875 0.509765625 0.581597221875 0.4990234375 0.5694444437499999 0.4931640625 0.5694444437499999 0.4912109375 0.565972221875 0.4892578125 0.5694444437499999 0.4775390625 0.5694444437499999 0.4697265625 0.5763888890625 0.4609375 0.5954861109375 0.4609375 0.605902778125 0.458984375 0.609375 0.4609375 0.6267361109375 0.4697265625 0.6458333328125 0.4775390625 0.652777778125 0.4912109375 0.65625 0.4931640625 0.659722221875 0.498046875 0.6579861109375 0.505859375 0.6475694437499999 0.5078125 0.6267361109375 0.51171875 0.6163194437499999 0.51171875 0.5885416671875
0 0.4794921875 0.7881944437499999 0.4736328125 0.7951388890625 0.470703125 0.793402778125 0.47265625 0.7829861109375 0.46875 0.769097221875 0.470703125 0.7447916671875 0.4658203125 0.7395833328125 0.4638671875 0.7430555562500001 0.4560546875 0.7430555562500001 0.4541015625 0.7569444437499999 0.4443359375 0.7604166671875 0.439453125 0.769097221875 0.439453125 0.8038194437499999 0.44140625 0.8107638890625 0.4541015625 0.8298611109375 0.466796875 0.828125 0.4755859375 0.8229166671874999 0.48046875 0.8142361109375 0.482421875 0.793402778125 0.4794921875 0.7881944437499999
0 0.23046875 0.7552083328125 0.2275390625 0.75 0.2236328125 0.75 0.2138671875 0.7604166671875 0.2119140625 0.7569444437499999 0.2021484375 0.7604166671875 0.19921875 0.769097221875 0.19921875 0.7899305562500001 0.201171875 0.796875 0.2177734375 0.815972221875 0.224609375 0.8142361109375 0.2333984375 0.809027778125 0.240234375 0.793402778125 0.23046875 0.762152778125 0.23046875 0.7552083328125
0 0.7490234375 0.5138888890625 0.74609375 0.519097221875 0.74609375 0.5295138890625 0.75 0.5399305562500001 0.7490234375 0.5520833328125 0.7294921875 0.5416666671875 0.7255859375 0.5451388890625 0.720703125 0.5572916671875 0.72265625 0.5711805562500001 0.7294921875 0.5833333328125 0.7392578125 0.590277778125 0.75 0.5885416671875 0.767578125 0.5538194437499999 0.767578125 0.5364583328125 0.7587890625 0.5138888890625 0.7490234375 0.5138888890625
0 0.1318359375 0.1458333328125 0.1162109375 0.1354166671875 0.1103515625 0.13888888906250002 0.10546875 0.1510416671875 0.111328125 0.1822916671875 0.1142578125 0.1875 0.1171875 0.18576388906250002 0.1318359375 0.1770833328125 0.134765625 0.171875 0.13671875 0.15451388906250002 0.1318359375 0.1458333328125
0 0.482421875 0.06770833281250001 0.482421875 0.03993055625 0.4697265625 0.0208333328125 0.4560546875 0.0173611109375 0.4462890625 0.02430555625 0.44140625 0.0329861109375 0.4375 0.046875 0.4375 0.07118055625 0.439453125 0.081597221875 0.4462890625 0.09375 0.4521484375 0.10069444375 0.462890625 0.10243055625 0.4677734375 0.10069444375 0.46875 0.09548611093750001 0.48046875 0.078125 0.482421875 0.06770833281250001
0 0.4287109375 0.03125 0.4208984375 0.02430555625 0.4150390625 0.02430555625 0.4130859375 0.027777778125000003 0.4072265625 0.027777778125000003 0.39453125 0.046875 0.392578125 0.06770833281250001 0.3994140625 0.10069444375 0.4111328125 0.1111111109375 0.421875 0.109375 0.435546875 0.09548611093750001 0.4375 0.08854166718749999 0.4375 0.05729166718749999 0.4287109375 0.03125
0 0.1162109375 0.0173611109375 0.1025390625 0.0173611109375 0.0986328125 0.0208333328125 0.095703125 0.0260416671875 0.091796875 0.046875 0.091796875 0.06770833281250001 0.0986328125 0.07986111093750001 0.1064453125 0.08680555625 0.12109375 0.08506944375 0.130859375 0.07118055625 0.1328125 0.043402778125 0.12890625 0.0295138890625 0.1162109375 0.0173611109375
0 0.119140625 0.48784722187499996 0.115234375 0.47743055625 0.1044921875 0.46180555625 0.0947265625 0.46180555625 0.091796875 0.4670138890625 0.091796875 0.48784722187499996 0.09375 0.49131944375 0.091796875 0.5052083328125 0.078125 0.5260416671875 0.0849609375 0.5416666671875 0.0947265625 0.5486111109375 0.099609375 0.546875 0.1142578125 0.534722221875 0.12109375 0.512152778125 0.12109375 0.4947916671875 0.119140625 0.48784722187499996
0 0.193359375 0.105902778125 0.1845703125 0.09375 0.1689453125 0.09375 0.1552734375 0.1041666671875 0.1484375 0.1197916671875 0.1484375 0.13715277812499999 0.150390625 0.14409722187500001 0.1611328125 0.16319444375 0.1689453125 0.17013888906250002 0.181640625 0.16840277812499999 0.1845703125 0.1666666671875 0.197265625 0.140625 0.197265625 0.1197916671875 0.193359375 0.105902778125
0 0.119140625 0.7239583328125 0.119140625 0.7135416671875 0.1123046875 0.6979166671875 0.1064453125 0.6944444437499999 0.0888671875 0.6979166671875 0.0830078125 0.7048611109375 0.076171875 0.7204861109375 0.07421875 0.737847221875 0.076171875 0.7413194437499999 0.078125 0.762152778125 0.0888671875 0.7708333328125 0.095703125 0.769097221875 0.1025390625 0.7673611109375 0.107421875 0.7586805562500001 0.115234375 0.730902778125 0.119140625 0.7239583328125
0 0.587890625 0.1197916671875 0.58984375 0.109375 0.5810546875 0.10069444375 0.5732421875 0.10069444375 0.5615234375 0.1076388890625 0.55859375 0.11631944375 0.564453125 0.1232638890625 0.564453125 0.1302083328125 0.556640625 0.140625 0.556640625 0.1510416671875 0.5615234375 0.15972222187500001 0.5693359375 0.15972222187500001 0.5712890625 0.16319444375 0.5859375 0.1614583328125 0.5908203125 0.15625 0.595703125 0.14409722187500001 0.595703125 0.13715277812499999 0.587890625 0.1197916671875
0 0.0888671875 0.4479166671875 0.0693359375 0.44097222187499996 0.0556640625 0.4513888890625 0.044921875 0.4670138890625 0.04296875 0.4739583328125 0.04296875 0.4982638890625 0.046875 0.512152778125 0.0556640625 0.5243055562500001 0.0615234375 0.5243055562500001 0.0634765625 0.527777778125 0.076171875 0.5260416671875 0.0830078125 0.5208333328125 0.091796875 0.5017361109375 0.091796875 0.46006944375 0.0888671875 0.4479166671875
0 0.083984375 0.237847221875 0.0869140625 0.23263888906250002 0.0888671875 0.23263888906250002 0.0947265625 0.246527778125 0.1015625 0.237847221875 0.0986328125 0.222222221875 0.0810546875 0.21180555625 0.0791015625 0.215277778125 0.0712890625 0.215277778125 0.0625 0.22743055625 0.060546875 0.234375 0.060546875 0.25868055624999997 0.0634765625 0.2638888890625 0.076171875 0.27256944375000003 0.083984375 0.26215277812500004 0.08203125 0.2517361109375 0.083984375 0.24826388906250002 0.083984375 0.237847221875
0 0.2060546875 0.1111111109375 0.197265625 0.1197916671875 0.197265625 0.13715277812499999 0.2001953125 0.14236111093749998 0.2041015625 0.14236111093749998 0.2216796875 0.15972222187500001 0.224609375 0.15798611093749998 0.2265625 0.15451388906250002 0.2265625 0.13715277812499999 0.2177734375 0.11805555625 0.2060546875 0.1111111109375
0 0.083984375 0.5711805562500001 0.0693359375 0.5486111109375 0.0478515625 0.559027778125 0.041015625 0.5711805562500001 0.0390625 0.581597221875 0.0390625 0.5954861109375 0.0458984375 0.6180555562500001 0.0625 0.6163194437499999 0.0810546875 0.597222221875 0.0859375 0.5850694437499999 0.083984375 0.581597221875 0.083984375 0.5711805562500001
0 0.4814453125 0.03819444375 0.482421875 0.06423611093750001 0.48046875 0.06770833281250001 0.48046875 0.078125 0.482421875 0.08506944375 0.4892578125 0.09375 0.501953125 0.09201388906249999 0.505859375 0.078125 0.50390625 0.0607638890625 0.4892578125 0.03819444375 0.4814453125 0.03819444375
0 0.7216796875 0.20833333281250002 0.7177734375 0.20833333281250002 0.71484375 0.21354166718749998 0.71484375 0.234375 0.7177734375 0.23958333281250002 0.72265625 0.237847221875 0.7265625 0.230902778125 0.7265625 0.22395833281250002 0.724609375 0.21354166718749998 0.7216796875 0.20833333281250002
0 0.689453125 0.203125 0.693359375 0.230902778125 0.7001953125 0.23958333281250002 0.70703125 0.237847221875 0.70703125 0.22743055625 0.701171875 0.203125 0.6943359375 0.19444444375 0.689453125 0.203125
0 0.7099609375 0.16319444375 0.701171875 0.171875 0.701171875 0.17534722187500001 0.7060546875 0.1770833328125 0.7158203125 0.1979166671875 0.71875 0.19618055625 0.7236328125 0.18402777812499999 0.734375 0.1822916671875 0.7275390625 0.1666666671875 0.7099609375 0.16319444375
0 0.0595703125 0.3125 0.0419921875 0.30902777812500004 0.03125 0.3385416671875 0.0380859375 0.35069444375000003 0.0419921875 0.35069444375000003 0.044921875 0.33506944375000003 0.0498046875 0.3229166671875 0.05078125 0.33506944375000003 0.048828125 0.3385416671875 0.048828125 0.3489583328125 0.0546875 0.3489583328125 0.0654296875 0.33680555624999997 0.068359375 0.33159722187499996 0.068359375 0.32465277812500004 0.0595703125 0.3125
0 0.091796875 0.050347221875 0.095703125 0.0364583328125 0.095703125 0.0260416671875 0.0888671875 0.02430555625 0.0791015625 0.034722221875 0.07421875 0.046875 0.07421875 0.06423611093750001 0.0849609375 0.090277778125 0.0888671875 0.09375 0.099609375 0.09201388906249999 0.1015625 0.081597221875 0.0986328125 0.07986111093750001 0.091796875 0.06423611093750001 0.091796875 0.050347221875
0 0.421875 0.32118055624999997 0.421875 0.29340277812500004 0.4111328125 0.2916666671875 0.404296875 0.30381944375000003 0.40234375 0.3142361109375 0.40234375 0.3420138890625 0.4072265625 0.35069444375000003 0.4169921875 0.3576388890625 0.4296875 0.35590277812500004 0.4345703125 0.3541666671875 0.435546875 0.3489583328125 0.423828125 0.33159722187499996 0.421875 0.32118055624999997
0 0.2890625 0.9704861109375 0.283203125 0.9913194437499999 0.2841796875 1 0.330078125 0.9982638890625 0.326171875 0.9739583328125001 0.3154296875 0.9583333328125001 0.2958984375 0.9583333328125001 0.2890625 0.9704861109375
0 0.7666015625 0.14236111093749998 0.7646484375 0.1458333328125 0.7587890625 0.1458333328125 0.7568359375 0.14236111093749998 0.748046875 0.15451388906250002 0.748046875 0.1614583328125 0.7509765625 0.1666666671875 0.7607421875 0.15972222187500001 0.765625 0.16493055625 0.76171875 0.171875 0.7626953125 0.19097222187500001 0.77734375 0.1927083328125 0.78125 0.17881944375 0.77734375 0.15798611093749998 0.7705078125 0.1458333328125 0.7666015625 0.14236111093749998
0 0.580078125 0.0260416671875 0.5712890625 0.013888889062500001 0.5595703125 0.013888889062500001 0.556640625 0.019097221875 0.556640625 0.0329861109375 0.552734375 0.046875 0.5595703125 0.055555556250000006 0.568359375 0.053819443749999994 0.5732421875 0.0416666671875 0.5771484375 0.03819444375 0.580078125 0.03993055625 0.580078125 0.0260416671875
0 0.6884765625 0.49652777812500004 0.6796875 0.512152778125 0.6875 0.512152778125 0.7021484375 0.5 0.703125 0.4947916671875 0.6943359375 0.49305555625 0.6884765625 0.49652777812500004
0 0.6875 0.5260416671875 0.6923828125 0.5381944437499999 0.697265625 0.5364583328125 0.70703125 0.5225694437499999 0.7041015625 0.5173611109375 0.6962890625 0.5173611109375 0.6875 0.5260416671875
0 0.083984375 0.5850694437499999 0.083984375 0.5711805562500001 0.0732421875 0.5520833328125 0.0654296875 0.5486111109375 0.0478515625 0.559027778125 0.041015625 0.5711805562500001 0.0390625 0.5954861109375 0.04296875 0.612847221875 0.0537109375 0.6388888890625 0.0673828125 0.6493055562500001 0.07421875 0.6475694437499999 0.0830078125 0.6423611109375 0.08984375 0.6302083328125 0.091796875 0.6024305562500001 0.083984375 0.5850694437499999
0 0.4501953125 0.8263888890625 0.4443359375 0.815972221875 0.4384765625 0.815972221875 0.427734375 0.831597221875 0.42578125 0.8454861109375 0.4306640625 0.8541666671874999 0.4453125 0.859375 0.4521484375 0.8576388890625 0.462890625 0.8350694437499999 0.4599609375 0.8298611109375 0.4501953125 0.8263888890625
0 0.0869140625 0.590277778125 0.0830078125 0.590277778125 0.0654296875 0.6145833328125 0.046875 0.6197916671875 0.05078125 0.6336805562500001 0.0595703125 0.6458333328125 0.0654296875 0.6493055562500001 0.07421875 0.6475694437499999 0.0869140625 0.6388888890625 0.08984375 0.6302083328125 0.091796875 0.6024305562500001 0.0869140625 0.590277778125
0 0.6103515625 0.28125 0.6044921875 0.27430555624999997 0.595703125 0.2760416671875 0.59375 0.2829861109375 0.5947265625 0.2986111109375 0.5986328125 0.3020833328125 0.6083984375 0.3020833328125 0.6103515625 0.30555555624999997 0.6171875 0.30381944375000003 0.62109375 0.30034722187499996 0.62109375 0.28993055624999997 0.6181640625 0.28125 0.6103515625 0.28125
0 0.5849609375 0.17361111093749998 0.5703125 0.18923611093749998 0.5703125 0.19618055625 0.5751953125 0.20486111093749998 0.58203125 0.203125 0.5869140625 0.19444444375 0.595703125 0.18923611093749998 0.5927734375 0.1770833328125 0.5849609375 0.17361111093749998
0 0.6083984375 0.1770833328125 0.59765625 0.1927083328125 0.59765625 0.21701388906250002 0.6005859375 0.222222221875 0.60546875 0.22048611093749998 0.609375 0.21354166718749998 0.611328125 0.203125 0.611328125 0.1822916671875 0.6083984375 0.1770833328125
0 0.4951171875 0.5381944437499999 0.4853515625 0.5416666671875 0.4765625 0.5572916671875 0.4765625 0.5677083328125 0.4794921875 0.5729166671875 0.484375 0.5711805562500001 0.4970703125 0.565972221875 0.5 0.5607638890625 0.5 0.546875 0.4951171875 0.5381944437499999
0 0.5908203125 0.17361111093749998 0.5849609375 0.17361111093749998 0.5751953125 0.18055555625 0.5703125 0.18923611093749998 0.5703125 0.19618055625 0.5751953125 0.20486111093749998 0.5810546875 0.20486111093749998 0.5888671875 0.19444444375 0.5966796875 0.19444444375 0.59765625 0.206597221875 0.6044921875 0.215277778125 0.607421875 0.21354166718749998 0.611328125 0.203125 0.6103515625 0.18055555625 0.5966796875 0.18402777812499999 0.5908203125 0.17361111093749998
0 0.7509765625 0.43402777812500004 0.7421875 0.44618055625 0.7451171875 0.4548611109375 0.75 0.453125 0.7587890625 0.4513888890625 0.76171875 0.44618055625 0.76171875 0.4357638890625 0.7509765625 0.43402777812500004
0 0.0947265625 0.246527778125 0.1015625 0.24131944375 0.1015625 0.230902778125 0.0986328125 0.222222221875 0.0830078125 0.21180555625 0.0673828125 0.21875 0.060546875 0.234375 0.060546875 0.25868055624999997 0.0693359375 0.2708333328125 0.080078125 0.26909722187499996 0.083984375 0.265625 0.083984375 0.24131944375 0.0869140625 0.23611111093749998 0.0947265625 0.246527778125
0 0.0576171875 0.4166666671875 0.04296875 0.4322916671875 0.0439453125 0.4375 0.078125 0.4392361109375 0.080078125 0.4357638890625 0.080078125 0.42534722187499996 0.0712890625 0.41319444375 0.0576171875 0.4166666671875
0 0.8720703125 0.6180555562500001 0.869140625 0.6267361109375 0.87109375 0.6336805562500001 0.8759765625 0.6388888890625 0.880859375 0.637152778125 0.88671875 0.6302083328125 0.88671875 0.6232638890625 0.8798828125 0.6145833328125 0.8720703125 0.6180555562500001