0 0.1203125 0.19765625 0.053125 0.08671875
0 0.121875 0.2765625 0.0546875 0.08203125
0 0.0921875 0.3453125 0.05078125 0.08515625
0 0.07109375 0.425 0.06875 0.090625
0 0.78125 0.2078125 0.05546875 0.096875
0 0.82109375 0.26484375 0.046875 0.1
0 0.77578125 0.30390625 0.05234375 0.1015625
0 0.76640625 0.4796875 0.05703125 0.09140625
0 0.8125 0.5171875 0.0515625 0.08984375
0 0.70625 0.7921875 0.04921875 0.090625
0 0.8515625 0.92265625 0.05234375 0.09609375
0 0.9296875 0.93984375 0.05390625 0.0890625
0 0.528125 0.75625 0.06796875 0.1171875
0 0.6296875 0.70546875 0.0625 0.109375
0 0.57890625 0.159375 0.03359375 0.0703125
0 0.82734375 0.6046875 0.04921875 0.07890625
0 0.85546875 0.70078125 0.046875 0.06796875
0 0.82265625 0.8140625 0.04375 0.04375
0 0.6171875 0.496875 0.0484375 0.05625