0 0 0.73055555625 0.01875 0.7333333328125 0.0192708328125 0.73055555625 0.0234375 0.73055555625 0.0270833328125 0.722222221875 0.0296875 0.722222221875 0.0328125 0.7083333328125 0.0328125 0.69351851875 0.03125 0.6925925921875 0.0296875 0.6768518515624999 0.014583332812499999 0.6740740734374999 0.0109375 0.665740740625 0 0.665740740625 0 0.73055555625
0 0.8541666671874999 0 0.8510416671875 0.0018518515625 0.8510416671875 0.00648148125 0.8494791671874999 0.0074074078125 0.8494791671874999 0.05 0.8588541671875 0.0666666671875 0.8796875 0.0666666671875 0.8833333328125 0.058333332812500006 0.8859375 0.058333332812500006 0.8875 0.055555556250000006 0.8875 0.0509259265625 0.89375 0.0416666671875 0.89375 0.03148148125 0.8953125 0.030555556249999997 0.8953125 0.004629629687499999 0.8921875 0 0.8541666671874999 0
0 0.40729166718750004 0.44166666718750003 0.41510416718750004 0.45555555625000005 0.42083333281249996 0.45555555625000005 0.4213541671875 0.4583333328125 0.43125 0.4583333328125 0.43177083281249995 0.45555555625000005 0.4390625 0.45277777812500003 0.4390625 0.4481481484375 0.44375 0.44166666718750003 0.44375 0.4018518515625 0.4359375 0.3879629625 0.40729166718750004 0.3879629625 0.4057291671875 0.39074074062499997 0.4057291671875 0.4361111109375 0.40729166718750004 0.4370370375 0.40729166718750004 0.44166666718750003
0 0.0432291671875 0.477777778125 0.0609375 0.477777778125 0.0625 0.4703703703125 0.06875 0.4611111109375 0.06875 0.440740740625 0.0671875 0.43981481406249995 0.0671875 0.43518518593750005 0.0645833328125 0.43518518593750005 0.0640625 0.43240740781250003 0.0385416671875 0.43240740781250003 0.0369791671875 0.43518518593750005 0.0369791671875 0.46666666718750005 0.0385416671875 0.4675925921875 0.0385416671875 0.47222222187499996 0.0432291671875 0.477777778125
0 0.5484375 0.42222222187499997 0.55 0.4148148140625 0.55625 0.40833333281249995 0.55625 0.403703703125 0.5625 0.3916666671875 0.5625 0.371296296875 0.559375 0.365740740625 0.5322916671875 0.365740740625 0.5307291671875001 0.36851851875 0.5307291671875001 0.4166666671875 0.5338541671875 0.42222222187499997 0.5484375 0.42222222187499997
0 0.5692708328125 0.6944444437499999 0.5713541671875 0.7 0.590625 0.7 0.590625 0.6981481484375001 0.6 0.6833333328125 0.6 0.6574074078125001 0.5989583328125 0.6574074078125001 0.5921875 0.64351851875 0.5697916671875001 0.64351851875 0.5697916671875001 0.6453703703125 0.5682291671875 0.646296296875 0.5682291671875 0.6944444437499999 0.5692708328125 0.6944444437499999
0 0.2958333328125 0.9694444437499999 0.29635416718749996 0.972222221875 0.2984375 0.972222221875 0.2989583328125 0.9694444437499999 0.3078125 0.9694444437499999 0.3083333328125 0.9666666671874999 0.3125 0.9666666671874999 0.3171875 0.9583333328125001 0.3171875 0.9379629625 0.3125 0.928703703125 0.3125 0.921296296875 0.3046875 0.9101851859375 0.28854166718749996 0.9101851859375 0.2869791671875 0.9129629625 0.2869791671875 0.9611111109375001 0.2901041671875 0.9666666671874999 0.2958333328125 0.9694444437499999
0 0.821875 0.34444444375 0.825 0.33888888906250003 0.8265625 0.3148148140625 0.8375 0.3138888890625 0.8390625 0.3111111109375 0.8375 0.290740740625 0.8359375 0.28796296250000003 0.8026041671874999 0.28796296250000003 0.7994791671875 0.29351851875 0.7994791671875 0.33055555625 0.8010416671874999 0.33148148125 0.8010416671874999 0.3361111109375 0.8088541671874999 0.34722222187499996 0.821875 0.34444444375
0 0.5072916671875001 0.0861111109375 0.5088541671875 0.0888888890625 0.5296875 0.0888888890625 0.5375 0.075 0.5375 0.053703703125 0.5390625 0.052777778124999994 0.5375 0.048148148437499996 0.5375 0.0324074078125 0.53125 0.021296296875000002 0.5072916671875001 0.021296296875000002 0.5057291671875 0.0240740734375 0.5057291671875 0.08055555625000001 0.5072916671875001 0.08148148125 0.5072916671875001 0.0861111109375
0 0.6010416671875001 0.28611111093749997 0.6041666671875 0.2888888890625 0.621875 0.2888888890625 0.625 0.28611111093749997 0.625 0.28148148125 0.6296875 0.275 0.6296875 0.2675925921875 0.63125 0.2666666671875 0.6296875 0.246296296875 0.6265625 0.24259259218749998 0.6265625 0.23518518593749999 0.625 0.234259259375 0.625 0.22407407343750002 0.6234375 0.221296296875 0.6010416671875001 0.221296296875 0.6005208328125 0.22407407343750002 0.5963541671875 0.22407407343750002 0.5932291671875001 0.23240740781250002 0.5932291671875001 0.2638888890625 0.5994791671875 0.2759259265625 0.6010416671875001 0.28611111093749997
0 0.0197916671875 0.8833333328125 0.0229166671875 0.8888888890625 0.0421875 0.8888888890625 0.05 0.875 0.05 0.8675925921875001 0.0515625 0.8666666671875 0.0515625 0.8620370375 0.0546875 0.85555555625 0.0546875 0.8462962968750001 0.0515625 0.8425925921875 0.05 0.8324074078124999 0.0458333328125 0.8296296296874999 0.0421875 0.821296296875 0.021354167187500002 0.821296296875 0.0182291671875 0.8268518515625001 0.0182291671875 0.877777778125 0.0197916671875 0.878703703125 0.0197916671875 0.8833333328125
0 0.5885416671875 0.1361111109375 0.603125 0.13055555624999998 0.60625 0.12222222187500001 0.60625 0.10185185156250001 0.6015625 0.0898148140625 0.6015625 0.0824074078125 0.5984375 0.07685185156249999 0.5838541671875 0.07685185156249999 0.5807291671875 0.0824074078125 0.5807291671875 0.13055555624999998 0.5880208328125 0.13333333281249998 0.5885416671875 0.1361111109375
0 0.5260416671875 0.76944444375 0.5375 0.76944444375 0.5380208328125 0.7666666671875 0.54375 0.7666666671875 0.546875 0.7611111109375 0.55 0.747222221875 0.5484375 0.7129629625 0.5453125 0.7101851859375 0.5135416671875 0.7101851859375 0.5119791671875 0.7129629625 0.5119791671875 0.747222221875 0.5151041671875001 0.75555555625 0.5223958328125 0.7583333328124999 0.5260416671875 0.76944444375
0 0.9697916671875 0.6666666671875 0.9755208328125 0.66944444375 0.9776041671875 0.675 0.9859375 0.675 0.9895833328125001 0.66944444375 0.9994791671875 0.6666666671875 0.9994791671875 0.5990740734375 0.9713541671874999 0.5990740734375 0.9708333328125001 0.6018518515625 0.9635416671874999 0.6018518515625 0.9635416671874999 0.609259259375 0.9619791671875 0.6101851859375 0.9619791671875 0.652777778125 0.9697916671875 0.6666666671875
0 0.5994791671875 0.771296296875 0.5979166671875 0.7870370375 0.5932291671875001 0.7879629625 0.5927083328125 0.790740740625 0.5875 0.784259259375 0.5859375 0.7768518515625 0.5822916671875 0.7768518515625 0.5807291671875 0.7824074078125001 0.5807291671875 0.8111111109375001 0.5854166671875001 0.8194444437499999 0.5895833328125 0.8194444437499999 0.5901041671875 0.8222222218749999 0.60625 0.8222222218749999 0.609375 0.8194444437499999 0.6130208328125 0.8111111109375001 0.61875 0.8055555562500001 0.61875 0.7824074078125001 0.6171875 0.7768518515625 0.6145833328125 0.7768518515625 0.6109375 0.765740740625 0.6026041671875 0.765740740625 0.5994791671875 0.771296296875
0 0.2182291671875 0.7416666671875001 0.22291666718749997 0.7453703703125 0.22291666718749997 0.75 0.2244791671875 0.7509259265625 0.2244791671875 0.7666666671875 0.22916666718749998 0.775 0.2359375 0.775 0.23958333281250002 0.7666666671875 0.24375 0.7638888890625 0.24375 0.753703703125 0.2453125 0.752777778125 0.24375 0.7185185187500001 0.2375 0.70648148125 0.2375 0.7018518515625 0.2348958328125 0.7018518515625 0.234375 0.6990740734374999 0.2244791671875 0.6990740734374999 0.22395833281250002 0.7018518515625 0.21979166718749998 0.7018518515625 0.2130208328125 0.7101851859375 0.20729166718749997 0.7101851859375 0.20572916718749998 0.73055555625 0.2088541671875 0.7361111109375 0.21614583281250002 0.7361111109375 0.2182291671875 0.7416666671875001
0 0.6567708328124999 0.722222221875 0.6572916671875 0.725 0.6671875 0.722222221875 0.6703125 0.7138888890625 0.6703125 0.70648148125 0.671875 0.70555555625 0.66875 0.6824074078125 0.665625 0.6768518515624999 0.6447916671875 0.6768518515624999 0.6432291671875 0.6796296296875 0.6432291671875 0.7166666671875 0.6463541671875 0.722222221875 0.6567708328124999 0.722222221875
0 0.5911458328125 0.2796296296875 0.590625 0.2768518515625 0.5822916671875 0.2768518515625 0.5682291671875 0.3018518515625 0.5682291671875 0.33055555625 0.5697916671875001 0.33148148125 0.5697916671875001 0.3361111109375 0.5744791671875 0.3416666671875 0.5817708328125 0.3416666671875 0.584375 0.34444444375 0.5848958328125 0.3416666671875 0.5890625 0.3416666671875 0.5942708328124999 0.3333333328125 0.5984375 0.3333333328125 0.6 0.32592592656249997 0.6046875 0.322222221875 0.6046875 0.31759259218749997 0.60625 0.3166666671875 0.60625 0.290740740625 0.6046875 0.2898148140625 0.6046875 0.2851851859375 0.6010416671875001 0.2851851859375 0.5958333328125 0.290740740625 0.59375 0.2796296296875 0.5911458328125 0.2796296296875
0 0.1885416671875 0.5638888890625 0.19583333281249998 0.5666666671875 0.1994791671875 0.577777778125 0.2036458328125 0.577777778125 0.20729166718749997 0.5833333328125 0.2171875 0.58055555625 0.21875 0.565740740625 0.2125 0.553703703125 0.2125 0.5453703703125 0.215625 0.5388888890625 0.215625 0.5268518515625 0.2125 0.521296296875 0.1932291671875 0.521296296875 0.1927083328125 0.5240740734375 0.1901041671875 0.5240740734375 0.18697916718750002 0.5324074078125001 0.18697916718750002 0.5583333328125 0.1885416671875 0.559259259375 0.1885416671875 0.5638888890625
0 0.834375 0.622222221875 0.8375 0.6166666671875001 0.8390625 0.60648148125 0.840625 0.60555555625 0.840625 0.5935185187500001 0.8364583328125 0.590740740625 0.8359375 0.5879629625 0.8333333328125001 0.5879629625 0.8265625 0.5759259265625001 0.8265625 0.571296296875 0.825 0.5703703703125 0.825 0.5490740734374999 0.8234375 0.546296296875 0.8208333328125 0.546296296875 0.8203125 0.54351851875 0.8072916671874999 0.54351851875 0.8057291671875 0.546296296875 0.8057291671875 0.6083333328125 0.8166666671874999 0.622222221875 0.834375 0.622222221875
0 0.5973958328125 0.48055555625 0.6010416671875001 0.4888888890625 0.6171875 0.4888888890625 0.61875 0.46851851875 0.6125 0.45370370312499997 0.6125 0.4240740734375 0.6109375 0.42129629687500003 0.5947916671875 0.42129629687500003 0.5932291671875001 0.4240740734375 0.5932291671875001 0.475 0.5947916671875 0.48055555625 0.5973958328125 0.48055555625
0 0.6057291671875 0.07962962968750001 0.6057291671875 0.10833333281249999 0.6072916671875 0.109259259375 0.6072916671875 0.11388888906250001 0.6119791671875 0.11944444375 0.61875 0.11944444375 0.6192708328125 0.1166666671875 0.628125 0.1111111109375 0.63125 0.10555555624999999 0.63125 0.07685185156249999 0.625 0.065740740625 0.6088541671875001 0.06851851875000001 0.6072916671875 0.071296296875 0.6072916671875 0.078703703125 0.6057291671875 0.07962962968750001
0 0.9541666671875 0.052777778124999994 0.9671875 0.055555556250000006 0.9677083328125 0.052777778124999994 0.9734375 0.052777778124999994 0.9739583328125001 0.05 0.9859375 0.0416666671875 0.9859375 0.034259259375000004 0.9875 0.0333333328125 0.9875 0.0129629625 0.9828125 0.00648148125 0.9828125 0.0018518515625 0.9463541671875 0 0.9432291671874999 0.004629629687499999 0.9432291671874999 0.0333333328125 0.9447916671875 0.034259259375000004 0.9447916671875 0.0388888890625 0.9541666671875 0.052777778124999994
0 0.5104166671875 0.40277777812500004 0.5234375 0.40277777812500004 0.5265625 0.397222221875 0.5265625 0.3796296296875 0.5223958328125 0.3768518515625 0.5171875 0.365740740625 0.5010416671875 0.365740740625 0.4994791671875 0.36851851875 0.4994791671875 0.39444444375 0.5026041671875 0.4 0.5098958328125 0.4 0.5104166671875 0.40277777812500004
0 0.8463541671874999 0.16851851874999998 0.8432291671875 0.1768518515625 0.8432291671875 0.184259259375 0.8385416671874999 0.190740740625 0.8385416671874999 0.1981481484375 0.8369791671875 0.1990740734375 0.8369791671875 0.21944444375 0.8401041671874999 0.225 0.85 0.225 0.8505208328125 0.222222221875 0.8546875 0.222222221875 0.8583333328125 0.2138888890625 0.8671875 0.20833333281250002 0.8734375 0.19444444375 0.8734375 0.16851851874999998 0.8692708328125001 0.16851851874999998 0.86875 0.165740740625 0.8494791671874999 0.165740740625 0.8463541671874999 0.16851851874999998
0 0.8697916671874999 0.2388888890625 0.8776041671874999 0.24444444375000002 0.890625 0.24444444375000002 0.9 0.23055555625 0.9 0.1981481484375 0.9015625 0.197222221875 0.9 0.171296296875 0.896875 0.165740740625 0.8744791671875 0.165740740625 0.8713541671874999 0.16851851874999998 0.8713541671874999 0.20648148125 0.8682291671875 0.22407407343750002 0.8697916671874999 0.2388888890625
0 0.48229166718750005 0.2388888890625 0.48541666718750004 0.24444444375000002 0.49114583281249996 0.24722222187499998 0.4916666671875 0.252777778125 0.49427083281249995 0.252777778125 0.5010416671875 0.2638888890625 0.5036458328125 0.2638888890625 0.5041666671875 0.2666666671875 0.5109375 0.2666666671875 0.5125 0.259259259375 0.5171875 0.252777778125 0.5171875 0.24351851875000002 0.5140625 0.2370370375 0.5125 0.22407407343750002 0.5046875 0.2101851859375 0.48229166718750005 0.2101851859375 0.48072916718750003 0.21296296250000002 0.48072916718750003 0.23333333281250002 0.48229166718750005 0.234259259375 0.48229166718750005 0.2388888890625
0 0.9020833328125001 0.775 0.915625 0.775 0.9171875 0.772222221875 0.9171875 0.7648148140625 0.91875 0.7638888890625 0.9171875 0.7518518515625 0.9125 0.74351851875 0.8822916671875 0.74351851875 0.8807291671874999 0.746296296875 0.8807291671874999 0.775 0.8854166671874999 0.7861111109375 0.8953125 0.7861111109375 0.9020833328125001 0.775
0 0.609375 0.16944444375 0.6145833328125 0.16388888906250001 0.6234375 0.16388888906250001 0.6296875 0.15277777812499999 0.6296875 0.140740740625 0.6265625 0.13703703750000001 0.6234375 0.12407407343750002 0.6208333328125 0.12407407343750002 0.6203125 0.12129629687500001 0.6072916671875 0.12129629687500001 0.6067708328125 0.12407407343750002 0.6041666671875 0.12407407343750002 0.5994791671875 0.1351851859375 0.5994791671875 0.16388888906250001 0.6010416671875001 0.1666666671875 0.609375 0.16944444375
0 0.4796875 0.04444444375 0.48020833281249997 0.0416666671875 0.484375 0.0416666671875 0.4921875 0.027777778125000003 0.4921875 0.0203703703125 0.49375 0.019444443750000002 0.49375 0.015740740625 0.490625 0.0101851859375 0.46979166718750004 0.0101851859375 0.4682291671875 0.0129629625 0.4682291671875 0.030555556249999997 0.46979166718750004 0.03148148125 0.46979166718750004 0.0361111109375 0.47291666718750003 0.0416666671875 0.4796875 0.04444444375
0 0.5375 0.8638888890624999 0.5395833328124999 0.8583333328125 0.5421875 0.8583333328125 0.5421875 0.853703703125 0.54375 0.852777778125 0.54375 0.8240740734375 0.5421875 0.8231481484375 0.5421875 0.81851851875 0.5359375 0.8101851859375 0.5260416671875 0.8101851859375 0.5244791671875 0.8129629625 0.5244791671875 0.852777778125 0.5307291671875001 0.8638888890624999 0.5375 0.8638888890624999
0 0.9380208328125 0.625 0.946875 0.622222221875 0.95 0.6166666671875001 0.9484375 0.5879629625 0.9276041671874999 0.5879629625 0.9244791671874999 0.5935185187500001 0.9244791671874999 0.622222221875 0.9276041671874999 0.63055555625 0.9359375 0.63055555625 0.9380208328125 0.625
0 0.6526041671875 0.79351851875 0.6494791671875 0.8018518515625 0.6494791671875 0.8361111109375001 0.6510416671875 0.8416666671874999 0.6572916671875 0.847222221875 0.665625 0.847222221875 0.6661458328125 0.8444444437499999 0.6734375 0.8444444437499999 0.6796875 0.8388888890624999 0.6817708328125 0.8333333328125001 0.684375 0.8333333328125001 0.6875 0.827777778125 0.6890625 0.8101851859375 0.6828125 0.790740740625 0.6796875 0.7879629625 0.6635416671875001 0.7879629625 0.6630208328125 0.790740740625 0.6526041671875 0.79351851875
0 0.2182291671875 0.147222221875 0.2234375 0.147222221875 0.2296875 0.1361111109375 0.23125 0.11574074062499999 0.2265625 0.109259259375 0.2265625 0.1046296296875 0.2234375 0.0990740734375 0.21354166718749998 0.0990740734375 0.21197916718749998 0.10185185156250001 0.21197916718749998 0.1416666671875 0.21770833281250002 0.14444444375 0.2182291671875 0.147222221875
0 0.4078125 0.2611111109375 0.4078125 0.24907407343750002 0.40052083281249995 0.24351851875000002 0.396875 0.23518518593749999 0.3942708328125 0.23518518593749999 0.39375 0.23240740781250002 0.38229166718749996 0.23240740781250002 0.3807291671875 0.23518518593749999 0.3807291671875 0.2638888890625 0.3838541671875 0.272222221875 0.3984375 0.272222221875 0.4078125 0.2611111109375
0 0.3260416671875 0.875 0.3291666671875 0.877777778125 0.346875 0.877777778125 0.35 0.875 0.35 0.8703703703125001 0.35625 0.8583333328125 0.35625 0.8240740734375 0.3546875 0.821296296875 0.3322916671875 0.821296296875 0.3244791671875 0.840740740625 0.3244791671875 0.8666666671875 0.3260416671875 0.8675925921875001 0.3260416671875 0.875
0 0.4625 0.6351851859375001 0.45104166718750005 0.6324074078125 0.44947916718750003 0.652777778125 0.45104166718750005 0.6555555562500001 0.4609375 0.652777778125 0.4625 0.6351851859375001
0 0.1921875 0.034259259375000004 0.19375 0.0333333328125 0.1921875 0.021296296875000002 0.1760416671875 0.021296296875000002 0.1744791671875 0.0240740734375 0.1744791671875 0.0416666671875 0.1776041671875 0.05 0.1921875 0.0416666671875 0.1921875 0.034259259375000004
0 0.6114583328125 0.8916666671875 0.6135416671875 0.897222221875 0.6171875 0.897222221875 0.6192708328125 0.8916666671875 0.621875 0.8916666671875 0.625 0.8861111109375001 0.625 0.865740740625 0.61875 0.8546296296874999 0.6072916671875 0.8546296296874999 0.6057291671875 0.8574074078124999 0.6057291671875 0.8861111109375001 0.6088541671875001 0.8916666671875 0.6114583328125 0.8916666671875
0 0.8510416671875 0.5111111109375 0.8609375 0.5083333328124999 0.86875 0.497222221875 0.86875 0.4824074078125 0.865625 0.4768518515625 0.8494791671874999 0.4768518515625 0.8489583328125001 0.4796296296875 0.8463541671874999 0.4796296296875 0.8432291671875 0.4879629625 0.8447916671875 0.50555555625 0.8463541671874999 0.5083333328124999 0.8505208328125 0.5083333328124999 0.8510416671875 0.5111111109375
0 0.2744791671875 0.6259259265625 0.2744791671875 0.6333333328124999 0.28072916718749996 0.6425925921875 0.28072916718749996 0.647222221875 0.2838541671875 0.652777778125 0.290625 0.652777778125 0.29375 0.64444444375 0.29375 0.5990740734375 0.2921875 0.5935185187500001 0.2875 0.5879629625 0.2697916671875 0.5879629625 0.2682291671875 0.590740740625 0.2682291671875 0.6111111109375 0.2713541671875 0.622222221875 0.2744791671875 0.6259259265625
0 0.2260416671875 0.397222221875 0.2322916671875 0.40833333281249995 0.2364583328125 0.40833333281249995 0.23697916718749998 0.41111111093749997 0.2484375 0.41111111093749997 0.25 0.40833333281249995 0.25 0.40092592656250003 0.253125 0.39444444375 0.253125 0.3796296296875 0.246875 0.36851851875 0.24114583281250002 0.36851851875 0.2359375 0.3546296296875 0.2260416671875 0.3546296296875 0.2244791671875 0.3574074078125 0.2244791671875 0.3916666671875 0.2260416671875 0.3925925921875 0.2260416671875 0.397222221875
0 0.6458333328125 0.3611111109375 0.6484375 0.3611111109375 0.6489583328124999 0.3583333328125 0.65625 0.352777778125 0.6546875 0.3379629625 0.65 0.3324074078125 0.6322916671875001 0.3324074078125 0.6307291671875 0.3351851859375 0.6307291671875 0.352777778125 0.6338541671875 0.3611111109375 0.6453125 0.3638888890625 0.6458333328125 0.3611111109375
0 0.7213541671875 0.9583333328125001 0.7296875 0.9583333328125001 0.7328125 0.952777778125 0.734375 0.9444444437499999 0.7328125 0.9240740734375 0.7296875 0.921296296875 0.7072916671875 0.921296296875 0.7057291671875 0.9240740734375 0.7072916671875 0.9416666671874999 0.7098958328125 0.9416666671874999 0.7135416671875 0.952777778125 0.7213541671875 0.9583333328125001
0 0.9682291671875 0.7425925921875 0.9697916671875 0.75 0.98125 0.752777778125 0.9828125 0.75 0.9828125 0.7351851859375 0.978125 0.7259259265625 0.978125 0.7148148140624999 0.984375 0.7111111109375 0.9859375 0.7018518515625 0.9635416671874999 0.6990740734374999 0.9619791671875 0.7018518515625 0.9619791671875 0.73055555625 0.9635416671874999 0.7361111109375 0.9682291671875 0.7425925921875
0 0.8494791671874999 0.925 0.8671875 0.922222221875 0.86875 0.91944444375 0.86875 0.8990740734375 0.8640625 0.8898148140625001 0.8609375 0.8768518515625001 0.8447916671875 0.8796296296874999 0.8447916671875 0.8870370375000001 0.8432291671875 0.8879629625 0.8432291671875 0.91944444375 0.8494791671874999 0.925
0 0.6557291671875001 0.5722222218749999 0.6588541671875 0.577777778125 0.68125 0.575 0.6828125 0.5611111109375 0.68125 0.5240740734375 0.6572916671875 0.521296296875 0.6557291671875001 0.5240740734375 0.6557291671875001 0.5583333328125 0.6572916671875 0.559259259375 0.6557291671875001 0.5722222218749999
0 0.8682291671875 0.40833333281249995 0.8734375 0.40833333281249995 0.8765625 0.40277777812500004 0.8765625 0.3981481484375 0.8796875 0.39444444375 0.8796875 0.38240740781250004 0.875 0.3768518515625 0.8572916671874999 0.3768518515625 0.8557291671874999 0.3796296296875 0.8572916671874999 0.3916666671875 0.8635416671874999 0.40277777812500004 0.8661458328125 0.40277777812500004 0.8682291671875 0.40833333281249995
0 0.3546875 0.6388888890625 0.359375 0.61944444375 0.359375 0.603703703125 0.3625 0.597222221875 0.359375 0.5879629625 0.3494791671875 0.590740740625 0.3494791671875 0.6333333328124999 0.35104166718749996 0.6388888890625 0.3546875 0.6388888890625
0 0.8760416671875 0.909259259375 0.8744791671875 0.9101851859375 0.8744791671875 0.9305555562500001 0.8791666671874999 0.9361111109375001 0.890625 0.9361111109375001 0.8911458328125 0.9333333328125001 0.896875 0.9305555562500001 0.9 0.9129629625 0.8953125 0.9037037031249999 0.8921875 0.8879629625 0.8822916671875 0.8879629625 0.8791666671874999 0.89351851875 0.8791666671874999 0.8981481484374999 0.8760416671875 0.9018518515625 0.8760416671875 0.909259259375
0 0.9244791671874999 0.0638888890625 0.9421875 0.0638888890625 0.9484375 0.052777778124999994 0.9484375 0.046296296875 0.940625 0.0240740734375 0.9380208328125 0.0240740734375 0.9375 0.021296296875000002 0.9197916671874999 0.021296296875000002 0.9182291671874999 0.0240740734375 0.9182291671874999 0.055555556250000006 0.9213541671875 0.061111110937500004 0.9239583328125001 0.061111110937500004 0.9244791671874999 0.0638888890625
0 0.653125 0.0666666671875 0.65625 0.058333332812500006 0.6546875 0.04351851875 0.6385416671875 0.04351851875 0.6369791671875 0.046296296875 0.6385416671875 0.075 0.64375 0.075 0.6458333328125 0.06944444375 0.653125 0.0666666671875
0 0.6734375 0.5833333328125 0.6796875 0.577777778125 0.6828125 0.5638888890625 0.68125 0.5351851859375001 0.6796875 0.5324074078125001 0.6572916671875 0.5324074078125001 0.6557291671875001 0.5351851859375001 0.6557291671875001 0.575 0.6635416671875001 0.5833333328125 0.6734375 0.5833333328125
0 0.2984375 0.8194444437499999 0.3 0.8018518515625 0.296875 0.790740740625 0.29375 0.7879629625 0.2760416671875 0.7879629625 0.2744791671875 0.790740740625 0.2744791671875 0.8138888890624999 0.2776041671875 0.8222222218749999 0.2953125 0.825 0.2984375 0.8194444437499999
0 0.8635416671874999 0.8611111109375 0.8677083328125 0.8611111109375 0.8682291671875 0.8638888890624999 0.8765625 0.8638888890624999 0.884375 0.852777778125 0.8859375 0.8379629625 0.8828125 0.834259259375 0.8796875 0.821296296875 0.8572916671874999 0.821296296875 0.8557291671874999 0.8240740734375 0.8557291671874999 0.852777778125 0.8588541671875 0.8583333328125 0.8630208328125001 0.8583333328125 0.8635416671874999 0.8611111109375
0 0.30416666718749996 0.252777778125 0.3109375 0.252777778125 0.3125 0.25 0.3140625 0.21296296250000002 0.3109375 0.2101851859375 0.2947916671875 0.21296296250000002 0.2932291671875 0.21851851875 0.2947916671875 0.2416666671875 0.29739583281250004 0.2416666671875 0.30416666718749996 0.252777778125
0 0.278125 0.8666666671875 0.28125 0.8611111109375 0.28125 0.853703703125 0.2828125 0.852777778125 0.2828125 0.8351851859374999 0.2734375 0.821296296875 0.2635416671875 0.821296296875 0.2619791671875 0.8240740734375 0.2619791671875 0.8638888890624999 0.2635416671875 0.8666666671875 0.278125 0.8666666671875
0 0.4375 0.25555555625 0.4375 0.22685185156249998 0.434375 0.221296296875 0.42604166718750003 0.221296296875 0.4244791671875 0.22407407343750002 0.42604166718750003 0.2611111109375 0.434375 0.2638888890625 0.4375 0.25555555625
0 0.9625 0.6416666671875 0.9625 0.6370370375000001 0.9640625 0.6361111109375 0.9640625 0.6259259265625 0.96875 0.61944444375 0.96875 0.6148148140624999 0.9734375 0.6083333328125 0.9734375 0.6046296296875 0.9692708328125 0.6018518515625 0.96875 0.5990740734375 0.9526041671875 0.5990740734375 0.9494791671874999 0.6046296296875 0.9494791671874999 0.627777778125 0.9557291671874999 0.6416666671875 0.9625 0.6416666671875
0 0.25729166718749996 0.8129629625 0.25729166718749996 0.8231481484375 0.2557291671875 0.8240740734375 0.2557291671875 0.85555555625 0.2588541671875 0.8638888890624999 0.2619791671875 0.8666666671875 0.278125 0.8666666671875 0.2828125 0.85555555625 0.2828125 0.8351851859374999 0.2796875 0.8296296296874999 0.2770833328125 0.8296296296874999 0.2765625 0.8259259265625 0.2953125 0.825 0.2984375 0.8194444437499999 0.2984375 0.809259259375 0.3 0.8083333328125001 0.2984375 0.79351851875 0.29375 0.7879629625 0.2697916671875 0.7879629625 0.2619791671875 0.7990740734374999 0.2604166671875 0.809259259375 0.25729166718749996 0.8129629625
0 0.1984375 0.165740740625 0.19375 0.1574074078125 0.1890625 0.1546296296875 0.1807291671875 0.1574074078125 0.1822916671875 0.177777778125 0.196875 0.177777778125 0.1984375 0.175 0.1984375 0.165740740625
0 0.2619791671875 0.8666666671875 0.278125 0.8666666671875 0.2828125 0.852777778125 0.2828125 0.8351851859374999 0.278125 0.8259259265625 0.28177083281250004 0.8222222218749999 0.290625 0.825 0.2921875 0.8129629625 0.2588541671875 0.8129629625 0.2557291671875 0.8240740734375 0.2557291671875 0.85555555625 0.25729166718749996 0.8611111109375 0.2619791671875 0.8666666671875
0 0.4640625 0.13333333281249998 0.4671875 0.125 0.4671875 0.10185185156250001 0.45104166718750005 0.0990740734375 0.44947916718750003 0.10185185156250001 0.45104166718750005 0.13333333281249998 0.4557291671875 0.1361111109375 0.4640625 0.13333333281249998
0 0.521875 0.7916666671875 0.528125 0.775 0.528125 0.76851851875 0.5234375 0.7574074078125 0.5208333328125 0.7574074078125 0.5203125 0.7546296296875 0.5135416671875 0.7546296296875 0.5119791671875 0.7574074078125 0.5119791671875 0.7861111109375 0.5151041671875001 0.7916666671875 0.521875 0.7916666671875
0 0.2125 0.21296296250000002 0.209375 0.2101851859375 0.19479166718750002 0.2101851859375 0.1932291671875 0.21296296250000002 0.19479166718750002 0.23333333281250002 0.20625 0.23611111093749998 0.2140625 0.23055555625 0.2125 0.21296296250000002
0 0.8046875 0.3351851859375 0.8015625 0.3324074078125 0.7869791671875 0.3351851859375 0.7869791671875 0.35 0.7901041671875 0.35555555625 0.8046875 0.35 0.8046875 0.3351851859375
0 0.5328125 0.775 0.5395833328124999 0.7666666671875 0.546875 0.7638888890625 0.5484375 0.746296296875 0.546875 0.74351851875 0.5151041671875001 0.74351851875 0.5119791671875 0.7490740734375 0.5119791671875 0.7861111109375 0.5135416671875 0.7888888890625 0.5234375 0.7888888890625 0.5286458328125 0.775 0.5328125 0.775