0 0.2140625 0.1953125 0.0390625 0.06875
0 0.24765625 0.22109375 0.03125 0.0703125
0 0.309375 0.04921875 0.034375 0.07265625
0 0.44296875 0.0875 0.02890625 0.04921875
0 0.4703125 0.0640625 0.0265625 0.0453125
0 0.5203125 0.384375 0.03984375 0.0765625
0 0.55234375 0.39140625 0.02890625 0.06328125
0 0.51953125 0.4265625 0.02734375 0.046875
0 0.25234375 0.534375 0.03125 0.06171875
0 0.3421875 0.45859375 0.0359375 0.05625
0 0.28515625 0.67578125 0.03359375 0.06328125
0 0.20546875 0.6671875 0.03125 0.05234375
0 0.1859375 0.503125 0.03046875 0.06328125
0 0.1515625 0.50390625 0.03984375 0.053125
0 0.83515625 0.68203125 0.03359375 0.06328125
0 0.97578125 0.6484375 0.0484375 0.090625
0 0.87265625 0.59375 0.03515625 0.059375
0 0.87890625 0.65625 0.03828125 0.05078125
0 0.84375 0.38828125 0.03828125 0.08828125
0 0.9234375 0.2984375 0.0375 0.075
0 0.815625 0.0765625 0.03359375 0.06484375
0 0.66953125 0.234375 0.04375 0.07890625
0 0.6140625 0.26796875 0.03046875 0.05390625
0 0.50703125 0.12890625 0.0328125 0.053125
0 0.6296875 0.21875 0.0421875 0.04921875
0 0.8375 0.91171875 0.02578125 0.0328125