0 0.6286458328125 0.5833333328125 0.6328125 0.5833333328125 0.6333333328124999 0.58055555625 0.6390625 0.577777778125 0.6421875 0.5722222218749999 0.6421875 0.546296296875 0.640625 0.5453703703125 0.640625 0.5351851859375001 0.6375 0.5314814812499999 0.6375 0.5240740734375 0.6359375 0.521296296875 0.6088541671875001 0.521296296875 0.6057291671875 0.5268518515625 0.6057291671875 0.5638888890625 0.6135416671875 0.577777778125 0.628125 0.5861111109375 0.6286458328125 0.5833333328125
0 0.18802083281249998 0.5666666671875 0.19479166718750002 0.575 0.2 0.575 0.20052083281250002 0.5722222218749999 0.2046875 0.5722222218749999 0.2109375 0.5666666671875 0.21875 0.547222221875 0.21875 0.5129629625 0.2171875 0.5120370375000001 0.2171875 0.5046296296875 0.2125 0.4990740734375 0.18697916718750002 0.4990740734375 0.1838541671875 0.5018518515625 0.1807291671875 0.5101851859375001 0.1807291671875 0.5611111109375 0.1838541671875 0.5666666671875 0.18802083281249998 0.5666666671875
0 0.0385416671875 0.7481481484375 0.0307291671875 0.7601851859375001 0.0307291671875 0.8083333328125001 0.0317708328125 0.8083333328125001 0.0322916671875 0.8111111109375001 0.0348958328125 0.8111111109375001 0.0354166671875 0.8138888890624999 0.0380208328125 0.8138888890624999 0.0385416671875 0.8166666671874999 0.0411458328125 0.8166666671874999 0.0416666671875 0.8194444437499999 0.046875 0.8194444437499999 0.0489583328125 0.8138888890624999 0.0515625 0.8138888890624999 0.0515625 0.8120370375 0.06875 0.7833333328125 0.06875 0.76851851875 0.0671875 0.7675925921875 0.0671875 0.7601851859375001 0.065625 0.759259259375 0.0640625 0.7490740734375 0.06302083281250001 0.7490740734375 0.0609375 0.74351851875 0.0432291671875 0.74351851875 0.0427083328125 0.746296296875 0.0385416671875 0.746296296875 0.0385416671875 0.7481481484375
0 0.5255208328125 0.177777778125 0.5260416671875 0.18055555625 0.55 0.177777778125 0.55625 0.1666666671875 0.55625 0.15648148125 0.5578125 0.15555555625 0.559375 0.1351851859375 0.55625 0.12407407343750002 0.5458333328125 0.11851851875 0.5453125 0.1129629625 0.5421875 0.1101851859375 0.5197916671875 0.1129629625 0.5182291671875 0.12129629687500001 0.5182291671875 0.172222221875 0.5197916671875 0.177777778125 0.5255208328125 0.177777778125
0 0.5005208328124999 0.06944444375 0.5046875 0.06944444375 0.5052083328125 0.0666666671875 0.509375 0.0666666671875 0.5098958328125 0.0638888890625 0.515625 0.0638888890625 0.5161458328124999 0.061111110937500004 0.5234375 0.058333332812500006 0.5265625 0.052777778124999994 0.5265625 0.040740740625 0.525 0.039814814062499995 0.525 0.0351851859375 0.51875 0.0259259265625 0.51875 0.021296296875000002 0.5109375 0.0101851859375 0.4947916671875 0.0101851859375 0.4869791671875 0.0240740734375 0.4869791671875 0.0638888890625 0.49322916718750004 0.072222221875 0.5 0.072222221875 0.5005208328124999 0.06944444375
0 0.3817708328125 0.3638888890625 0.38229166718749996 0.36666666718749996 0.396875 0.36666666718749996 0.4046875 0.352777778125 0.4046875 0.3453703703125 0.40625 0.34444444375 0.40625 0.32685185156249996 0.4046875 0.32592592656249997 0.4046875 0.321296296875 0.3984375 0.3101851859375 0.3760416671875 0.3101851859375 0.37447916718749996 0.3129629625 0.37447916718749996 0.35555555625 0.3791666671875 0.3638888890625 0.3817708328125 0.3638888890625
0 0.061979167187499996 0.946296296875 0.061979167187499996 0.99444444375 0.0635416671875 0.997222221875 0.0734375 0.997222221875 0.0859375 0.975 0.0875 0.95648148125 0.0890625 0.95555555625 0.0890625 0.946296296875 0.0875 0.9453703703125 0.0875 0.9351851859375 0.0859375 0.9324074078125 0.06979166718749999 0.9324074078125 0.0635416671875 0.940740740625 0.0635416671875 0.9453703703125 0.061979167187499996 0.946296296875
0 0.06979166718749999 0.772222221875 0.0744791671875 0.777777778125 0.096875 0.7805555562500001 0.1015625 0.772222221875 0.1015625 0.7675925921875 0.1046875 0.7638888890625 0.1046875 0.75648148125 0.10625 0.75555555625 0.10625 0.7351851859375 0.0984375 0.7212962968750001 0.06979166718749999 0.7212962968750001 0.0682291671875 0.7240740734375 0.0682291671875 0.7666666671875 0.06979166718749999 0.7675925921875 0.06979166718749999 0.772222221875
0 0.6432291671875 0.5583333328125 0.6484375 0.5611111109375 0.6489583328124999 0.5583333328125 0.6546875 0.5555555562500001 0.65625 0.5481481484375 0.6609375 0.5416666671875 0.6609375 0.5287037031249999 0.6625 0.527777778125 0.6609375 0.5129629625 0.6578125 0.509259259375 0.6578125 0.5046296296875 0.6546875 0.4990740734375 0.6385416671875 0.4990740734375 0.6369791671875 0.5018518515625 0.6369791671875 0.5305555562500001 0.6416666671875 0.5425925921875 0.6432291671875 0.5583333328125
0 0.49010416718750005 0.6361111109375 0.4927083328125 0.6361111109375 0.4947916671875 0.6416666671875 0.5005208328124999 0.6416666671875 0.5010416671875 0.64444444375 0.503125 0.64444444375 0.5171875 0.627777778125 0.5171875 0.6101851859375 0.5098958328125 0.6074074078125 0.503125 0.5879629625 0.49322916718750004 0.5879629625 0.4927083328125 0.590740740625 0.48854166718750003 0.590740740625 0.48854166718750003 0.5981481484375 0.4869791671875 0.5990740734375 0.4869791671875 0.63055555625 0.49010416718750005 0.6361111109375
0 0.0307291671875 0.43055555625 0.0354166671875 0.4361111109375 0.0380208328125 0.4361111109375 0.0401041671875 0.44166666718750003 0.0442708328125 0.44166666718750003 0.0447916671875 0.44444444375 0.0546875 0.44166666718750003 0.058333332812500006 0.4361111109375 0.0671875 0.43333333281249997 0.06875 0.42592592656250006 0.0734375 0.41944444374999995 0.0734375 0.409259259375 0.075 0.40833333281249995 0.0734375 0.39351851875 0.0703125 0.3898148140625 0.06875 0.3796296296875 0.059375 0.365740740625 0.0385416671875 0.365740740625 0.0380208328125 0.36851851875 0.0354166671875 0.36851851875 0.0322916671875 0.3768518515625 0.0322916671875 0.38148148125 0.0307291671875 0.38240740781250004 0.0307291671875 0.43055555625
0 0.3385416671875 0.35555555625 0.3411458328125 0.35555555625 0.3447916671875 0.3638888890625 0.3489583328125 0.3638888890625 0.3494791671875 0.36666666718749996 0.359375 0.36666666718749996 0.3661458328125 0.35555555625 0.36875 0.35555555625 0.3703125 0.3425925921875 0.3734375 0.3361111109375 0.3734375 0.315740740625 0.3671875 0.29907407343750003 0.3401041671875 0.29907407343750003 0.3395833328125 0.3018518515625 0.3322916671875 0.3018518515625 0.3322916671875 0.309259259375 0.3307291671875 0.3101851859375 0.3307291671875 0.3416666671875 0.3385416671875 0.35555555625
0 0.7619791671875 0.9055555562500001 0.7651041671875001 0.9111111109375001 0.7692708328125 0.9111111109375001 0.7697916671875 0.9138888890624999 0.78125 0.9138888890624999 0.7817708328124999 0.9111111109375001 0.784375 0.9111111109375001 0.7921875 0.89444444375 0.790625 0.8601851859374999 0.7859375 0.8546296296874999 0.7682291671875 0.8546296296874999 0.7677083328125 0.8574074078124999 0.7651041671875001 0.8574074078124999 0.7619791671875 0.865740740625 0.7619791671875 0.9055555562500001
0 0.459375 0.5666666671875 0.46875 0.547222221875 0.46875 0.5240740734375 0.4671875 0.521296296875 0.45104166718750005 0.521296296875 0.44947916718750003 0.5240740734375 0.44947916718750003 0.5638888890625 0.45104166718750005 0.5666666671875 0.459375 0.5666666671875
0 0.8723958328125001 0.76944444375 0.8776041671874999 0.777777778125 0.8859375 0.775 0.8890625 0.7638888890625 0.8875 0.7268518515625 0.884375 0.7212962968750001 0.8697916671874999 0.7212962968750001 0.8682291671875 0.7240740734375 0.8682291671875 0.7638888890625 0.8697916671874999 0.76944444375 0.8723958328125001 0.76944444375
0 0.8197916671875 0.809259259375 0.8197916671875 0.8138888890624999 0.8244791671874999 0.8222222218749999 0.8286458328125 0.8222222218749999 0.8291666671875 0.825 0.8390625 0.825 0.8395833328125001 0.8222222218749999 0.8421875 0.8222222218749999 0.85 0.8055555562500001 0.85 0.79351851875 0.8484375 0.7925925921875 0.8484375 0.7851851859375001 0.8453125 0.7814814812499999 0.84375 0.771296296875 0.8390625 0.765740740625 0.8229166671874999 0.765740740625 0.8223958328125001 0.76851851875 0.8197916671875 0.76851851875 0.8197916671875 0.7731481484375 0.8182291671874999 0.7740740734375 0.8182291671874999 0.8083333328125001 0.8197916671875 0.809259259375
0 0.6072916671875 0.9416666671874999 0.6182291671875 0.95 0.6234375 0.95 0.625 0.9444444437499999 0.6234375 0.896296296875 0.6171875 0.8879629625 0.6072916671875 0.8879629625 0.6057291671875 0.890740740625 0.6057291671875 0.9333333328125001 0.6072916671875 0.934259259375 0.6072916671875 0.9416666671874999
0 0.6510416671875 0.922222221875 0.6536458328125 0.922222221875 0.6572916671875 0.9305555562500001 0.6609375 0.9305555562500001 0.66875 0.9166666671874999 0.66875 0.8796296296874999 0.6671875 0.878703703125 0.6671875 0.871296296875 0.6625 0.865740740625 0.6510416671875 0.865740740625 0.6494791671875 0.86851851875 0.6494791671875 0.9166666671874999 0.6510416671875 0.9175925921875001 0.6510416671875 0.922222221875
0 0.5401041671875 0.8111111109375001 0.5427083328125 0.8111111109375001 0.5447916671875 0.8166666671874999 0.5484375 0.8166666671874999 0.5489583328125 0.8138888890624999 0.5546875 0.8111111109375001 0.5578125 0.7925925921875 0.5625 0.7861111109375 0.5625 0.7601851859375001 0.5578125 0.7546296296875 0.5401041671875 0.7546296296875 0.5369791671875 0.7601851859375001 0.5369791671875 0.8055555562500001 0.5401041671875 0.8111111109375001
0 0.5885416671875 0.11944444375 0.5958333328125 0.12222222187500001 0.5963541671875 0.125 0.6109375 0.12222222187500001 0.61875 0.102777778125 0.61875 0.0824074078125 0.615625 0.07685185156249999 0.5885416671875 0.07685185156249999 0.5869791671875 0.07962962968750001 0.5869791671875 0.1111111109375 0.5885416671875 0.1120370375 0.5885416671875 0.11944444375
0 0.8135416671875 0.872222221875 0.8182291671874999 0.877777778125 0.828125 0.877777778125 0.8359375 0.85555555625 0.8359375 0.8351851859374999 0.8328125 0.83148148125 0.8328125 0.8268518515625001 0.828125 0.821296296875 0.8135416671875 0.821296296875 0.8119791671875 0.8240740734375 0.8119791671875 0.8666666671875 0.8135416671875 0.8675925921875001 0.8135416671875 0.872222221875
0 0.3171875 0.7666666671875 0.3177083328125 0.7638888890625 0.321875 0.7638888890625 0.3234375 0.7490740734375 0.3203125 0.74351851875 0.3177083328125 0.74351851875 0.3125 0.7324074078125 0.3067708328125 0.7296296296875 0.3046875 0.7212962968750001 0.2947916671875 0.7212962968750001 0.2932291671875 0.7240740734375 0.2932291671875 0.75555555625 0.29635416718749996 0.7638888890625 0.2994791671875 0.7666666671875 0.3171875 0.7666666671875
0 0.8932291671874999 0.652777778125 0.8989583328125 0.6555555562500001 0.8994791671875 0.6583333328125 0.909375 0.6583333328125 0.9098958328125001 0.6555555562500001 0.9171875 0.652777778125 0.91875 0.621296296875 0.9171875 0.6203703703125 0.9171875 0.6129629624999999 0.9109375 0.5990740734375 0.9010416671874999 0.5990740734375 0.8994791671875 0.6018518515625 0.8979166671875 0.6231481484375 0.8932291671874999 0.6324074078125 0.8932291671874999 0.652777778125
0 0.9744791671874999 0.9129629625 0.9760416671875 0.9444444437499999 0.9869791671874999 0.952777778125 0.99375 0.952777778125 0.9994791671875 0.9472222218749999 0.9994791671875 0.8990740734375 0.9885416671874999 0.8990740734375 0.9848958328125 0.9074074078125 0.9791666671874999 0.9074074078125 0.9744791671874999 0.9129629625
0 0.8307291671874999 0.7666666671875 0.8364583328125 0.7666666671875 0.8401041671874999 0.772222221875 0.846875 0.76944444375 0.846875 0.7490740734375 0.84375 0.7398148140624999 0.84375 0.7268518515625 0.840625 0.7212962968750001 0.8197916671875 0.7212962968750001 0.8182291671874999 0.7240740734375 0.8182291671874999 0.75 0.8229166671874999 0.7583333328124999 0.8255208328125001 0.7583333328124999 0.8307291671874999 0.7666666671875
0 0.9307291671875 0.871296296875 0.9307291671875 0.8861111109375001 0.9338541671874999 0.8916666671875 0.9421875 0.8888888890625 0.94375 0.88148148125 0.9484375 0.875 0.9484375 0.8675925921875001 0.95 0.8666666671875 0.9484375 0.8546296296874999 0.9458333328125 0.8546296296874999 0.9421875 0.8435185187500001 0.9369791671875 0.8435185187500001 0.9322916671874999 0.8490740734375001 0.9338541671874999 0.8620370375 0.9307291671875 0.871296296875
0 0.54375 0.6972222218749999 0.54375 0.6870370375 0.5453125 0.6861111109375 0.54375 0.66851851875 0.5421875 0.665740740625 0.5260416671875 0.66851851875 0.5244791671875 0.6972222218749999 0.5291666671875 0.702777778125 0.540625 0.702777778125 0.54375 0.6972222218749999
0 0.5958333328125 0.0638888890625 0.5963541671875 0.0666666671875 0.615625 0.0666666671875 0.6203125 0.061111110937500004 0.61875 0.0379629625 0.6109375 0.0240740734375 0.6078125 0.021296296875000002 0.5916666671875 0.021296296875000002 0.5885416671875 0.0240740734375 0.5869791671875 0.0296296296875 0.5869791671875 0.055555556250000006 0.5885416671875 0.061111110937500004 0.5958333328125 0.0638888890625
0 0.4671875 0.646296296875 0.465625 0.64351851875 0.45104166718750005 0.64351851875 0.44947916718750003 0.646296296875 0.44947916718750003 0.6638888890625 0.45104166718750005 0.6666666671875 0.4609375 0.6638888890625 0.4671875 0.652777778125 0.4671875 0.646296296875
0 0.0203125 0.42222222187499997 0.0234375 0.4166666671875 0.0234375 0.396296296875 0.0203125 0.3925925921875 0.0203125 0.3879629625 0.015625 0.3796296296875 0.007291667187500001 0.3768518515625 0.0057291671875 0.3796296296875 0.0057291671875 0.4166666671875 0.008854167187500001 0.42222222187499997 0.0203125 0.42222222187499997
0 0.7802083328125 0.85555555625 0.7807291671875001 0.8583333328125 0.790625 0.8611111109375 0.7921875 0.8583333328125 0.7921875 0.8435185187500001 0.7828125 0.834259259375 0.7796875 0.8129629625 0.7635416671875 0.8101851859375 0.7619791671875 0.8129629625 0.7635416671875 0.852777778125 0.7651041671875001 0.85555555625 0.7802083328125 0.85555555625
0 0.5885416671875 0.11944444375 0.5963541671875 0.125 0.6109375 0.12222222187500001 0.6125 0.1148148140625 0.61875 0.10555555624999999 0.6171875 0.0703703703125 0.6203125 0.060185185937499996 0.615625 0.0546296296875 0.5932291671875001 0.0546296296875 0.5927083328125 0.0574074078125 0.5885416671875 0.0574074078125 0.5885416671875 0.0675925921875 0.5869791671875 0.06851851875000001 0.5869791671875 0.11388888906250001 0.5885416671875 0.11944444375
0 0.3515625 0.60555555625 0.35 0.5953703703125 0.353125 0.5861111109375 0.353125 0.56851851875 0.3447916671875 0.565740740625 0.34322916718749996 0.56851851875 0.34322916718749996 0.6083333328125 0.3484375 0.6111111109375 0.3515625 0.60555555625
0 0.44947916718750003 0.497222221875 0.45416666718750004 0.502777778125 0.45677083281249997 0.502777778125 0.45885416718750005 0.5083333328124999 0.4671875 0.5083333328124999 0.4734375 0.497222221875 0.4734375 0.4768518515625 0.471875 0.47592592656250005 0.471875 0.46851851875 0.4671875 0.45648148125 0.4671875 0.44907407343749994 0.4625 0.44351851875000003 0.4447916671875 0.44351851875000003 0.44322916718750005 0.44629629687500005 0.44322916718750005 0.475 0.4479166671875 0.48425925937500003 0.44947916718750003 0.497222221875
0 0.634375 0.66851851875 0.63125 0.665740740625 0.6182291671875 0.66851851875 0.6197916671875 0.6944444437499999 0.6265625 0.6944444437499999 0.634375 0.6861111109375 0.634375 0.66851851875
0 0.45 0.75 0.45 0.7240740734375 0.4447916671875 0.7212962968750001 0.44322916718750005 0.7240740734375 0.44322916718750005 0.75 0.4484375 0.752777778125 0.45 0.75