0 0.8432291671875 0.16388888906250001 0.8505208328125 0.1666666671875 0.8510416671875 0.16944444375 0.8567708328125001 0.16944444375 0.8572916671874999 0.172222221875 0.8640625 0.172222221875 0.8645833328125001 0.16944444375 0.8734375 0.1666666671875 0.875 0.15925925937500002 0.88125 0.147222221875 0.8796875 0.1101851859375 0.875 0.10092592656249999 0.8734375 0.09074074062500001 0.8692708328125001 0.09074074062500001 0.86875 0.08796296249999999 0.8463541671874999 0.08796296249999999 0.8458333328125001 0.09074074062500001 0.8432291671875 0.09074074062500001 0.8369791671875 0.10185185156250001 0.8369791671875 0.15277777812499999 0.8411458328125001 0.15555555625 0.8432291671875 0.16388888906250001
0 0.4203125 0.9444444437499999 0.42083333281249996 0.9416666671874999 0.4234375 0.9416666671874999 0.4234375 0.9370370375 0.4265625 0.9333333328125001 0.4265625 0.928703703125 0.43125 0.91944444375 0.43125 0.8879629625 0.4296875 0.8870370375000001 0.4296875 0.8824074078124999 0.425 0.8768518515625001 0.3947916671875 0.8768518515625001 0.3932291671875 0.8796296296874999 0.3932291671875 0.9305555562500001 0.4010416671875 0.9444444437499999 0.4203125 0.9444444437499999
0 0.4057291671875 0.1666666671875 0.43125 0.16388888906250001 0.43125 0.15925925937500002 0.4375 0.15 0.4375 0.1129629625 0.4328125 0.10648148125000001 0.4328125 0.10185185156250001 0.4296875 0.0990740734375 0.4010416671875 0.0990740734375 0.3994791671875 0.10185185156250001 0.3994791671875 0.15555555625 0.4010416671875 0.1611111109375 0.4057291671875 0.1666666671875
0 0.8036458328125 0.675 0.8088541671874999 0.6861111109375 0.8161458328125001 0.6888888890625 0.8166666671874999 0.6916666671875 0.8296875 0.6916666671875 0.8302083328125001 0.6888888890625 0.8375 0.6861111109375 0.8453125 0.672222221875 0.8453125 0.6675925921875 0.8484375 0.6638888890625 0.85 0.6509259265625 0.8515625 0.65 0.8515625 0.6379629625 0.85 0.6370370375000001 0.85 0.6324074078125 0.8421875 0.621296296875 0.8010416671874999 0.621296296875 0.7994791671875 0.6240740734375 0.7994791671875 0.6583333328125 0.8010416671874999 0.659259259375 0.8010416671874999 0.675 0.8036458328125 0.675
0 0.3895833328125 0.41018518593750003 0.3875 0.4074074078125 0.3776041671875 0.4074074078125 0.37447916718749996 0.4129629625 0.37447916718749996 0.45277777812500003 0.3838541671875 0.46666666718750005 0.403125 0.46666666718750005 0.40833333281249995 0.45555555625000005 0.4125 0.45277777812500003 0.4125 0.4481481484375 0.415625 0.44166666718750003 0.415625 0.4268518515625 0.4140625 0.42592592656250006 0.4140625 0.415740740625 0.4125 0.4148148140625 0.4109375 0.4018518515625 0.40833333281249995 0.4018518515625 0.4078125 0.3990740734375 0.3947916671875 0.3990740734375 0.3895833328125 0.41018518593750003
0 0.8458333328125001 0.7888888890625 0.8541666671874999 0.797222221875 0.865625 0.797222221875 0.8677083328125 0.7916666671875 0.8734375 0.7888888890625 0.875 0.7814814812499999 0.8859375 0.7611111109375 0.8859375 0.7379629624999999 0.884375 0.7351851859375 0.8807291671874999 0.7379629624999999 0.8807291671874999 0.7509259265625 0.8786458328125001 0.7546296296875 0.875 0.7509259265625 0.8734375 0.74351851875 0.8661458328125 0.74351851875 0.8640625 0.7398148140624999 0.865625 0.728703703125 0.8734375 0.722222221875 0.8734375 0.7129629625 0.8677083328125 0.7129629625 0.8671875 0.7101851859375 0.8385416671874999 0.7101851859375 0.8369791671875 0.7129629625 0.8369791671875 0.777777778125 0.8416666671874999 0.7888888890625 0.8458333328125001 0.7888888890625
0 0.7682291671875 0.7212962968750001 0.7682291671875 0.772222221875 0.7713541671875 0.777777778125 0.7817708328124999 0.777777778125 0.7822916671875 0.7805555562500001 0.7984375 0.777777778125 0.80625 0.7638888890625 0.80625 0.75648148125 0.809375 0.747222221875 0.8078125 0.7185185187500001 0.8046875 0.7074074078125 0.8020833328125001 0.7074074078125 0.8015625 0.7018518515625 0.7984375 0.6990740734374999 0.7822916671875 0.6990740734374999 0.7770833328125 0.7101851859375 0.7697916671875 0.7129629625 0.7697916671875 0.7203703703125 0.7682291671875 0.7212962968750001
0 0.5854166671875001 0.859259259375 0.5854166671875001 0.8638888890624999 0.5947916671875 0.872222221875 0.60625 0.8666666671875 0.6078125 0.8638888890624999 0.6078125 0.840740740625 0.60625 0.8398148140625 0.60625 0.8324074078124999 0.6015625 0.8148148140625 0.6015625 0.8046296296875 0.5984375 0.7990740734374999 0.5822916671875 0.7990740734374999 0.5807291671875 0.8018518515625 0.5807291671875 0.85 0.5822916671875 0.85555555625 0.5854166671875001 0.859259259375
0 0.2869791671875 0.34351851875 0.2869791671875 0.377777778125 0.28854166718749996 0.378703703125 0.28854166718749996 0.3861111109375 0.2984375 0.3888888890625 0.30625 0.375 0.30625 0.3648148140625 0.3125 0.34722222187499996 0.3125 0.3351851859375 0.3109375 0.3324074078125 0.2932291671875 0.3324074078125 0.28854166718749996 0.3379629625 0.28854166718749996 0.3425925921875 0.2869791671875 0.34351851875
0 0.0401041671875 0.20833333281250002 0.0427083328125 0.20833333281250002 0.0463541671875 0.2138888890625 0.050520832812500006 0.2138888890625 0.051041667187499994 0.2166666671875 0.056770832812500005 0.2166666671875 0.05729166718749999 0.21944444375 0.065625 0.21944444375 0.0661458328125 0.2166666671875 0.0734375 0.2138888890625 0.078125 0.20555555625 0.078125 0.2009259265625 0.0796875 0.2 0.0796875 0.171296296875 0.0765625 0.1675925921875 0.075 0.1574074078125 0.0671875 0.14351851875 0.054166667187499996 0.14351851875 0.0458333328125 0.1518518515625 0.0385416671875 0.1518518515625 0.0385416671875 0.15648148125 0.0369791671875 0.1574074078125 0.0369791671875 0.2 0.0401041671875 0.20833333281250002
0 0.60625 0.997222221875 0.60625 0.9925925921875001 0.609375 0.9861111109375 0.609375 0.9768518515625001 0.6078125 0.9759259265625 0.60625 0.9574074078124999 0.6020833328124999 0.9546296296874999 0.6 0.946296296875 0.5973958328125 0.946296296875 0.596875 0.94351851875 0.5713541671875 0.94351851875 0.5682291671875 0.9490740734375 0.5682291671875 0.977777778125 0.5760416671875 0.9925925921875001 0.5760416671875 0.997222221875 0.60625 0.997222221875
0 0.6828125 0.49444444374999996 0.684375 0.4861111109375 0.6828125 0.46851851875 0.6796875 0.465740740625 0.6619791671875 0.465740740625 0.6557291671875001 0.47407407343749997 0.6557291671875001 0.497222221875 0.6604166671875 0.502777778125 0.6765625 0.502777778125 0.6828125 0.49444444374999996
0 0.5989583328125 0.352777778125 0.603125 0.352777778125 0.6052083328125 0.34722222187499996 0.6109375 0.34444444375 0.6125 0.33703703749999997 0.6171875 0.33055555625 0.6171875 0.315740740625 0.6114583328125 0.3129629625 0.6109375 0.3101851859375 0.5776041671875001 0.3101851859375 0.5744791671875 0.315740740625 0.5744791671875 0.3416666671875 0.5822916671875 0.35555555625 0.5984375 0.35555555625 0.5989583328125 0.352777778125
0 0.9921875 0.058333332812500006 0.9953125 0.052777778124999994 0.99375 0.0129629625 0.9911458328125 0.0129629625 0.990625 0.0101851859375 0.9822916671874999 0.0101851859375 0.9807291671874999 0.0129629625 0.9807291671874999 0.05 0.9838541671875 0.055555556250000006 0.9921875 0.058333332812500006
0 0.8947916671874999 0.83055555625 0.8973958328125 0.83055555625 0.9010416671874999 0.8416666671874999 0.9036458328125001 0.8416666671874999 0.9072916671875 0.847222221875 0.9114583328125001 0.847222221875 0.9151041671875 0.852777778125 0.9234375 0.85 0.9255208328125001 0.8444444437499999 0.9296875 0.8444444437499999 0.93125 0.8370370375 0.9375 0.827777778125 0.9375 0.8231481484375 0.94375 0.8055555562500001 0.94375 0.7768518515625 0.9421875 0.7759259265625 0.940625 0.765740740625 0.934375 0.7546296296875 0.8947916671874999 0.7546296296875 0.8932291671874999 0.7574074078125 0.8932291671874999 0.8194444437499999 0.8947916671874999 0.8203703703125 0.8947916671874999 0.83055555625
0 0.5947916671875 0.16388888906250001 0.5973958328125 0.16388888906250001 0.5994791671875 0.16944444375 0.6020833328124999 0.16944444375 0.6057291671875 0.175 0.6125 0.175 0.6130208328125 0.172222221875 0.6171875 0.16944444375 0.6171875 0.1648148140625 0.628125 0.14444444375 0.628125 0.13981481406250001 0.6296875 0.13888888906250002 0.6296875 0.11851851875 0.628125 0.1175925921875 0.6265625 0.1074074078125 0.621875 0.0990740734375 0.6010416671875001 0.0990740734375 0.5932291671875001 0.1129629625 0.5932291671875001 0.1583333328125 0.5947916671875 0.15925925937500002 0.5947916671875 0.16388888906250001
0 0.1619791671875 0.6083333328125 0.1651041671875 0.6166666671875001 0.1734375 0.6166666671875001 0.1765625 0.603703703125 0.1796875 0.6 0.1828125 0.58148148125 0.184375 0.58055555625 0.184375 0.571296296875 0.18125 0.565740740625 0.16354166718750002 0.56851851875 0.16354166718750002 0.5759259265625001 0.1619791671875 0.5768518515625 0.1619791671875 0.6083333328125
0 0.45520833281249995 0.04444444375 0.45729166718750003 0.05 0.46875 0.047222221875 0.4692708328125 0.04444444375 0.475 0.0416666671875 0.475 0.037037037499999995 0.4828125 0.022222221875 0.4828125 0.0101851859375 0.4796875 0.0018518515625 0.44947916718750003 0.0018518515625 0.44947916718750003 0.0388888890625 0.45104166718750005 0.039814814062499995 0.45104166718750005 0.04444444375 0.45520833281249995 0.04444444375
0 0.4390625 0.027777778125000003 0.4390625 0.0129629625 0.43645833281249996 0.0129629625 0.4359375 0.0101851859375 0.4135416671875 0.0101851859375 0.41197916718750005 0.0129629625 0.4135416671875 0.030555556249999997 0.4213541671875 0.0388888890625 0.434375 0.0361111109375 0.4390625 0.027777778125000003
0 0.9729166671874999 0.33703703749999997 0.9614583328125 0.3490740734375 0.9588541671874999 0.3490740734375 0.9557291671874999 0.3574074078125 0.9557291671874999 0.375 0.9572916671874999 0.3759259265625 0.9572916671874999 0.38055555625 0.9682291671875 0.3916666671875 0.984375 0.3916666671875 0.9848958328125 0.3888888890625 0.990625 0.3888888890625 0.9958333328125001 0.377777778125 0.9994791671875 0.377777778125 0.9994791671875 0.34351851875 0.99375 0.33703703749999997 0.99375 0.3296296296875 0.990625 0.3240740734375 0.9880208328125001 0.3240740734375 0.9875 0.321296296875 0.9729166671874999 0.3240740734375 0.9729166671874999 0.33703703749999997
0 0.6890625 0.0333333328125 0.6953125 0.019444443750000002 0.6953125 0.0018518515625 0.6921875 0 0.6682291671875 0.0018518515625 0.6682291671875 0.030555556249999997 0.6723958328124999 0.0333333328125 0.6729166671875 0.0361111109375 0.6890625 0.0333333328125
0 0.51875 0.83055555625 0.51875 0.8129629625 0.5171875 0.8101851859375 0.4947916671875 0.8101851859375 0.49322916718750004 0.8129629625 0.49322916718750004 0.8333333328125001 0.49791666718750005 0.8416666671874999 0.5109375 0.8416666671874999 0.51875 0.83055555625
0 0.6708333328125 0.5722222218749999 0.6796875 0.5666666671875 0.68125 0.5490740734374999 0.6765625 0.5351851859375001 0.6739583328125 0.5351851859375001 0.6734375 0.5324074078125001 0.6572916671875 0.5324074078125001 0.6557291671875001 0.5351851859375001 0.6557291671875001 0.5666666671875 0.6588541671875 0.575 0.6703125 0.575 0.6708333328125 0.5722222218749999
0 0.5385416671875001 0.15370370312499998 0.5369791671875 0.1546296296875 0.5369791671875 0.175 0.5401041671875 0.18055555625 0.5427083328125 0.18055555625 0.5432291671875 0.1833333328125 0.5484375 0.1833333328125 0.5609375 0.16388888906250001 0.5609375 0.1546296296875 0.559375 0.15370370312499998 0.559375 0.1490740734375 0.5552083328124999 0.146296296875 0.5546875 0.14351851875 0.5432291671875 0.14351851875 0.5427083328125 0.146296296875 0.5385416671875001 0.146296296875 0.5385416671875001 0.15370370312499998
0 0 0.0333333328125 0.015625 0.0388888890625 0.015625 0.03148148125 0.0203125 0.022222221875 0.0203125 0.015740740625 0.015625 0.0101851859375 0 0.0101851859375 0 0.0333333328125
0 0.9921875 0.5611111109375 0.99375 0.5527777781250001 0.9921875 0.5351851859375001 0.9890625 0.5324074078125001 0.9682291671875 0.5351851859375001 0.9697916671875 0.5555555562500001 0.9755208328125 0.5583333328125 0.9776041671875 0.5638888890625 0.9921875 0.5611111109375
0 0.5510416671875 0.447222221875 0.5609375 0.45277777812500003 0.5645833328125 0.447222221875 0.5734375 0.44444444375 0.5765625 0.43148148124999997 0.5796875 0.427777778125 0.5796875 0.41018518593750003 0.578125 0.409259259375 0.578125 0.4046296296875 0.5734375 0.3990740734375 0.5526041671875 0.3990740734375 0.5494791671875 0.4046296296875 0.5494791671875 0.44166666718750003 0.5510416671875 0.44259259218749997 0.5510416671875 0.447222221875
0 0.12395833281249999 0.652777778125 0.1244791671875 0.6555555562500001 0.1390625 0.6555555562500001 0.1421875 0.652777778125 0.146875 0.6388888890625 0.146875 0.615740740625 0.1359375 0.5990740734375 0.1197916671875 0.5990740734375 0.11822916718750001 0.6018518515625 0.11822916718750001 0.647222221875 0.1197916671875 0.652777778125 0.12395833281249999 0.652777778125
0 0.9885416671874999 0.6666666671875 0.9932291671875 0.675 0.9994791671875 0.6777777781250001 0.9994791671875 0.6101851859375 0.9901041671874999 0.6101851859375 0.9869791671874999 0.615740740625 0.9869791671874999 0.625 0.9885416671874999 0.6259259265625 0.9885416671874999 0.6666666671875