0 0.37890625 0.38715277812500004 0.375 0.3767361109375 0.375 0.3697916671875 0.3642578125 0.3541666671875 0.3603515625 0.3576388890625 0.3427734375 0.3576388890625 0.330078125 0.3767361109375 0.330078125 0.38715277812500004 0.328125 0.390625 0.330078125 0.39756944375000003 0.330078125 0.41840277812500004 0.3427734375 0.4513888890625 0.3466796875 0.4548611109375 0.365234375 0.453125 0.3681640625 0.4513888890625 0.373046875 0.4392361109375 0.37890625 0.4079861109375 0.37890625 0.38715277812500004
0 0.384765625 0.24479166718749998 0.3818359375 0.23958333281250002 0.3701171875 0.24305555625 0.3642578125 0.25347222187499996 0.357421875 0.25868055624999997 0.35546875 0.26909722187499996 0.359375 0.2829861109375 0.359375 0.296875 0.3623046875 0.3020833328125 0.384765625 0.30034722187499996 0.388671875 0.2864583328125 0.388671875 0.26909722187499996 0.38671875 0.265625 0.384765625 0.24479166718749998
0 0.466796875 0.13368055625 0.4638671875 0.12847222187500001 0.4580078125 0.12847222187500001 0.4560546875 0.13194444375 0.4365234375 0.13194444375 0.435546875 0.1197916671875 0.4560546875 0.1076388890625 0.4658203125 0.1076388890625 0.4677734375 0.1111111109375 0.4736328125 0.1076388890625 0.474609375 0.09201388906249999 0.4697265625 0.07986111093750001 0.4599609375 0.07986111093750001 0.4541015625 0.08680555625 0.4501953125 0.08680555625 0.4345703125 0.1041666671875 0.4287109375 0.1041666671875 0.423828125 0.112847221875 0.423828125 0.1302083328125 0.427734375 0.14409722187500001 0.4365234375 0.15972222187500001 0.439453125 0.15798611093749998 0.4501953125 0.14930555625 0.4521484375 0.15277777812499999 0.4580078125 0.15277777812499999 0.466796875 0.13368055625
0 0.5732421875 0.3854166671875 0.5673828125 0.37847222187499996 0.5595703125 0.37847222187499996 0.5576171875 0.38194444375000003 0.5537109375 0.37847222187499996 0.5498046875 0.38194444375000003 0.5458984375 0.37847222187499996 0.5419921875 0.38194444375000003 0.5361328125 0.37847222187499996 0.5341796875 0.38194444375000003 0.5283203125 0.375 0.525390625 0.3767361109375 0.525390625 0.4114583328125 0.5341796875 0.43055555625 0.5458984375 0.43055555625 0.5478515625 0.43402777812500004 0.560546875 0.4322916671875 0.576171875 0.4079861109375 0.580078125 0.39756944375000003 0.5791015625 0.3854166671875 0.5732421875 0.3854166671875
0 0.951171875 0.2864583328125 0.953125 0.27256944375000003 0.95703125 0.265625 0.958984375 0.24479166718749998 0.9541015625 0.23958333281250002 0.9501953125 0.24305555625 0.9404296875 0.24305555625 0.9365234375 0.23958333281250002 0.931640625 0.22743055625 0.923828125 0.21701388906250002 0.923828125 0.21006944375 0.919921875 0.19965277812499999 0.919921875 0.18923611093749998 0.9130859375 0.17013888906250002 0.9091796875 0.1666666671875 0.8916015625 0.1666666671875 0.8896484375 0.17013888906250002 0.8837890625 0.17013888906250002 0.8671875 0.19965277812499999 0.861328125 0.230902778125 0.861328125 0.265625 0.86328125 0.26909722187499996 0.865234375 0.296875 0.869140625 0.3072916671875 0.87109375 0.32465277812500004 0.8759765625 0.33680555624999997 0.8896484375 0.34722222187499996 0.908203125 0.3454861109375 0.9248046875 0.33680555624999997 0.94140625 0.3177083328125 0.9453125 0.30034722187499996 0.951171875 0.2864583328125
0 0.6630859375 0.21180555625 0.6513671875 0.22569444375 0.6455078125 0.22569444375 0.64453125 0.18923611093749998 0.646484375 0.18576388906250002 0.646484375 0.16840277812499999 0.6484375 0.16493055625 0.646484375 0.15451388906250002 0.6357421875 0.15277777812499999 0.6298828125 0.15625 0.6279296875 0.16319444375 0.626953125 0.15451388906250002 0.62109375 0.14756944375 0.623046875 0.14409722187500001 0.6201171875 0.13888888906250002 0.6171875 0.15451388906250002 0.6171875 0.171875 0.619140625 0.17534722187500001 0.619140625 0.19965277812499999 0.625 0.22743055625 0.6435546875 0.246527778125 0.6494140625 0.246527778125 0.6513671875 0.25 0.6640625 0.24826388906250002 0.677734375 0.230902778125 0.68359375 0.21006944375 0.6708984375 0.19444444375 0.6630859375 0.21180555625
0 0.5859375 0.3385416671875 0.583984375 0.33159722187499996 0.5751953125 0.31944444375000003 0.5673828125 0.31944444375000003 0.5537109375 0.30902777812500004 0.5380859375 0.30902777812500004 0.529296875 0.32118055624999997 0.521484375 0.3489583328125 0.521484375 0.3732638890625 0.525390625 0.38715277812500004 0.525390625 0.4079861109375 0.5322265625 0.4236111109375 0.5419921875 0.43055555625 0.5625 0.42881944375 0.578125 0.4045138890625 0.5859375 0.3767361109375 0.587890625 0.36631944375000003 0.5859375 0.3385416671875
0 0.1376953125 0.18402777812499999 0.1337890625 0.1770833328125 0.123046875 0.17881944375 0.125 0.21006944375 0.1298828125 0.222222221875 0.1455078125 0.222222221875 0.1552734375 0.22916666718749998 0.162109375 0.22743055625 0.1611328125 0.20833333281250002 0.1513671875 0.20138888906250002 0.1435546875 0.1875 0.1376953125 0.18402777812499999
0 0.81640625 0.18576388906250002 0.814453125 0.17534722187500001 0.8076171875 0.17013888906250002 0.7958984375 0.17013888906250002 0.7919921875 0.17361111093749998 0.787109375 0.1822916671875 0.783203125 0.203125 0.7861328125 0.20833333281250002 0.7978515625 0.215277778125 0.80859375 0.21701388906250002 0.8125 0.21006944375 0.810546875 0.206597221875 0.810546875 0.19618055625 0.81640625 0.18576388906250002
0 0.1572265625 0 0.15625 0.00868055625 0.1591796875 0.013888889062500001 0.1630859375 0.013888889062500001 0.166015625 0.019097221875 0.166015625 0.0260416671875 0.1767578125 0.0451388890625 0.181640625 0.046875 0.185546875 0.043402778125 0.189453125 0.0260416671875 0.189453125 0.0017361109374999999 0.1572265625 0
0 0.8779296875 0.34027777812500004 0.869140625 0.3177083328125 0.861328125 0.265625 0.8583984375 0.2604166671875 0.8505859375 0.2638888890625 0.837890625 0.2864583328125 0.83203125 0.3072916671875 0.83203125 0.32465277812500004 0.830078125 0.328125 0.83203125 0.3802083328125 0.8408203125 0.3923611109375 0.8623046875 0.39930555624999997 0.8681640625 0.40625 0.880859375 0.4045138890625 0.900390625 0.3732638890625 0.90625 0.35243055624999997 0.8935546875 0.35069444375000003 0.8779296875 0.34027777812500004
0 0.703125 0.1197916671875 0.703125 0.13368055625 0.705078125 0.13715277812499999 0.703125 0.14756944375 0.7041015625 0.15972222187500001 0.7099609375 0.15972222187500001 0.7119140625 0.15625 0.73046875 0.15798611093749998 0.732421875 0.1510416671875 0.732421875 0.1232638890625 0.7275390625 0.1076388890625 0.703125 0.1197916671875
0 0.798828125 0.24479166718749998 0.7958984375 0.24305555625 0.7919921875 0.23263888906250002 0.7802734375 0.22916666718749998 0.779296875 0.26215277812500004 0.783203125 0.2760416671875 0.7919921875 0.28819444375000003 0.79296875 0.2864583328125 0.8017578125 0.28472222187499996 0.8046875 0.2795138890625 0.8046875 0.26909722187499996 0.798828125 0.24479166718749998
0 0.0361328125 0.1041666671875 0.0244140625 0.097222221875 0.017578125 0.105902778125 0.017578125 0.12673611093749998 0.0283203125 0.1458333328125 0.033203125 0.14756944375 0.037109375 0.13368055625 0.037109375 0.11631944375 0.0390625 0.109375 0.0361328125 0.1041666671875
0 0.8857421875 0.34722222187499996 0.8720703125 0.3333333328125 0.87109375 0.3385416671875 0.861328125 0.35243055624999997 0.857421875 0.38715277812500004 0.85546875 0.390625 0.8681640625 0.40625 0.87890625 0.4045138890625 0.90234375 0.3697916671875 0.908203125 0.35590277812500004 0.9052734375 0.34722222187499996 0.8857421875 0.34722222187499996
0 0.7060546875 0.11805555625 0.703125 0.1232638890625 0.705078125 0.1302083328125 0.705078125 0.14756944375 0.703125 0.15451388906250002 0.7109375 0.15451388906250002 0.70703125 0.1510416671875 0.70703125 0.1302083328125 0.7109375 0.1232638890625 0.7060546875 0.11805555625
0 0.7099609375 0.19097222187500001 0.6962890625 0.19097222187500001 0.677734375 0.22743055625 0.677734375 0.237847221875 0.6806640625 0.24305555625 0.693359375 0.24131944375 0.6962890625 0.23958333281250002 0.712890625 0.206597221875 0.712890625 0.19618055625 0.7099609375 0.19097222187500001
0 0.37109375 0.109375 0.373046875 0.1232638890625 0.3798828125 0.1354166671875 0.3837890625 0.13888888906250002 0.3974609375 0.13888888906250002 0.3994140625 0.14236111093749998 0.404296875 0.140625 0.4189453125 0.13194444375 0.423828125 0.1232638890625 0.423828125 0.109375 0.37109375 0.109375
0 0.19921875 0.15798611093749998 0.1923828125 0.14930555625 0.19140625 0.18923611093749998 0.185546875 0.21354166718749998 0.1884765625 0.21875 0.203125 0.21701388906250002 0.2060546875 0.215277778125 0.208984375 0.206597221875 0.19921875 0.1822916671875 0.19921875 0.15798611093749998
0 0.5537109375 0 0.55078125 0.0052083328125 0.55078125 0.050347221875 0.5537109375 0.055555556250000006 0.5615234375 0.0625 0.5654296875 0.059027778125 0.5712890625 0.059027778125 0.5732421875 0.0625 0.5810546875 0.0625 0.5830078125 0.059027778125 0.5869140625 0.0625 0.5908203125 0.059027778125 0.595703125 0.0607638890625 0.6015625 0.046875 0.6015625 0.03993055625 0.59765625 0.0329861109375 0.5927734375 0 0.5537109375 0
0 0.423828125 0.0607638890625 0.4130859375 0.03819444375 0.3974609375 0.034722221875 0.3876953125 0.0416666671875 0.37890625 0.05729166718749999 0.37890625 0.07118055625 0.3818359375 0.07638888906249999 0.384765625 0.074652778125 0.4150390625 0.06944444375 0.4169921875 0.065972221875 0.4228515625 0.065972221875 0.423828125 0.0607638890625
0 0.373046875 0.109375 0.373046875 0.1197916671875 0.3837890625 0.13888888906250002 0.41015625 0.13715277812499999 0.421875 0.12673611093749998 0.423828125 0.1197916671875 0.4228515625 0.1076388890625 0.373046875 0.109375
0 0.8115234375 0.17361111093749998 0.8056640625 0.17013888906250002 0.7958984375 0.17013888906250002 0.7919921875 0.17361111093749998 0.78515625 0.18923611093749998 0.783203125 0.203125 0.7919921875 0.21180555625 0.80859375 0.21701388906250002 0.810546875 0.21354166718749998 0.810546875 0.19618055625 0.81640625 0.1822916671875 0.8115234375 0.17361111093749998
0 0.8125 0.26909722187499996 0.80859375 0.26215277812500004 0.8125 0.2517361109375 0.8076171875 0.246527778125 0.7998046875 0.246527778125 0.7939453125 0.23958333281250002 0.7919921875 0.23263888906250002 0.7802734375 0.22569444375 0.779296875 0.26215277812500004 0.783203125 0.2760416671875 0.7900390625 0.28472222187499996 0.80078125 0.2829861109375 0.8056640625 0.27777777812500004 0.8095703125 0.28125 0.8125 0.2795138890625 0.8125 0.26909722187499996
0 0.0849609375 0.0416666671875 0.080078125 0.053819443749999994 0.080078125 0.06770833281250001 0.076171875 0.08854166718749999 0.076171875 0.112847221875 0.078125 0.1197916671875 0.0927734375 0.1458333328125 0.1103515625 0.15972222187500001 0.119140625 0.15798611093749998 0.119140625 0.1510416671875 0.09765625 0.09548611093750001 0.09375 0.06423611093750001 0.0849609375 0.0416666671875
0 0.65625 0.09201388906249999 0.65625 0.081597221875 0.6513671875 0.07291666718749999 0.6357421875 0.08333333281250001 0.625 0.10243055625 0.62109375 0.112847221875 0.619140625 0.13368055625 0.6171875 0.13715277812499999 0.6171875 0.16840277812499999 0.6201171875 0.18055555625 0.6337890625 0.18055555625 0.6357421875 0.1770833328125 0.6416015625 0.18055555625 0.646484375 0.17881944375 0.65234375 0.11631944375 0.654296875 0.112847221875 0.654296875 0.09548611093750001 0.65625 0.09201388906249999
0 0.8232421875 0.23958333281250002 0.8173828125 0.23958333281250002 0.8154296875 0.24305555625 0.8056640625 0.24305555625 0.8017578125 0.23958333281250002 0.796875 0.24479166718749998 0.8046875 0.2760416671875 0.8095703125 0.28472222187499996 0.83203125 0.2829861109375 0.84375 0.26215277812500004 0.8427734375 0.246527778125 0.8251953125 0.24305555625 0.8232421875 0.23958333281250002
0 0.6962890625 0.19097222187500001 0.677734375 0.22743055625 0.677734375 0.237847221875 0.6806640625 0.24305555625 0.693359375 0.24131944375 0.7109375 0.21006944375 0.712890625 0.19618055625 0.7099609375 0.19097222187500001 0.6962890625 0.19097222187500001
0 0.7236328125 0.1076388890625 0.7119140625 0.11805555625 0.703125 0.1197916671875 0.7041015625 0.15972222187500001 0.7099609375 0.15972222187500001 0.7119140625 0.15625 0.73046875 0.15798611093749998 0.732421875 0.1510416671875 0.732421875 0.1232638890625 0.7275390625 0.1076388890625 0.7236328125 0.1076388890625
0 0.8349609375 0.18055555625 0.83203125 0.18576388906250002 0.837890625 0.19965277812499999 0.8359375 0.22048611093749998 0.845703125 0.22048611093749998 0.8515625 0.206597221875 0.8515625 0.1927083328125 0.8466796875 0.18055555625 0.8349609375 0.18055555625
0 0.740234375 0.08506944375 0.7421875 0.09548611093750001 0.7509765625 0.1145833328125 0.7548828125 0.11805555625 0.765625 0.11631944375 0.7578125 0.09201388906249999 0.7509765625 0.07986111093750001 0.7451171875 0.07638888906249999 0.740234375 0.08506944375
0 0.423828125 0.0607638890625 0.4130859375 0.03819444375 0.4091796875 0.034722221875 0.3955078125 0.034722221875 0.3876953125 0.0416666671875 0.37890625 0.05729166718749999 0.37890625 0.07118055625 0.3818359375 0.07638888906249999 0.384765625 0.074652778125 0.4150390625 0.06944444375 0.4169921875 0.065972221875 0.4228515625 0.065972221875 0.423828125 0.0607638890625