0 0.096875 0.9990740734375001 0.1 0.99444444375 0.1015625 0.9648148140625 0.103125 0.9638888890624999 0.1015625 0.946296296875 0.0984375 0.94351851875 0.0666666671875 0.94351851875 0.0635416671875 0.946296296875 0.061979167187499996 0.9518518515625001 0.061979167187499996 0.9888888890624999 0.0666666671875 0.997222221875 0.096875 0.9990740734375001
0 0.3963541671875 0 0.3932291671875 0.004629629687499999 0.3932291671875 0.04444444375 0.3947916671875 0.045370370312500005 0.3947916671875 0.05 0.39791666718749996 0.055555556250000006 0.40052083281249995 0.055555556250000006 0.4057291671875 0.0666666671875 0.40833333281249995 0.0666666671875 0.4135416671875 0.077777778125 0.4296875 0.077777778125 0.4375 0.0638888890625 0.4390625 0.053703703125 0.4421875 0.05 0.4421875 0.045370370312500005 0.44375 0.04444444375 0.44375 0.037037037499999995 0.4453125 0.0361111109375 0.4453125 0.018518518749999997 0.44375 0.0175925921875 0.44375 0.0101851859375 0.4390625 0.0018518515625 0.4359375 0 0.3963541671875 0
0 0.5119791671875 0.44444444375 0.5151041671875001 0.4481481484375 0.5151041671875001 0.45277777812500003 0.5229166671875001 0.46388888906250003 0.534375 0.46388888906250003 0.5421875 0.45 0.5421875 0.43981481406249995 0.54375 0.4388888890625 0.54375 0.41018518593750003 0.5421875 0.409259259375 0.5421875 0.4046296296875 0.5375 0.3990740734375 0.5182291671875 0.3990740734375 0.5177083328125 0.4018518515625 0.5151041671875001 0.4018518515625 0.5119791671875 0.41018518593750003 0.5119791671875 0.44444444375
0 0.6916666671875 0.42129629687500003 0.6869791671875001 0.43240740781250003 0.6869791671875001 0.4583333328125 0.6885416671875 0.459259259375 0.6885416671875 0.46388888906250003 0.6932291671875 0.46944444374999994 0.6958333328124999 0.46944444374999994 0.6979166671875 0.475 0.7020833328125 0.475 0.7026041671875001 0.477777778125 0.7234375 0.477777778125 0.73125 0.46388888906250003 0.7328125 0.4481481484375 0.7359375 0.44166666718750003 0.7359375 0.4240740734375 0.73125 0.41203703750000004 0.73125 0.4046296296875 0.728125 0.3990740734375 0.7010416671875 0.3990740734375 0.6979166671875 0.4074074078125 0.6979166671875 0.4148148140625 0.6942708328125 0.42129629687500003 0.6916666671875 0.42129629687500003
0 0.1119791671875 0.225 0.1135416671875 0.2259259265625 0.1135416671875 0.23055555625 0.11927083281249999 0.23333333281250002 0.1260416671875 0.24444444375000002 0.134375 0.24444444375000002 0.1348958328125 0.2416666671875 0.1375 0.2416666671875 0.1395833328125 0.23611111093749998 0.1421875 0.23611111093749998 0.1453125 0.23055555625 0.146875 0.2101851859375 0.1453125 0.209259259375 0.14375 0.1824074078125 0.1395833328125 0.17962962968750001 0.1390625 0.1768518515625 0.1244791671875 0.1768518515625 0.12395833281249999 0.17962962968750001 0.1197916671875 0.17962962968750001 0.1119791671875 0.196296296875 0.1119791671875 0.225
0 0.421875 0.672222221875 0.43125 0.6666666671875 0.4328125 0.646296296875 0.43125 0.6453703703125 0.43125 0.6268518515625 0.428125 0.615740740625 0.4234375 0.6101851859375 0.40729166718750004 0.6101851859375 0.4057291671875 0.6129629624999999 0.4057291671875 0.6611111109375 0.4135416671875 0.672222221875 0.421875 0.672222221875
0 0.44166666718750003 0.5861111109375 0.4479166671875 0.5916666671875 0.459375 0.5916666671875 0.465625 0.5861111109375 0.4703125 0.5666666671875 0.46875 0.5379629625 0.4640625 0.5324074078125001 0.43854166718750004 0.5324074078125001 0.4369791671875 0.5351851859375001 0.43854166718750004 0.58055555625 0.44114583281249997 0.58055555625 0.44166666718750003 0.5861111109375
0 0.3739583328125 0.547222221875 0.37447916718749996 0.55 0.38125 0.55 0.3817708328125 0.547222221875 0.3890625 0.54444444375 0.3921875 0.5388888890625 0.3953125 0.5203703703125 0.396875 0.51944444375 0.396875 0.5120370375000001 0.3984375 0.5111111109375 0.3984375 0.4990740734375 0.396875 0.4981481484375 0.39375 0.4796296296875 0.390625 0.4768518515625 0.3651041671875 0.4768518515625 0.3619791671875 0.4824074078125 0.3619791671875 0.5361111109375 0.3635416671875 0.5416666671875 0.3739583328125 0.547222221875
0 0.7260416671875001 0.7194444437499999 0.7359375 0.7194444437499999 0.7375 0.7120370375 0.7421875 0.7083333328125 0.7421875 0.69351851875 0.7390625 0.6898148140625 0.7359375 0.6768518515624999 0.7135416671875 0.6768518515624999 0.7119791671875 0.6796296296875 0.7119791671875 0.70555555625 0.7151041671875 0.7111111109375 0.7192708328124999 0.7111111109375 0.7260416671875001 0.7194444437499999
0 0.20989583281250002 0.3333333328125 0.21197916718749998 0.33888888906250003 0.21875 0.33888888906250003 0.2192708328125 0.3361111109375 0.2234375 0.3361111109375 0.22395833281250002 0.3333333328125 0.2296875 0.33055555625 0.2296875 0.32592592656249997 0.2328125 0.322222221875 0.2328125 0.31759259218749997 0.2375 0.3083333328125 0.2390625 0.2796296296875 0.2328125 0.26851851875 0.2270833328125 0.26851851875 0.2265625 0.26574074062499997 0.2026041671875 0.26574074062499997 0.1994791671875 0.271296296875 0.1994791671875 0.31944444375000003 0.20729166718749997 0.3333333328125 0.20989583281250002 0.3333333328125
0 0.9026041671874999 0.5527777781250001 0.9114583328125001 0.5555555562500001 0.9166666671874999 0.5611111109375 0.928125 0.5611111109375 0.9302083328125 0.5555555562500001 0.9359375 0.5527777781250001 0.9359375 0.5324074078125001 0.934375 0.5314814812499999 0.9296875 0.4990740734375 0.9088541671874999 0.4990740734375 0.9010416671874999 0.5074074078125 0.9010416671874999 0.5148148140625 0.8994791671875 0.515740740625 0.8994791671875 0.54444444375 0.9026041671874999 0.5527777781250001
0 0.4322916671875 0.6537037031249999 0.4322916671875 0.6611111109375 0.4447916671875 0.6777777781250001 0.453125 0.6777777781250001 0.4536458328125 0.675 0.45625 0.675 0.45625 0.6703703703125 0.4578125 0.66944444375 0.4578125 0.6509259265625 0.465625 0.6416666671875 0.465625 0.6268518515625 0.4640625 0.6259259265625 0.4640625 0.621296296875 0.45625 0.6101851859375 0.43541666718750005 0.6101851859375 0.4348958328125 0.6129629624999999 0.4322916671875 0.6129629624999999 0.4322916671875 0.6175925921875 0.43072916718750004 0.61851851875 0.43072916718750004 0.652777778125 0.4322916671875 0.6537037031249999
0 0.1510416671875 0.2203703703125 0.1510416671875 0.22777777812500002 0.1552083328125 0.23055555625 0.1572916671875 0.23611111093749998 0.1796875 0.23333333281250002 0.1859375 0.222222221875 0.1859375 0.2148148140625 0.1875 0.2138888890625 0.1875 0.196296296875 0.1859375 0.19537037031249999 0.184375 0.1824074078125 0.171875 0.165740740625 0.1541666671875 0.165740740625 0.1536458328125 0.16851851874999998 0.1510416671875 0.16851851874999998 0.1510416671875 0.17314814843749998 0.1494791671875 0.1740740734375 0.1494791671875 0.21944444375 0.1510416671875 0.2203703703125
0 0.6875 0.172222221875 0.6880208328124999 0.16944444375 0.7 0.1666666671875 0.7078125 0.15277777812499999 0.7078125 0.1296296296875 0.7046875 0.12407407343750002 0.7005208328125 0.12407407343750002 0.7 0.12129629687500001 0.6822916671875 0.12129629687500001 0.6817708328125 0.12407407343750002 0.6791666671875001 0.12407407343750002 0.6744791671875 0.1351851859375 0.6744791671875 0.16388888906250001 0.6776041671875 0.16944444375 0.6875 0.172222221875
0 0.0947916671875 0.46388888906250003 0.10260416718750001 0.477777778125 0.1052083328125 0.477777778125 0.10729166718750001 0.48148148125 0.10729166718750001 0.4861111109375 0.11145833281249999 0.4888888890625 0.11510416718750001 0.497222221875 0.1171875 0.497222221875 0.1177083328125 0.49444444374999996 0.125 0.49444444374999996 0.1270833328125 0.4888888890625 0.1328125 0.4861111109375 0.1359375 0.48055555625 0.1375 0.4675925921875 0.1390625 0.46666666718750005 0.1390625 0.459259259375 0.1421875 0.45277777812500003 0.1421875 0.43518518593750005 0.1390625 0.42870370312499995 0.1375 0.415740740625 0.1328125 0.41018518593750003 0.1010416671875 0.41018518593750003 0.10052083281249999 0.4129629625 0.0979166671875 0.4129629625 0.09322916718749999 0.4240740734375 0.09322916718749999 0.4583333328125 0.0947916671875 0.459259259375 0.0947916671875 0.46388888906250003
0 0.3942708328125 0.26944444375 0.3947916671875 0.272222221875 0.40052083281249995 0.275 0.40260416718750003 0.28055555625 0.4140625 0.27777777812500004 0.4234375 0.25555555625 0.4234375 0.2379629625 0.4203125 0.234259259375 0.41875 0.22407407343750002 0.41614583281249995 0.22407407343750002 0.415625 0.221296296875 0.3885416671875 0.221296296875 0.3869791671875 0.22407407343750002 0.3869791671875 0.2638888890625 0.39010416718749996 0.26944444375 0.3942708328125 0.26944444375
0 0.48802083281249997 0.0916666671875 0.48854166718750003 0.09444444375 0.4984375 0.09444444375 0.49895833281249996 0.0916666671875 0.5046875 0.0888888890625 0.5109375 0.072222221875 0.509375 0.0490740734375 0.5046875 0.04351851875 0.4869791671875 0.04351851875 0.48645833281249995 0.046296296875 0.4838541671875 0.046296296875 0.48072916718750003 0.0546296296875 0.48072916718750003 0.0861111109375 0.4838541671875 0.0916666671875 0.48802083281249997 0.0916666671875
0 0.4244791671875 0.09074074062500001 0.4244791671875 0.1166666671875 0.42604166718750003 0.1175925921875 0.42604166718750003 0.12222222187500001 0.42864583281249996 0.12222222187500001 0.43541666718750005 0.13055555624999998 0.446875 0.13055555624999998 0.44895833281249997 0.125 0.4515625 0.125 0.4609375 0.10555555624999999 0.4609375 0.0981481484375 0.4625 0.097222221875 0.4609375 0.07962962968750001 0.4578125 0.0759259265625 0.4578125 0.071296296875 0.4546875 0.065740740625 0.4369791671875 0.065740740625 0.42864583281249996 0.07962962968750001 0.42604166718750003 0.07962962968750001 0.42604166718750003 0.0898148140625 0.4244791671875 0.09074074062500001
0 0.9807291671874999 0.796296296875 0.9807291671874999 0.803703703125 0.9770833328125 0.8101851859375 0.9744791671874999 0.8101851859375 0.9723958328125001 0.815740740625 0.9651041671874999 0.8129629625 0.9651041671874999 0.8175925921875 0.9619791671875 0.8240740734375 0.9619791671875 0.8416666671874999 0.9713541671874999 0.85555555625 0.9796875 0.85555555625 0.9802083328125001 0.852777778125 0.984375 0.852777778125 0.9864583328125001 0.847222221875 0.9921875 0.8444444437499999 0.9958333328125001 0.8361111109375001 0.9994791671875 0.8361111109375001 0.9994791671875 0.7879629625 0.9901041671874999 0.7879629625 0.9895833328125001 0.790740740625 0.9822916671874999 0.79351851875 0.9807291671874999 0.796296296875
0 0.675 0.0259259265625 0.6796875 0.022222221875 0.68125 0.0166666671875 0.6796875 0 0.6494791671875 0.0018518515625 0.6494791671875 0.022222221875 0.6557291671875001 0.0333333328125 0.6734375 0.0333333328125 0.675 0.0259259265625
0 0.4140625 0.097222221875 0.4140625 0.0925925921875 0.415625 0.0916666671875 0.415625 0.07962962968750001 0.4125 0.0759259265625 0.4125 0.071296296875 0.409375 0.065740740625 0.3885416671875 0.065740740625 0.3869791671875 0.06851851875000001 0.3869791671875 0.097222221875 0.3932291671875 0.10833333281249999 0.40625 0.10833333281249999 0.4140625 0.097222221875
0 0.0692708328125 0.8666666671875 0.06979166718749999 0.86944444375 0.08125 0.8666666671875 0.0828125 0.8611111109375 0.08125 0.8462962968750001 0.0770833328125 0.8435185187500001 0.0734375 0.8324074078124999 0.05729166718749999 0.8324074078124999 0.0557291671875 0.8351851859374999 0.05729166718749999 0.852777778125 0.05989583281250001 0.852777778125 0.06510416718749999 0.8666666671875 0.0692708328125 0.8666666671875
0 0.9510416671874999 0.5666666671875 0.9734375 0.5666666671875 0.9739583328125001 0.5638888890625 0.9765625 0.5638888890625 0.9796875 0.5490740734374999 0.975 0.5398148140625 0.975 0.5351851859375001 0.9671875 0.521296296875 0.9557291671874999 0.521296296875 0.9510416671874999 0.5268518515625 0.9510416671874999 0.5314814812499999 0.9494791671874999 0.5324074078125001 0.9494791671874999 0.5638888890625 0.9510416671874999 0.5666666671875
0 0.0125 0.3009259265625 0.0171875 0.29722222187499997 0.0171875 0.2796296296875 0.014583332812499999 0.2796296296875 0.0109375 0.26851851875 0.007291667187500001 0.26851851875 0.0057291671875 0.3 0.007291667187500001 0.3083333328125 0.0109375 0.3083333328125 0.0125 0.3009259265625
0 0.7755208328125 0.030555556249999997 0.7791666671875 0.0361111109375 0.7953125 0.0333333328125 0.8015625 0.022222221875 0.8015625 0.0129629625 0.7989583328125 0.0129629625 0.7984375 0.0101851859375 0.7713541671875 0.0101851859375 0.7682291671875 0.015740740625 0.7682291671875 0.019444443750000002 0.7729166671875001 0.0259259265625 0.7729166671875001 0.030555556249999997 0.7755208328125 0.030555556249999997
0 0.25 0.5722222218749999 0.25 0.56851851875 0.2484375 0.5675925921875 0.2484375 0.5601851859375 0.246875 0.5574074078125 0.2442708328125 0.5574074078125 0.24375 0.5546296296875 0.2260416671875 0.5546296296875 0.2244791671875 0.5574074078125 0.2244791671875 0.5833333328125 0.22760416718749998 0.5888888890625 0.2421875 0.5888888890625 0.25 0.5722222218749999
0 0.1911458328125 0.11388888906250001 0.196875 0.1111111109375 0.2015625 0.1 0.2015625 0.07962962968750001 0.1989583328125 0.07962962968750001 0.1984375 0.07685185156249999 0.1776041671875 0.07685185156249999 0.1744791671875 0.0824074078125 0.1744791671875 0.10555555624999999 0.17916666718750002 0.11388888906250001 0.190625 0.1166666671875 0.1911458328125 0.11388888906250001
0 0.12291666718750001 0.8611111109375 0.1296875 0.8611111109375 0.1302083328125 0.8583333328125 0.1359375 0.85555555625 0.14375 0.8416666671874999 0.14375 0.8379629625 0.140625 0.8324074078124999 0.1197916671875 0.8324074078124999 0.11822916718750001 0.8351851859374999 0.11822916718750001 0.852777778125 0.1197916671875 0.853703703125 0.1197916671875 0.8583333328125 0.1223958328125 0.8583333328125 0.12291666718750001 0.8611111109375
0 0.553125 0.46666666718750005 0.5536458328125 0.46388888906250003 0.55625 0.46388888906250003 0.5578125 0.45648148125 0.5609375 0.45277777812500003 0.5625 0.4240740734375 0.5609375 0.42314814843750004 0.5609375 0.415740740625 0.55625 0.41018518593750003 0.5463541671875001 0.41018518593750003 0.5432291671875 0.415740740625 0.5432291671875 0.4611111109375 0.5463541671875001 0.46666666718750005 0.553125 0.46666666718750005
0 0.8125 0.9240740734375 0.8010416671874999 0.921296296875 0.7994791671875 0.95555555625 0.8041666671875 0.9638888890624999 0.8109375 0.9638888890624999 0.8125 0.9240740734375
0 0.11041666718750001 0.1 0.128125 0.09444444375 0.128125 0.0870370375 0.1296875 0.0861111109375 0.1296875 0.0574074078125 0.1265625 0.046296296875 0.1234375 0.04351851875 0.09635416718749999 0.04351851875 0.09322916718749999 0.0490740734375 0.09322916718749999 0.08333333281250001 0.09635416718749999 0.09444444375 0.1098958328125 0.097222221875 0.11041666718750001 0.1
0 0.2260416671875 0.36944444375 0.23020833281250003 0.372222221875 0.23072916718749997 0.375 0.240625 0.375 0.24114583281250002 0.372222221875 0.24375 0.372222221875 0.2484375 0.3638888890625 0.2484375 0.3490740734375 0.2375 0.3324074078125 0.22760416718749998 0.3324074078125 0.2244791671875 0.3379629625 0.2244791671875 0.3638888890625 0.2260416671875 0.3648148140625 0.2260416671875 0.36944444375
0 0.18697916718750002 0.6666666671875 0.196875 0.6638888890625 0.1984375 0.6611111109375 0.1984375 0.646296296875 0.1890625 0.6324074078125 0.1822916671875 0.6324074078125 0.1807291671875 0.6351851859375001 0.1822916671875 0.6638888890625 0.1864583328125 0.6638888890625 0.18697916718750002 0.6666666671875
0 0.41302083281249996 0.2888888890625 0.4171875 0.28611111093749997 0.4171875 0.27870370312500004 0.41875 0.27777777812500004 0.41875 0.271296296875 0.415625 0.26574074062499997 0.41197916718750005 0.26574074062499997 0.4114583328125 0.26851851875 0.3885416671875 0.26574074062499997 0.3869791671875 0.26851851875 0.3869791671875 0.28611111093749997 0.3947916671875 0.3 0.409375 0.29722222187499997 0.41302083281249996 0.2888888890625
0 0.5421875 0.075 0.540625 0.040740740625 0.5348958328125 0.040740740625 0.53125 0.0351851859375 0.5239583328124999 0.0351851859375 0.5234375 0.0324074078125 0.5135416671875 0.0324074078125 0.5119791671875 0.0351851859375 0.5119791671875 0.077777778125 0.5151041671875001 0.0861111109375 0.528125 0.0888888890625 0.5421875 0.075
0 0.1421875 0.28611111093749997 0.146875 0.275 0.1453125 0.25740740781250004 0.1421875 0.2546296296875 0.1260416671875 0.2546296296875 0.1244791671875 0.25740740781250004 0.1244791671875 0.2833333328125 0.1276041671875 0.2888888890625 0.1421875 0.28611111093749997
0 0.46979166718750004 0.2416666671875 0.47447916718750005 0.24722222187499998 0.490625 0.24444444375000002 0.4953125 0.23333333281250002 0.49375 0.2046296296875 0.4890625 0.1990740734375 0.46979166718750004 0.1990740734375 0.4682291671875 0.2018518515625 0.4682291671875 0.23333333281250002 0.46979166718750004 0.234259259375 0.46979166718750004 0.2416666671875
0 0.23541666718749998 0.309259259375 0.2322916671875 0.3129629625 0.2322916671875 0.31759259218749997 0.22916666718749998 0.321296296875 0.22916666718749998 0.32592592656249997 0.2260416671875 0.3296296296875 0.2260416671875 0.33703703749999997 0.2244791671875 0.3379629625 0.2244791671875 0.3638888890625 0.22760416718749998 0.372222221875 0.23020833281250003 0.372222221875 0.23072916718749997 0.375 0.2390625 0.375 0.24739583281250002 0.3611111109375 0.25 0.3611111109375 0.2536458328125 0.35555555625 0.259375 0.35555555625 0.2671875 0.3416666671875 0.2671875 0.33703703749999997 0.26875 0.3361111109375 0.26875 0.3101851859375 0.2640625 0.3009259265625 0.2609375 0.28796296250000003 0.24322916718749998 0.28796296250000003 0.2427083328125 0.290740740625 0.23854166718749997 0.290740740625 0.23541666718749998 0.309259259375
0 0.7114583328124999 0.54444444375 0.7119791671875 0.547222221875 0.721875 0.54444444375 0.7270833328124999 0.5361111109375 0.7375 0.5305555562500001 0.74375 0.51944444375 0.74375 0.5046296296875 0.7421875 0.503703703125 0.7421875 0.49629629687500004 0.7380208328125 0.49351851875 0.7375 0.490740740625 0.7208333328125 0.49351851875 0.7203125 0.490740740625 0.7130208328125 0.490740740625 0.7125 0.4879629625 0.7026041671875001 0.4879629625 0.6994791671875 0.49351851875 0.6994791671875 0.5305555562500001 0.7036458328124999 0.5333333328125 0.7072916671875 0.54444444375 0.7114583328124999 0.54444444375
0 0.528125 0.0888888890625 0.5286458328125 0.0861111109375 0.5328125 0.0861111109375 0.5364583328125 0.08055555625000001 0.546875 0.075 0.5484375 0.0675925921875 0.5515625 0.0638888890625 0.553125 0.046296296875 0.5484375 0.037037037499999995 0.5484375 0.0324074078125 0.5395833328124999 0.0324074078125 0.5359375 0.0240740734375 0.5302083328125 0.0240740734375 0.5296875 0.021296296875000002 0.5151041671875001 0.021296296875000002 0.5119791671875 0.0268518515625 0.5119791671875 0.077777778125 0.5135416671875 0.078703703125 0.5135416671875 0.0861111109375 0.528125 0.0888888890625
0 0.4984375 0.5101851859375001 0.4760416671875 0.5101851859375001 0.47447916718750005 0.5129629625 0.4760416671875 0.54444444375 0.4984375 0.54444444375 0.5 0.5416666671875 0.4984375 0.5101851859375001
0 0.5791666671875 0.6509259265625 0.5744791671875 0.6574074078125001 0.5744791671875 0.6777777781250001 0.5776041671875001 0.6833333328125 0.5859375 0.675 0.5875 0.6620370375 0.5921875 0.652777778125 0.5921875 0.6351851859375001 0.5895833328125 0.6351851859375001 0.5890625 0.6324074078125 0.5822916671875 0.6324074078125 0.5807291671875 0.6425925921875 0.5791666671875 0.64351851875 0.5791666671875 0.6509259265625