0 0.8515625 0.41944444374999995 0.85625 0.40277777812500004 0.85625 0.371296296875 0.853125 0.365740740625 0.8322916671874999 0.365740740625 0.8307291671874999 0.36851851875 0.8322916671874999 0.41944444374999995 0.8354166671875 0.42222222187499997 0.8515625 0.41944444374999995
0 0.1682291671875 0.577777778125 0.1760416671875 0.5925925921874999 0.1760416671875 0.597222221875 0.1875 0.602777778125 0.18802083281249998 0.6 0.196875 0.6 0.20208333281250002 0.5888888890625 0.2046875 0.5888888890625 0.20625 0.5648148140625 0.2078125 0.5638888890625 0.2078125 0.540740740625 0.2046875 0.5324074078125001 0.1760416671875 0.5324074078125001 0.1729166671875 0.5351851859375001 0.1729166671875 0.5398148140625 0.1697916671875 0.540740740625 0.1682291671875 0.546296296875 0.1682291671875 0.577777778125
0 0.9994791671875 0.1990740734375 0.9760416671875 0.1990740734375 0.9760416671875 0.25 0.9807291671874999 0.25555555625 0.9994791671875 0.25555555625 0.9994791671875 0.1990740734375
0 0.5713541671875 0.48333333281249996 0.5796875 0.48333333281249996 0.5848958328125 0.477777778125 0.590625 0.477777778125 0.59375 0.47222222187499996 0.5953125 0.459259259375 0.6 0.45 0.6 0.43240740781250003 0.5984375 0.43148148124999997 0.5984375 0.4268518515625 0.59375 0.42129629687500003 0.5651041671875 0.42129629687500003 0.5619791671875001 0.4268518515625 0.5619791671875001 0.475 0.5677083328125 0.477777778125 0.5713541671875 0.48333333281249996
0 0.3619791671875 0.3583333328125 0.3635416671875 0.35925925937500003 0.3651041671875 0.372222221875 0.3682291671875 0.377777778125 0.3739583328125 0.38055555625 0.3760416671875 0.3861111109375 0.3817708328125 0.3861111109375 0.38229166718749996 0.3888888890625 0.390625 0.3888888890625 0.396875 0.38333333281250004 0.4046875 0.3638888890625 0.4046875 0.3296296296875 0.4015625 0.3231481484375 0.4015625 0.315740740625 0.3984375 0.3101851859375 0.3697916671875 0.3101851859375 0.36666666718749996 0.3203703703125 0.3635416671875 0.321296296875 0.3619791671875 0.32685185156249996 0.3619791671875 0.3583333328125
0 0.9145833328125 0.5888888890625 0.9151041671875 0.5916666671875 0.9177083328125001 0.5888888890625 0.9296875 0.5888888890625 0.9375 0.575 0.9375 0.5518518515624999 0.9359375 0.5509259265625001 0.9359375 0.546296296875 0.928125 0.5324074078125001 0.9135416671875 0.5324074078125001 0.9130208328125 0.5351851859375001 0.9104166671874999 0.5351851859375001 0.9057291671875 0.546296296875 0.9057291671875 0.5833333328125 0.9088541671874999 0.5888888890625 0.9145833328125 0.5888888890625
0 0.5630208328124999 0.24722222187499998 0.5651041671875 0.252777778125 0.575 0.252777778125 0.5755208328125 0.25 0.5796875 0.25 0.5859375 0.24444444375000002 0.59375 0.225 0.59375 0.19351851874999998 0.5921875 0.1879629625 0.5895833328125 0.1879629625 0.5828125 0.1768518515625 0.5572916671875 0.1768518515625 0.5557291671875 0.17962962968750001 0.5557291671875 0.2388888890625 0.5572916671875 0.24444444375000002 0.5630208328124999 0.24722222187499998
0 0.8458333328125001 0.6638888890625 0.8484375 0.6638888890625 0.85 0.6564814812499999 0.8546875 0.65 0.85625 0.6268518515625 0.853125 0.621296296875 0.8260416671874999 0.621296296875 0.8244791671874999 0.6240740734375 0.8244791671874999 0.6611111109375 0.8276041671875 0.6666666671875 0.8453125 0.6666666671875 0.8458333328125001 0.6638888890625
0 0.6104166671875 0.497222221875 0.61875 0.497222221875 0.6296875 0.48055555625 0.6296875 0.47592592656250005 0.63125 0.475 0.63125 0.4574074078125 0.6265625 0.44629629687500005 0.6223958328125 0.44629629687500005 0.621875 0.44351851875000003 0.6192708328125 0.44629629687500005 0.6010416671875001 0.44351851875000003 0.5994791671875 0.44629629687500005 0.5994791671875 0.4861111109375 0.6010416671875001 0.4888888890625 0.6036458328125 0.4888888890625 0.6104166671875 0.497222221875
0 0.4796875 0.322222221875 0.4875 0.3083333328125 0.4875 0.3009259265625 0.4890625 0.3 0.4890625 0.2953703703125 0.4921875 0.2888888890625 0.4921875 0.2768518515625 0.490625 0.2759259265625 0.490625 0.26851851875 0.4890625 0.2675925921875 0.4875 0.25740740781250004 0.4859375 0.2546296296875 0.45729166718750003 0.2546296296875 0.4557291671875 0.25740740781250004 0.4557291671875 0.3083333328125 0.4635416671875 0.322222221875 0.4796875 0.322222221875
0 0.8307291671874999 0.5046296296875 0.8307291671874999 0.5416666671875 0.8322916671874999 0.54444444375 0.8421875 0.54444444375 0.84375 0.5370370375 0.8453125 0.5361111109375 0.8453125 0.5231481484375 0.85625 0.5111111109375 0.85625 0.49351851875 0.853125 0.4879629625 0.8401041671874999 0.4879629625 0.8322916671874999 0.4990740734375 0.8322916671874999 0.503703703125 0.8307291671874999 0.5046296296875
0 0.9416666671874999 0.5694444437499999 0.9484375 0.575 0.9489583328125001 0.5722222218749999 0.953125 0.5722222218749999 0.9609375 0.5638888890625 0.9609375 0.559259259375 0.9625 0.5583333328125 0.9625 0.5351851859375001 0.9578125 0.5240740734375 0.9552083328125001 0.5240740734375 0.9546875 0.521296296875 0.9322916671874999 0.521296296875 0.9307291671875 0.5240740734375 0.9307291671875 0.5416666671875 0.9354166671874999 0.5481481484375 0.9369791671875 0.5611111109375 0.9416666671874999 0.5694444437499999
0 0.5322916671875 0.652777778125 0.5338541671875 0.6537037031249999 0.5338541671875 0.6583333328125 0.5369791671875 0.6638888890625 0.5395833328124999 0.6638888890625 0.5432291671875 0.66944444375 0.5489583328125 0.66944444375 0.5494791671875 0.672222221875 0.559375 0.66944444375 0.5671875 0.652777778125 0.5671875 0.6351851859375001 0.5640625 0.628703703125 0.5625 0.615740740625 0.559375 0.6101851859375 0.5338541671875 0.6101851859375 0.5307291671875001 0.615740740625 0.5307291671875001 0.6361111109375 0.5322916671875 0.6370370375000001 0.5322916671875 0.652777778125
0 0.8614583328125001 0.425 0.8619791671874999 0.427777778125 0.871875 0.425 0.88125 0.40555555625000006 0.88125 0.4018518515625 0.8796875 0.40092592656250003 0.8796875 0.39074074062499997 0.8765625 0.38703703749999996 0.8765625 0.38240740781250004 0.8734375 0.3768518515625 0.8588541671875 0.3768518515625 0.8557291671874999 0.38240740781250004 0.8557291671874999 0.41944444374999995 0.8588541671875 0.425 0.8614583328125001 0.425
0 0.3213541671875 0.44444444375 0.3260416671875 0.45277777812500003 0.3302083328125 0.45277777812500003 0.3307291671875 0.45555555625000005 0.340625 0.45555555625000005 0.3411458328125 0.45277777812500003 0.3453125 0.45277777812500003 0.3484375 0.447222221875 0.3484375 0.44259259218749997 0.3515625 0.4361111109375 0.3515625 0.42870370312499995 0.353125 0.427777778125 0.353125 0.4240740734375 0.3515625 0.42314814843750004 0.3515625 0.4129629625 0.3484375 0.409259259375 0.3484375 0.4046296296875 0.3375 0.3879629625 0.3213541671875 0.3879629625 0.3182291671875 0.39351851875 0.3182291671875 0.427777778125 0.31979166718749996 0.42870370312499995 0.3213541671875 0.44444444375
0 0.2260416671875 0.590740740625 0.21614583281250002 0.6074074078125 0.20729166718749997 0.6101851859375 0.20572916718749998 0.6129629624999999 0.20572916718749998 0.6388888890625 0.2088541671875 0.64444444375 0.2130208328125 0.64444444375 0.2166666671875 0.65 0.228125 0.65 0.2286458328125 0.647222221875 0.2375 0.6416666671875 0.2375 0.6370370375000001 0.2421875 0.6333333328124999 0.24375 0.6203703703125 0.2453125 0.61944444375 0.24375 0.590740740625 0.2421875 0.5879629625 0.23072916718749997 0.5879629625 0.23020833281250003 0.590740740625 0.2260416671875 0.590740740625
0 0.7161458328125 0.3861111109375 0.7166666671875 0.3888888890625 0.7192708328124999 0.3888888890625 0.7260416671875001 0.397222221875 0.73125 0.397222221875 0.7317708328125 0.39444444375 0.7380208328125 0.39444444375 0.7385416671875 0.397222221875 0.740625 0.397222221875 0.7411458328125 0.39444444375 0.746875 0.39444444375 0.75625 0.372222221875 0.75625 0.3574074078125 0.7515625 0.3509259265625 0.75 0.340740740625 0.74375 0.3324074078125 0.7197916671875 0.3324074078125 0.7119791671875 0.34351851875 0.7119791671875 0.38055555625 0.7135416671875 0.38148148125 0.7135416671875 0.3861111109375 0.7161458328125 0.3861111109375
0 0.5223958328125 0.375 0.5229166671875001 0.377777778125 0.5270833328125 0.377777778125 0.5276041671875 0.38055555625 0.5421875 0.377777778125 0.5473958328124999 0.36666666718749996 0.553125 0.3638888890625 0.55625 0.35555555625 0.55625 0.3351851859375 0.546875 0.321296296875 0.5213541671875 0.321296296875 0.5182291671875 0.32685185156249996 0.5182291671875 0.36666666718749996 0.5197916671875 0.36759259218749996 0.5197916671875 0.375 0.5223958328125 0.375
0 0.0286458328125 0.29722222187499997 0.029166667187500002 0.3 0.0348958328125 0.302777778125 0.0447916671875 0.322222221875 0.0515625 0.322222221875 0.05208333281250001 0.31944444375000003 0.0546875 0.31944444375000003 0.0546875 0.3148148140625 0.05625 0.3138888890625 0.05625 0.290740740625 0.0484375 0.2768518515625 0.0260416671875 0.2768518515625 0.0244791671875 0.2796296296875 0.0244791671875 0.2888888890625 0.0260416671875 0.2898148140625 0.0260416671875 0.29722222187499997 0.0286458328125 0.29722222187499997
0 0.7822916671875 0.7611111109375 0.7859375 0.7611111109375 0.79375 0.75 0.79375 0.7212962968750001 0.7921875 0.7203703703125 0.7921875 0.7129629625 0.7760416671875 0.7101851859375 0.7744791671875 0.7129629625 0.7760416671875 0.752777778125 0.7802083328125 0.75555555625 0.7822916671875 0.7611111109375
0 0.4869791671875 0.5416666671875 0.4895833328125 0.5416666671875 0.49010416718750005 0.54444444375 0.4984375 0.54444444375 0.5020833328125 0.5361111109375 0.5046875 0.5361111109375 0.50625 0.5287037031249999 0.5109375 0.522222221875 0.5109375 0.5046296296875 0.5078125 0.5009259265625 0.50625 0.490740740625 0.5020833328125 0.4879629625 0.4984375 0.4796296296875 0.49583333281249997 0.4796296296875 0.4953125 0.4768518515625 0.48229166718750005 0.4768518515625 0.48072916718750003 0.4796296296875 0.48072916718750003 0.5083333328124999 0.48541666718750004 0.5175925921875 0.4869791671875 0.5416666671875
0 0.5739583328125 0.65 0.5875 0.652777778125 0.59375 0.6416666671875 0.59375 0.628703703125 0.5953125 0.627777778125 0.59375 0.6018518515625 0.5921875 0.5990740734375 0.5697916671875001 0.5990740734375 0.5682291671875 0.6018518515625 0.5697916671875001 0.65 0.5713541671875 0.652777778125 0.5739583328125 0.65
0 0.8776041671874999 0 0.8744791671875 0.004629629687499999 0.8744791671875 0.04444444375 0.8760416671875 0.045370370312500005 0.8760416671875 0.05 0.8807291671874999 0.055555556250000006 0.8921875 0.055555556250000006 0.8927083328125001 0.052777778124999994 0.8953125 0.052777778124999994 0.9 0.04444444375 0.9015625 0.03148148125 0.90625 0.022222221875 0.90625 0.004629629687499999 0.9 0 0.8776041671874999 0
0 0.6973958328125 0.577777778125 0.7010416671875 0.5861111109375 0.7171875 0.597222221875 0.7203125 0.5861111109375 0.7203125 0.56851851875 0.71875 0.5675925921875 0.71875 0.5574074078125 0.7140625 0.5481481484375 0.7140625 0.5351851859375001 0.7109375 0.5324074078125001 0.6901041671875 0.5324074078125001 0.6869791671875001 0.5379629625 0.6869791671875001 0.5722222218749999 0.6885416671875 0.577777778125 0.6973958328125 0.577777778125
0 0.2947916671875 0.45277777812500003 0.3005208328125 0.45555555625000005 0.3010416671875 0.4583333328125 0.315625 0.45555555625000005 0.31875 0.45 0.31875 0.44351851875000003 0.3171875 0.44259259218749997 0.3171875 0.43518518593750005 0.3078125 0.4203703703125 0.30625 0.4018518515625 0.3046875 0.3990740734375 0.2947916671875 0.3990740734375 0.2932291671875 0.4018518515625 0.2932291671875 0.447222221875 0.2947916671875 0.4481481484375 0.2947916671875 0.45277777812500003
0 0.5286458328125 0.73055555625 0.5291666671875 0.7333333328125 0.5421875 0.7333333328125 0.5546875 0.7083333328125 0.5546875 0.6981481484375001 0.55625 0.6972222218749999 0.553125 0.6879629625 0.5260416671875 0.6879629625 0.5244791671875 0.690740740625 0.5244791671875 0.725 0.5260416671875 0.7259259265625 0.5260416671875 0.73055555625 0.5286458328125 0.73055555625
0 0.6223958328125 0.6555555562500001 0.6260416671875 0.6638888890625 0.6302083328125 0.6638888890625 0.6307291671875 0.6666666671875 0.6390625 0.6638888890625 0.64375 0.6555555562500001 0.64375 0.6425925921875 0.6453125 0.6416666671875 0.64375 0.6240740734375 0.6421875 0.621296296875 0.6197916671875 0.621296296875 0.6182291671875 0.6240740734375 0.6182291671875 0.65 0.6197916671875 0.6555555562500001 0.6223958328125 0.6555555562500001
0 0.2697916671875 0.34722222187499996 0.2744791671875 0.35555555625 0.2875 0.35555555625 0.2880208328125 0.352777778125 0.290625 0.352777778125 0.2984375 0.32777777812500003 0.2984375 0.29907407343750003 0.2921875 0.28796296250000003 0.2697916671875 0.28796296250000003 0.2682291671875 0.290740740625 0.2682291671875 0.3416666671875 0.2697916671875 0.3425925921875 0.2697916671875 0.34722222187499996
0 0.8697916671874999 0.2638888890625 0.8776041671874999 0.27777777812500004 0.8859375 0.27777777812500004 0.8864583328125001 0.275 0.890625 0.275 0.8984375 0.25555555625 0.8984375 0.2379629625 0.8953125 0.234259259375 0.89375 0.22407407343750002 0.8911458328125 0.22407407343750002 0.890625 0.221296296875 0.8697916671874999 0.221296296875 0.8682291671875 0.22407407343750002 0.8682291671875 0.25833333281250004 0.8697916671874999 0.259259259375 0.8697916671874999 0.2638888890625
0 0.9302083328125 0.9694444437499999 0.9375 0.9666666671874999 0.9421875 0.9583333328125001 0.9421875 0.953703703125 0.94375 0.952777778125 0.94375 0.9324074078125 0.9421875 0.93148148125 0.9421875 0.9268518515625 0.9380208328125 0.9240740734375 0.9359375 0.91851851875 0.9333333328125001 0.91851851875 0.9265625 0.9101851859375 0.9088541671874999 0.9101851859375 0.9057291671875 0.915740740625 0.9057291671875 0.9611111109375001 0.9088541671874999 0.9666666671874999 0.9296875 0.972222221875 0.9302083328125 0.9694444437499999
0 0.9635416671874999 0.12592592656249998 0.9635416671874999 0.13055555624999998 0.9692708328125 0.13055555624999998 0.9697916671875 0.13333333281249998 0.975 0.13055555624999998 0.975 0.12592592656249998 0.98125 0.1166666671875 0.98125 0.09629629687499999 0.9796875 0.0953703703125 0.9796875 0.09074074062500001 0.975 0.08425925937499999 0.975 0.07962962968750001 0.9723958328125001 0.07962962968750001 0.971875 0.07685185156249999 0.9572916671874999 0.07685185156249999 0.9494791671874999 0.09351851875 0.9510416671874999 0.11944444375 0.9583333328125001 0.11944444375 0.9635416671874999 0.12592592656249998
0 0.8359375 0.16388888906250001 0.8359375 0.1379629625 0.834375 0.13703703750000001 0.8359375 0.1361111109375 0.8375 0.11574074062499999 0.8328125 0.1101851859375 0.8135416671875 0.1129629625 0.8119791671875 0.1611111109375 0.8197916671875 0.16944444375 0.834375 0.1666666671875 0.8359375 0.16388888906250001
0 0.225 0.2638888890625 0.2270833328125 0.25833333281250004 0.2359375 0.25555555625 0.23958333281250002 0.24722222187499998 0.24375 0.24722222187499998 0.2442708328125 0.24444444375000002 0.25 0.2416666671875 0.25 0.23148148124999998 0.2515625 0.23055555625 0.2515625 0.22685185156249998 0.2484375 0.221296296875 0.21510416718749997 0.221296296875 0.20572916718749998 0.23518518593749999 0.20572916718749998 0.2638888890625 0.2088541671875 0.26944444375 0.21875 0.26944444375 0.2192708328125 0.2666666671875 0.225 0.2638888890625
0 0.24479166718749998 0.38055555625 0.2494791671875 0.3888888890625 0.259375 0.3888888890625 0.2598958328125 0.3861111109375 0.265625 0.38333333281250004 0.2734375 0.36944444375 0.2734375 0.3648148140625 0.275 0.3638888890625 0.2734375 0.3490740734375 0.26875 0.3425925921875 0.26875 0.3379629625 0.265625 0.3324074078125 0.24479166718749998 0.3324074078125 0.24322916718749998 0.3351851859375 0.24322916718749998 0.375 0.24479166718749998 0.3759259265625 0.24479166718749998 0.38055555625
0 0.9 0.41111111093749997 0.9 0.3796296296875 0.8885416671874999 0.3768518515625 0.8869791671874999 0.4138888890625 0.8885416671874999 0.41944444374999995 0.8953125 0.41944444374999995 0.9 0.41111111093749997
0 0.5848958328125 0.18055555625 0.5885416671875 0.1888888890625 0.5984375 0.1888888890625 0.6036458328125 0.18055555625 0.60625 0.18055555625 0.6083333328125 0.175 0.6109375 0.175 0.6109375 0.1601851859375 0.603125 0.14351851875 0.5854166671875001 0.14351851875 0.5848958328125 0.146296296875 0.5822916671875 0.146296296875 0.5822916671875 0.15092592656249998 0.5807291671875 0.1518518515625 0.5807291671875 0.175 0.5822916671875 0.1759259265625 0.5822916671875 0.18055555625 0.5848958328125 0.18055555625
0 0.7359375 0.597222221875 0.7395833328125 0.5888888890625 0.74375 0.5861111109375 0.7453125 0.5759259265625001 0.7484375 0.5722222218749999 0.7484375 0.5648148140625 0.75 0.5638888890625 0.7484375 0.546296296875 0.74375 0.5398148140625 0.7421875 0.5324074078125001 0.7213541671875 0.5351851859375001 0.7197916671875 0.5481481484375 0.7182291671875001 0.5490740734374999 0.7197916671875 0.597222221875 0.7359375 0.597222221875
0 0.4328125 0.6166666671875001 0.4328125 0.5962962968750001 0.4296875 0.5879629625 0.4135416671875 0.590740740625 0.41197916718750005 0.5962962968750001 0.4135416671875 0.622222221875 0.4296875 0.622222221875 0.4328125 0.6166666671875001
0 0.3671875 0.4888888890625 0.3734375 0.477777778125 0.3734375 0.465740740625 0.3703125 0.45648148125 0.3703125 0.434259259375 0.371875 0.43333333281249997 0.371875 0.4268518515625 0.3671875 0.42129629687500003 0.35885416718749996 0.42129629687500003 0.3557291671875 0.4268518515625 0.3557291671875 0.475 0.3604166671875 0.4861111109375 0.3671875 0.4888888890625
0 0.9942708328125001 0.0361111109375 0.9994791671875 0.0333333328125 0.9994791671875 0.0101851859375 0.9760416671875 0.0101851859375 0.9744791671874999 0.0129629625 0.9744791671874999 0.030555556249999997 0.9822916671874999 0.04444444375 0.9921875 0.0416666671875 0.9942708328125001 0.0361111109375
0 0.86875 0.0231481484375 0.8734375 0.019444443750000002 0.8734375 0.0018518515625 0.871875 0 0.8494791671874999 0.0018518515625 0.8494791671874999 0.019444443750000002 0.8557291671874999 0.030555556249999997 0.8671875 0.030555556249999997 0.86875 0.0231481484375
0 0.7875 0.675 0.7875 0.646296296875 0.7859375 0.64351851875 0.7697916671875 0.64351851875 0.7682291671875 0.646296296875 0.7682291671875 0.6638888890625 0.7729166671875001 0.675 0.7760416671875 0.6777777781250001 0.7875 0.675
0 0.9135416671875 0 0.9119791671874999 0.0018518515625 0.9119791671874999 0.027777778125000003 0.9151041671875 0.0333333328125 0.9265625 0.0333333328125 0.9270833328125001 0.030555556249999997 0.9296875 0.030555556249999997 0.9317708328125001 0.025 0.934375 0.025 0.9421875 0.0111111109375 0.9421875 0.0018518515625 0.940625 0 0.9135416671875 0
0 0.3067708328125 0.6583333328125 0.3125 0.6555555562500001 0.315625 0.65 0.315625 0.6453703703125 0.3171875 0.64444444375 0.3171875 0.6268518515625 0.315625 0.6240740734375 0.31302083281250004 0.6240740734375 0.3125 0.621296296875 0.2947916671875 0.621296296875 0.2932291671875 0.6240740734375 0.2932291671875 0.652777778125 0.2979166671875 0.6611111109375 0.3046875 0.6638888890625 0.3067708328125 0.6583333328125
0 0.24479166718749998 0.38333333281250004 0.2510416671875 0.3925925921875 0.2526041671875 0.40555555625000006 0.2557291671875 0.41111111093749997 0.2598958328125 0.41111111093749997 0.2604166671875 0.4138888890625 0.2734375 0.4138888890625 0.27395833281250004 0.41111111093749997 0.2828125 0.40833333281249995 0.2859375 0.40277777812500004 0.2859375 0.3981481484375 0.2875 0.397222221875 0.2875 0.39074074062499997 0.275 0.3731481484375 0.275 0.3546296296875 0.2734375 0.353703703125 0.2734375 0.3490740734375 0.26875 0.3425925921875 0.26875 0.3379629625 0.265625 0.3324074078125 0.24479166718749998 0.3324074078125 0.24322916718749998 0.3351851859375 0.24322916718749998 0.377777778125 0.24479166718749998 0.378703703125 0.24479166718749998 0.38333333281250004
0 0.9953125 0.7111111109375 0.9958333328125001 0.7083333328125 0.9994791671875 0.7083333328125 0.9994791671875 0.6879629625 0.9895833328125001 0.6879629625 0.9828125 0.678703703125 0.9796875 0.665740740625 0.9744791671874999 0.66851851875 0.9744791671874999 0.7 0.9776041671875 0.7083333328125 0.9807291671874999 0.7111111109375 0.9953125 0.7111111109375
0 0.8510416671875 0.27777777812500004 0.8557291671874999 0.284259259375 0.8557291671874999 0.2888888890625 0.8635416671874999 0.302777778125 0.871875 0.302777778125 0.875 0.29722222187499997 0.875 0.271296296875 0.8703125 0.2648148140625 0.8703125 0.2601851859375 0.86875 0.259259259375 0.86875 0.23518518593749999 0.8671875 0.23240740781250002 0.8510416671875 0.23240740781250002 0.8494791671874999 0.23518518593749999 0.8494791671874999 0.25 0.8510416671875 0.2509259265625 0.8510416671875 0.27777777812500004
0 0.8572916671874999 0.2916666671875 0.8604166671875 0.2953703703125 0.8604166671875 0.3 0.8635416671874999 0.30555555624999997 0.86875 0.30555555624999997 0.875 0.29722222187499997 0.875 0.271296296875 0.8671875 0.2546296296875 0.8572916671874999 0.2546296296875 0.8557291671874999 0.25740740781250004 0.8557291671874999 0.28611111093749997 0.8572916671874999 0.2870370375 0.8572916671874999 0.2916666671875
0 0.2630208328125 0.4138888890625 0.2635416671875 0.4166666671875 0.2734375 0.4166666671875 0.27395833281250004 0.4138888890625 0.2828125 0.41111111093749997 0.2859375 0.40555555625000006 0.2859375 0.3981481484375 0.2875 0.397222221875 0.2859375 0.3851851859375 0.2796875 0.3768518515625 0.26510416718749996 0.3768518515625 0.2598958328125 0.3851851859375 0.2552083328125 0.38240740781250004 0.2546875 0.3796296296875 0.2510416671875 0.3796296296875 0.2510416671875 0.384259259375 0.2494791671875 0.3851851859375 0.2510416671875 0.40555555625000006 0.25833333281250004 0.41111111093749997 0.2588541671875 0.4138888890625 0.2630208328125 0.4138888890625
0 0.8572916671874999 0.28611111093749997 0.871875 0.2888888890625 0.8734375 0.28611111093749997 0.8734375 0.271296296875 0.86875 0.26203703749999996 0.86875 0.23518518593749999 0.8671875 0.23240740781250002 0.8510416671875 0.23240740781250002 0.8494791671874999 0.24722222187499998 0.8510416671875 0.24814814843750002 0.8526041671875 0.275 0.8572916671874999 0.28611111093749997
0 0.5072916671875001 0.1361111109375 0.5135416671875 0.14444444375 0.5234375 0.14444444375 0.5270833328125 0.1361111109375 0.53125 0.13333333281249998 0.53125 0.12870370312499999 0.5359375 0.1166666671875 0.534375 0.1046296296875 0.528125 0.0925925921875 0.528125 0.08796296249999999 0.525 0.07962962968750001 0.5208333328125 0.07962962968750001 0.5203125 0.07685185156249999 0.5072916671875001 0.07685185156249999 0.5057291671875 0.07962962968750001 0.5057291671875 0.13055555624999998 0.5072916671875001 0.13148148125 0.5072916671875001 0.1361111109375
0 0.3260416671875 0.6638888890625 0.3291666671875 0.6648148140625 0.3307291671875 0.675 0.3338541671875 0.6777777781250001 0.34375 0.675 0.3421875 0.646296296875 0.3390625 0.6425925921875 0.3359375 0.6240740734375 0.31979166718749996 0.621296296875 0.3182291671875 0.6240740734375 0.3182291671875 0.652777778125 0.3255208328125 0.6583333328125 0.3260416671875 0.6638888890625
0 0.5234375 0.14444444375 0.5270833328125 0.1361111109375 0.53125 0.13333333281249998 0.534375 0.12222222187500001 0.534375 0.1046296296875 0.5296875 0.0990740734375 0.5072916671875001 0.0990740734375 0.5057291671875 0.10185185156250001 0.5057291671875 0.13055555624999998 0.5104166671875 0.1416666671875 0.5135416671875 0.14444444375 0.5234375 0.14444444375
0 0.3447916671875 0.36944444375 0.35104166718749996 0.375 0.3609375 0.375 0.365625 0.36666666718749996 0.365625 0.3546296296875 0.3640625 0.353703703125 0.359375 0.32685185156249996 0.3546875 0.321296296875 0.3447916671875 0.3240740734375 0.3447916671875 0.33703703749999997 0.34322916718749996 0.3379629625 0.34322916718749996 0.3638888890625 0.3447916671875 0.36944444375
0 0.878125 0.8324074078124999 0.8697916671874999 0.8324074078124999 0.8697916671874999 0.8638888890624999 0.8796875 0.8638888890624999 0.88125 0.8379629625 0.878125 0.8324074078124999
0 0.3489583328125 0.36944444375 0.3526041671875 0.375 0.3609375 0.375 0.365625 0.36666666718749996 0.365625 0.3518518515625 0.3640625 0.3509259265625 0.3625 0.3379629625 0.35625 0.3324074078125 0.3447916671875 0.3351851859375 0.34322916718749996 0.340740740625 0.34322916718749996 0.3638888890625 0.3447916671875 0.36944444375 0.3489583328125 0.36944444375
0 0.4984375 0.61944444375 0.5 0.6138888890625 0.5 0.590740740625 0.4984375 0.5879629625 0.48854166718750003 0.5879629625 0.4869791671875 0.590740740625 0.48854166718750003 0.6083333328125 0.4947916671875 0.61944444375 0.4984375 0.61944444375
0 0.3307291671875 0.6703703703125 0.3322916671875 0.6777777781250001 0.3380208328125 0.6777777781250001 0.3385416671875 0.6805555562500001 0.34375 0.6777777781250001 0.34375 0.6731481484375 0.3453125 0.672222221875 0.3453125 0.6546296296875 0.34375 0.6537037031249999 0.34375 0.646296296875 0.3390625 0.6398148140625 0.3359375 0.6240740734375 0.3328125 0.6203703703125 0.3328125 0.615740740625 0.3296875 0.6101851859375 0.31979166718749996 0.6101851859375 0.3182291671875 0.6129629624999999 0.3182291671875 0.652777778125 0.3223958328125 0.6555555562500001 0.3307291671875 0.6703703703125
0 0.2697916671875 0.36851851875 0.26614583281250004 0.3768518515625 0.2635416671875 0.3768518515625 0.2598958328125 0.38240740781250004 0.25625 0.378703703125 0.2546875 0.371296296875 0.2510416671875 0.371296296875 0.2510416671875 0.378703703125 0.2494791671875 0.3796296296875 0.2510416671875 0.40555555625000006 0.2541666671875 0.41111111093749997 0.2614583328125 0.4138888890625 0.2619791671875 0.4166666671875 0.275 0.4166666671875 0.2786458328125 0.41111111093749997 0.284375 0.41111111093749997 0.2859375 0.40092592656250003 0.2875 0.4 0.2875 0.39074074062499997 0.2859375 0.3898148140625 0.284375 0.3796296296875 0.2765625 0.36851851875 0.2697916671875 0.36851851875
0 0.9609375 0.6916666671875 0.965625 0.6833333328125 0.9671875 0.671296296875 0.9630208328125001 0.66851851875 0.9625 0.665740740625 0.9510416671874999 0.665740740625 0.9494791671874999 0.66851851875 0.9494791671874999 0.6833333328125 0.9526041671875 0.6888888890625 0.9609375 0.6916666671875
0 0.5057291671875 0.13055555624999998 0.5072916671875001 0.13333333281249998 0.5296875 0.13333333281249998 0.534375 0.12222222187500001 0.534375 0.1046296296875 0.5296875 0.0953703703125 0.5296875 0.09074074062500001 0.5265625 0.0870370375 0.525 0.071296296875 0.5192708328125 0.06851851875000001 0.51875 0.065740740625 0.5072916671875001 0.065740740625 0.5057291671875 0.06851851875000001 0.5057291671875 0.1 0.5072916671875001 0.10092592656249999 0.5057291671875 0.13055555624999998