0 0 0.46944444374999994 0.015625 0.47222222187499996 0.0161458328125 0.46944444374999994 0.021875 0.46666666718750005 0.025 0.4611111109375 0.025 0.45370370312499997 0.0296875 0.44166666718750003 0.0296875 0.4268518515625 0.028125 0.42592592656250006 0.0265625 0.415740740625 0.021875 0.41018518593750003 0 0.41018518593750003 0 0.46944444374999994
0 0.8416666671874999 0.1916666671875 0.8447916671875 0.1925925921875 0.8447916671875 0.197222221875 0.8505208328125 0.197222221875 0.8510416671875 0.2 0.8546875 0.2 0.8552083328125001 0.197222221875 0.8609375 0.197222221875 0.8645833328125001 0.1888888890625 0.8671875 0.1888888890625 0.875 0.175 0.8765625 0.1379629625 0.875 0.13703703750000001 0.875 0.1268518515625 0.871875 0.12129629687500001 0.8354166671875 0.12129629687500001 0.8348958328125 0.12407407343750002 0.8322916671874999 0.12407407343750002 0.8322916671874999 0.12870370312499999 0.8307291671874999 0.1296296296875 0.8307291671874999 0.16944444375 0.8416666671874999 0.1916666671875
0 0.7864583328125 0.5888888890625 0.7901041671875 0.597222221875 0.7942708328125 0.597222221875 0.7947916671875 0.6 0.809375 0.6 0.8125 0.597222221875 0.81875 0.58055555625 0.8203125 0.559259259375 0.8234375 0.5527777781250001 0.8234375 0.5351851859375001 0.8208333328125 0.5351851859375001 0.8203125 0.5296296296875 0.8140625 0.521296296875 0.7885416671875001 0.521296296875 0.7854166671875 0.5240740734375 0.7807291671875001 0.5351851859375001 0.7807291671875001 0.5833333328125 0.7838541671875 0.5888888890625 0.7864583328125 0.5888888890625
0 0.828125 0.722222221875 0.8286458328125 0.7194444437499999 0.83125 0.7194444437499999 0.83125 0.7148148140624999 0.8375 0.7083333328125 0.8375 0.7009259265625001 0.8421875 0.6888888890625 0.8421875 0.6768518515624999 0.8390625 0.6731481484375 0.8375 0.6629629625 0.834375 0.6574074078125001 0.8302083328125001 0.6574074078125001 0.8296875 0.6546296296875 0.8072916671874999 0.6546296296875 0.8057291671875 0.6574074078125001 0.8057291671875 0.7083333328125 0.8135416671875 0.722222221875 0.828125 0.722222221875
0 0 0.852777778125 0.013020832812499999 0.8583333328125 0.0135416671875 0.8611111109375 0.0234375 0.8611111109375 0.0239583328125 0.8583333328125 0.0359375 0.852777778125 0.0359375 0.8481481484375 0.0421875 0.8361111109375001 0.0421875 0.821296296875 0.0375 0.8148148140625 0.0375 0.8101851859375 0.0328125 0.8009259265625 0.03125 0.790740740625 0.0296875 0.7879629625 0 0.7879629625 0 0.852777778125
0 0.11510416718750001 0.85 0.1177083328125 0.85 0.1197916671875 0.85555555625 0.125 0.85555555625 0.12552083281249998 0.852777778125 0.1328125 0.85 0.1348958328125 0.8444444437499999 0.1421875 0.8416666671874999 0.1421875 0.8370370375 0.1484375 0.8194444437499999 0.1484375 0.8018518515625 0.1453125 0.7981481484375 0.1453125 0.79351851875 0.1421875 0.7879629625 0.11041666718750001 0.7879629625 0.1098958328125 0.790740740625 0.10729166718750001 0.790740740625 0.10729166718750001 0.7953703703125 0.1057291671875 0.796296296875 0.1057291671875 0.83055555625 0.11510416718750001 0.85
0 0.5744791671875 0.5416666671875 0.5760416671875 0.5425925921875 0.5760416671875 0.547222221875 0.5791666671875 0.5527777781250001 0.5817708328125 0.5527777781250001 0.5838541671875 0.5583333328125 0.5864583328124999 0.5583333328125 0.5885416671875 0.5638888890625 0.59375 0.5638888890625 0.596875 0.5583333328125 0.596875 0.553703703125 0.5984375 0.5527777781250001 0.5984375 0.5453703703125 0.6 0.54444444375 0.6 0.5370370375 0.6020833328124999 0.5333333328125 0.615625 0.5333333328125 0.61875 0.527777778125 0.61875 0.5129629625 0.6046875 0.4879629625 0.5822916671875 0.4879629625 0.5760416671875 0.4990740734375 0.5760416671875 0.503703703125 0.5744791671875 0.5046296296875 0.5744791671875 0.5416666671875
0 0.8166666671874999 0.34444444375 0.8359375 0.34444444375 0.8375 0.33703703749999997 0.840625 0.3361111109375 0.84375 0.33055555625 0.84375 0.32592592656249997 0.85 0.3166666671875 0.85 0.28796296250000003 0.8484375 0.2870370375 0.8484375 0.2824074078125 0.84375 0.2768518515625 0.8072916671874999 0.2768518515625 0.8057291671875 0.2796296296875 0.8057291671875 0.322222221875 0.8072916671874999 0.3231481484375 0.8072916671874999 0.33055555625 0.8166666671874999 0.34444444375
0 0.8822916671875 0.8222222218749999 0.8848958328125001 0.8222222218749999 0.8869791671874999 0.8259259265625 0.8869791671874999 0.83055555625 0.8942708328125001 0.8333333328125001 0.8947916671874999 0.8361111109375001 0.9005208328125001 0.8361111109375001 0.9010416671874999 0.8388888890624999 0.9109375 0.8333333328125001 0.91875 0.8194444437499999 0.91875 0.8120370375 0.9234375 0.8 0.9234375 0.7796296296875 0.9203125 0.7759259265625 0.91875 0.7629629625 0.9125 0.7546296296875 0.8838541671875 0.7546296296875 0.8807291671874999 0.7601851859375001 0.8807291671874999 0.8166666671874999 0.8822916671875 0.8175925921875 0.8822916671875 0.8222222218749999
0 0.4369791671875 0.1 0.4546875 0.1 0.4640625 0.072222221875 0.4640625 0.046296296875 0.4625 0.045370370312500005 0.4625 0.0379629625 0.459375 0.0324074078125 0.43541666718750005 0.0324074078125 0.4322916671875 0.0351851859375 0.43072916718750004 0.040740740625 0.43072916718750004 0.0888888890625 0.4322916671875 0.09444444375 0.4369791671875 0.1
0 0.8010416671874999 0.0888888890625 0.8083333328125001 0.0916666671875 0.8119791671875 0.0981481484375 0.8119791671875 0.10555555624999999 0.8197916671875 0.11944444375 0.8239583328125001 0.11944444375 0.8244791671874999 0.12222222187500001 0.83125 0.12222222187500001 0.8317708328125001 0.11944444375 0.8359375 0.11944444375 0.84375 0.10555555624999999 0.84375 0.10092592656249999 0.846875 0.09444444375 0.8484375 0.0759259265625 0.85 0.075 0.85 0.060185185937499996 0.8453125 0.053703703125 0.8453125 0.0490740734375 0.8421875 0.04351851875 0.8088541671874999 0.04351851875 0.8083333328125001 0.046296296875 0.8057291671875 0.046296296875 0.7994791671875 0.0574074078125 0.7994791671875 0.08333333281250001 0.8010416671874999 0.08425925937499999 0.8010416671874999 0.0888888890625
0 0.7244791671875 0.0888888890625 0.7291666671875 0.1 0.7348958328124999 0.102777778125 0.7369791671875 0.10833333281249999 0.746875 0.10833333281249999 0.7489583328125 0.102777778125 0.75625 0.097222221875 0.75625 0.0925925921875 0.7578125 0.0916666671875 0.7578125 0.0870370375 0.7625 0.075 0.7625 0.046296296875 0.7609375 0.045370370312500005 0.7609375 0.040740740625 0.7546875 0.0324074078125 0.7322916671875 0.0324074078125 0.7317708328125 0.0351851859375 0.7291666671875 0.0351851859375 0.7244791671875 0.046296296875 0.7244791671875 0.0888888890625
0 0.0182291671875 0.021296296875000002 0.0182291671875 0.075 0.0244791671875 0.0888888890625 0.0302083328125 0.0916666671875 0.0322916671875 0.097222221875 0.040625 0.097222221875 0.0427083328125 0.0916666671875 0.05 0.0888888890625 0.0578125 0.075 0.0578125 0.0675925921875 0.0609375 0.0638888890625 0.0609375 0.04351851875 0.059375 0.0425925921875 0.059375 0.0379629625 0.05625 0.03148148125 0.0546875 0.018518518749999997 0.0515625 0.0129629625 0.0489583328125 0.0129629625 0.0484375 0.0101851859375 0.0244791671875 0.0101851859375 0.0239583328125 0.0129629625 0.021354167187500002 0.0129629625 0.0197916671875 0.0203703703125 0.0182291671875 0.021296296875000002
0 0.3734375 0.702777778125 0.3739583328125 0.7 0.378125 0.7 0.38125 0.6944444437499999 0.38125 0.6870370375 0.3859375 0.675 0.3859375 0.6648148140625 0.3875 0.6638888890625 0.3859375 0.646296296875 0.3828125 0.64351851875 0.3635416671875 0.64351851875 0.3557291671875 0.6574074078125001 0.3557291671875 0.6972222218749999 0.35885416718749996 0.702777778125 0.3734375 0.702777778125
0 0.34427083281250004 0.4888888890625 0.353125 0.4888888890625 0.35625 0.48333333281249996 0.359375 0.4601851859375 0.3578125 0.459259259375 0.3578125 0.45185185156249996 0.3546875 0.44351851875000003 0.3260416671875 0.44351851875000003 0.3244791671875 0.44629629687500005 0.3244791671875 0.48055555625 0.32760416718749996 0.4888888890625 0.34375 0.4916666671875 0.34427083281250004 0.4888888890625
0 0.0119791671875 0.3888888890625 0.0135416671875 0.3898148140625 0.0135416671875 0.39444444375 0.021354167187500002 0.40833333281249995 0.0239583328125 0.40833333281249995 0.0244791671875 0.41111111093749997 0.0348958328125 0.41111111093749997 0.0354166671875 0.4138888890625 0.0484375 0.4138888890625 0.0515625 0.40833333281249995 0.0515625 0.403703703125 0.053125 0.40277777812500004 0.053125 0.3953703703125 0.0614583328125 0.38055555625 0.0640625 0.38055555625 0.0671875 0.375 0.0671875 0.3703703703125 0.06875 0.36944444375 0.06875 0.3546296296875 0.0671875 0.353703703125 0.0671875 0.34629629687499996 0.0625 0.3398148140625 0.0625 0.3351851859375 0.0546875 0.321296296875 0.0197916671875 0.321296296875 0.0135416671875 0.3324074078125 0.0135416671875 0.33703703749999997 0.0119791671875 0.3379629625 0.0119791671875 0.3888888890625
0 0.3307291671875 0.33703703749999997 0.3291666671875 0.3509259265625 0.3270833328125 0.3518518515625 0.325 0.34351851875 0.3182291671875 0.34629629687499996 0.3182291671875 0.375 0.3260416671875 0.38333333281250004 0.3359375 0.38333333281250004 0.3421875 0.377777778125 0.35 0.3638888890625 0.3515625 0.34351851875 0.35 0.3425925921875 0.35 0.3240740734375 0.3484375 0.321296296875 0.3322916671875 0.321296296875 0.3291666671875 0.3240740734375 0.3291666671875 0.3361111109375 0.3307291671875 0.33703703749999997
0 0.6859375 0.5138888890625 0.6864583328125 0.5111111109375 0.69375 0.5083333328124999 0.7005208328125 0.5 0.7046875 0.5 0.7109375 0.4888888890625 0.7109375 0.47407407343749997 0.70625 0.46481481406249997 0.70625 0.4601851859375 0.7020833328125 0.4574074078125 0.7015625 0.4546296296875 0.6776041671875 0.4546296296875 0.6744791671875 0.4601851859375 0.6744791671875 0.502777778125 0.6760416671875 0.503703703125 0.6776041671875 0.5111111109375 0.6859375 0.5138888890625
0 0.2104166671875 0.603703703125 0.1994791671875 0.621296296875 0.1994791671875 0.6333333328124999 0.20416666718749998 0.6416666671875 0.20677083281250003 0.6416666671875 0.20729166718749997 0.64444444375 0.2203125 0.64444444375 0.2208333328125 0.6416666671875 0.2234375 0.6416666671875 0.22552083281250002 0.6361111109375 0.228125 0.6361111109375 0.23125 0.63055555625 0.23125 0.6259259265625 0.2359375 0.61944444375 0.2359375 0.6101851859375 0.234375 0.609259259375 0.2328125 0.5935185187500001 0.2296875 0.5879629625 0.21510416718749997 0.5879629625 0.21458333281250003 0.590740740625 0.21197916718749998 0.590740740625 0.2104166671875 0.603703703125
0 0.2708333328125 0.66944444375 0.2734375 0.66944444375 0.2770833328125 0.6638888890625 0.28125 0.6638888890625 0.29375 0.65 0.29375 0.6324074078125 0.2859375 0.621296296875 0.2604166671875 0.621296296875 0.2598958328125 0.6240740734375 0.25729166718749996 0.6240740734375 0.25729166718749996 0.628703703125 0.2557291671875 0.6296296296875 0.2557291671875 0.672222221875 0.25729166718749996 0.6731481484375 0.25729166718749996 0.6777777781250001 0.2671875 0.6805555562500001 0.2708333328125 0.66944444375
0 0.6822916671875 0.19444444375 0.6854166671875 0.2 0.6911458328125 0.20277777812500003 0.6963541671875 0.21111111093749999 0.7 0.21111111093749999 0.7005208328125 0.20833333281250002 0.7067708328125 0.20833333281250002 0.7072916671875 0.21111111093749999 0.7140625 0.20833333281250002 0.71875 0.2 0.7203125 0.1898148140625 0.7234375 0.1861111109375 0.7234375 0.1759259265625 0.725 0.175 0.7234375 0.165740740625 0.7203125 0.1620370375 0.7203125 0.1574074078125 0.7125 0.1453703703125 0.7125 0.140740740625 0.70625 0.1324074078125 0.6838541671875 0.1324074078125 0.6807291671875 0.1379629625 0.6807291671875 0.1888888890625 0.6822916671875 0.1898148140625 0.6822916671875 0.19444444375
0 0.7453125 0.3333333328125 0.7458333328125 0.33055555625 0.7484375 0.33055555625 0.7515625 0.3148148140625 0.75625 0.3083333328125 0.7578125 0.2824074078125 0.7546875 0.2768518515625 0.7354166671875 0.2768518515625 0.7307291671875 0.2851851859375 0.7307291671875 0.33055555625 0.7322916671875 0.3333333328125 0.7453125 0.3333333328125
0 0.4010416671875 0.077777778125 0.4036458328125 0.077777778125 0.40729166718750004 0.0861111109375 0.40989583281249997 0.0861111109375 0.41041666718750003 0.0888888890625 0.41875 0.0888888890625 0.4192708328125 0.0861111109375 0.421875 0.0861111109375 0.425 0.08055555625000001 0.425 0.0759259265625 0.428125 0.072222221875 0.428125 0.0675925921875 0.4296875 0.0666666671875 0.4328125 0.0268518515625 0.4296875 0.021296296875000002 0.4010416671875 0.021296296875000002 0.3994791671875 0.0240740734375 0.3994791671875 0.072222221875 0.4010416671875 0.0731481484375 0.4010416671875 0.077777778125
0 0.6072916671875 0.1111111109375 0.6098958328124999 0.1111111109375 0.6135416671875 0.1166666671875 0.6239583328125 0.11388888906250001 0.6260416671875 0.1175925921875 0.6239583328125 0.12407407343750002 0.6213541671875 0.12407407343750002 0.6213541671875 0.127777778125 0.6328125 0.127777778125 0.6328125 0.1203703703125 0.6348958328125 0.1166666671875 0.640625 0.1166666671875 0.6427083328125 0.1111111109375 0.6453125 0.1111111109375 0.6484375 0.10555555624999999 0.65 0.0925925921875 0.6546875 0.08333333281250001 0.6546875 0.060185185937499996 0.65 0.053703703125 0.65 0.046296296875 0.6421875 0.0324074078125 0.6135416671875 0.0324074078125 0.6057291671875 0.0490740734375 0.6057291671875 0.10555555624999999 0.6072916671875 0.10648148125000001 0.6072916671875 0.1111111109375
0 0.26510416718749996 0.3083333328125 0.2734375 0.3083333328125 0.27395833281250004 0.30555555624999997 0.2828125 0.3 0.2859375 0.29444444375 0.2859375 0.2870370375 0.2875 0.28611111093749997 0.2875 0.26851851875 0.2828125 0.25740740781250004 0.2786458328125 0.25740740781250004 0.278125 0.2546296296875 0.2510416671875 0.2546296296875 0.2494791671875 0.25740740781250004 0.2494791671875 0.2888888890625 0.2541666671875 0.3 0.2614583328125 0.302777778125 0.26510416718749996 0.3083333328125
0 0.1260416671875 0.85648148125 0.1244791671875 0.8574074078124999 0.1244791671875 0.8861111109375001 0.1291666671875 0.897222221875 0.1317708328125 0.897222221875 0.13229166718750002 0.9 0.1421875 0.9 0.1427083328125 0.897222221875 0.1484375 0.89444444375 0.1505208328125 0.8888888890625 0.153125 0.8888888890625 0.1609375 0.875 0.1609375 0.8648148140625 0.1625 0.8638888890624999 0.1625 0.8601851859374999 0.1546875 0.8435185187500001 0.1338541671875 0.8435185187500001 0.13333333281249998 0.8462962968750001 0.1260416671875 0.8518518515625001 0.1260416671875 0.85648148125
0 0.1447916671875 0 0.1432291671875 0.0018518515625 0.1432291671875 0.027777778125000003 0.1463541671875 0.0333333328125 0.1609375 0.0333333328125 0.16875 0.019444443750000002 0.16875 0.0148148140625 0.171875 0.0083333328125 0.171875 0.0018518515625 0.16875 0 0.1447916671875 0
0 0.671875 0.9888888890624999 0.675 0.9833333328125 0.675 0.9574074078124999 0.6703125 0.946296296875 0.6677083328125 0.946296296875 0.6671875 0.94351851875 0.6447916671875 0.94351851875 0.6432291671875 0.946296296875 0.6432291671875 0.975 0.6473958328125 0.977777778125 0.6526041671875 0.9888888890624999 0.671875 0.9888888890624999
0 0.55625 0.8194444437499999 0.55625 0.8018518515625 0.5546875 0.7990740734374999 0.5322916671875 0.7990740734374999 0.5307291671875001 0.8018518515625 0.5307291671875001 0.827777778125 0.5338541671875 0.8333333328125001 0.5484375 0.8333333328125001 0.55625 0.8194444437499999
0 0.47447916718750005 0.09074074062500001 0.47447916718750005 0.1361111109375 0.4760416671875 0.13703703750000001 0.47760416718750004 0.14444444375 0.48333333281249996 0.147222221875 0.49010416718750005 0.1611111109375 0.4927083328125 0.1611111109375 0.49322916718750004 0.16388888906250001 0.4984375 0.16388888906250001 0.5109375 0.1416666671875 0.5125 0.13148148125 0.515625 0.127777778125 0.515625 0.1231481484375 0.5171875 0.12222222187500001 0.5171875 0.1074074078125 0.515625 0.10648148125000001 0.515625 0.10185185156250001 0.5109375 0.0953703703125 0.5109375 0.09074074062500001 0.5046875 0.07962962968750001 0.5005208328124999 0.07962962968750001 0.5 0.07685185156249999 0.48072916718750003 0.07685185156249999 0.48020833281249997 0.07962962968750001 0.4760416671875 0.0824074078125 0.4760416671875 0.0898148140625 0.47447916718750005 0.09074074062500001
0 0.18125 0.077777778125 0.18125 0.060185185937499996 0.178125 0.0546296296875 0.1572916671875 0.0546296296875 0.15572916718750002 0.0574074078125 0.15572916718750002 0.08055555625000001 0.1604166671875 0.0888888890625 0.171875 0.0888888890625 0.18125 0.077777778125
0 0.1427083328125 0.64444444375 0.1484375 0.64444444375 0.1515625 0.6416666671875 0.1520833328125 0.6361111109375 0.1546875 0.6361111109375 0.1578125 0.622222221875 0.1578125 0.6046296296875 0.1546875 0.5990740734375 0.1291666671875 0.5990740734375 0.1260416671875 0.6018518515625 0.1244791671875 0.6388888890625 0.1276041671875 0.64444444375 0.1421875 0.647222221875 0.1427083328125 0.64444444375
0 0.10729166718750001 0 0.1057291671875 0.0018518515625 0.1057291671875 0.022222221875 0.1119791671875 0.0333333328125 0.1296875 0.0333333328125 0.1302083328125 0.030555556249999997 0.1328125 0.030555556249999997 0.1375 0.022222221875 0.1375 0.0018518515625 0.1359375 0 0.10729166718750001 0
0 0.5510416671875 0 0.5494791671875 0.0018518515625 0.5494791671875 0.019444443750000002 0.5572916671875 0.0333333328125 0.5598958328125 0.0333333328125 0.5651041671875 0.0416666671875 0.5734375 0.0416666671875 0.5739583328125 0.0388888890625 0.5765625 0.0388888890625 0.5802083328125 0.0333333328125 0.584375 0.0333333328125 0.5890625 0.022222221875 0.5890625 0.004629629687499999 0.5859375 0 0.5510416671875 0
0 0.1359375 0.3111111109375 0.140625 0.3083333328125 0.146875 0.29722222187499997 0.146875 0.2824074078125 0.1348958328125 0.2824074078125 0.1265625 0.2731481484375 0.125 0.2648148140625 0.1265625 0.24907407343750002 0.1234375 0.24351851875000002 0.1088541671875 0.24351851875000002 0.1057291671875 0.24907407343750002 0.1057291671875 0.302777778125 0.10729166718750001 0.3083333328125 0.11041666718750001 0.3111111109375 0.1359375 0.3111111109375
0 0.1583333328125 0.34722222187499996 0.165625 0.34722222187499996 0.1661458328125 0.34444444375 0.171875 0.3416666671875 0.171875 0.32685185156249996 0.165625 0.3101851859375 0.1463541671875 0.3101851859375 0.1432291671875 0.315740740625 0.1432291671875 0.352777778125 0.1447916671875 0.35555555625 0.1515625 0.35555555625 0.1583333328125 0.34722222187499996
0 0.9666666671874999 0.61944444375 0.978125 0.622222221875 0.9786458328125001 0.61944444375 0.984375 0.6166666671875001 0.9921875 0.602777778125 0.99375 0.5879629625 0.9921875 0.5870370375 0.9921875 0.565740740625 0.9890625 0.5574074078125 0.9848958328125 0.5574074078125 0.984375 0.5546296296875 0.9713541671874999 0.5574074078125 0.9682291671875 0.5629629625 0.9677083328125 0.571296296875 0.9640625 0.5703703703125 0.9640625 0.5574074078125 0.9614583328125 0.5574074078125 0.9609375 0.5546296296875 0.9510416671874999 0.5546296296875 0.9494791671874999 0.5574074078125 0.9494791671874999 0.597222221875 0.9572916671874999 0.6111111109375 0.9614583328125 0.6111111109375 0.9666666671874999 0.61944444375
0 0.3072916671875 0.6611111109375 0.3135416671875 0.6703703703125 0.3135416671875 0.675 0.3182291671875 0.678703703125 0.31979166718749996 0.6861111109375 0.328125 0.6833333328125 0.3328125 0.672222221875 0.3328125 0.6518518515625 0.33125 0.6509259265625 0.3296875 0.640740740625 0.3234375 0.6324074078125 0.3072916671875 0.6324074078125 0.3057291671875 0.6351851859375001 0.3057291671875 0.6555555562500001 0.3072916671875 0.6564814812499999 0.3072916671875 0.6611111109375
0 0.23854166718749997 0.609259259375 0.23854166718749997 0.6138888890625 0.24583333281250003 0.6166666671875001 0.24635416718749997 0.61944444375 0.259375 0.6111111109375 0.2625 0.60555555625 0.2640625 0.5925925921874999 0.265625 0.5916666671875 0.265625 0.5824074078125 0.2609375 0.5768518515625 0.24322916718749998 0.5768518515625 0.23854166718749997 0.5824074078125 0.23854166718749997 0.5870370375 0.23697916718749998 0.5879629625 0.23697916718749998 0.6083333328125 0.23854166718749997 0.609259259375
0 0.7369791671875 0.91944444375 0.7432291671875 0.9305555562500001 0.7458333328125 0.9305555562500001 0.7463541671875 0.9333333328125001 0.7505208328124999 0.9333333328125001 0.7510416671875 0.9361111109375001 0.7640625 0.9305555562500001 0.7734375 0.9138888890624999 0.7734375 0.909259259375 0.775 0.9083333328125001 0.775 0.890740740625 0.7734375 0.8898148140625001 0.7734375 0.8796296296874999 0.76875 0.8731481484374999 0.76875 0.86851851875 0.7671875 0.865740740625 0.7463541671875 0.865740740625 0.7458333328125 0.86851851875 0.7401041671875 0.86851851875 0.7385416671875 0.871296296875 0.7385416671875 0.878703703125 0.7369791671875 0.8796296296874999 0.7369791671875 0.91944444375
0 0.7541666671875 0.030555556249999997 0.7630208328125 0.0333333328125 0.7635416671875 0.0361111109375 0.7703125 0.0333333328125 0.775 0.025 0.7765625 0.0148148140625 0.7796875 0.0111111109375 0.7796875 0.0018518515625 0.7765625 0 0.7494791671875001 0.0018518515625 0.7494791671875001 0.019444443750000002 0.7510416671875 0.0203703703125 0.7510416671875 0.025 0.7541666671875 0.030555556249999997
0 0.5421875 0.2166666671875 0.546875 0.20833333281250002 0.5453125 0.16851851874999998 0.5421875 0.165740740625 0.5260416671875 0.165740740625 0.5244791671875 0.16851851874999998 0.5244791671875 0.20833333281250002 0.5322916671875 0.2166666671875 0.5421875 0.2166666671875
0 0.0447916671875 0.13055555624999998 0.05208333281250001 0.13333333281249998 0.052604167187499995 0.1361111109375 0.055208332812500004 0.1361111109375 0.05729166718749999 0.1416666671875 0.06302083281250001 0.1416666671875 0.0635416671875 0.14444444375 0.06875 0.1416666671875 0.0765625 0.125 0.0765625 0.1074074078125 0.075 0.10648148125000001 0.075 0.10185185156250001 0.0671875 0.08796296249999999 0.0463541671875 0.08796296249999999 0.0432291671875 0.09351851875 0.0432291671875 0.125 0.0447916671875 0.12592592656249998 0.0447916671875 0.13055555624999998
0 0.21614583281250002 0.025 0.21979166718749998 0.030555556249999997 0.2296875 0.030555556249999997 0.2390625 0.013888889062500001 0.2390625 0.0018518515625 0.2359375 0 0.20572916718749998 0.0018518515625 0.20572916718749998 0.019444443750000002 0.2114583328125 0.022222221875 0.21197916718749998 0.025 0.21614583281250002 0.025
0 0.7770833328125 0.34722222187499996 0.7859375 0.34444444375 0.7875 0.3231481484375 0.7890625 0.322222221875 0.7890625 0.30740740781250003 0.7859375 0.29907407343750003 0.7572916671875001 0.29907407343750003 0.7557291671875 0.3018518515625 0.7557291671875 0.3333333328125 0.7619791671875 0.35 0.7734375 0.352777778125 0.7770833328125 0.34722222187499996
0 0.8046875 0.35555555625 0.8078125 0.34444444375 0.80625 0.3240740734375 0.8046875 0.321296296875 0.7885416671875001 0.321296296875 0.7869791671875 0.3240740734375 0.7869791671875 0.352777778125 0.7885416671875001 0.35555555625 0.8046875 0.35555555625
0 0.06979166718749999 0.6009259265625 0.06979166718749999 0.6083333328125 0.0770833328125 0.6111111109375 0.0822916671875 0.61944444375 0.0921875 0.61944444375 0.09427083281250001 0.6138888890625 0.1046875 0.60555555625 0.1046875 0.6009259265625 0.1078125 0.597222221875 0.1078125 0.5898148140624999 0.109375 0.5888888890625 0.1078125 0.56851851875 0.1046875 0.5601851859375 0.1020833328125 0.5601851859375 0.0984375 0.5546296296875 0.0760416671875 0.5546296296875 0.06979166718749999 0.565740740625 0.06979166718749999 0.5703703703125 0.0682291671875 0.571296296875 0.0682291671875 0.6 0.06979166718749999 0.6009259265625
0 0 0.08055555625000001 0.0046875 0.08055555625000001 0.0078125 0.072222221875 0.0078125 0.015740740625 0 0.0101851859375 0 0.08055555625000001
0 0.7776041671875 0.4583333328125 0.7802083328125 0.4583333328125 0.7854166671875 0.46666666718750005 0.7984375 0.46666666718750005 0.80625 0.45277777812500003 0.8078125 0.4296296296875 0.80625 0.42870370312499995 0.8046875 0.4129629625 0.8015625 0.41018518593750003 0.7838541671875 0.41018518593750003 0.7833333328125 0.4129629625 0.7760416671875 0.415740740625 0.7760416671875 0.42314814843750004 0.7744791671875 0.4240740734375 0.7744791671875 0.45277777812500003 0.7776041671875 0.4583333328125
0 0.24583333281250003 0.5638888890625 0.24635416718749997 0.5666666671875 0.2546875 0.5638888890625 0.2640625 0.5527777781250001 0.2640625 0.5379629625 0.259375 0.5240740734375 0.25625 0.521296296875 0.2416666671875 0.521296296875 0.23854166718749997 0.5240740734375 0.23697916718749998 0.5296296296875 0.23697916718749998 0.5555555562500001 0.2401041671875 0.5638888890625 0.24583333281250003 0.5638888890625
0 0.4947916671875 0.577777778125 0.4984375 0.577777778125 0.5046875 0.5694444437499999 0.50625 0.5638888890625 0.5046875 0.5546296296875 0.4947916671875 0.5546296296875 0.49322916718750004 0.5574074078125 0.49322916718750004 0.575 0.4947916671875 0.577777778125
0 0.8197916671875 0.559259259375 0.8182291671874999 0.5601851859375 0.8182291671874999 0.5944444437499999 0.8213541671875 0.6 0.8265625 0.597222221875 0.8286458328125 0.5916666671875 0.83125 0.5916666671875 0.8359375 0.5833333328125 0.8359375 0.578703703125 0.8375 0.577777778125 0.8375 0.5574074078125 0.8296875 0.54351851875 0.8229166671874999 0.54351851875 0.8223958328125001 0.546296296875 0.8197916671875 0.546296296875 0.8197916671875 0.559259259375
0 0.6947916671875001 0.7611111109375 0.7020833328125 0.7666666671875 0.7088541671875 0.777777778125 0.7171875 0.775 0.7203125 0.753703703125 0.721875 0.752777778125 0.721875 0.740740740625 0.7203125 0.7398148140624999 0.71875 0.7268518515625 0.715625 0.7212962968750001 0.6963541671875 0.7212962968750001 0.6932291671875 0.7268518515625 0.6932291671875 0.752777778125 0.6947916671875001 0.753703703125 0.6947916671875001 0.7611111109375
0 0.4635416671875 0.2638888890625 0.4692708328125 0.2638888890625 0.46979166718750004 0.2666666671875 0.475 0.2638888890625 0.4796875 0.25 0.4796875 0.22685185156249998 0.475 0.221296296875 0.45729166718750003 0.221296296875 0.4557291671875 0.22407407343750002 0.45729166718750003 0.252777778125 0.4614583328125 0.25555555625 0.4635416671875 0.2638888890625
0 0.1203125 0.15925925937500002 0.1234375 0.15555555625 0.125 0.1379629625 0.121875 0.1324074078125 0.1135416671875 0.1324074078125 0.1119791671875 0.1351851859375 0.1119791671875 0.16388888906250001 0.11875 0.1666666671875 0.1203125 0.15925925937500002
0 0 0.20833333281250002 0.0078125 0.20833333281250002 0.015625 0.197222221875 0.015625 0.1768518515625 0.0140625 0.1759259265625 0.0140625 0.165740740625 0.0125 0.1648148140625 0.0125 0.1518518515625 0.0109375 0.15092592656249998 0.0109375 0.146296296875 0 0.14351851875 0 0.20833333281250002
0 0.4484375 0.665740740625 0.4322916671875 0.665740740625 0.43072916718750004 0.66851851875 0.4322916671875 0.6888888890625 0.4484375 0.6888888890625 0.45 0.6861111109375 0.4484375 0.665740740625
0 0.7609375 0.372222221875 0.7609375 0.36759259218749996 0.7640625 0.3638888890625 0.7640625 0.3518518515625 0.7578125 0.3453703703125 0.7578125 0.3379629625 0.7546875 0.3324074078125 0.7447916671875 0.3324074078125 0.7432291671875 0.3351851859375 0.7432291671875 0.3611111109375 0.7494791671875001 0.36944444375 0.7609375 0.372222221875
0 0.7052083328125 0.547222221875 0.7072916671875 0.5527777781250001 0.7171875 0.55 0.7171875 0.5453703703125 0.7203125 0.5416666671875 0.721875 0.5259259265625 0.728125 0.522222221875 0.7296875 0.5166666671875 0.728125 0.5018518515625 0.7192708328124999 0.5018518515625 0.71875 0.4990740734375 0.6963541671875 0.5018518515625 0.6932291671875 0.5101851859375001 0.6932291671875 0.5388888890625 0.6963541671875 0.54444444375 0.7052083328125 0.547222221875
0 0.1359375 0.097222221875 0.1390625 0.0888888890625 0.1375 0.06851851875000001 0.1359375 0.065740740625 0.1260416671875 0.065740740625 0.1244791671875 0.06851851875000001 0.1244791671875 0.09444444375 0.1276041671875 0.1 0.1359375 0.097222221875
0 0.2322916671875 0.11944444375 0.2348958328125 0.11944444375 0.23541666718749998 0.12222222187500001 0.2421875 0.12222222187500001 0.25 0.10833333281249999 0.2484375 0.09629629687499999 0.2421875 0.08796296249999999 0.2322916671875 0.08796296249999999 0.23072916718749997 0.09074074062500001 0.23072916718749997 0.11388888906250001 0.2322916671875 0.1148148140625 0.2322916671875 0.11944444375
0 0.7541666671875 0.3018518515625 0.7541666671875 0.30648148124999997 0.7494791671875001 0.315740740625 0.7494791671875001 0.3638888890625 0.7510416671875 0.36666666718749996 0.7625 0.3638888890625 0.7625 0.35925925937500003 0.7677083328125 0.352777778125 0.771875 0.352777778125 0.7755208328125 0.34722222187499996 0.7859375 0.34444444375 0.7859375 0.33703703749999997 0.7875 0.3361111109375 0.7875 0.29907407343750003 0.784375 0.290740740625 0.7817708328124999 0.290740740625 0.78125 0.28796296250000003 0.7635416671875 0.28796296250000003 0.7541666671875 0.3018518515625
0 0.8078125 0.627777778125 0.8078125 0.615740740625 0.8046875 0.6101851859375 0.7947916671875 0.6101851859375 0.7932291671875 0.6129629624999999 0.7947916671875 0.6361111109375 0.8046875 0.6333333328124999 0.8078125 0.627777778125
0 0.25625 0.8731481484374999 0.2578125 0.872222221875 0.2578125 0.8518518515625001 0.2546875 0.8435185187500001 0.22760416718749998 0.8435185187500001 0.2244791671875 0.8490740734375001 0.2244791671875 0.8861111109375001 0.22760416718749998 0.8916666671875 0.2546875 0.8861111109375001 0.25625 0.8731481484374999
0 0.8078125 0.34444444375 0.8078125 0.32685185156249996 0.80625 0.32592592656249997 0.8046875 0.3129629625 0.8 0.3046296296875 0.7885416671875001 0.3018518515625 0.7869791671875 0.352777778125 0.7885416671875001 0.35555555625 0.8046875 0.35555555625 0.8078125 0.34444444375
0 0.7109375 0.875 0.715625 0.8638888890624999 0.7140625 0.8490740734375001 0.7109375 0.8435185187500001 0.7010416671875 0.8435185187500001 0.6994791671875 0.8462962968750001 0.7010416671875 0.872222221875 0.7026041671875001 0.875 0.7109375 0.875
0 0.3859375 0.4768518515625 0.3760416671875 0.4768518515625 0.37447916718749996 0.4796296296875 0.3760416671875 0.49444444374999996 0.38125 0.49444444374999996 0.3875 0.4861111109375 0.3859375 0.4768518515625
0 0.646875 0.9416666671874999 0.64375 0.9240740734375 0.640625 0.921296296875 0.6260416671875 0.921296296875 0.6244791671875001 0.9240740734375 0.6260416671875 0.9388888890624999 0.6307291671875 0.9444444437499999 0.64375 0.9444444437499999 0.646875 0.9416666671874999
0 0.2875 0.865740740625 0.2822916671875 0.865740740625 0.28072916718749996 0.8861111109375001 0.290625 0.8888888890625 0.2921875 0.871296296875 0.2875 0.865740740625
0 0.6015625 0.10185185156250001 0.5885416671875 0.0990740734375 0.5869791671875 0.11944444375 0.5984375 0.12222222187500001 0.6015625 0.1166666671875 0.6015625 0.10185185156250001