0 0.5067708328125 0.9111111109375001 0.5072916671875001 0.9138888890624999 0.521875 0.9138888890624999 0.5223958328125 0.9111111109375001 0.528125 0.9111111109375001 0.5375 0.89444444375 0.5375 0.8546296296874999 0.534375 0.8462962968750001 0.5317708328124999 0.8462962968750001 0.53125 0.8435185187500001 0.4994791671875 0.8435185187500001 0.49895833281249996 0.8462962968750001 0.49635416718750003 0.8462962968750001 0.49322916718750004 0.8546296296874999 0.49322916718750004 0.897222221875 0.5010416671875 0.9111111109375001 0.5067708328125 0.9111111109375001
0 0.5635416671875 0.8231481484375 0.5651041671875 0.83055555625 0.5677083328125 0.83055555625 0.5682291671875 0.8333333328125001 0.5739583328125 0.8333333328125001 0.5744791671875 0.8361111109375001 0.5890625 0.8361111109375001 0.5895833328125 0.8333333328125001 0.596875 0.8333333328125001 0.60625 0.8166666671874999 0.60625 0.771296296875 0.5984375 0.7546296296875 0.5807291671875 0.7546296296875 0.5739583328125 0.7629629625 0.5635416671875 0.765740740625 0.5635416671875 0.7703703703125 0.5619791671875001 0.771296296875 0.5619791671875001 0.8222222218749999 0.5635416671875 0.8231481484375
0 0.375 0.127777778125 0.390625 0.11944444375 0.39375 0.1111111109375 0.39375 0.0824074078125 0.3921875 0.08148148125 0.3921875 0.06851851875000001 0.3875 0.0620370375 0.3859375 0.0546296296875 0.3604166671875 0.0546296296875 0.3572916671875 0.0574074078125 0.3557291671875 0.0629629625 0.3557291671875 0.1166666671875 0.3572916671875 0.12222222187500001 0.375 0.127777778125
0 0.20989583281250002 0.0416666671875 0.21354166718749998 0.048148148437499996 0.21354166718749998 0.052777778124999994 0.21770833281250002 0.052777778124999994 0.2182291671875 0.055555556250000006 0.2296875 0.055555556250000006 0.24375 0.0388888890625 0.24375 0.0101851859375 0.240625 0.0018518515625 0.2088541671875 0 0.20572916718749998 0.004629629687499999 0.20572916718749998 0.0333333328125 0.20729166718749997 0.034259259375000004 0.20729166718749997 0.0416666671875 0.20989583281250002 0.0416666671875
0 0.3947916671875 0.10555555624999999 0.3994791671875 0.1111111109375 0.4036458328125 0.1111111109375 0.4135416671875 0.12222222187500001 0.421875 0.12222222187500001 0.425 0.1166666671875 0.425 0.1120370375 0.4296875 0.10555555624999999 0.4296875 0.0981481484375 0.43125 0.097222221875 0.43125 0.06851851875000001 0.4234375 0.0546296296875 0.3994791671875 0.0546296296875 0.39895833281250004 0.0574074078125 0.3963541671875 0.0574074078125 0.3932291671875 0.065740740625 0.3932291671875 0.1 0.3947916671875 0.10092592656249999 0.3947916671875 0.10555555624999999
0 0.834375 0.6333333328124999 0.8375 0.63055555625 0.8375 0.6259259265625 0.84375 0.6138888890625 0.8421875 0.590740740625 0.8197916671875 0.5879629625 0.8182291671874999 0.590740740625 0.8182291671874999 0.627777778125 0.8213541671875 0.6333333328124999 0.834375 0.6333333328124999
0 0.3494791671875 0.63055555625 0.35104166718749996 0.63148148125 0.35104166718749996 0.6388888890625 0.3557291671875 0.64444444375 0.3583333328125 0.64444444375 0.35885416718749996 0.647222221875 0.3630208328125 0.647222221875 0.3635416671875 0.65 0.3765625 0.64444444375 0.3770833328125 0.6416666671875 0.3859375 0.6416666671875 0.39375 0.63055555625 0.39375 0.6259259265625 0.396875 0.622222221875 0.396875 0.6175925921875 0.4 0.6111111109375 0.4 0.6009259265625 0.4015625 0.6 0.4 0.5768518515625 0.390625 0.5574074078125 0.3864583328125 0.5574074078125 0.3859375 0.5546296296875 0.3635416671875 0.5546296296875 0.35104166718749996 0.571296296875 0.35104166718749996 0.584259259375 0.3494791671875 0.5851851859375 0.3494791671875 0.63055555625
0 0.8661458328125 0.2888888890625 0.8666666671875 0.2916666671875 0.8723958328125001 0.29444444375 0.8744791671875 0.3 0.8786458328125001 0.3 0.8822916671875 0.30555555624999997 0.8921875 0.30555555624999997 0.8984375 0.29722222187499997 0.8984375 0.2629629625 0.896875 0.26203703749999996 0.89375 0.246296296875 0.8911458328125 0.246296296875 0.890625 0.24351851875000002 0.8682291671875 0.24351851875000002 0.8677083328125 0.246296296875 0.8651041671874999 0.246296296875 0.8619791671874999 0.2546296296875 0.8619791671874999 0.28611111093749997 0.8635416671874999 0.2888888890625 0.8661458328125 0.2888888890625
0 0.23697916718749998 0.3111111109375 0.23854166718749997 0.3120370375 0.23854166718749997 0.31944444375000003 0.24114583281250002 0.31944444375000003 0.24479166718749998 0.32777777812500003 0.24739583281250002 0.32777777812500003 0.2479166671875 0.33055555625 0.25625 0.33055555625 0.25833333281250004 0.325 0.2640625 0.322222221875 0.2703125 0.30555555624999997 0.2703125 0.2796296296875 0.265625 0.26574074062499997 0.24479166718749998 0.26574074062499997 0.2442708328125 0.26851851875 0.2416666671875 0.26851851875 0.23697916718749998 0.2796296296875 0.23697916718749998 0.3111111109375
0 0.3994791671875 0.6101851859375 0.39791666718749996 0.6203703703125 0.3932291671875 0.6296296296875 0.3932291671875 0.6611111109375 0.3947916671875 0.6620370375 0.3947916671875 0.66944444375 0.3963541671875 0.672222221875 0.40208333281249997 0.672222221875 0.4088541671875 0.6861111109375 0.421875 0.6861111109375 0.42552083281249997 0.6777777781250001 0.428125 0.6777777781250001 0.43125 0.672222221875 0.43125 0.6675925921875 0.4359375 0.6583333328125 0.4359375 0.6509259265625 0.4375 0.65 0.4359375 0.6296296296875 0.4328125 0.6259259265625 0.43125 0.6046296296875 0.421875 0.5879629625 0.41041666718750003 0.5879629625 0.40989583281249997 0.590740740625 0.40416666718750005 0.590740740625 0.40260416718750003 0.5981481484375 0.4010416671875 0.5990740734375 0.4010416671875 0.609259259375 0.3994791671875 0.6101851859375
0 0.3057291671875 0.7583333328124999 0.3203125 0.7583333328124999 0.32083333281250004 0.75555555625 0.328125 0.75555555625 0.3375 0.74444444375 0.3390625 0.7129629625 0.334375 0.6990740734374999 0.3026041671875 0.6990740734374999 0.2994791671875 0.7046296296875 0.2994791671875 0.747222221875 0.3026041671875 0.75555555625 0.30520833281250004 0.75555555625 0.3057291671875 0.7583333328124999
0 0.0307291671875 0.3416666671875 0.0322916671875 0.3425925921875 0.0322916671875 0.35 0.0447916671875 0.372222221875 0.0546875 0.372222221875 0.055208332812500004 0.36944444375 0.0609375 0.36666666718749996 0.0625 0.3638888890625 0.0625 0.353703703125 0.0640625 0.352777778125 0.0640625 0.3453703703125 0.065625 0.34444444375 0.065625 0.3398148140625 0.0671875 0.33888888906250003 0.0671875 0.3240740734375 0.059375 0.3101851859375 0.0385416671875 0.3101851859375 0.0380208328125 0.3129629625 0.0354166671875 0.3129629625 0.0322916671875 0.31851851875000003 0.0322916671875 0.3231481484375 0.0307291671875 0.3240740734375 0.0307291671875 0.3416666671875
0 0.0057291671875 0.690740740625 0.0057291671875 0.727777778125 0.007291667187500001 0.728703703125 0.007291667187500001 0.7333333328125 0.015625 0.7333333328125 0.0208333328125 0.722222221875 0.0234375 0.722222221875 0.0234375 0.7175925921874999 0.0265625 0.7138888890625 0.0265625 0.709259259375 0.0359375 0.6944444437499999 0.0359375 0.6796296296875 0.034375 0.6768518515624999 0.0135416671875 0.6768518515624999 0.007291667187500001 0.6851851859375 0.007291667187500001 0.6898148140625 0.0057291671875 0.690740740625
0 0.8260416671874999 0.7916666671875 0.840625 0.7888888890625 0.8484375 0.775 0.85 0.7666666671875 0.8484375 0.746296296875 0.8453125 0.74351851875 0.8197916671875 0.74351851875 0.8182291671874999 0.746296296875 0.8182291671874999 0.7861111109375 0.8197916671875 0.7888888890625 0.8255208328125001 0.7888888890625 0.8260416671874999 0.7916666671875
0 0 0.46666666718750005 0.0036458328125000003 0.46666666718750005 0.0041666671875 0.46944444374999994 0.0203125 0.46944444374999994 0.0208333328125 0.46666666718750005 0.0265625 0.46388888906250003 0.03125 0.45555555625000005 0.03125 0.4379629625 0.028125 0.43240740781250003 0.0161458328125 0.43240740781250003 0.0109375 0.4240740734375 0 0.42129629687500003 0 0.46666666718750005
0 0.2260416671875 0.6120370375 0.22760416718749998 0.622222221875 0.23854166718749997 0.6416666671875 0.24114583281250002 0.6416666671875 0.24479166718749998 0.647222221875 0.2677083328125 0.647222221875 0.2682291671875 0.65 0.2859375 0.647222221875 0.2864583328125 0.64444444375 0.290625 0.64444444375 0.2958333328125 0.6333333328124999 0.2984375 0.6333333328124999 0.2984375 0.628703703125 0.3 0.627777778125 0.3 0.6148148140624999 0.3015625 0.6138888890625 0.3015625 0.5796296296875 0.3 0.578703703125 0.3 0.5629629625 0.2984375 0.5620370375 0.2984375 0.5574074078125 0.2890625 0.54351851875 0.2588541671875 0.54351851875 0.2536458328125 0.5518518515624999 0.23697916718749998 0.5546296296875 0.23177083281250002 0.565740740625 0.22916666718749998 0.565740740625 0.2260416671875 0.571296296875 0.2260416671875 0.578703703125 0.2244791671875 0.5796296296875 0.2244791671875 0.6111111109375 0.2260416671875 0.6120370375
0 0.42604166718750003 0.25555555625 0.42760416718750005 0.25833333281250004 0.434375 0.25833333281250004 0.4348958328125 0.25555555625 0.4375 0.25555555625 0.4380208328125 0.252777778125 0.4421875 0.25 0.4453125 0.234259259375 0.4484375 0.23055555625 0.4484375 0.21574074062499998 0.4453125 0.21203703749999997 0.44375 0.2018518515625 0.43958333281249995 0.1990740734375 0.434375 0.1879629625 0.41979166718750005 0.1879629625 0.41822916718750003 0.190740740625 0.41822916718750003 0.2138888890625 0.4244791671875 0.22870370312500002 0.42604166718750003 0.25555555625
0 0.3619791671875 0.3166666671875 0.3635416671875 0.31759259218749997 0.3635416671875 0.325 0.3697916671875 0.33888888906250003 0.37552083281250004 0.33888888906250003 0.3760416671875 0.3416666671875 0.384375 0.33888888906250003 0.39375 0.33055555625 0.39375 0.32592592656249997 0.3984375 0.31944444375000003 0.3984375 0.3120370375 0.4 0.3111111109375 0.4 0.290740740625 0.3953125 0.28148148125 0.39375 0.25740740781250004 0.3682291671875 0.2546296296875 0.3635416671875 0.2601851859375 0.3635416671875 0.2675925921875 0.3619791671875 0.26851851875 0.3619791671875 0.3166666671875
0 0.24479166718749998 0 0.24322916718749998 0.0018518515625 0.24322916718749998 0.013888889062500001 0.24479166718749998 0.0148148140625 0.24479166718749998 0.019444443750000002 0.2510416671875 0.030555556249999997 0.2536458328125 0.030555556249999997 0.2541666671875 0.0333333328125 0.25833333281250004 0.0333333328125 0.2588541671875 0.0361111109375 0.2614583328125 0.0361111109375 0.26510416718749996 0.0416666671875 0.2703125 0.0416666671875 0.2708333328125 0.0388888890625 0.2734375 0.0388888890625 0.27395833281250004 0.0361111109375 0.2796875 0.0333333328125 0.2890625 0.0166666671875 0.2890625 0.004629629687499999 0.2828125 0 0.24479166718749998 0
0 0.3963541671875 0.23333333281250002 0.4010416671875 0.2398148140625 0.4057291671875 0.2666666671875 0.40833333281249995 0.2666666671875 0.41197916718750005 0.272222221875 0.4203125 0.272222221875 0.42083333281249996 0.26944444375 0.4234375 0.26944444375 0.4265625 0.2611111109375 0.4265625 0.253703703125 0.428125 0.252777778125 0.4234375 0.21574074062499998 0.41875 0.209259259375 0.41875 0.2046296296875 0.415625 0.1990740734375 0.3947916671875 0.1990740734375 0.3932291671875 0.2018518515625 0.3932291671875 0.222222221875 0.3947916671875 0.22314814843750003 0.3963541671875 0.23333333281250002
0 0.8322916671874999 0.29444444375 0.8359375 0.29444444375 0.8364583328125 0.2916666671875 0.8421875 0.2916666671875 0.8427083328125 0.2888888890625 0.8484375 0.2888888890625 0.8489583328125001 0.28611111093749997 0.8515625 0.28611111093749997 0.85625 0.27777777812500004 0.8578125 0.2675925921875 0.8609375 0.2638888890625 0.8609375 0.253703703125 0.8625 0.252777778125 0.8625 0.23518518593749999 0.8578125 0.22685185156249998 0.8552083328125001 0.22685185156249998 0.8546875 0.22407407343750002 0.8427083328125 0.22407407343750002 0.8421875 0.221296296875 0.8135416671875 0.221296296875 0.8119791671875 0.22407407343750002 0.8119791671875 0.275 0.8213541671875 0.2888888890625 0.8317708328125001 0.2916666671875 0.8322916671874999 0.29444444375
0 0.1911458328125 0.8638888890624999 0.1953125 0.8638888890624999 0.1973958328125 0.8583333328125 0.2046875 0.85555555625 0.2109375 0.8416666671874999 0.2109375 0.8268518515625001 0.209375 0.8259259265625 0.209375 0.821296296875 0.20625 0.8175925921875 0.2046875 0.8101851859375 0.1760416671875 0.8101851859375 0.1739583328125 0.815740740625 0.17135416718750002 0.815740740625 0.1697916671875 0.8231481484375 0.1682291671875 0.8240740734375 0.1682291671875 0.85555555625 0.1729166671875 0.8666666671875 0.190625 0.8666666671875 0.1911458328125 0.8638888890624999
0 0.3484375 0.1888888890625 0.35989583281250004 0.16944444375 0.365625 0.16944444375 0.365625 0.1648148140625 0.3671875 0.16388888906250001 0.365625 0.1490740734375 0.3609375 0.14351851875 0.3385416671875 0.14351851875 0.3369791671875 0.146296296875 0.3369791671875 0.1861111109375 0.3401041671875 0.1916666671875 0.3421875 0.1916666671875 0.3427083328125 0.1888888890625 0.3484375 0.1888888890625
0 0.60625 0.3240740734375 0.5947916671875 0.321296296875 0.5932291671875001 0.3416666671875 0.603125 0.34444444375 0.60625 0.33888888906250003 0.60625 0.3240740734375
0 0.63125 0.22777777812500002 0.63125 0.21574074062499998 0.628125 0.2101851859375 0.6119791671875 0.21296296250000002 0.6119791671875 0.22777777812500002 0.6151041671875 0.23333333281250002 0.628125 0.23333333281250002 0.63125 0.22777777812500002
0 0.128125 0.8666666671875 0.1348958328125 0.85555555625 0.1375 0.85555555625 0.1427083328125 0.8444444437499999 0.1453125 0.8444444437499999 0.146875 0.8416666671874999 0.146875 0.8351851859374999 0.1421875 0.8268518515625001 0.1395833328125 0.8268518515625001 0.1359375 0.821296296875 0.1213541671875 0.821296296875 0.1208333328125 0.8240740734375 0.1166666671875 0.8240740734375 0.1119791671875 0.8351851859374999 0.1119791671875 0.8611111109375 0.11510416718750001 0.8666666671875 0.11927083281249999 0.8666666671875 0.1197916671875 0.86944444375 0.128125 0.8666666671875
0 0.84375 0.41944444374999995 0.8473958328125001 0.41111111093749997 0.85 0.41111111093749997 0.85 0.40648148125 0.853125 0.40277777812500004 0.8546875 0.3851851859375 0.853125 0.384259259375 0.853125 0.3796296296875 0.8505208328125 0.3796296296875 0.85 0.3768518515625 0.8322916671874999 0.3768518515625 0.8307291671874999 0.3796296296875 0.8307291671874999 0.41111111093749997 0.8338541671874999 0.41944444374999995 0.84375 0.41944444374999995
0 0.8432291671875 0.6638888890625 0.8447916671875 0.6666666671875 0.8578125 0.6638888890625 0.8625 0.6481481484375 0.8661458328125 0.64444444375 0.8796875 0.647222221875 0.8859375 0.6416666671875 0.8875 0.6268518515625 0.8859375 0.6259259265625 0.8859375 0.61851851875 0.88125 0.6120370375 0.8796875 0.6018518515625 0.8755208328125 0.6018518515625 0.875 0.5990740734375 0.8463541671874999 0.5990740734375 0.8432291671875 0.6046296296875 0.8432291671875 0.627777778125 0.8463541671874999 0.6370370375000001 0.8432291671875 0.646296296875 0.8432291671875 0.6638888890625
0 0.8057291671875 0.31851851875000003 0.8057291671875 0.3638888890625 0.8072916671874999 0.3648148140625 0.8072916671874999 0.372222221875 0.8088541671874999 0.375 0.8203125 0.375 0.8296875 0.3638888890625 0.83125 0.3453703703125 0.8359375 0.3361111109375 0.8359375 0.321296296875 0.8328125 0.31759259218749997 0.8328125 0.3129629625 0.8302083328125001 0.3129629625 0.8296875 0.3101851859375 0.8104166671874999 0.3101851859375 0.8098958328125001 0.3129629625 0.8072916671874999 0.3129629625 0.8072916671874999 0.31759259218749997 0.8057291671875 0.31851851875000003
0 0.65 0.21944444375 0.6515625 0.2018518515625 0.6484375 0.190740740625 0.6453125 0.1879629625 0.6322916671875001 0.1879629625 0.6307291671875 0.190740740625 0.6307291671875 0.20833333281250002 0.6354166671875 0.21944444375 0.6385416671875 0.222222221875 0.65 0.21944444375
0 0 0.597222221875 0.0046875 0.597222221875 0.0083333328125 0.5888888890625 0.0109375 0.5888888890625 0.0140625 0.58055555625 0.0140625 0.565740740625 0.009375 0.5546296296875 0 0.5546296296875 0 0.597222221875
0 0.55625 0.303703703125 0.5609375 0.3 0.559375 0.28796296250000003 0.5447916671875 0.28796296250000003 0.5432291671875 0.290740740625 0.5447916671875 0.30555555624999997 0.5510416671875 0.3111111109375 0.55625 0.3083333328125 0.55625 0.303703703125
0 0.7453125 0.6777777781250001 0.7453125 0.66851851875 0.7322916671875 0.665740740625 0.7307291671875 0.66851851875 0.7322916671875 0.6916666671875 0.7421875 0.6888888890625 0.7453125 0.6777777781250001
0 0.453125 0.6416666671875 0.4546875 0.6240740734375 0.4515625 0.6203703703125 0.4515625 0.615740740625 0.4484375 0.6101851859375 0.43854166718750004 0.6101851859375 0.4369791671875 0.6416666671875 0.4401041671875 0.647222221875 0.446875 0.647222221875 0.453125 0.6416666671875
0 0.3583333328125 0.175 0.3630208328125 0.177777778125 0.3635416671875 0.1833333328125 0.3682291671875 0.1888888890625 0.3734375 0.1888888890625 0.3796875 0.18055555625 0.3796875 0.1574074078125 0.3770833328125 0.1574074078125 0.3703125 0.1490740734375 0.3661458328125 0.1490740734375 0.365625 0.146296296875 0.3614583328125 0.146296296875 0.3609375 0.14351851875 0.3385416671875 0.14351851875 0.3369791671875 0.146296296875 0.3369791671875 0.1861111109375 0.3401041671875 0.1916666671875 0.35 0.1888888890625 0.3583333328125 0.175
0 0.6015625 0.5268518515625 0.5984375 0.521296296875 0.5885416671875 0.521296296875 0.5869791671875 0.55 0.5984375 0.5527777781250001 0.6015625 0.5416666671875 0.6015625 0.5268518515625
0 0.9223958328125 0.077777778125 0.93125 0.077777778125 0.9359375 0.072222221875 0.9359375 0.0574074078125 0.928125 0.04351851875 0.9072916671875 0.04351851875 0.9057291671875 0.046296296875 0.9057291671875 0.077777778125 0.9072916671875 0.08333333281250001 0.9171875 0.08333333281250001 0.9223958328125 0.077777778125
0 0.3307291671875 0.427777778125 0.3338541671875 0.43333333281249997 0.35 0.43333333281249997 0.3505208328125 0.43055555625 0.3546875 0.43055555625 0.365625 0.40833333281249995 0.3671875 0.39351851875 0.365625 0.3925925921875 0.3640625 0.38240740781250004 0.3583333328125 0.3796296296875 0.3578125 0.3768518515625 0.3401041671875 0.3768518515625 0.3395833328125 0.3796296296875 0.33541666718749996 0.3796296296875 0.3338541671875 0.38240740781250004 0.3338541671875 0.3953703703125 0.3307291671875 0.4046296296875 0.3307291671875 0.427777778125
0 0.4734375 0.21944444375 0.4796875 0.20555555625 0.4796875 0.19351851874999998 0.47552083281249996 0.190740740625 0.475 0.1879629625 0.4635416671875 0.1879629625 0.46197916718750004 0.190740740625 0.46197916718750004 0.2166666671875 0.46510416718750003 0.222222221875 0.4734375 0.21944444375
0 0.2322916671875 0.475 0.23697916718749998 0.48055555625 0.2614583328125 0.477777778125 0.2619791671875 0.48055555625 0.26614583281250004 0.48055555625 0.2744791671875 0.4888888890625 0.284375 0.4861111109375 0.2859375 0.478703703125 0.2890625 0.475 0.2890625 0.46481481406249997 0.290625 0.46388888906250003 0.290625 0.415740740625 0.2859375 0.40648148125 0.2859375 0.4018518515625 0.2703125 0.3879629625 0.2494791671875 0.3879629625 0.24895833281250002 0.39074074062499997 0.24322916718749998 0.39074074062499997 0.23958333281250002 0.3990740734375 0.23697916718749998 0.3990740734375 0.23072916718749997 0.41851851875 0.23072916718749997 0.46388888906250003 0.2322916671875 0.46481481406249997 0.2322916671875 0.475
0 0.2697916671875 0.9111111109375001 0.2796875 0.9111111109375001 0.2802083328125 0.9083333328125001 0.2828125 0.9083333328125001 0.2921875 0.8888888890625 0.290625 0.8740740734375001 0.2875 0.86851851875 0.2833333328125 0.86851851875 0.2828125 0.865740740625 0.26510416718749996 0.865740740625 0.2619791671875 0.871296296875 0.2619791671875 0.9 0.26510416718749996 0.9083333328125001 0.2692708328125 0.9083333328125001 0.2697916671875 0.9111111109375001
0 0.584375 0.35 0.5875 0.34444444375 0.5875 0.3240740734375 0.5859375 0.321296296875 0.5760416671875 0.321296296875 0.5744791671875 0.3240740734375 0.5744791671875 0.3416666671875 0.5776041671875001 0.34722222187499996 0.584375 0.35
0 0.0682291671875 0.04444444375 0.0723958328125 0.04444444375 0.0791666671875 0.052777778124999994 0.0921875 0.052777778124999994 0.1 0.0416666671875 0.1015625 0.03148148125 0.1046875 0.027777778125000003 0.1046875 0.015740740625 0.09895833281250001 0.0129629625 0.0984375 0.0101851859375 0.0635416671875 0.0101851859375 0.061979167187499996 0.0129629625 0.061979167187499996 0.0333333328125 0.0635416671875 0.034259259375000004 0.0635416671875 0.0388888890625 0.0682291671875 0.04444444375
0 0.8703125 0.35925925937500003 0.8734375 0.352777778125 0.8734375 0.3490740734375 0.86875 0.34351851875 0.8572916671874999 0.34351851875 0.8557291671874999 0.34629629687499996 0.8572916671874999 0.3583333328125 0.8635416671874999 0.36666666718749996 0.8703125 0.3638888890625 0.8703125 0.35925925937500003
0 0.3072916671875 0.3916666671875 0.3151041671875 0.40277777812500004 0.32083333281250004 0.40277777812500004 0.3213541671875 0.40555555625000006 0.3234375 0.40555555625000006 0.3239583328125 0.40277777812500004 0.328125 0.40277777812500004 0.3328125 0.39444444375 0.3328125 0.3898148140625 0.3359375 0.3861111109375 0.3359375 0.38148148125 0.3390625 0.375 0.3375 0.36296296250000004 0.334375 0.3574074078125 0.3317708328125 0.3574074078125 0.33125 0.3546296296875 0.3088541671875 0.3546296296875 0.3057291671875 0.3601851859375 0.3057291671875 0.3861111109375 0.3072916671875 0.38703703749999996 0.3072916671875 0.3916666671875
0 0.48802083281249997 0.7861111109375 0.490625 0.7861111109375 0.490625 0.7814814812499999 0.4921875 0.7805555562500001 0.4921875 0.76851851875 0.4895833328125 0.76851851875 0.4890625 0.765740740625 0.4770833328125 0.7629629625 0.4765625 0.7601851859375001 0.47239583281249997 0.7601851859375001 0.46875 0.7546296296875 0.45729166718750003 0.7546296296875 0.4557291671875 0.7574074078125 0.45729166718750003 0.772222221875 0.4713541671875 0.7888888890625 0.4875 0.7888888890625 0.48802083281249997 0.7861111109375
0 0.1640625 0.9 0.165625 0.897222221875 0.165625 0.890740740625 0.1614583328125 0.890740740625 0.1609375 0.8879629625 0.1385416671875 0.8879629625 0.1369791671875 0.890740740625 0.1369791671875 0.9111111109375001 0.14010416718750002 0.91944444375 0.146875 0.91944444375 0.15677083281249998 0.902777778125 0.1640625 0.9
0 0.4713541671875 0.27777777812500004 0.4796875 0.272222221875 0.4796875 0.2675925921875 0.48125 0.2666666671875 0.4828125 0.24907407343750002 0.4796875 0.24351851875000002 0.46979166718750004 0.24351851875000002 0.4682291671875 0.246296296875 0.4682291671875 0.272222221875 0.4713541671875 0.27777777812500004
0 0.1885416671875 0.6509259265625 0.1885416671875 0.672222221875 0.1901041671875 0.675 0.2046875 0.672222221875 0.2171875 0.6583333328125 0.2171875 0.6537037031249999 0.2203125 0.647222221875 0.2203125 0.6398148140625 0.221875 0.6388888890625 0.221875 0.63148148125 0.2234375 0.63055555625 0.2234375 0.6240740734375 0.221875 0.6231481484375 0.221875 0.615740740625 0.2203125 0.6148148140624999 0.21875 0.6046296296875 0.2140625 0.5990740734375 0.1901041671875 0.5990740734375 0.18697916718750002 0.6046296296875 0.18697916718750002 0.65 0.1885416671875 0.6509259265625
0 0.4765625 0.590740740625 0.4635416671875 0.5879629625 0.46197916718750004 0.6083333328125 0.4734375 0.6111111109375 0.4765625 0.602777778125 0.4765625 0.590740740625
0 0.5 0.21111111093749999 0.4984375 0.1879629625 0.48229166718750005 0.1879629625 0.48072916718750003 0.190740740625 0.48072916718750003 0.21111111093749999 0.4838541671875 0.21944444375 0.4921875 0.21944444375 0.5 0.21111111093749999
0 0.6109375 0.252777778125 0.6171875 0.24444444375000002 0.6171875 0.2296296296875 0.6109375 0.221296296875 0.6072916671875 0.221296296875 0.6057291671875 0.22407407343750002 0.6057291671875 0.24444444375000002 0.6072916671875 0.252777778125 0.6109375 0.252777778125
0 0.4921875 0.6111111109375 0.4921875 0.5990740734375 0.4890625 0.5953703703125 0.4890625 0.590740740625 0.48229166718750005 0.5879629625 0.48072916718750003 0.590740740625 0.48072916718750003 0.61944444375 0.4859375 0.622222221875 0.4921875 0.6111111109375
0 0.8432291671875 0.6638888890625 0.8447916671875 0.6666666671875 0.85625 0.6666666671875 0.8625 0.6583333328125 0.8661458328125 0.64444444375 0.8734375 0.64444444375 0.875 0.6388888890625 0.871875 0.6046296296875 0.8640625 0.5990740734375 0.8447916671875 0.5990740734375 0.8432291671875 0.6018518515625 0.8432291671875 0.63055555625 0.8447916671875 0.63148148125 0.8432291671875 0.6638888890625
0 0.5859375 0.322222221875 0.5875 0.31944444375000003 0.5875 0.3018518515625 0.5859375 0.29907407343750003 0.5760416671875 0.29907407343750003 0.5744791671875 0.3018518515625 0.5744791671875 0.31944444375000003 0.5760416671875 0.322222221875 0.5859375 0.322222221875
0 0.796875 0.5527777781250001 0.796875 0.546296296875 0.7921875 0.54351851875 0.7744791671875 0.546296296875 0.7760416671875 0.5638888890625 0.784375 0.5638888890625 0.7895833328124999 0.5555555562500001 0.796875 0.5527777781250001
0 0.5609375 0.3240740734375 0.5510416671875 0.321296296875 0.5494791671875 0.3416666671875 0.5578125 0.34444444375 0.5609375 0.33888888906250003 0.5609375 0.3240740734375
0 0.5734375 0.3240740734375 0.5635416671875 0.321296296875 0.5619791671875001 0.3416666671875 0.5635416671875 0.34444444375 0.5734375 0.3416666671875 0.5734375 0.3240740734375
0 0.271875 0.652777778125 0.2723958328125 0.65 0.278125 0.647222221875 0.28125 0.6388888890625 0.28125 0.5574074078125 0.2796875 0.5546296296875 0.26510416718749996 0.5574074078125 0.2645833328125 0.5601851859375 0.2640625 0.5574074078125 0.2567708328125 0.5574074078125 0.25625 0.5546296296875 0.23854166718749997 0.5546296296875 0.23802083281250003 0.5574074078125 0.23541666718749998 0.5574074078125 0.23072916718749997 0.56851851875 0.23072916718749997 0.63055555625 0.24479166718749998 0.652777778125 0.271875 0.652777778125
0 0.44375 0.4888888890625 0.44375 0.4796296296875 0.4421875 0.4768518515625 0.42604166718750003 0.4768518515625 0.4244791671875 0.5 0.42604166718750003 0.50555555625 0.43125 0.50555555625 0.440625 0.497222221875 0.44375 0.4888888890625
0 0.5869791671875 0.5527777781250001 0.5984375 0.5527777781250001 0.6015625 0.5416666671875 0.6015625 0.5268518515625 0.5984375 0.521296296875 0.5927083328125 0.521296296875 0.5859375 0.5101851859375001 0.5760416671875 0.5101851859375001 0.5744791671875 0.5388888890625 0.5776041671875001 0.54444444375 0.5864583328124999 0.547222221875 0.5869791671875 0.5527777781250001
0 0.3244791671875 0.4148148140625 0.3244791671875 0.41944444374999995 0.3338541671875 0.43333333281249997 0.3395833328125 0.43333333281249997 0.3401041671875 0.4361111109375 0.3427083328125 0.43333333281249997 0.3515625 0.43333333281249997 0.35208333281250004 0.43055555625 0.3546875 0.43055555625 0.35625 0.42314814843750004 0.359375 0.42222222187499997 0.3625 0.4166666671875 0.3625 0.41203703750000004 0.3671875 0.40555555625000006 0.3671875 0.39074074062499997 0.365625 0.3898148140625 0.365625 0.3851851859375 0.3625 0.3796296296875 0.3567708328125 0.3768518515625 0.35 0.365740740625 0.3458333328125 0.365740740625 0.3421875 0.3601851859375 0.3317708328125 0.3574074078125 0.33125 0.3546296296875 0.3135416671875 0.3546296296875 0.31197916718749996 0.3574074078125 0.31197916718749996 0.397222221875 0.3151041671875 0.40277777812500004 0.3177083328125 0.40277777812500004 0.3244791671875 0.4148148140625
0 0.6578125 0.172222221875 0.65625 0.1574074078125 0.653125 0.1546296296875 0.6385416671875 0.1546296296875 0.6369791671875 0.1574074078125 0.6369791671875 0.177777778125 0.6401041671875001 0.1861111109375 0.65 0.1861111109375 0.6578125 0.172222221875
0 0.4765625 0.6009259265625 0.47864583281249995 0.6 0.4791666671875 0.6166666671875001 0.4859375 0.61944444375 0.4921875 0.6083333328125 0.4921875 0.5990740734375 0.4859375 0.5851851859375 0.4791666671875 0.5851851859375 0.47864583281249995 0.5879629625 0.478125 0.5824074078125 0.4734375 0.5768518515625 0.46197916718750004 0.5796296296875 0.46197916718750004 0.6083333328125 0.4635416671875 0.6111111109375 0.475 0.6111111109375 0.4765625 0.6009259265625
0 0.4984375 0.4861111109375 0.5 0.4601851859375 0.496875 0.4546296296875 0.4927083328125 0.4574074078125 0.48229166718750005 0.4546296296875 0.48072916718750003 0.4574074078125 0.48072916718750003 0.4861111109375 0.48229166718750005 0.4888888890625 0.4984375 0.4861111109375
0 0.4 0.0361111109375 0.40052083281249995 0.0333333328125 0.4046875 0.0333333328125 0.4078125 0.027777778125000003 0.409375 0.0018518515625 0.3869791671875 0.0018518515625 0.3885416671875 0.030555556249999997 0.39114583281250004 0.030555556249999997 0.3947916671875 0.0361111109375 0.4 0.0361111109375
0 0.8395833328125001 0.36944444375 0.846875 0.36666666718749996 0.8515625 0.3583333328125 0.8515625 0.353703703125 0.8546875 0.352777778125 0.853125 0.3379629625 0.85 0.3351851859375 0.8338541671874999 0.3324074078125 0.8307291671874999 0.3379629625 0.8307291671874999 0.3638888890625 0.8338541671874999 0.372222221875 0.8390625 0.372222221875 0.8395833328125001 0.36944444375
0 0.4973958328125 0.4861111109375 0.5 0.4861111109375 0.50625 0.475 0.5046875 0.46296296249999996 0.5 0.4546296296875 0.48229166718750005 0.4546296296875 0.48072916718750003 0.4574074078125 0.48072916718750003 0.4861111109375 0.48229166718750005 0.4888888890625 0.496875 0.4888888890625 0.4973958328125 0.4861111109375
0 0.10260416718750001 0.797222221875 0.1265625 0.797222221875 0.134375 0.7861111109375 0.134375 0.7787037031249999 0.1359375 0.777777778125 0.1359375 0.771296296875 0.1328125 0.765740740625 0.1302083328125 0.765740740625 0.1265625 0.7574074078125 0.12395833281249999 0.7574074078125 0.1234375 0.7546296296875 0.1088541671875 0.7546296296875 0.0994791671875 0.76851851875 0.0994791671875 0.7888888890625 0.1010416671875 0.7898148140625 0.1010416671875 0.79444444375 0.10260416718750001 0.797222221875
0 0.21614583281250002 0.5611111109375 0.225 0.5555555562500001 0.23020833281250003 0.54444444375 0.234375 0.5416666671875 0.2359375 0.5268518515625 0.234375 0.5240740734375 0.2286458328125 0.5240740734375 0.228125 0.521296296875 0.2010416671875 0.521296296875 0.1994791671875 0.5240740734375 0.1994791671875 0.5527777781250001 0.20677083281250003 0.5583333328125 0.2088541671875 0.5638888890625 0.215625 0.5638888890625 0.21614583281250002 0.5611111109375
0 0.2510416671875 0.64444444375 0.2677083328125 0.647222221875 0.2682291671875 0.65 0.278125 0.65 0.2786458328125 0.647222221875 0.290625 0.64444444375 0.2958333328125 0.6333333328124999 0.2984375 0.6333333328124999 0.3 0.6148148140624999 0.3015625 0.6138888890625 0.3015625 0.5796296296875 0.3 0.578703703125 0.2984375 0.5574074078125 0.2890625 0.54351851875 0.2588541671875 0.54351851875 0.25833333281250004 0.546296296875 0.2557291671875 0.546296296875 0.2494791671875 0.5574074078125 0.2494791671875 0.6361111109375 0.2510416671875 0.6370370375000001 0.2510416671875 0.64444444375
0 0.8296875 0.34629629687499996 0.8208333328125 0.34629629687499996 0.8203125 0.34351851875 0.8072916671874999 0.34351851875 0.8057291671875 0.34629629687499996 0.8072916671874999 0.375 0.8203125 0.375 0.8296875 0.3583333328125 0.8296875 0.34629629687499996
0 0.7921875 0.646296296875 0.7744791671875 0.646296296875 0.7760416671875 0.6583333328125 0.7807291671875001 0.6638888890625 0.7921875 0.6638888890625 0.7921875 0.646296296875
0 0.4984375 0.28611111093749997 0.5015625 0.272222221875 0.503125 0.246296296875 0.48854166718750003 0.24351851875000002 0.4869791671875 0.246296296875 0.48854166718750003 0.2833333328125 0.49010416718750005 0.28611111093749997 0.4984375 0.28611111093749997
0 0.1822916671875 0.6074074078125 0.1807291671875 0.66944444375 0.1822916671875 0.6703703703125 0.1822916671875 0.6861111109375 0.1838541671875 0.6888888890625 0.1984375 0.6861111109375 0.2 0.678703703125 0.2052083328125 0.66944444375 0.2109375 0.6666666671875 0.21458333281250003 0.6583333328125 0.2171875 0.6583333328125 0.21875 0.6453703703125 0.2203125 0.64444444375 0.221875 0.63148148125 0.2234375 0.63055555625 0.221875 0.615740740625 0.2171875 0.6018518515625 0.2130208328125 0.6018518515625 0.2125 0.5990740734375 0.1901041671875 0.5990740734375 0.1822916671875 0.6074074078125