0 0.16640625 0.09296875 0.0359375 0.06328125
0 0.2609375 0.0515625 0.03125 0.05625
0 0.240625 0.36328125 0.034375 0.0640625
0 0.24609375 0.49765625 0.0328125 0.0625
0 0.28046875 0.58125 0.04453125 0.078125
0 0.3265625 0.58125 0.04765625 0.07890625
0 0.21875 0.66328125 0.03125 0.05234375
0 0.24375 0.74140625 0.0375 0.075
0 0.1984375 0.86015625 0.03828125 0.07265625
0 0.13984375 0.8265625 0.0421875 0.0640625
0 0.559375 0.7796875 0.04375 0.0828125
0 0.6328125 0.7609375 0.04921875 0.0765625
0 0.696875 0.73359375 0.04609375 0.06875
0 0.728125 0.78515625 0.0484375 0.08828125
0 0.58984375 0.93125 0.05703125 0.0578125
0 0.42890625 0.4296875 0.03203125 0.06953125
0 0.5921875 0.23046875 0.0484375 0.08203125
0 0.5484375 0.20234375 0.0453125 0.08203125
0 0.55625 0.11484375 0.05234375 0.08046875
0 0.36796875 0.21484375 0.0265625 0.0546875
0 0.99140625 0.61171875 0.01640625 0.084375
0 0.7453125 0.89765625 0.040625 0.06953125
0 0.28828125 0.20234375 0.021875 0.04375
0 0.4265625 0.01484375 0.04375 0.0296875
0 0.98515625 0.915625 0.0296875 0.059375