0 0.2546875 0.746875 0.03984375 0.0703125
0 0.290625 0.68984375 0.03828125 0.06015625
0 0.3109375 0.51640625 0.0390625 0.07578125
0 0.40703125 0.45859375 0.0421875 0.0578125
0 0.51953125 0.346875 0.04453125 0.05390625
0 0.45390625 0.59375 0.0453125 0.07890625
0 0.43046875 0.9453125 0.04375 0.0875
0 0.5546875 0.753125 0.04453125 0.0765625
0 0.58203125 0.66328125 0.04296875 0.0765625
0 0.46171875 0.93359375 0.03203125 0.07890625
0 0.5625 0.915625 0.034375 0.06015625
0 0.4796875 0.21796875 0.04921875 0.06640625
0 0.45 0.1453125 0.0453125 0.06953125
0 0.41875 0.20546875 0.0296875 0.07109375
0 0.4328125 0.03515625 0.03984375 0.0703125
0 0.475 0.02578125 0.04453125 0.05078125
0 0.36875 0.49609375 0.02265625 0.0421875
0 0.5328125 0.8421875 0.03125 0.059375