0 0.13046875 0.490625 0.05390625 0.084375
0 0.1328125 0.55703125 0.05625 0.0765625
0 0.08125 0.66640625 0.053125 0.07890625
0 0.10625 0.60390625 0.04921875 0.07890625
0 0.14453125 0.6640625 0.0359375 0.0484375
0 0.77421875 0.534375 0.04921875 0.0859375
0 0.81015625 0.5765625 0.04765625 0.09296875
0 0.76484375 0.6234375 0.05234375 0.084375
0 0.75234375 0.75234375 0.05078125 0.08671875
0 0.79375 0.803125 0.03984375 0.075
0 0.8296875 0.92265625 0.0390625 0.07578125
0 0.95625 0.88828125 0.05390625 0.0546875
0 0.2640625 0.96875 0.03984375 0.06171875
0 0.83984375 0.7984375 0.02421875 0.0671875
0 0.5328125 0.4796875 0.04609375 0.07734375
0 0.1609375 0.83671875 0.0296875 0.0421875
0 0.09140625 0.7234375 0.0296875 0.03984375