0 0.17239583281249998 0.752777778125 0.1776041671875 0.7638888890625 0.1817708328125 0.7638888890625 0.1822916671875 0.7666666671875 0.196875 0.7666666671875 0.20625 0.75 0.2078125 0.7324074078125 0.20625 0.73148148125 0.20625 0.7185185187500001 0.203125 0.7129629625 0.20052083281250002 0.7129629625 0.2 0.7101851859375 0.1697916671875 0.7101851859375 0.1682291671875 0.7129629625 0.1682291671875 0.747222221875 0.1697916671875 0.7481481484375 0.1697916671875 0.752777778125 0.17239583281249998 0.752777778125
0 0.08645833281250001 0.46944444374999994 0.0869791671875 0.47222222187499996 0.096875 0.46944444374999994 0.1046875 0.45 0.1046875 0.43518518593750005 0.1015625 0.43148148124999997 0.0984375 0.41851851875 0.0958333328125 0.41851851875 0.0953125 0.4129629625 0.0921875 0.41018518593750003 0.0760416671875 0.41018518593750003 0.0744791671875 0.4129629625 0.0744791671875 0.4583333328125 0.0760416671875 0.46388888906250003 0.08645833281250001 0.46944444374999994
0 0.990625 0.6111111109375 0.9958333328125001 0.602777778125 0.9994791671875 0.602777778125 0.9994791671875 0.5490740734374999 0.9958333328125001 0.5490740734374999 0.9921875 0.54351851875 0.9666666671874999 0.54351851875 0.9635416671874999 0.546296296875 0.9619791671875 0.5518518515624999 0.9619791671875 0.597222221875 0.9729166671874999 0.6111111109375 0.990625 0.6111111109375
0 0.8848958328125001 0.665740740625 0.8776041671874999 0.6601851859375001 0.8744791671875 0.66851851875 0.8744791671875 0.6944444437499999 0.8776041671874999 0.7 0.8833333328125 0.702777778125 0.8854166671874999 0.7083333328125 0.8984375 0.7083333328125 0.9020833328125001 0.7 0.9046875 0.7 0.9046875 0.6953703703125 0.909375 0.6833333328125 0.909375 0.6740740734374999 0.9078125 0.6731481484375 0.90625 0.6601851859375001 0.903125 0.6546296296875 0.8932291671874999 0.6546296296875 0.8927083328125001 0.6574074078125001 0.8885416671874999 0.6574074078125001 0.8848958328125001 0.665740740625
0 0.7583333328124999 0.5138888890625 0.7604166671875 0.51944444375 0.7645833328125 0.51944444375 0.7651041671875001 0.522222221875 0.7859375 0.522222221875 0.7890625 0.509259259375 0.79375 0.5 0.79375 0.471296296875 0.7921875 0.465740740625 0.7895833328124999 0.465740740625 0.7859375 0.4546296296875 0.7588541671875 0.4546296296875 0.7557291671875 0.4574074078125 0.7494791671875001 0.47407407343749997 0.7494791671875001 0.50555555625 0.7510416671875 0.5111111109375 0.7583333328124999 0.5138888890625
0 0.025520832812499998 0.5666666671875 0.0307291671875 0.5722222218749999 0.0375 0.5722222218749999 0.0380208328125 0.5694444437499999 0.0421875 0.5694444437499999 0.0484375 0.5638888890625 0.05 0.546296296875 0.0453125 0.5398148140625 0.04375 0.515740740625 0.040625 0.5101851859375001 0.0197916671875 0.5101851859375001 0.0182291671875 0.5129629625 0.0182291671875 0.5611111109375 0.0197916671875 0.5666666671875 0.025520832812499998 0.5666666671875
0 0.0182291671875 0.8703703703125001 0.0161458328125 0.8740740734375001 0.0057291671875 0.8796296296874999 0.0057291671875 0.9055555562500001 0.0151041671875 0.91944444375 0.0265625 0.91944444375 0.0270833328125 0.9166666671874999 0.0296875 0.9166666671874999 0.0317708328125 0.9111111109375001 0.034375 0.9111111109375001 0.0421875 0.89444444375 0.0421875 0.8796296296874999 0.0390625 0.8731481484374999 0.0390625 0.8629629624999999 0.0359375 0.8546296296874999 0.021354167187500002 0.8546296296874999 0.0208333328125 0.8574074078124999 0.0182291671875 0.8574074078124999 0.0182291671875 0.8703703703125001
0 0.2776041671875 0.5527777781250001 0.28177083281250004 0.5527777781250001 0.2822916671875 0.5555555562500001 0.2921875 0.5555555562500001 0.3 0.54444444375 0.3 0.5398148140625 0.3078125 0.527777778125 0.3078125 0.5231481484375 0.3109375 0.51944444375 0.3109375 0.5018518515625 0.3046875 0.490740740625 0.2989583328125 0.490740740625 0.2984375 0.4879629625 0.2760416671875 0.4879629625 0.2744791671875 0.490740740625 0.2744791671875 0.54444444375 0.2760416671875 0.5453703703125 0.2776041671875 0.5527777781250001
0 0.1932291671875 0.66944444375 0.19479166718750002 0.672222221875 0.20052083281250002 0.672222221875 0.2010416671875 0.675 0.203125 0.675 0.2052083328125 0.66944444375 0.215625 0.6638888890625 0.21875 0.6555555562500001 0.21875 0.6351851859375001 0.2140625 0.628703703125 0.2125 0.6129629624999999 0.2109375 0.6101851859375 0.1885416671875 0.6101851859375 0.18697916718750002 0.6129629624999999 0.18697916718750002 0.652777778125 0.1932291671875 0.6648148140625 0.1932291671875 0.66944444375
0 0.8760416671875 0.497222221875 0.8854166671874999 0.5083333328124999 0.8953125 0.5083333328124999 0.8973958328125 0.502777778125 0.9 0.502777778125 0.9046875 0.49444444374999996 0.90625 0.48148148125 0.909375 0.475 0.9078125 0.4574074078125 0.9052083328125 0.4574074078125 0.9046875 0.4546296296875 0.8776041671874999 0.4546296296875 0.8744791671875 0.4601851859375 0.8744791671875 0.4916666671875 0.8760416671875 0.49259259218749996 0.8760416671875 0.497222221875
0 0.865625 0.74444444375 0.86875 0.7388888890625 0.86875 0.728703703125 0.871875 0.7194444437499999 0.8703125 0.7018518515625 0.8625 0.6879629625 0.8447916671875 0.6879629625 0.8432291671875 0.690740740625 0.8432291671875 0.7416666671875001 0.8447916671875 0.74444444375 0.865625 0.74444444375
0 0.4447916671875 0.5166666671875 0.44947916718750003 0.5287037031249999 0.4479166671875 0.5296296296875 0.4479166671875 0.5453703703125 0.44635416718750004 0.546296296875 0.44635416718750004 0.553703703125 0.4447916671875 0.5546296296875 0.4447916671875 0.5638888890625 0.45104166718750005 0.575 0.45677083281249997 0.575 0.45729166718750003 0.577777778125 0.4640625 0.575 0.46875 0.5638888890625 0.4703125 0.5509259265625001 0.4739583328125 0.54444444375 0.4796875 0.5416666671875 0.4796875 0.5370370375 0.48125 0.5361111109375 0.48125 0.5287037031249999 0.4828125 0.527777778125 0.48125 0.5101851859375001 0.4734375 0.4990740734375 0.44635416718750004 0.4990740734375 0.44322916718750005 0.5046296296875 0.44322916718750005 0.5083333328124999 0.4447916671875 0.509259259375 0.4447916671875 0.5166666671875
0 0.3296875 0.31944444375000003 0.3296875 0.3018518515625 0.3265625 0.29907407343750003 0.3010416671875 0.29907407343750003 0.2994791671875 0.3018518515625 0.2994791671875 0.33055555625 0.3057291671875 0.3361111109375 0.3234375 0.3333333328125 0.3296875 0.31944444375000003
0 0.9364583328125 0.5268518515625 0.9338541671874999 0.5268518515625 0.9307291671875 0.5351851859375001 0.9307291671875 0.5638888890625 0.9364583328125 0.5666666671875 0.9432291671874999 0.575 0.953125 0.575 0.9625 0.5583333328125 0.9625 0.5509259265625001 0.9640625 0.55 0.9625 0.5240740734375 0.9510416671874999 0.521296296875 0.9505208328125001 0.5240740734375 0.9369791671875 0.5240740734375 0.9364583328125 0.5268518515625
0 0.3322916671875 0.5583333328125 0.3369791671875 0.5666666671875 0.3515625 0.5666666671875 0.35208333281250004 0.5638888890625 0.3546875 0.5638888890625 0.35625 0.5481481484375 0.359375 0.5388888890625 0.3578125 0.515740740625 0.353125 0.5101851859375001 0.3494791671875 0.5101851859375001 0.3489583328125 0.5129629625 0.3338541671875 0.5101851859375001 0.3307291671875 0.515740740625 0.3307291671875 0.547222221875 0.3322916671875 0.5481481484375 0.3322916671875 0.5583333328125
0 0.23072916718749997 0.5879629625 0.23072916718749997 0.63055555625 0.2322916671875 0.6333333328124999 0.2359375 0.6333333328124999 0.2375 0.63055555625 0.2375 0.6259259265625 0.24583333281250003 0.6111111109375 0.2484375 0.6111111109375 0.24895833281250002 0.6083333328125 0.2515625 0.6083333328125 0.2536458328125 0.602777778125 0.259375 0.6 0.2625 0.5944444437499999 0.2625 0.5898148140624999 0.2640625 0.5888888890625 0.2640625 0.5796296296875 0.2614583328125 0.5796296296875 0.2609375 0.5768518515625 0.23697916718749998 0.5768518515625 0.23072916718749997 0.5879629625
0 0.8197916671875 0.5527777781250001 0.828125 0.5527777781250001 0.8302083328125001 0.547222221875 0.8375 0.5416666671875 0.8390625 0.5240740734375 0.8359375 0.5101851859375001 0.8197916671875 0.5129629625 0.8182291671874999 0.521296296875 0.8182291671874999 0.55 0.8197916671875 0.5527777781250001
0 0.1494791671875 0.7796296296875 0.1494791671875 0.8027777781250001 0.1510416671875 0.803703703125 0.1510416671875 0.8083333328125001 0.1583333328125 0.8111111109375001 0.1619791671875 0.8194444437499999 0.1739583328125 0.8194444437499999 0.1744791671875 0.8222222218749999 0.1828125 0.8194444437499999 0.1859375 0.8138888890624999 0.1875 0.803703703125 0.1921875 0.797222221875 0.1921875 0.7740740734375 0.190625 0.771296296875 0.1848958328125 0.771296296875 0.184375 0.76851851875 0.1817708328125 0.76851851875 0.1765625 0.7574074078125 0.1739583328125 0.7574074078125 0.1734375 0.7546296296875 0.1572916671875 0.7546296296875 0.15572916718750002 0.7620370375000001 0.1541666671875 0.7629629625 0.1541666671875 0.7703703703125 0.1494791671875 0.7796296296875
0 0.7385416671875 0.1166666671875 0.7432291671875 0.1231481484375 0.7432291671875 0.127777778125 0.7463541671875 0.13333333281249998 0.7609375 0.13333333281249998 0.7614583328125 0.13055555624999998 0.7640625 0.13055555624999998 0.76875 0.12222222187500001 0.76875 0.09629629687499999 0.7671875 0.0953703703125 0.7671875 0.09074074062500001 0.759375 0.07685185156249999 0.7401041671875 0.07685185156249999 0.7369791671875 0.0824074078125 0.7369791671875 0.10833333281249999 0.7385416671875 0.109259259375 0.7385416671875 0.1166666671875
0 0.9072916671875 0.47407407343749997 0.9072916671875 0.478703703125 0.9057291671875 0.4796296296875 0.9057291671875 0.5166666671875 0.9088541671874999 0.522222221875 0.9109375 0.522222221875 0.9114583328125001 0.51944444375 0.915625 0.51944444375 0.91875 0.5138888890625 0.91875 0.509259259375 0.925 0.5 0.925 0.4953703703125 0.93125 0.4861111109375 0.9328125 0.471296296875 0.9296875 0.465740740625 0.9135416671875 0.465740740625 0.9130208328125 0.46851851875 0.9104166671874999 0.46851851875 0.9072916671875 0.47407407343749997
0 0.4703125 0.9333333328125001 0.4703125 0.9240740734375 0.4671875 0.921296296875 0.44322916718750005 0.9240740734375 0.4447916671875 0.9444444437499999 0.45729166718750003 0.9472222218749999 0.4671875 0.9444444437499999 0.4703125 0.9333333328125001
0 0.7223958328125 0.5694444437499999 0.7244791671875 0.575 0.7348958328124999 0.577777778125 0.7385416671875 0.5833333328125 0.7421875 0.5833333328125 0.7484375 0.5722222218749999 0.7484375 0.5620370375 0.7536458328125 0.5527777781250001 0.75625 0.5527777781250001 0.75625 0.5481481484375 0.759375 0.5416666671875 0.7578125 0.5268518515625 0.7546875 0.521296296875 0.7385416671875 0.521296296875 0.7338541671875001 0.5268518515625 0.7333333328125 0.5324074078125001 0.7234375 0.521296296875 0.7166666671875 0.521296296875 0.7161458328125 0.5240740734375 0.7135416671875 0.5240740734375 0.7135416671875 0.5287037031249999 0.7119791671875 0.5296296296875 0.7119791671875 0.5638888890625 0.7135416671875 0.5666666671875 0.7177083328125 0.5666666671875 0.7182291671875001 0.5694444437499999 0.7223958328125 0.5694444437499999
0 0.31979166718749996 0.5888888890625 0.3296875 0.5833333328125 0.3296875 0.578703703125 0.3359375 0.5666666671875 0.3359375 0.5574074078125 0.3328125 0.553703703125 0.33125 0.5379629625 0.328125 0.5324074078125001 0.31979166718749996 0.5324074078125001 0.3182291671875 0.5351851859375001 0.3182291671875 0.5861111109375 0.31979166718749996 0.5888888890625
0 0.9848958328125 0.6555555562500001 0.9854166671875 0.6583333328125 0.9921875 0.6583333328125 0.9921875 0.6509259265625 0.9953125 0.64444444375 0.9953125 0.621296296875 0.9921875 0.6101851859375 0.9635416671874999 0.6101851859375 0.9619791671875 0.6129629624999999 0.9619791671875 0.6416666671875 0.9682291671875 0.6555555562500001 0.9776041671875 0.6611111109375 0.9848958328125 0.6555555562500001
0 0.9432291671874999 0.64444444375 0.9447916671875 0.65 0.9609375 0.647222221875 0.9625 0.6416666671875 0.9625 0.6148148140624999 0.965625 0.6111111109375 0.965625 0.6018518515625 0.9510416671874999 0.5990740734375 0.9463541671875 0.6046296296875 0.9432291671874999 0.61851851875 0.9432291671874999 0.64444444375
0 0.3145833328125 0.4 0.328125 0.4 0.33125 0.39444444375 0.33125 0.39074074062499997 0.3265625 0.384259259375 0.3265625 0.3796296296875 0.3234375 0.3768518515625 0.3072916671875 0.3768518515625 0.3057291671875 0.3796296296875 0.3057291671875 0.4 0.3088541671875 0.40833333281249995 0.3109375 0.40833333281249995 0.3145833328125 0.4
0 0.54375 0.9861111109375 0.54375 0.9685185187500001 0.5421875 0.965740740625 0.5260416671875 0.965740740625 0.5244791671875 0.9685185187500001 0.5244791671875 0.99444444375 0.5296875 0.9990740734375001 0.5421875 0.9916666671875 0.54375 0.9861111109375
0 0.0421875 0.44444444375 0.04375 0.4240740734375 0.0322916671875 0.42129629687500003 0.0307291671875 0.4240740734375 0.0307291671875 0.45 0.0390625 0.45277777812500003 0.0421875 0.44444444375
0 0.1760416671875 0.7796296296875 0.1661458328125 0.7990740734374999 0.16458333281249998 0.7990740734374999 0.1625 0.7953703703125 0.1625 0.7796296296875 0.1572916671875 0.7796296296875 0.15572916718750002 0.7824074078125001 0.15572916718750002 0.7861111109375 0.1572916671875 0.7870370375 0.15572916718750002 0.8083333328125001 0.1572916671875 0.809259259375 0.1572916671875 0.8138888890624999 0.1651041671875 0.825 0.1692708328125 0.825 0.1697916671875 0.827777778125 0.178125 0.825 0.1786458328125 0.8222222218749999 0.18125 0.8222222218749999 0.1859375 0.8166666671874999 0.1890625 0.8009259265625 0.1921875 0.797222221875 0.1921875 0.7870370375 0.19375 0.7861111109375 0.19375 0.7824074078125001 0.190625 0.7768518515625 0.17916666718750002 0.7768518515625 0.1786458328125 0.7796296296875 0.1760416671875 0.7796296296875
0 0.8671875 0.7601851859375001 0.8625 0.7546296296875 0.8494791671874999 0.7574074078125 0.8510416671875 0.777777778125 0.8625 0.777777778125 0.8671875 0.76944444375 0.8671875 0.7601851859375001
0 0.9104166671874999 0.6453703703125 0.9104166671874999 0.65 0.9135416671875 0.6555555562500001 0.921875 0.6583333328125 0.93125 0.6416666671875 0.9328125 0.6148148140624999 0.9359375 0.60555555625 0.9359375 0.590740740625 0.93125 0.5796296296875 0.9270833328125001 0.5796296296875 0.9265625 0.5768518515625 0.9088541671874999 0.5768518515625 0.9057291671875 0.5824074078125 0.9057291671875 0.6388888890625 0.9072916671875 0.64444444375 0.9104166671874999 0.6453703703125
0 0.99375 0.6638888890625 0.996875 0.6509259265625 0.9994791671875 0.65 0.9994791671875 0.64351851875 0.996875 0.6425925921875 0.996875 0.6351851859375001 0.9953125 0.634259259375 0.99375 0.6129629624999999 0.9921875 0.6101851859375 0.9697916671875 0.6101851859375 0.9682291671875 0.6129629624999999 0.9682291671875 0.652777778125 0.9776041671875 0.6666666671875 0.99375 0.6638888890625
0 0.9359375 0.1361111109375 0.9359375 0.12407407343750002 0.9328125 0.12129629687500001 0.9197916671874999 0.12129629687500001 0.9182291671874999 0.12407407343750002 0.9182291671874999 0.13055555624999998 0.9260416671874999 0.1416666671875 0.9328125 0.1416666671875 0.9359375 0.1361111109375
0 0.7072916671875 0.559259259375 0.7072916671875 0.5638888890625 0.7177083328125 0.5666666671875 0.7244791671875 0.575 0.740625 0.577777778125 0.74375 0.5722222218749999 0.74375 0.5546296296875 0.7421875 0.553703703125 0.74375 0.5240740734375 0.7421875 0.521296296875 0.7354166671875 0.5240740734375 0.7338541671875001 0.5268518515625 0.7338541671875001 0.5361111109375 0.7354166671875 0.5370370375 0.7333333328125 0.540740740625 0.73125 0.5296296296875 0.7286458328125 0.5296296296875 0.7234375 0.521296296875 0.7135416671875 0.5240740734375 0.7119791671875 0.5314814812499999 0.7057291671875 0.54351851875 0.7057291671875 0.5583333328125 0.7072916671875 0.559259259375