0 0.49427083281249995 0.1861111109375 0.4994791671875 0.197222221875 0.509375 0.197222221875 0.509375 0.19537037031249999 0.5171875 0.1833333328125 0.5171875 0.178703703125 0.51875 0.177777778125 0.51875 0.146296296875 0.5177083328125 0.146296296875 0.5171875 0.14351851875 0.4947916671875 0.14351851875 0.4947916671875 0.1453703703125 0.49322916718750004 0.146296296875 0.49322916718750004 0.1861111109375 0.49427083281249995 0.1861111109375
0 0.9703125 0.1861111109375 0.9755208328125 0.177777778125 0.978125 0.177777778125 0.98125 0.172222221875 0.98125 0.15925925937500002 0.984375 0.15277777812499999 0.98125 0.1379629625 0.978125 0.1324074078125 0.9572916671874999 0.1324074078125 0.9557291671874999 0.1351851859375 0.9557291671874999 0.177777778125 0.9588541671874999 0.1861111109375 0.9703125 0.1861111109375
0 0.8291666671875 0.652777778125 0.8322916671874999 0.6583333328125 0.8348958328125 0.6583333328125 0.8385416671874999 0.6666666671875 0.8546875 0.6666666671875 0.8583333328125 0.6583333328125 0.8609375 0.6583333328125 0.8640625 0.652777778125 0.8640625 0.6481481484375 0.86875 0.6388888890625 0.86875 0.6240740734375 0.8671875 0.6231481484375 0.8671875 0.615740740625 0.8640625 0.6120370375 0.8609375 0.5990740734375 0.8322916671874999 0.5990740734375 0.8317708328125001 0.6018518515625 0.8291666671875 0.6018518515625 0.8244791671874999 0.6129629624999999 0.8244791671874999 0.6416666671875 0.8291666671875 0.6481481484375 0.8291666671875 0.652777778125
0 0.3572916671875 0.502777778125 0.3635416671875 0.5111111109375 0.3734375 0.5111111109375 0.3739583328125 0.5083333328124999 0.3765625 0.5083333328124999 0.3828125 0.49444444374999996 0.38125 0.4601851859375 0.378125 0.4546296296875 0.3572916671875 0.4546296296875 0.3557291671875 0.4574074078125 0.3557291671875 0.497222221875 0.3572916671875 0.4981481484375 0.3572916671875 0.502777778125
0 0.8078125 0.6203703703125 0.8109375 0.6166666671875001 0.8109375 0.5990740734375 0.8078125 0.5953703703125 0.8078125 0.5879629625 0.803125 0.5768518515625 0.7901041671875 0.5768518515625 0.7895833328124999 0.5796296296875 0.7869791671875 0.5796296296875 0.7869791671875 0.584259259375 0.7833333328125 0.590740740625 0.7760416671875 0.5962962968750001 0.7744791671875 0.627777778125 0.7776041671875 0.6333333328124999 0.8046875 0.6333333328124999 0.8078125 0.6203703703125
0 0.1572916671875 0.2638888890625 0.1625 0.2638888890625 0.1630208328125 0.2611111109375 0.175 0.252777778125 0.175 0.24814814843750002 0.1796875 0.2416666671875 0.1796875 0.221296296875 0.1765625 0.2175925921875 0.1765625 0.21296296250000002 0.1739583328125 0.21296296250000002 0.1734375 0.2101851859375 0.1494791671875 0.2101851859375 0.14895833281249998 0.21296296250000002 0.1447916671875 0.21296296250000002 0.1447916671875 0.2203703703125 0.1432291671875 0.221296296875 0.1432291671875 0.2416666671875 0.1572916671875 0.2638888890625
0 0.6364583328125 0.058333332812500006 0.6385416671875 0.0638888890625 0.6421875 0.0638888890625 0.6442708328125 0.058333332812500006 0.65 0.055555556250000006 0.6546875 0.047222221875 0.6546875 0.0425925921875 0.65625 0.0416666671875 0.65625 0.0240740734375 0.6484375 0.0101851859375 0.6322916671875001 0.0101851859375 0.6307291671875 0.0129629625 0.6307291671875 0.052777778124999994 0.6338541671875 0.058333332812500006 0.6364583328125 0.058333332812500006
0 0.8119791671875 0.2638888890625 0.8197916671875 0.27777777812500004 0.8328125 0.28055555625 0.8333333328125001 0.27777777812500004 0.8375 0.27777777812500004 0.84375 0.2666666671875 0.8453125 0.25648148125 0.8484375 0.252777778125 0.8484375 0.23518518593749999 0.8453125 0.23148148124999998 0.8453125 0.22685185156249998 0.84375 0.2259259265625 0.84375 0.221296296875 0.8421875 0.2203703703125 0.8421875 0.21574074062499998 0.840625 0.21296296250000002 0.8380208328125001 0.21296296250000002 0.8375 0.2101851859375 0.8244791671874999 0.2101851859375 0.8239583328125001 0.21296296250000002 0.8213541671875 0.21296296250000002 0.8119791671875 0.23240740781250002 0.8119791671875 0.2638888890625
0 0.8114583328125 0.46666666718750005 0.8135416671875 0.47222222187499996 0.8161458328125001 0.47222222187499996 0.8166666671874999 0.475 0.8234375 0.475 0.8255208328125001 0.46944444374999994 0.83125 0.46666666718750005 0.8328125 0.459259259375 0.8375 0.45277777812500003 0.8375 0.43518518593750005 0.8328125 0.42592592656250006 0.8328125 0.42129629687500003 0.83125 0.4203703703125 0.8296875 0.4129629625 0.8255208328125001 0.4129629625 0.825 0.41018518593750003 0.8088541671874999 0.41018518593750003 0.8057291671875 0.415740740625 0.8057291671875 0.4611111109375 0.8088541671874999 0.46666666718750005 0.8114583328125 0.46666666718750005
0 0.9640625 0.275 0.96875 0.2666666671875 0.96875 0.25648148125 0.9703125 0.25555555625 0.96875 0.23518518593749999 0.9671875 0.23240740781250002 0.9463541671875 0.23240740781250002 0.9432291671874999 0.2379629625 0.9447916671875 0.275 0.9494791671874999 0.27777777812500004 0.9640625 0.275
0 0.43385416718750003 0.427777778125 0.4369791671875 0.43148148124999997 0.4369791671875 0.4361111109375 0.44322916718750005 0.447222221875 0.453125 0.447222221875 0.4536458328125 0.44444444375 0.459375 0.44166666718750003 0.4640625 0.427777778125 0.4640625 0.4129629625 0.4625 0.41203703750000004 0.4609375 0.396296296875 0.4583333328125 0.396296296875 0.4546875 0.3879629625 0.43385416718750003 0.3879629625 0.43072916718750004 0.39351851875 0.43072916718750004 0.4166666671875 0.4322916671875 0.4175925921875 0.43385416718750003 0.427777778125
0 0.41979166718750005 0.51944444375 0.4270833328125 0.522222221875 0.43072916718750004 0.527777778125 0.4390625 0.527777778125 0.43958333281249995 0.525 0.4421875 0.525 0.4484375 0.5138888890625 0.4484375 0.490740740625 0.440625 0.48148148125 0.4390625 0.471296296875 0.4359375 0.465740740625 0.41979166718750005 0.465740740625 0.41822916718750003 0.46851851875 0.41822916718750003 0.5138888890625 0.41979166718750005 0.5148148140625 0.41979166718750005 0.51944444375
0 0.3963541671875 0.95648148125 0.39791666718749996 0.9638888890624999 0.40052083281249995 0.9638888890624999 0.4010416671875 0.9666666671874999 0.4036458328125 0.9666666671874999 0.40729166718750004 0.972222221875 0.4109375 0.972222221875 0.4114583328125 0.9694444437499999 0.4171875 0.9666666671874999 0.4203125 0.9611111109375001 0.4203125 0.95648148125 0.421875 0.95555555625 0.421875 0.9509259265625 0.425 0.9444444437499999 0.425 0.9370370375 0.4265625 0.9361111109375001 0.4265625 0.93148148125 0.428125 0.9305555562500001 0.428125 0.9259259265625 0.43125 0.91944444375 0.4296875 0.9074074078125 0.4234375 0.8990740734375 0.40260416718750003 0.8990740734375 0.3932291671875 0.9129629625 0.3932291671875 0.952777778125 0.3963541671875 0.95648148125
0 0.08854166718749999 0.1416666671875 0.0984375 0.1416666671875 0.1020833328125 0.13333333281249998 0.1078125 0.13055555624999998 0.11145833281249999 0.12222222187500001 0.1171875 0.11944444375 0.1171875 0.109259259375 0.11875 0.10833333281249999 0.1171875 0.09351851875 0.109375 0.07962962968750001 0.1067708328125 0.07962962968750001 0.10625 0.07685185156249999 0.0822916671875 0.07685185156249999 0.08072916718749999 0.07962962968750001 0.08072916718749999 0.13055555624999998 0.0822916671875 0.13333333281249998 0.0848958328125 0.13333333281249998 0.08854166718749999 0.1416666671875
0 0.34322916718749996 0.7388888890625 0.3463541671875 0.74444444375 0.3552083328125 0.747222221875 0.35885416718749996 0.752777778125 0.3671875 0.752777778125 0.3708333328125 0.74444444375 0.3734375 0.74444444375 0.375 0.728703703125 0.3796875 0.7194444437499999 0.378125 0.7046296296875 0.375 0.7009259265625001 0.3734375 0.690740740625 0.3708333328125 0.690740740625 0.3703125 0.6879629625 0.35104166718749996 0.6879629625 0.3505208328125 0.690740740625 0.3479166671875 0.690740740625 0.34322916718749996 0.7018518515625 0.34322916718749996 0.7388888890625
0 0.1244791671875 0.5694444437499999 0.1317708328125 0.5694444437499999 0.13229166718750002 0.5722222218749999 0.140625 0.5722222218749999 0.15 0.5611111109375 0.1515625 0.5351851859375001 0.15 0.534259259375 0.15 0.5240740734375 0.1453125 0.5129629625 0.1421875 0.5101851859375001 0.1166666671875 0.5101851859375001 0.1135416671875 0.5129629625 0.1119791671875 0.51851851875 0.1119791671875 0.5527777781250001 0.1166666671875 0.5638888890625 0.1244791671875 0.5694444437499999
0 0.1067708328125 0.075 0.1135416671875 0.0888888890625 0.128125 0.0888888890625 0.128125 0.0870370375 0.1375 0.072222221875 0.1375 0.0574074078125 0.1359375 0.05648148125 0.1359375 0.0490740734375 0.13125 0.0425925921875 0.13125 0.0379629625 0.1302083328125 0.0379629625 0.1296875 0.0351851859375 0.1270833328125 0.0351851859375 0.1265625 0.0324074078125 0.10729166718750001 0.0324074078125 0.10729166718750001 0.034259259375000004 0.1057291671875 0.0351851859375 0.1057291671875 0.075 0.1067708328125 0.075
0 0.40052083281249995 0.41944444374999995 0.4057291671875 0.43055555625 0.40833333281249995 0.43055555625 0.4088541671875 0.43333333281249997 0.4140625 0.43333333281249997 0.4145833328125 0.43055555625 0.4171875 0.43055555625 0.4171875 0.42870370312499995 0.41875 0.427777778125 0.4203125 0.4175925921875 0.4265625 0.40833333281249995 0.4265625 0.39074074062499997 0.42395833281249995 0.39074074062499997 0.4171875 0.3768518515625 0.40260416718750003 0.3768518515625 0.40260416718750003 0.378703703125 0.3994791671875 0.38240740781250004 0.3994791671875 0.41944444374999995 0.40052083281249995 0.41944444374999995
0 0.7072916671875 0.1 0.7109375 0.1 0.7130208328125 0.09444444375 0.715625 0.09444444375 0.7203125 0.0861111109375 0.7203125 0.08148148125 0.7234375 0.08055555625000001 0.725 0.075 0.725 0.046296296875 0.7234375 0.04351851875 0.7010416671875 0.04351851875 0.6994791671875 0.046296296875 0.6994791671875 0.0861111109375 0.7072916671875 0.1
0 0.39895833281250004 0.7138888890625 0.4010416671875 0.7194444437499999 0.409375 0.7194444437499999 0.4114583328125 0.7138888890625 0.4171875 0.7111111109375 0.4203125 0.70555555625 0.4203125 0.7009259265625001 0.4234375 0.6972222218749999 0.4234375 0.6768518515624999 0.421875 0.6759259265625001 0.41875 0.6601851859375001 0.415625 0.6546296296875 0.3963541671875 0.6546296296875 0.3932291671875 0.6601851859375001 0.3932291671875 0.7083333328125 0.3963541671875 0.7138888890625 0.39895833281250004 0.7138888890625
0 0.4057291671875 0.5555555562500001 0.4234375 0.5555555562500001 0.4296875 0.547222221875 0.43125 0.5268518515625 0.428125 0.521296296875 0.4223958328125 0.51851851875 0.4203125 0.5129629625 0.41770833281249997 0.5129629625 0.4171875 0.5101851859375001 0.40260416718750003 0.5101851859375001 0.3994791671875 0.515740740625 0.3994791671875 0.54444444375 0.40260416718750003 0.5527777781250001 0.40520833281249996 0.5527777781250001 0.4057291671875 0.5555555562500001
0 0.6822916671875 0.49444444374999996 0.6869791671875001 0.5 0.703125 0.5 0.7109375 0.48055555625 0.7109375 0.46851851875 0.709375 0.4675925921875 0.709375 0.46296296249999996 0.703125 0.4546296296875 0.6822916671875 0.4546296296875 0.6807291671875 0.4574074078125 0.6807291671875 0.4888888890625 0.6822916671875 0.48981481406249994 0.6822916671875 0.49444444374999996
0 0.9942708328125001 0.077777778125 0.9994791671875 0.077777778125 0.9994791671875 0.04351851875 0.9760416671875 0.04351851875 0.9744791671874999 0.046296296875 0.9744791671874999 0.075 0.9822916671874999 0.0861111109375 0.990625 0.0861111109375 0.9942708328125001 0.077777778125
0 0.134375 0.2416666671875 0.1364583328125 0.23611111093749998 0.14375 0.23055555625 0.14375 0.2203703703125 0.146875 0.21111111093749999 0.146875 0.1990740734375 0.1421875 0.1879629625 0.1260416671875 0.1879629625 0.1244791671875 0.190740740625 0.1244791671875 0.23333333281250002 0.1260416671875 0.2388888890625 0.134375 0.2416666671875
0 0.8260416671874999 0.752777778125 0.8307291671874999 0.7611111109375 0.8348958328125 0.7611111109375 0.8354166671875 0.7638888890625 0.8421875 0.7638888890625 0.8427083328125 0.7611111109375 0.8484375 0.7583333328124999 0.8578125 0.7388888890625 0.8578125 0.73148148125 0.859375 0.73055555625 0.859375 0.7240740734375 0.8578125 0.7231481484375 0.8578125 0.7129629625 0.8484375 0.6990740734374999 0.8260416671874999 0.6990740734374999 0.8244791671874999 0.7018518515625 0.8244791671874999 0.7416666671875001 0.8260416671874999 0.7425925921875 0.8260416671874999 0.752777778125
0 0.1614583328125 0.6777777781250001 0.1619791671875 0.6805555562500001 0.1734375 0.6777777781250001 0.175 0.659259259375 0.1765625 0.6583333328125 0.175 0.6268518515625 0.1703125 0.621296296875 0.1447916671875 0.621296296875 0.1432291671875 0.6240740734375 0.1432291671875 0.6666666671875 0.1510416671875 0.6777777781250001 0.1614583328125 0.6777777781250001
0 0.2296875 0.222222221875 0.2375 0.20833333281250002 0.2375 0.1981481484375 0.2390625 0.197222221875 0.240625 0.1824074078125 0.2375 0.1768518515625 0.2166666671875 0.1768518515625 0.21354166718749998 0.17962962968750001 0.21197916718749998 0.1851851859375 0.21197916718749998 0.2138888890625 0.21510416718749997 0.222222221875 0.2296875 0.222222221875
0 0.4296875 0.15277777812499999 0.43125 0.11574074062499999 0.428125 0.1101851859375 0.4010416671875 0.1101851859375 0.3994791671875 0.1129629625 0.3994791671875 0.15 0.40260416718750003 0.15555555625 0.41875 0.1583333328125 0.4296875 0.15277777812499999
0 0.6885416671875 0.852777778125 0.6953125 0.852777778125 0.6958333328124999 0.85 0.7046875 0.8444444437499999 0.709375 0.83055555625 0.709375 0.815740740625 0.7046875 0.8101851859375 0.6822916671875 0.8101851859375 0.6807291671875 0.8129629625 0.6807291671875 0.8416666671874999 0.6838541671875 0.847222221875 0.6864583328125 0.847222221875 0.6885416671875 0.852777778125
0 0.47552083281249996 0.34722222187499996 0.4760416671875 0.35 0.4875 0.34444444375 0.4890625 0.33703703749999997 0.49375 0.33055555625 0.49375 0.3018518515625 0.4921875 0.29907407343750003 0.46979166718750004 0.29907407343750003 0.4682291671875 0.3018518515625 0.4682291671875 0.3416666671875 0.4713541671875 0.34722222187499996 0.47552083281249996 0.34722222187499996
0 0.1984375 0.7388888890625 0.2046875 0.73055555625 0.20625 0.7129629625 0.203125 0.7018518515625 0.2 0.6990740734374999 0.1822916671875 0.6990740734374999 0.1807291671875 0.7018518515625 0.1807291671875 0.727777778125 0.1822916671875 0.7333333328125 0.1885416671875 0.7388888890625 0.1984375 0.7388888890625
0 0.1057291671875 0.2416666671875 0.1109375 0.24444444375000002 0.11875 0.23055555625 0.11875 0.2203703703125 0.121875 0.21111111093749999 0.121875 0.190740740625 0.1177083328125 0.190740740625 0.1171875 0.1879629625 0.10260416718750001 0.1879629625 0.0994791671875 0.19351851874999998 0.0994791671875 0.23055555625 0.10364583281249999 0.23333333281250002 0.1057291671875 0.2416666671875
0 0.128125 0.9861111109375 0.128125 0.9685185187500001 0.1265625 0.9675925921875 0.1234375 0.9546296296874999 0.09635416718749999 0.9546296296874999 0.09322916718749999 0.9601851859374999 0.09322916718749999 0.997222221875 0.0947916671875 0.9990740734375001 0.121875 0.9990740734375001 0.128125 0.9861111109375
0 0.42604166718750003 0.4583333328125 0.4302083328125 0.4583333328125 0.43072916718750004 0.4611111109375 0.4390625 0.4583333328125 0.4421875 0.45277777812500003 0.4421875 0.440740740625 0.4390625 0.4370370375 0.4359375 0.42592592656250006 0.4359375 0.41851851875 0.4296875 0.41018518593750003 0.4213541671875 0.41018518593750003 0.41822916718750003 0.415740740625 0.41822916718750003 0.447222221875 0.41979166718750005 0.45277777812500003 0.42604166718750003 0.4583333328125
0 0.41979166718750005 0.9574074078124999 0.41197916718750005 0.9712962968750001 0.41197916718750005 0.997222221875 0.4421875 0.9990740734375001 0.4453125 0.9870370375 0.4484375 0.9833333328125 0.4484375 0.965740740625 0.446875 0.9648148140625 0.446875 0.9601851859374999 0.4421875 0.9546296296874999 0.4369791671875 0.9546296296874999 0.43645833281249996 0.9574074078124999 0.41979166718750005 0.9574074078124999
0 0.96875 0.061111110937500004 0.96875 0.0351851859375 0.9432291671874999 0.0351851859375 0.9432291671874999 0.061111110937500004 0.9463541671875 0.0666666671875 0.965625 0.0666666671875 0.96875 0.061111110937500004
0 0.14895833281249998 0.7194444437499999 0.1494791671875 0.722222221875 0.159375 0.7194444437499999 0.16875 0.6972222218749999 0.1671875 0.6796296296875 0.1630208328125 0.6796296296875 0.1625 0.6768518515624999 0.1447916671875 0.6768518515624999 0.1432291671875 0.6796296296875 0.1432291671875 0.7138888890625 0.1447916671875 0.7194444437499999 0.14895833281249998 0.7194444437499999
0 0.9614583328125 0.325 0.9635416671874999 0.33055555625 0.9734375 0.33055555625 0.9755208328125 0.325 0.978125 0.325 0.98125 0.3166666671875 0.9828125 0.290740740625 0.9765625 0.2796296296875 0.9723958328125001 0.2796296296875 0.971875 0.2768518515625 0.9572916671874999 0.2768518515625 0.9557291671874999 0.2796296296875 0.9557291671874999 0.31944444375000003 0.9588541671874999 0.325 0.9614583328125 0.325
0 0.9942708328125001 0.1888888890625 0.9994791671875 0.1888888890625 0.9994791671875 0.1546296296875 0.9838541671875 0.1546296296875 0.9807291671874999 0.1601851859375 0.9822916671874999 0.197222221875 0.9875 0.197222221875 0.9942708328125001 0.1888888890625
0 0.7744791671875 0.6777777781250001 0.7796875 0.6777777781250001 0.7953125 0.6638888890625 0.8 0.652777778125 0.8 0.6379629625 0.796875 0.6324074078125 0.7697916671875 0.6324074078125 0.7682291671875 0.6351851859375001 0.7682291671875 0.66944444375 0.7697916671875 0.675 0.7739583328124999 0.675 0.7744791671875 0.6777777781250001
0 0.8166666671874999 0.36666666718749996 0.8359375 0.36666666718749996 0.8390625 0.352777778125 0.8359375 0.32685185156249996 0.83125 0.321296296875 0.8135416671875 0.321296296875 0.8119791671875 0.3240740734375 0.8119791671875 0.3583333328125 0.8135416671875 0.3638888890625 0.8166666671874999 0.36666666718749996
0 0.6817708328125 0.34444444375 0.6864583328125 0.34444444375 0.6869791671875001 0.34722222187499996 0.6984375 0.34444444375 0.703125 0.33055555625 0.6984375 0.3101851859375 0.6760416671875 0.3101851859375 0.6744791671875 0.3129629625 0.6744791671875 0.3416666671875 0.6776041671875 0.34722222187499996 0.68125 0.34722222187499996 0.6817708328125 0.34444444375
0 0.9822916671874999 0.6768518515624999 0.9822916671874999 0.73055555625 0.9994791671875 0.727777778125 0.9994791671875 0.6768518515624999 0.9822916671874999 0.6768518515624999
0 0.09375 0.38240740781250004 0.090625 0.3768518515625 0.0744791671875 0.3796296296875 0.0760416671875 0.4 0.090625 0.4 0.09375 0.39444444375 0.09375 0.38240740781250004
0 0.7276041671875 0.784259259375 0.7244791671875 0.790740740625 0.7244791671875 0.8194444437499999 0.7322916671875 0.83055555625 0.7359375 0.83055555625 0.7395833328125 0.8222222218749999 0.7421875 0.8222222218749999 0.7421875 0.8175925921875 0.7484375 0.8 0.7484375 0.7851851859375001 0.74375 0.7768518515625 0.7307291671875 0.7768518515625 0.7302083328125 0.7796296296875 0.7276041671875 0.7796296296875 0.7276041671875 0.784259259375
0 0.809375 0.41111111093749997 0.8145833328125001 0.4 0.81875 0.397222221875 0.8203125 0.371296296875 0.8140625 0.365740740625 0.8010416671874999 0.365740740625 0.7994791671875 0.36851851875 0.7994791671875 0.40555555625000006 0.8026041671874999 0.41111111093749997 0.809375 0.41111111093749997
0 0.640625 0.465740740625 0.6244791671875001 0.46851851875 0.6260416671875 0.4888888890625 0.6421875 0.4888888890625 0.64375 0.471296296875 0.640625 0.465740740625
0 0.1921875 0.575 0.19375 0.5675925921875 0.196875 0.5666666671875 0.2 0.5583333328125 0.2 0.540740740625 0.1953125 0.5324074078125001 0.1697916671875 0.5324074078125001 0.1682291671875 0.5351851859375001 0.1682291671875 0.5638888890625 0.1776041671875 0.575 0.1838541671875 0.577777778125 0.1921875 0.575
0 0.796875 0.5305555562500001 0.8 0.525 0.7984375 0.5018518515625 0.7822916671875 0.4990740734375 0.7807291671875001 0.5018518515625 0.7807291671875001 0.5305555562500001 0.7822916671875 0.5333333328125 0.796875 0.5305555562500001
0 0.4375 0.246296296875 0.4359375 0.24351851875000002 0.4135416671875 0.24351851875000002 0.41197916718750005 0.246296296875 0.4135416671875 0.27777777812500004 0.4296875 0.28055555625 0.4375 0.272222221875 0.4375 0.246296296875
0 0.8177083328125001 0.83055555625 0.8234375 0.83055555625 0.8270833328125 0.8222222218749999 0.83125 0.8194444437499999 0.8328125 0.796296296875 0.8296875 0.7879629625 0.8072916671874999 0.7879629625 0.8057291671875 0.790740740625 0.8057291671875 0.8194444437499999 0.8088541671874999 0.827777778125 0.8171875 0.8333333328125001 0.8177083328125001 0.83055555625
0 0.3859375 0.8638888890624999 0.3875 0.8583333328125 0.3859375 0.8351851859374999 0.3828125 0.8324074078124999 0.3619791671875 0.8351851859374999 0.3635416671875 0.8611111109375 0.3786458328125 0.8583333328125 0.3807291671875 0.8638888890624999 0.3859375 0.8638888890624999
0 0.9994791671875 0.9574074078124999 0.9885416671874999 0.9546296296874999 0.9869791671874999 0.99444444375 0.9901041671874999 0.9990740734375001 0.9994791671875 0.9990740734375001 0.9994791671875 0.9574074078124999
0 0.9385416671875 0.19444444375 0.94375 0.19444444375 0.953125 0.18055555625 0.9546875 0.16851851874999998 0.9515625 0.1648148140625 0.9515625 0.1601851859375 0.9484375 0.1546296296875 0.9385416671875 0.1546296296875 0.9369791671875 0.1574074078125 0.9369791671875 0.1888888890625 0.9385416671875 0.1898148140625 0.9385416671875 0.19444444375
0 0.9458333328125 0.9472222218749999 0.9510416671874999 0.952777778125 0.9625 0.9416666671874999 0.9625 0.921296296875 0.9609375 0.9203703703125001 0.9609375 0.9129629625 0.95625 0.9064814812499999 0.95625 0.9018518515625 0.953125 0.8990740734375 0.9385416671875 0.8990740734375 0.9369791671875 0.9018518515625 0.9369791671875 0.9416666671874999 0.9401041671874999 0.9472222218749999 0.9458333328125 0.9472222218749999
0 0.0234375 0.46666666718750005 0.021875 0.4546296296875 0.007291667187500001 0.4546296296875 0.0057291671875 0.4574074078125 0.0057291671875 0.475 0.007291667187500001 0.477777778125 0.0171875 0.477777778125 0.0234375 0.46666666718750005
0 0.6140625 0.546296296875 0.6072916671875 0.54351851875 0.6057291671875 0.5638888890625 0.6109375 0.5666666671875 0.6140625 0.5583333328125 0.6140625 0.546296296875
0 0.9947916671874999 0.0101851859375 0.9932291671875 0.0333333328125 0.9994791671875 0.0416666671875 0.9994791671875 0.0101851859375 0.9947916671874999 0.0101851859375
0 0.9671875 0.9796296296874999 0.9625 0.9685185187500001 0.9578125 0.965740740625 0.9385416671875 0.965740740625 0.9369791671875 0.9685185187500001 0.9385416671875 0.997222221875 0.9625 0.9990740734375001 0.9671875 0.9916666671875 0.9671875 0.9796296296874999
0 0.7671875 0.33055555625 0.7671875 0.315740740625 0.7614583328125 0.3129629625 0.7609375 0.3101851859375 0.7510416671875 0.3101851859375 0.7494791671875001 0.3129629625 0.7510416671875 0.3416666671875 0.7609375 0.3416666671875 0.7671875 0.33055555625
0 0.13229166718750002 0.42870370312499995 0.1307291671875 0.4296296296875 0.1307291671875 0.4388888890625 0.1338541671875 0.44444444375 0.1484375 0.44166666718750003 0.15 0.4388888890625 0.1484375 0.42870370312499995 0.15625 0.41944444374999995 0.1546875 0.39351851875 0.15 0.3879629625 0.13229166718750002 0.39074074062499997 0.13229166718750002 0.40648148125 0.1307291671875 0.4074074078125 0.1307291671875 0.427777778125 0.13229166718750002 0.42870370312499995
0 0.5171875 0.9861111109375 0.5208333328125 0.977777778125 0.5234375 0.977777778125 0.525 0.9648148140625 0.5265625 0.9638888890624999 0.5234375 0.9546296296874999 0.5197916671875 0.9546296296874999 0.5161458328124999 0.9601851859374999 0.5083333328124999 0.9601851859374999 0.5026041671875 0.9546296296874999 0.4994791671875 0.9601851859374999 0.5010416671875 0.977777778125 0.5036458328125 0.977777778125 0.5057291671875 0.9861111109375 0.5171875 0.9861111109375
0 0 0.32777777812500003 0.003125 0.32777777812500003 0.0125 0.3166666671875 0.0125 0.3129629625 0.0109375 0.3120370375 0.0109375 0.3018518515625 0 0.29907407343750003 0 0.32777777812500003
0 0.9359375 0.7194444437499999 0.9375 0.7120370375 0.9421875 0.7083333328125 0.94375 0.69351851875 0.940625 0.6879629625 0.9322916671874999 0.6879629625 0.9307291671875 0.690740740625 0.9322916671874999 0.7194444437499999 0.9359375 0.7194444437499999
0 0.4 0.478703703125 0.403125 0.475 0.4015625 0.4601851859375 0.3984375 0.4546296296875 0.3885416671875 0.4546296296875 0.3869791671875 0.4861111109375 0.3885416671875 0.4916666671875 0.396875 0.4916666671875 0.4 0.478703703125
0 0.384375 0.23518518593749999 0.3760416671875 0.23240740781250002 0.37447916718749996 0.252777778125 0.38125 0.25555555625 0.384375 0.24444444375000002 0.384375 0.23518518593749999
0 0.7932291671875 0.0675925921875 0.7932291671875 0.072222221875 0.7963541671875001 0.077777778125 0.8046875 0.077777778125 0.8052083328125 0.075 0.8078125 0.075 0.8140625 0.0638888890625 0.8140625 0.059259259375 0.8171875 0.052777778124999994 0.8171875 0.046296296875 0.8140625 0.0425925921875 0.8140625 0.0379629625 0.8109375 0.0324074078125 0.7885416671875001 0.0324074078125 0.7869791671875 0.0351851859375 0.7869791671875 0.055555556250000006 0.7901041671875 0.059259259375 0.7901041671875 0.0638888890625 0.7932291671875 0.0675925921875
0 0.3140625 0.8601851859374999 0.3109375 0.8546296296874999 0.3072916671875 0.8546296296874999 0.3057291671875 0.86944444375 0.3072916671875 0.875 0.3109375 0.875 0.3140625 0.8601851859374999
0 0.0875 0.9888888890624999 0.0875 0.9796296296874999 0.0859375 0.9768518515625001 0.0760416671875 0.9768518515625001 0.0744791671875 0.9796296296874999 0.0744791671875 0.997222221875 0.0828125 0.997222221875 0.0875 0.9888888890624999
0 0.5072916671875001 0.127777778125 0.5119791671875 0.13333333281249998 0.5234375 0.13055555624999998 0.525 0.1175925921875 0.5296875 0.10555555624999999 0.528125 0.09351851875 0.5234375 0.08796296249999999 0.5072916671875001 0.08796296249999999 0.5057291671875 0.09074074062500001 0.5057291671875 0.12222222187500001 0.5072916671875001 0.1231481484375 0.5072916671875001 0.127777778125
0 0.7453125 0.23055555625 0.7484375 0.190740740625 0.746875 0.1879629625 0.7338541671875001 0.1879629625 0.7307291671875 0.19351851874999998 0.7307291671875 0.23055555625 0.7421875 0.23333333281250002 0.7453125 0.23055555625
0 0.4734375 0.94351851875 0.46979166718750004 0.94351851875 0.4682291671875 0.9638888890624999 0.475 0.9666666671874999 0.4765625 0.9518518515625001 0.4734375 0.94351851875
0 0.14375 0.0416666671875 0.15 0.025 0.15 0.0129629625 0.1484375 0.0101851859375 0.13229166718750002 0.0101851859375 0.1307291671875 0.0129629625 0.13229166718750002 0.0388888890625 0.1338541671875 0.0416666671875 0.14375 0.0416666671875
0 0.5114583328125 0.9861111109375 0.515625 0.9861111109375 0.5171875 0.9833333328125 0.515625 0.9740740734375001 0.5125 0.9685185187500001 0.5098958328125 0.9685185187500001 0.509375 0.965740740625 0.5026041671875 0.965740740625 0.4994791671875 0.9712962968750001 0.4994791671875 0.975 0.5088541671875 0.9888888890624999 0.5109375 0.9888888890624999 0.5114583328125 0.9861111109375
0 0.03125 0.4166666671875 0.03125 0.4018518515625 0.0197916671875 0.3990740734375 0.0182291671875 0.4166666671875 0.021354167187500002 0.42222222187499997 0.028125 0.42222222187499997 0.03125 0.4166666671875
0 0.69375 0.3611111109375 0.69375 0.34629629687499996 0.6911458328125 0.34629629687499996 0.690625 0.34351851875 0.6713541671875001 0.34351851875 0.6682291671875 0.3490740734375 0.6682291671875 0.352777778125 0.6760416671875 0.36666666718749996 0.6890625 0.36666666718749996 0.69375 0.3611111109375
0 0.165625 0.34351851875 0.1510416671875 0.34351851875 0.1494791671875 0.34629629687499996 0.1510416671875 0.3638888890625 0.1609375 0.3638888890625 0.1671875 0.35555555625 0.165625 0.34351851875
0 0.6744791671875 0.35648148125 0.6760416671875 0.3638888890625 0.6802083328124999 0.3638888890625 0.6807291671875 0.36666666718749996 0.690625 0.3638888890625 0.6921875 0.3611111109375 0.690625 0.3509259265625 0.6984375 0.34444444375 0.7015625 0.3361111109375 0.7 0.3129629625 0.696875 0.3101851859375 0.6697916671875 0.3101851859375 0.6682291671875 0.3129629625 0.6682291671875 0.34444444375 0.6697916671875 0.35 0.6744791671875 0.35648148125