0 0.1010416671875 0.522222221875 0.10260416718750001 0.5231481484375 0.1010416671875 0.534259259375 0.0994791671875 0.5351851859375001 0.0994791671875 0.55 0.1046875 0.5555555562500001 0.1078125 0.55 0.10833333281249999 0.5388888890625 0.1119791671875 0.54444444375 0.13125 0.54444444375 0.1375 0.5333333328125 0.1390625 0.5175925921875 0.1421875 0.5111111109375 0.1421875 0.5018518515625 0.1375 0.49629629687500004 0.1270833328125 0.49629629687500004 0.1203125 0.48425925937500003 0.1203125 0.4796296296875 0.1171875 0.4768518515625 0.10260416718750001 0.4768518515625 0.0994791671875 0.4824074078125 0.0994791671875 0.5111111109375 0.1010416671875 0.5120370375000001 0.1010416671875 0.522222221875
0 0.4760416671875 0.5231481484375 0.47447916718750005 0.5240740734375 0.47447916718750005 0.5638888890625 0.4760416671875 0.5666666671875 0.47864583281249995 0.5666666671875 0.4838541671875 0.577777778125 0.4921875 0.577777778125 0.5046875 0.5555555562500001 0.5046875 0.5509259265625001 0.50625 0.55 0.50625 0.5240740734375 0.5046875 0.5231481484375 0.5046875 0.51851851875 0.5 0.5101851859375001 0.48229166718750005 0.5101851859375001 0.4817708328125 0.5129629625 0.4791666671875 0.5129629625 0.4760416671875 0.51851851875 0.4760416671875 0.5231481484375
0 0.0791666671875 0.5722222218749999 0.0880208328125 0.575 0.08854166718749999 0.577777778125 0.0984375 0.577777778125 0.10052083281249999 0.5722222218749999 0.103125 0.5722222218749999 0.10625 0.5666666671875 0.1078125 0.55648148125 0.1109375 0.5527777781250001 0.1109375 0.54351851875 0.1015625 0.5259259265625 0.0984375 0.5129629625 0.09427083281250001 0.5129629625 0.09375 0.5101851859375001 0.0791666671875 0.5101851859375001 0.07864583281250001 0.5129629625 0.0760416671875 0.5129629625 0.0760416671875 0.5175925921875 0.0744791671875 0.51851851875 0.0744791671875 0.5638888890625 0.0791666671875 0.5722222218749999
0 0.1260416671875 0.4888888890625 0.1421875 0.497222221875 0.1427083328125 0.49444444374999996 0.1546875 0.4861111109375 0.1546875 0.478703703125 0.15625 0.477777778125 0.15625 0.44907407343749994 0.1546875 0.4481481484375 0.1546875 0.44351851875000003 0.1515625 0.44259259218749997 0.1515625 0.4379629625 0.1484375 0.43240740781250003 0.1260416671875 0.43240740781250003 0.1197916671875 0.440740740625 0.1197916671875 0.4453703703125 0.11822916718750001 0.44629629687500005 0.11822916718750001 0.475 0.1260416671875 0.4888888890625
0 0.14010416718750002 0.897222221875 0.1447916671875 0.9037037031249999 0.1447916671875 0.9083333328125001 0.14895833281249998 0.9083333328125001 0.1494791671875 0.9111111109375001 0.1640625 0.9111111109375001 0.16458333281249998 0.9083333328125001 0.1671875 0.9083333328125001 0.16875 0.9009259265624999 0.1734375 0.897222221875 0.1734375 0.8925925921875001 0.175 0.8916666671875 0.175 0.8546296296874999 0.165625 0.8324074078124999 0.1463541671875 0.8324074078124999 0.1369791671875 0.8462962968750001 0.1369791671875 0.8861111109375001 0.1385416671875 0.8870370375000001 0.14010416718750002 0.897222221875
0 0.1807291671875 0.4583333328125 0.1921875 0.4583333328125 0.1927083328125 0.45555555625000005 0.1984375 0.45277777812500003 0.2 0.44259259218749997 0.2046875 0.43333333281249997 0.203125 0.41851851875 0.1984375 0.41018518593750003 0.1760416671875 0.41018518593750003 0.1744791671875 0.4129629625 0.1744791671875 0.45277777812500003 0.18020833281249998 0.45555555625000005 0.1807291671875 0.4583333328125
0 0.2114583328125 0.48055555625 0.21197916718749998 0.48333333281249996 0.2203125 0.48333333281249996 0.23125 0.475 0.2328125 0.4574074078125 0.23125 0.45648148125 0.2296875 0.43518518593750005 0.2265625 0.43240740781250003 0.2010416671875 0.43518518593750005 0.1994791671875 0.44351851875000003 0.1994791671875 0.475 0.2010416671875 0.477777778125 0.2114583328125 0.48055555625
0 0.7765625 0.6861111109375 0.7770833328125 0.6833333328125 0.78125 0.6833333328125 0.7817708328124999 0.6805555562500001 0.7921875 0.675 0.79375 0.66944444375 0.79375 0.646296296875 0.7859375 0.6324074078125 0.7635416671875 0.6324074078125 0.7619791671875 0.6351851859375001 0.7619791671875 0.675 0.7635416671875 0.6805555562500001 0.7697916671875 0.6861111109375 0.7765625 0.6861111109375
0 0.6760416671875 0.809259259375 0.6760416671875 0.8138888890624999 0.6786458328125 0.8138888890624999 0.6854166671875 0.825 0.696875 0.8222222218749999 0.7020833328125 0.8111111109375001 0.7046875 0.8111111109375001 0.7078125 0.8055555562500001 0.7078125 0.8009259265625 0.7109375 0.797222221875 0.7109375 0.771296296875 0.70625 0.7648148140625 0.70625 0.7601851859375001 0.7015625 0.7546296296875 0.6791666671875001 0.7546296296875 0.6786458328125 0.7574074078125 0.6760416671875 0.7574074078125 0.6760416671875 0.7620370375000001 0.6744791671875 0.7629629625 0.6744791671875 0.8083333328125001 0.6760416671875 0.809259259375
0 0.46979166718750004 0.877777778125 0.47239583281249997 0.877777778125 0.4760416671875 0.8833333328125 0.4828125 0.8833333328125 0.48333333281249996 0.88055555625 0.4921875 0.877777778125 0.49583333281249997 0.86944444375 0.4984375 0.86944444375 0.5046875 0.8583333328125 0.50625 0.840740740625 0.5 0.828703703125 0.5 0.821296296875 0.496875 0.8129629625 0.49427083281249995 0.8129629625 0.49375 0.8101851859375 0.46666666718750005 0.8101851859375 0.4661458328125 0.8129629625 0.4635416671875 0.8129629625 0.4635416671875 0.8175925921875 0.46197916718750004 0.81851851875 0.46197916718750004 0.8638888890624999 0.46979166718750004 0.877777778125
0 0.4994791671875 0.5861111109375 0.5057291671875 0.5916666671875 0.521875 0.5888888890625 0.528125 0.575 0.528125 0.54351851875 0.5265625 0.5425925921875 0.5265625 0.5351851859375001 0.5234375 0.5324074078125001 0.5072916671875001 0.5324074078125001 0.5057291671875 0.5351851859375001 0.5057291671875 0.5481481484375 0.4994791671875 0.5601851859375 0.4994791671875 0.5861111109375
0 0.5578125 0.48055555625 0.5583333328125 0.477777778125 0.565625 0.475 0.575 0.45277777812500003 0.575 0.44629629687500005 0.5734375 0.4453703703125 0.571875 0.43518518593750005 0.56875 0.43148148124999997 0.56875 0.4268518515625 0.565625 0.42129629687500003 0.5447916671875 0.42129629687500003 0.5432291671875 0.4240740734375 0.5432291671875 0.475 0.5479166671875 0.48055555625 0.5578125 0.48055555625
0 0.11927083281249999 0.9111111109375001 0.1260416671875 0.91944444375 0.1359375 0.91944444375 0.1364583328125 0.9166666671874999 0.1421875 0.9138888890624999 0.14375 0.9111111109375001 0.14375 0.8990740734375 0.1375 0.884259259375 0.1375 0.8462962968750001 0.1359375 0.8435185187500001 0.11510416718750001 0.8435185187500001 0.1119791671875 0.8490740734375001 0.1119791671875 0.9055555562500001 0.11510416718750001 0.9111111109375001 0.11927083281249999 0.9111111109375001
0 0.4 0.8231481484375 0.4046875 0.8083333328125001 0.4046875 0.796296296875 0.4 0.7879629625 0.3885416671875 0.7879629625 0.3869791671875 0.8388888890624999 0.396875 0.8444444437499999 0.4 0.8416666671874999 0.4 0.8231481484375
0 0.4875 0.497222221875 0.4875 0.49259259218749996 0.4921875 0.4861111109375 0.4921875 0.459259259375 0.4953125 0.45555555625000005 0.49375 0.43518518593750005 0.4921875 0.43240740781250003 0.46979166718750004 0.43240740781250003 0.4682291671875 0.43518518593750005 0.4682291671875 0.4861111109375 0.4760416671875 0.497222221875 0.4875 0.497222221875
0 0.07760416718749999 0.98055555625 0.0890625 0.98055555625 0.0895833328125 0.977777778125 0.09375 0.977777778125 0.103125 0.9611111109375001 0.1046875 0.946296296875 0.1015625 0.9425925921875 0.1 0.9268518515625 0.096875 0.921296296875 0.06979166718749999 0.921296296875 0.0682291671875 0.9240740734375 0.0682291671875 0.972222221875 0.0713541671875 0.977777778125 0.0770833328125 0.977777778125 0.07760416718749999 0.98055555625
0 0.7208333328125 0.36666666718749996 0.728125 0.3638888890625 0.73125 0.3583333328125 0.7328125 0.3453703703125 0.734375 0.34444444375 0.734375 0.3351851859375 0.73125 0.33148148125 0.7296875 0.3240740734375 0.7265625 0.321296296875 0.7010416671875 0.321296296875 0.6994791671875 0.3240740734375 0.6994791671875 0.36666666718749996 0.7026041671875001 0.375 0.7140625 0.375 0.7208333328125 0.36666666718749996
0 0.5109375 0.8111111109375001 0.5125 0.7925925921875 0.5140625 0.7916666671875 0.5140625 0.771296296875 0.5109375 0.7601851859375001 0.50625 0.7546296296875 0.48229166718750005 0.7546296296875 0.48072916718750003 0.7574074078125 0.48072916718750003 0.8 0.48854166718750003 0.8111111109375001 0.5109375 0.8111111109375001
0 0.1421875 0.652777778125 0.1453125 0.6416666671875 0.1453125 0.6240740734375 0.140625 0.6101851859375 0.1135416671875 0.6101851859375 0.1119791671875 0.6129629624999999 0.1119791671875 0.64444444375 0.11510416718750001 0.652777778125 0.11822916718750001 0.6555555562500001 0.1421875 0.652777778125
0 0.5296875 0.47222222187499996 0.5328125 0.46666666718750005 0.5328125 0.4620370375 0.5359375 0.4583333328125 0.5375 0.4453703703125 0.5390625 0.44444444375 0.5390625 0.4370370375 0.540625 0.4361111109375 0.5390625 0.4129629625 0.5375 0.41203703750000004 0.5375 0.4074074078125 0.53125 0.3990740734375 0.5135416671875 0.3990740734375 0.5119791671875 0.4018518515625 0.5119791671875 0.45555555625000005 0.5182291671875 0.46666666718750005 0.5296875 0.47222222187499996
0 0.5541666671875001 0.5527777781250001 0.5640625 0.5555555562500001 0.56875 0.55 0.56875 0.5453703703125 0.5734375 0.5333333328125 0.5734375 0.515740740625 0.5671875 0.4990740734375 0.5557291671875 0.4990740734375 0.5552083328124999 0.5018518515625 0.5510416671875 0.5018518515625 0.5510416671875 0.50648148125 0.5494791671875 0.5074074078125 0.5494791671875 0.5416666671875 0.5541666671875001 0.5527777781250001
0 0.4234375 0.75555555625 0.425 0.734259259375 0.4265625 0.7333333328125 0.4265625 0.715740740625 0.4234375 0.7101851859375 0.40729166718750004 0.7101851859375 0.4057291671875 0.7129629625 0.40729166718750004 0.7416666671875001 0.4135416671875 0.75555555625 0.4234375 0.75555555625
0 0.5682291671875 0.5722222218749999 0.5713541671875 0.577777778125 0.5755208328125 0.577777778125 0.5760416671875 0.58055555625 0.5859375 0.577777778125 0.5890625 0.5648148140625 0.596875 0.5527777781250001 0.5953125 0.540740740625 0.5890625 0.5324074078125001 0.5744791671875 0.5324074078125001 0.5739583328125 0.5351851859375001 0.5713541671875 0.5351851859375001 0.5697916671875001 0.5379629625 0.5697916671875001 0.5453703703125 0.5682291671875 0.546296296875 0.5682291671875 0.5722222218749999
0 0.90625 0.8444444437499999 0.90625 0.8351851859374999 0.8947916671874999 0.8324074078124999 0.8932291671874999 0.852777778125 0.8947916671874999 0.85555555625 0.903125 0.852777778125 0.90625 0.8444444437499999
0 0.1677083328125 0.6333333328124999 0.17135416718750002 0.6416666671875 0.184375 0.6416666671875 0.1921875 0.627777778125 0.190625 0.590740740625 0.1833333328125 0.590740740625 0.1828125 0.5879629625 0.16354166718750002 0.5879629625 0.1619791671875 0.590740740625 0.1619791671875 0.627777778125 0.1651041671875 0.6333333328124999 0.1677083328125 0.6333333328124999
0 0.946875 0.8861111109375001 0.95 0.875 0.95 0.8601851859374999 0.946875 0.8546296296874999 0.9322916671874999 0.8546296296874999 0.9307291671875 0.8574074078124999 0.9307291671875 0.8833333328125 0.9338541671874999 0.8888888890625 0.946875 0.8861111109375001
0 0.0770833328125 0.5796296296875 0.0744791671875 0.5796296296875 0.0682291671875 0.590740740625 0.0682291671875 0.61944444375 0.06979166718749999 0.6203703703125 0.06979166718749999 0.625 0.08125 0.625 0.0880208328125 0.6138888890625 0.0953125 0.6083333328125 0.0953125 0.603703703125 0.1 0.5944444437499999 0.0984375 0.5796296296875 0.0958333328125 0.5796296296875 0.0953125 0.5768518515625 0.07760416718749999 0.5768518515625 0.0770833328125 0.5796296296875
0 0.06302083281250001 0.58055555625 0.075 0.5694444437499999 0.075 0.5546296296875 0.0734375 0.553703703125 0.0734375 0.546296296875 0.0703125 0.54351851875 0.052604167187499995 0.54351851875 0.0494791671875 0.5490740734374999 0.0494791671875 0.5833333328125 0.051041667187499994 0.5888888890625 0.059375 0.5888888890625 0.06302083281250001 0.58055555625
0 0.7010416671875 0.8611111109375 0.7109375 0.8611111109375 0.7114583328124999 0.8583333328125 0.71875 0.85555555625 0.7203125 0.8481481484375 0.725 0.8416666671874999 0.725 0.8129629625 0.7223958328125 0.8129629625 0.721875 0.8101851859375 0.7010416671875 0.8101851859375 0.6932291671875 0.8240740734375 0.6932291671875 0.852777778125 0.7005208328125 0.8583333328125 0.7010416671875 0.8611111109375
0 0.4166666671875 0.9861111109375 0.4213541671875 0.9916666671875 0.42552083281249997 0.9916666671875 0.42604166718750003 0.99444444375 0.43125 0.9916666671875 0.4375 0.977777778125 0.4375 0.9574074078124999 0.4359375 0.95648148125 0.4359375 0.9518518515625001 0.4296875 0.94351851875 0.4135416671875 0.94351851875 0.41197916718750005 0.946296296875 0.41197916718750005 0.9611111109375001 0.4135416671875 0.9620370375 0.4166666671875 0.9861111109375
0 0.7989583328125 0.622222221875 0.8036458328125 0.622222221875 0.8072916671874999 0.6333333328124999 0.8109375 0.6333333328124999 0.815625 0.627777778125 0.8171875 0.615740740625 0.8125 0.609259259375 0.8125 0.6018518515625 0.8078125 0.5953703703125 0.8078125 0.590740740625 0.8046875 0.5879629625 0.7885416671875001 0.5879629625 0.7869791671875 0.590740740625 0.7869791671875 0.61944444375 0.7901041671875 0.627777778125 0.7984375 0.625 0.7989583328125 0.622222221875
0 0.3234375 0.9324074078125 0.3057291671875 0.9351851859375 0.3072916671875 0.95555555625 0.3151041671875 0.9583333328125001 0.325 0.95555555625 0.3234375 0.9324074078125
0 0.1578125 0.43055555625 0.1734375 0.4138888890625 0.1734375 0.4018518515625 0.1671875 0.39074074062499997 0.16458333281249998 0.39074074062499997 0.1640625 0.3879629625 0.1510416671875 0.3879629625 0.1494791671875 0.39074074062499997 0.1494791671875 0.425 0.1510416671875 0.42592592656250006 0.1510416671875 0.43055555625 0.1578125 0.43055555625
0 0.10052083281249999 0.7583333328124999 0.1109375 0.752777778125 0.1125 0.7379629624999999 0.1078125 0.7240740734375 0.1046875 0.7212962968750001 0.08854166718749999 0.7212962968750001 0.0869791671875 0.7240740734375 0.0869791671875 0.7611111109375 0.08854166718749999 0.7638888890625 0.0984375 0.7638888890625 0.10052083281249999 0.7583333328124999
0 0.6984375 0.75 0.7109375 0.7361111109375 0.7109375 0.7185185187500001 0.7078125 0.7129629625 0.7052083328125 0.7129629625 0.7046875 0.7101851859375 0.6885416671875 0.7101851859375 0.6869791671875001 0.7129629625 0.6869791671875001 0.7388888890625 0.6885416671875 0.7398148140624999 0.6901041671875 0.75 0.6984375 0.75
0 0.5125 0.8129629625 0.5010416671875 0.8101851859375 0.4994791671875 0.83055555625 0.5026041671875 0.8416666671874999 0.5109375 0.8416666671874999 0.5125 0.8129629625
0 0.9921875 0.7861111109375 0.99375 0.7574074078125 0.9921875 0.7546296296875 0.9760416671875 0.7546296296875 0.9744791671874999 0.775 0.9817708328125001 0.7805555562500001 0.9838541671875 0.7861111109375 0.9921875 0.7861111109375
0 0.134375 0.4175925921875 0.1390625 0.4138888890625 0.140625 0.4046296296875 0.1375 0.3990740734375 0.1197916671875 0.3990740734375 0.11822916718750001 0.4018518515625 0.11822916718750001 0.41944444374999995 0.12291666718750001 0.43055555625 0.13125 0.43055555625 0.134375 0.42222222187499997 0.134375 0.4175925921875
0 0.6234375 0.8361111109375001 0.63125 0.8222222218749999 0.63125 0.8175925921875 0.6375 0.8083333328125001 0.6375 0.8018518515625 0.6359375 0.7990740734374999 0.6135416671875 0.7990740734374999 0.6119791671875 0.8018518515625 0.6119791671875 0.825 0.6135416671875 0.8259259265625 0.6135416671875 0.83055555625 0.6151041671875 0.8333333328125001 0.6234375 0.8361111109375001
0 0.2234375 0.5305555562500001 0.2270833328125 0.522222221875 0.23125 0.51944444375 0.2328125 0.490740740625 0.2296875 0.4879629625 0.21354166718749998 0.4879629625 0.21197916718749998 0.490740740625 0.21197916718749998 0.51944444375 0.2166666671875 0.5305555562500001 0.2234375 0.5305555562500001
0 0.18125 0.527777778125 0.18125 0.5018518515625 0.16354166718750002 0.4990740734375 0.1619791671875 0.5018518515625 0.16354166718750002 0.5305555562500001 0.178125 0.5333333328125 0.18125 0.527777778125
0 0.1760416671875 0.6074074078125 0.1760416671875 0.6175925921875 0.1744791671875 0.61851851875 0.1744791671875 0.6388888890625 0.1776041671875 0.64444444375 0.1859375 0.6416666671875 0.1859375 0.6370370375000001 0.19375 0.63055555625 0.19375 0.6259259265625 0.2 0.6138888890625 0.1984375 0.5962962968750001 0.1921875 0.5879629625 0.1776041671875 0.5879629625 0.1760416671875 0.590740740625 0.1776041671875 0.60648148125 0.1760416671875 0.6074074078125
0 0.9994791671875 0.94351851875 0.9885416671874999 0.94351851875 0.9869791671874999 0.946296296875 0.9885416671874999 0.9666666671874999 0.9994791671875 0.975 0.9994791671875 0.94351851875
0 0.39375 0.7574074078125 0.38229166718749996 0.7546296296875 0.3807291671875 0.7574074078125 0.38229166718749996 0.772222221875 0.3921875 0.775 0.39375 0.7574074078125
0 0.5390625 0.5722222218749999 0.5390625 0.5518518515624999 0.5359375 0.54351851875 0.5322916671875 0.54351851875 0.5307291671875001 0.5722222218749999 0.5322916671875 0.5833333328125 0.5359375 0.5861111109375 0.5390625 0.5722222218749999
0 0.2390625 0.8268518515625001 0.2359375 0.821296296875 0.2322916671875 0.821296296875 0.23072916718749997 0.8416666671874999 0.2359375 0.8444444437499999 0.2390625 0.8388888890624999 0.2390625 0.8268518515625001
0 0.0734375 0.5416666671875 0.075 0.5259259265625 0.0796875 0.51944444375 0.078125 0.5101851859375001 0.06979166718749999 0.5101851859375001 0.0682291671875 0.5129629625 0.06979166718749999 0.5416666671875 0.0734375 0.5416666671875
0 0.9703125 0.752777778125 0.9703125 0.7351851859375 0.9635416671874999 0.7324074078125 0.9619791671875 0.7351851859375 0.9619791671875 0.752777778125 0.96875 0.75555555625 0.9703125 0.752777778125
0 0.6307291671875 0.8240740734375 0.6307291671875 0.85 0.6338541671875 0.85555555625 0.6390625 0.852777778125 0.6453125 0.8416666671874999 0.646875 0.8240740734375 0.6442708328125 0.8240740734375 0.64375 0.821296296875 0.6322916671875001 0.821296296875 0.6307291671875 0.8240740734375
0 0.6026041671875 0.8324074078124999 0.5994791671875 0.8379629625 0.6010416671875001 0.85555555625 0.61875 0.852777778125 0.6171875 0.8324074078124999 0.6026041671875 0.8324074078124999
0 0.1541666671875 0.45277777812500003 0.159375 0.45555555625000005 0.1625 0.45277777812500003 0.1625 0.4481481484375 0.1661458328125 0.44166666718750003 0.16875 0.44166666718750003 0.1703125 0.42592592656250006 0.1734375 0.4166666671875 0.171875 0.3990740734375 0.1510416671875 0.3990740734375 0.1494791671875 0.4018518515625 0.1494791671875 0.44166666718750003 0.1541666671875 0.45277777812500003
0 0.2770833328125 0.7638888890625 0.2776041671875 0.7666666671875 0.2859375 0.7666666671875 0.2875 0.7638888890625 0.2875 0.74351851875 0.28125 0.734259259375 0.278125 0.7240740734375 0.275 0.7212962968750001 0.25729166718749996 0.7212962968750001 0.2557291671875 0.7240740734375 0.2557291671875 0.75 0.25729166718749996 0.75555555625 0.2682291671875 0.7638888890625 0.2770833328125 0.7638888890625
0 0.43125 0.9138888890624999 0.434375 0.9083333328125001 0.434375 0.8990740734375 0.43125 0.890740740625 0.41979166718750005 0.8879629625 0.41822916718750003 0.890740740625 0.41979166718750005 0.9138888890624999 0.4213541671875 0.9166666671874999 0.43125 0.9138888890624999
0 0.525 0.5861111109375 0.525 0.58148148125 0.53125 0.5722222218749999 0.53125 0.5675925921875 0.5359375 0.5638888890625 0.5359375 0.5490740734374999 0.5317708328124999 0.546296296875 0.53125 0.540740740625 0.525 0.5324074078125001 0.5072916671875001 0.5324074078125001 0.5057291671875 0.5351851859375001 0.5057291671875 0.5861111109375 0.5072916671875001 0.5888888890625 0.525 0.5861111109375
0 0.965625 0.627777778125 0.971875 0.61944444375 0.971875 0.6046296296875 0.9671875 0.5990740734375 0.9510416671874999 0.5990740734375 0.9494791671874999 0.6018518515625 0.9494791671874999 0.6166666671875001 0.9526041671875 0.622222221875 0.9583333328125001 0.622222221875 0.965625 0.627777778125