0 0.29739583281250004 0.6138888890625 0.3010416671875 0.622222221875 0.3171875 0.622222221875 0.3177083328125 0.61944444375 0.321875 0.61944444375 0.3265625 0.60555555625 0.325 0.571296296875 0.321875 0.565740740625 0.2947916671875 0.565740740625 0.2932291671875 0.56851851875 0.2932291671875 0.6083333328125 0.2947916671875 0.6138888890625 0.29739583281250004 0.6138888890625
0 0.8322916671874999 0.63055555625 0.8348958328125 0.63055555625 0.8416666671874999 0.6416666671875 0.8515625 0.6416666671875 0.8536458328125001 0.6361111109375 0.8609375 0.63055555625 0.8609375 0.6259259265625 0.8625 0.625 0.8625 0.590740740625 0.8546875 0.5768518515625 0.8322916671874999 0.5768518515625 0.8307291671874999 0.5796296296875 0.8307291671874999 0.625 0.8322916671874999 0.6259259265625 0.8322916671874999 0.63055555625
0 0.43072916718750004 0.875 0.4375 0.875 0.44427083281249996 0.8666666671875 0.4484375 0.8666666671875 0.4578125 0.85 0.4578125 0.8453703703125001 0.4625 0.8361111109375001 0.4625 0.821296296875 0.4609375 0.8203703703125 0.4609375 0.8129629625 0.4583333328125 0.8129629625 0.4578125 0.8101851859375 0.42604166718750003 0.8101851859375 0.42552083281249997 0.8129629625 0.42291666718750004 0.8129629625 0.41822916718750003 0.8240740734375 0.41822916718750003 0.8583333328125 0.41979166718750005 0.859259259375 0.4213541671875 0.8666666671875 0.42395833281249995 0.8666666671875 0.43072916718750004 0.875
0 0.2921875 0.6666666671875 0.2927083328125 0.6638888890625 0.2953125 0.6638888890625 0.3015625 0.65 0.3015625 0.6425925921875 0.303125 0.6416666671875 0.3015625 0.6268518515625 0.2953125 0.6148148140624999 0.2953125 0.6101851859375 0.2921875 0.60648148125 0.2921875 0.6018518515625 0.28958333281250004 0.6018518515625 0.2890625 0.5990740734375 0.2760416671875 0.5990740734375 0.2744791671875 0.6018518515625 0.2744791671875 0.652777778125 0.2822916671875 0.6666666671875 0.2921875 0.6666666671875
0 0.9364583328125 0.527777778125 0.9421875 0.525 0.9453125 0.51944444375 0.9453125 0.5148148140625 0.9484375 0.5111111109375 0.95 0.490740740625 0.9484375 0.48981481406249994 0.9484375 0.4824074078125 0.94375 0.4768518515625 0.9135416671875 0.4768518515625 0.9119791671874999 0.4796296296875 0.9119791671874999 0.51944444375 0.9197916671874999 0.5333333328125 0.9359375 0.5305555562500001 0.9364583328125 0.527777778125
0 0.9010416671874999 0.475 0.9125 0.475 0.9125 0.4703703703125 0.9140625 0.46944444374999994 0.9140625 0.45185185156249996 0.9125 0.4481481484375 0.91875 0.4268518515625 0.915625 0.42129629687500003 0.8979166671875 0.42129629687500003 0.8973958328125 0.4240740734375 0.8947916671874999 0.4240740734375 0.8947916671874999 0.42870370312499995 0.8932291671874999 0.4296296296875 0.8932291671874999 0.46388888906250003 0.9010416671874999 0.475
0 0.8307291671874999 0.946296296875 0.8307291671874999 0.977777778125 0.8322916671874999 0.978703703125 0.8322916671874999 0.9833333328125 0.8380208328125001 0.9861111109375 0.8385416671874999 0.9888888890624999 0.8453125 0.9861111109375 0.85 0.977777778125 0.85 0.9731481484375 0.8578125 0.9611111109375001 0.85625 0.946296296875 0.8536458328125001 0.946296296875 0.853125 0.94351851875 0.8322916671874999 0.94351851875 0.8307291671874999 0.946296296875
0 0.6546875 0.7666666671875 0.65625 0.7398148140624999 0.6625 0.73055555625 0.6625 0.7129629625 0.6609375 0.7101851859375 0.6385416671875 0.7101851859375 0.6369791671875 0.7129629625 0.6385416671875 0.7611111109375 0.6432291671875 0.7666666671875 0.6546875 0.7666666671875
0 0.0171875 0.13333333281249998 0.01875 0.12592592656249998 0.0234375 0.11944444375 0.025 0.07962962968750001 0.0234375 0.078703703125 0.0234375 0.071296296875 0.0203125 0.0675925921875 0.01875 0.0574074078125 0.007291667187500001 0.0546296296875 0.0057291671875 0.0574074078125 0.0057291671875 0.13055555624999998 0.007291667187500001 0.13333333281249998 0.0171875 0.13333333281249998
0 0.7484375 0.5555555562500001 0.7515625 0.547222221875 0.7515625 0.5425925921875 0.75625 0.5333333328125 0.75625 0.515740740625 0.7546875 0.5129629625 0.7494791671875001 0.5129629625 0.7458333328125 0.51851851875 0.7395833328125 0.51851851875 0.7359375 0.5101851859375001 0.7260416671875001 0.5101851859375001 0.7244791671875 0.5129629625 0.7244791671875 0.5416666671875 0.7322916671875 0.5555555562500001 0.7484375 0.5555555562500001
0 0.8854166671874999 0.397222221875 0.8953125 0.397222221875 0.9046875 0.377777778125 0.9046875 0.3731481484375 0.90625 0.372222221875 0.90625 0.3601851859375 0.9015625 0.3546296296875 0.8776041671874999 0.3546296296875 0.8744791671875 0.3601851859375 0.8744791671875 0.3861111109375 0.8817708328125 0.3916666671875 0.8822916671875 0.39444444375 0.8848958328125001 0.39444444375 0.8854166671874999 0.397222221875
0 0.8510416671875 0.6981481484375001 0.8494791671874999 0.6990740734374999 0.8494791671874999 0.7194444437499999 0.8510416671875 0.7203703703125 0.8510416671875 0.725 0.8609375 0.725 0.8614583328125001 0.722222221875 0.8671875 0.7194444437499999 0.8734375 0.7083333328125 0.875 0.69351851875 0.8671875 0.6768518515624999 0.8557291671874999 0.6768518515624999 0.8552083328125001 0.6796296296875 0.8526041671875 0.6796296296875 0.8510416671875 0.6981481484375001
0 0.775 0.019444443750000002 0.775 0.0120370375 0.7765625 0.0111111109375 0.7765625 0.004629629687499999 0.7734375 0 0.7494791671875001 0.0018518515625 0.7494791671875001 0.022222221875 0.7526041671875 0.030555556249999997 0.7703125 0.025 0.775 0.019444443750000002
0 0.30625 0.027777778125000003 0.30625 0.015740740625 0.3015625 0.0101851859375 0.2760416671875 0.0101851859375 0.2744791671875 0.0129629625 0.2744791671875 0.030555556249999997 0.2776041671875 0.0361111109375 0.2984375 0.0361111109375 0.30625 0.027777778125000003
0 0.8859375 0.24444444375000002 0.8859375 0.2296296296875 0.8796875 0.221296296875 0.8697916671874999 0.221296296875 0.8682291671875 0.22407407343750002 0.8682291671875 0.2416666671875 0.8713541671874999 0.24722222187499998 0.88125 0.25 0.8859375 0.24444444375000002
0 0.4145833328125 0.7888888890625 0.421875 0.7888888890625 0.428125 0.777777778125 0.428125 0.76851851875 0.421875 0.7574074078125 0.41770833281249997 0.7574074078125 0.4171875 0.7546296296875 0.4010416671875 0.7546296296875 0.3994791671875 0.7574074078125 0.3994791671875 0.7888888890625 0.4010416671875 0.79444444375 0.4109375 0.79444444375 0.4145833328125 0.7888888890625
0 0.9135416671875 0.40277777812500004 0.921875 0.397222221875 0.9234375 0.371296296875 0.91875 0.365740740625 0.9072916671875 0.365740740625 0.9057291671875 0.36851851875 0.9057291671875 0.397222221875 0.9130208328125 0.4 0.9135416671875 0.40277777812500004
0 0.9125 0.3083333328125 0.9125 0.290740740625 0.909375 0.28796296250000003 0.8885416671874999 0.290740740625 0.8869791671874999 0.31944444375000003 0.8953125 0.322222221875 0.8958333328125001 0.31944444375000003 0.9109375 0.3111111109375 0.9125 0.3083333328125
0 0.6296875 0.5555555562500001 0.63125 0.5527777781250001 0.63125 0.546296296875 0.6296875 0.54351851875 0.6260416671875 0.54351851875 0.6244791671875001 0.546296296875 0.6244791671875001 0.5527777781250001 0.6260416671875 0.5555555562500001 0.6296875 0.5555555562500001
0 0.071875 0.097222221875 0.07864583281250001 0.08055555625000001 0.0984375 0.077777778125 0.1 0.075 0.1 0.0574074078125 0.0984375 0.0546296296875 0.0666666671875 0.0546296296875 0.060416667187499995 0.060185185937499996 0.0557291671875 0.071296296875 0.0557291671875 0.097222221875 0.05729166718749999 0.1 0.0671875 0.1 0.06770833281250001 0.097222221875 0.071875 0.097222221875
0 0.0890625 0.08055555625000001 0.1 0.075 0.0984375 0.0546296296875 0.06979166718749999 0.0546296296875 0.0682291671875 0.0574074078125 0.0682291671875 0.077777778125 0.0713541671875 0.0861111109375 0.0770833328125 0.08055555625000001 0.0890625 0.08055555625000001
0 0.9572916671874999 0.86944444375 0.9635416671874999 0.877777778125 0.9703125 0.875 0.975 0.8666666671875 0.975 0.8490740734375001 0.9703125 0.8435185187500001 0.9572916671874999 0.8435185187500001 0.9557291671874999 0.8462962968750001 0.9557291671874999 0.8638888890624999 0.9572916671874999 0.8648148140625 0.9572916671874999 0.86944444375
0 0.19479166718750002 0.025 0.209375 0.025 0.20989583281250002 0.022222221875 0.215625 0.022222221875 0.221875 0.0083333328125 0.221875 0.0018518515625 0.21875 0 0.1807291671875 0.0018518515625 0.1807291671875 0.0111111109375 0.1838541671875 0.019444443750000002 0.1942708328125 0.022222221875 0.19479166718750002 0.025
0 0.6229166671875 0.665740740625 0.6229166671875 0.6703703703125 0.6182291671875 0.6796296296875 0.6182291671875 0.6861111109375 0.6197916671875 0.6870370375 0.6213541671875 0.6944444437499999 0.6328125 0.6944444437499999 0.6333333328124999 0.6916666671875 0.6375 0.6888888890625 0.6375 0.6759259265625001 0.64375 0.6638888890625 0.64375 0.6564814812499999 0.6453125 0.6555555562500001 0.6453125 0.6490740734375 0.6421875 0.64351851875 0.6322916671875001 0.64351851875 0.6307291671875 0.646296296875 0.6291666671875 0.6564814812499999 0.6229166671875 0.665740740625
0 0.8635416671874999 0.577777778125 0.8734375 0.577777778125 0.88125 0.5638888890625 0.88125 0.5574074078125 0.8796875 0.5546296296875 0.8572916671874999 0.5546296296875 0.8557291671874999 0.5574074078125 0.8557291671874999 0.5666666671875 0.8604166671875 0.575 0.8630208328125001 0.575 0.8635416671874999 0.577777778125
0 0.075 0.0888888890625 0.07552083281250001 0.08333333281250001 0.0984375 0.077777778125 0.1 0.075 0.1 0.0574074078125 0.0984375 0.0546296296875 0.0666666671875 0.0546296296875 0.0661458328125 0.0574074078125 0.0635416671875 0.0574074078125 0.0557291671875 0.071296296875 0.0557291671875 0.097222221875 0.060416667187499995 0.10833333281249999 0.071875 0.10555555624999999 0.071875 0.0925925921875 0.075 0.0888888890625