0 0.47447916718750005 0.046296296875 0.47447916718750005 0.097222221875 0.4760416671875 0.0981481484375 0.4760416671875 0.102777778125 0.48229166718750005 0.11388888906250001 0.48645833281249995 0.11388888906250001 0.4869791671875 0.1166666671875 0.4984375 0.1166666671875 0.49895833281249996 0.11388888906250001 0.5078125 0.10833333281249999 0.5078125 0.10370370312499999 0.5125 0.097222221875 0.5125 0.0870370375 0.5171875 0.075 0.5171875 0.0629629625 0.5125 0.053703703125 0.5109375 0.04351851875 0.5046875 0.0324074078125 0.48072916718750003 0.0351851859375 0.47864583281249995 0.040740740625 0.4760416671875 0.040740740625 0.4760416671875 0.045370370312500005 0.47447916718750005 0.046296296875
0 0.7322916671875 0.0916666671875 0.7421875 0.0916666671875 0.7484375 0.0861111109375 0.75 0.059259259375 0.7546875 0.047222221875 0.7546875 0.0296296296875 0.75 0.021296296875000002 0.7260416671875001 0.021296296875000002 0.7244791671875 0.0240740734375 0.7244791671875 0.0861111109375 0.7317708328125 0.0888888890625 0.7322916671875 0.0916666671875
0 0.31979166718749996 0.3203703703125 0.31979166718749996 0.32777777812500003 0.3260416671875 0.33703703749999997 0.32760416718749996 0.34444444375 0.3307291671875 0.3453703703125 0.3307291671875 0.35 0.3338541671875 0.35555555625 0.3380208328125 0.35555555625 0.3385416671875 0.3583333328125 0.3546875 0.35555555625 0.3625 0.3416666671875 0.3625 0.33148148125 0.3640625 0.33055555625 0.3640625 0.3203703703125 0.365625 0.31944444375000003 0.3625 0.28796296250000003 0.3546875 0.2768518515625 0.32760416718749996 0.2768518515625 0.3270833328125 0.2796296296875 0.3244791671875 0.2796296296875 0.3244791671875 0.284259259375 0.3182291671875 0.29351851875 0.3182291671875 0.31944444375000003 0.31979166718749996 0.3203703703125
0 0.3494791671875 0.222222221875 0.365625 0.222222221875 0.3708333328125 0.21111111093749999 0.375 0.20833333281250002 0.3765625 0.1740740734375 0.375 0.17314814843749998 0.3734375 0.1574074078125 0.3708333328125 0.1574074078125 0.3703125 0.1546296296875 0.3401041671875 0.1546296296875 0.3369791671875 0.1601851859375 0.3369791671875 0.20277777812500003 0.3463541671875 0.21944444375 0.3489583328125 0.21944444375 0.3494791671875 0.222222221875
0 0.7635416671875 0.065740740625 0.7635416671875 0.0759259265625 0.7619791671875 0.07685185156249999 0.7635416671875 0.0916666671875 0.7666666671875 0.097222221875 0.7755208328125 0.1 0.7760416671875 0.102777778125 0.7859375 0.102777778125 0.7864583328125 0.1 0.7921875 0.097222221875 0.79375 0.0898148140625 0.8 0.08055555625000001 0.8 0.0574074078125 0.79375 0.048148148437499996 0.79375 0.04351851875 0.7890625 0.037037037499999995 0.7859375 0.0240740734375 0.7817708328124999 0.0240740734375 0.78125 0.021296296875000002 0.7651041671875001 0.0240740734375 0.7651041671875001 0.0333333328125 0.7682291671875 0.039814814062499995 0.7682291671875 0.053703703125 0.7635416671875 0.065740740625
0 0.6734375 0.0861111109375 0.6802083328124999 0.077777778125 0.6859375 0.077777778125 0.6953125 0.0638888890625 0.6953125 0.059259259375 0.6984375 0.052777778124999994 0.6984375 0.046296296875 0.696875 0.045370370312500005 0.6921875 0.0240740734375 0.6880208328124999 0.0240740734375 0.6875 0.021296296875000002 0.6666666671875 0.021296296875000002 0.6661458328125 0.0240740734375 0.6635416671875001 0.0240740734375 0.6619791671875 0.075 0.6661458328125 0.077777778125 0.6697916671875 0.0861111109375 0.6734375 0.0861111109375
0 0.6760416671875 0.08518518593749999 0.6760416671875 0.0898148140625 0.6744791671875 0.09074074062500001 0.6744791671875 0.10833333281249999 0.6838541671875 0.12222222187500001 0.6859375 0.12222222187500001 0.6864583328125 0.11944444375 0.690625 0.11944444375 0.6927083328125 0.11388888906250001 0.6953125 0.11388888906250001 0.7 0.10555555624999999 0.7 0.07962962968750001 0.6984375 0.07685185156249999 0.6822916671875 0.07685185156249999 0.6817708328125 0.07962962968750001 0.6791666671875001 0.07962962968750001 0.6760416671875 0.08518518593749999
0 0.5401041671875 0.04444444375 0.5484375 0.04444444375 0.5536458328125 0.0361111109375 0.5640625 0.030555556249999997 0.5703125 0.019444443750000002 0.5703125 0.0129629625 0.5671875 0.0101851859375 0.5322916671875 0.0101851859375 0.5307291671875001 0.0129629625 0.5307291671875001 0.030555556249999997 0.5338541671875 0.0361111109375 0.5364583328125 0.0361111109375 0.5369791671875 0.0416666671875 0.5401041671875 0.04444444375
0 0.3192708328125 0.3583333328125 0.31979166718749996 0.3611111109375 0.328125 0.3583333328125 0.33125 0.352777778125 0.33125 0.34629629687499996 0.3296875 0.3453703703125 0.3296875 0.340740740625 0.325 0.334259259375 0.325 0.3296296296875 0.3234375 0.328703703125 0.3234375 0.3240740734375 0.3203125 0.3203703703125 0.3203125 0.315740740625 0.3171875 0.3101851859375 0.3072916671875 0.3101851859375 0.3057291671875 0.3129629625 0.3057291671875 0.3416666671875 0.3151041671875 0.3583333328125 0.3192708328125 0.3583333328125
0 0.446875 0.025 0.446875 0.0129629625 0.44375 0.0101851859375 0.41979166718750005 0.0101851859375 0.41822916718750003 0.0129629625 0.41822916718750003 0.0388888890625 0.4213541671875 0.04444444375 0.434375 0.04444444375 0.440625 0.0388888890625 0.446875 0.025
0 0.44375 0.0888888890625 0.4484375 0.08333333281250001 0.45 0.077777778125 0.45 0.0546296296875 0.4421875 0.04351851875 0.41979166718750005 0.04351851875 0.41822916718750003 0.046296296875 0.41822916718750003 0.077777778125 0.4213541671875 0.0861111109375 0.4244791671875 0.0888888890625 0.44375 0.0888888890625
0 0.6447916671875 0.1518518515625 0.6447916671875 0.15648148125 0.6432291671875 0.1574074078125 0.6432291671875 0.18055555625 0.6447916671875 0.18148148125000002 0.6447916671875 0.1916666671875 0.6463541671875 0.19444444375 0.6489583328124999 0.19444444375 0.6494791671875 0.197222221875 0.65625 0.197222221875 0.6614583328125 0.1888888890625 0.665625 0.1888888890625 0.66875 0.1833333328125 0.66875 0.178703703125 0.6708333328125 0.175 0.6734375 0.175 0.6734375 0.1703703703125 0.675 0.16944444375 0.675 0.1648148140625 0.6796875 0.15277777812499999 0.6765625 0.1379629625 0.6734375 0.1324074078125 0.6635416671875001 0.1324074078125 0.6583333328125 0.14351851875 0.6479166671875001 0.146296296875 0.6447916671875 0.1518518515625
0 0.3958333328125 0.0916666671875 0.39791666718749996 0.097222221875 0.4109375 0.097222221875 0.41614583281249995 0.0861111109375 0.41875 0.0861111109375 0.41875 0.0490740734375 0.415625 0.04351851875 0.39010416718749996 0.04351851875 0.3869791671875 0.0490740734375 0.3869791671875 0.075 0.3916666671875 0.08425925937499999 0.3916666671875 0.0888888890625 0.3958333328125 0.0916666671875
0 0.6385416671875 0.1425925921875 0.6385416671875 0.15277777812499999 0.6442708328125 0.15277777812499999 0.6447916671875 0.15555555625 0.65625 0.15277777812499999 0.6671875 0.13055555624999998 0.665625 0.11574074062499999 0.6614583328125 0.1129629625 0.6609375 0.1101851859375 0.6416666671875 0.1101851859375 0.6411458328124999 0.1129629625 0.6385416671875 0.1129629625 0.6385416671875 0.1203703703125 0.6369791671875 0.12129629687500001 0.6369791671875 0.1416666671875 0.6385416671875 0.1425925921875
0 0.5901041671875 0.0898148140625 0.5880208328125 0.09074074062500001 0.58125 0.07962962968750001 0.5713541671875 0.07962962968750001 0.5697916671875001 0.0824074078125 0.5697916671875001 0.0953703703125 0.5682291671875 0.09629629687499999 0.5682291671875 0.1361111109375 0.5697916671875001 0.1416666671875 0.5838541671875 0.15277777812499999 0.5984375 0.15277777812499999 0.6 0.13981481406250001 0.6046875 0.1361111109375 0.6109375 0.12222222187500001 0.6109375 0.1120370375 0.6125 0.1111111109375 0.6109375 0.0824074078125 0.60625 0.07685185156249999 0.5947916671875 0.07685185156249999 0.5916666671875 0.07962962968750001 0.5901041671875 0.0898148140625
0 0.721875 0.252777778125 0.725 0.24444444375000002 0.7234375 0.21296296250000002 0.7072916671875 0.2101851859375 0.7057291671875 0.21296296250000002 0.7057291671875 0.252777778125 0.7072916671875 0.25555555625 0.721875 0.252777778125
0 0.621875 0.1888888890625 0.6296875 0.1666666671875 0.6296875 0.1351851859375 0.6265625 0.1324074078125 0.6135416671875 0.1324074078125 0.6119791671875 0.1351851859375 0.6119791671875 0.1833333328125 0.6151041671875 0.1888888890625 0.621875 0.1888888890625
0 0.5572916671875 0.0425925921875 0.5557291671875 0.04351851875 0.5557291671875 0.0638888890625 0.5619791671875001 0.075 0.571875 0.075 0.5739583328125 0.06944444375 0.5796875 0.0666666671875 0.58125 0.061111110937500004 0.58125 0.021296296875000002 0.5765625 0.0129629625 0.5588541671875 0.0101851859375 0.5572916671875 0.0129629625 0.5588541671875 0.03148148125 0.5572916671875 0.0324074078125 0.5572916671875 0.0425925921875
0 0.6109375 0.177777778125 0.6140625 0.15648148125 0.6171875 0.15 0.6171875 0.1351851859375 0.6026041671875 0.1324074078125 0.5994791671875 0.1379629625 0.5994791671875 0.175 0.6010416671875001 0.177777778125 0.6109375 0.177777778125
0 0.428125 0.14444444375 0.4421875 0.125 0.4421875 0.1101851859375 0.440625 0.109259259375 0.440625 0.10185185156250001 0.4390625 0.10092592656249999 0.4375 0.09074074062500001 0.43333333281249997 0.09074074062500001 0.4328125 0.08796296249999999 0.41979166718750005 0.08796296249999999 0.41822916718750003 0.09074074062500001 0.41822916718750003 0.13888888906250002 0.4213541671875 0.14444444375 0.428125 0.14444444375
0 0.45729166718750003 0.13148148125 0.45729166718750003 0.1361111109375 0.45885416718750005 0.13888888906250002 0.4609375 0.13888888906250002 0.4614583328125 0.1361111109375 0.465625 0.1361111109375 0.4661458328125 0.13333333281249998 0.4703125 0.13333333281249998 0.47083333281249995 0.13055555624999998 0.4734375 0.13055555624999998 0.4796875 0.11944444375 0.4796875 0.1046296296875 0.4765625 0.10092592656249999 0.4765625 0.09629629687499999 0.471875 0.08796296249999999 0.45885416718750005 0.08796296249999999 0.4557291671875 0.09351851875 0.4557291671875 0.13055555624999998 0.45729166718750003 0.13148148125
0 0.8994791671875 0.32777777812500003 0.9078125 0.325 0.9171875 0.3083333328125 0.9171875 0.29351851875 0.9125 0.28796296250000003 0.8947916671874999 0.28796296250000003 0.8932291671874999 0.290740740625 0.8932291671874999 0.31944444375000003 0.8947916671874999 0.325 0.8989583328125 0.325 0.8994791671875 0.32777777812500003
0 0.021875 0.3888888890625 0.0270833328125 0.38055555625 0.0296875 0.38055555625 0.0296875 0.3759259265625 0.0328125 0.372222221875 0.0359375 0.3611111109375 0.0359375 0.34629629687499996 0.0296875 0.3324074078125 0.0135416671875 0.3324074078125 0.0119791671875 0.3351851859375 0.0119791671875 0.377777778125 0.0135416671875 0.3861111109375 0.021875 0.3888888890625