0 0.2635416671875 0.6083333328125 0.2708333328125 0.6138888890625 0.27291666718749996 0.61944444375 0.2770833328125 0.61944444375 0.2776041671875 0.622222221875 0.2859375 0.61944444375 0.2911458328125 0.6111111109375 0.296875 0.6111111109375 0.3 0.60555555625 0.303125 0.5898148140624999 0.3046875 0.5888888890625 0.3046875 0.56851851875 0.303125 0.5675925921875 0.3015625 0.5574074078125 0.2984375 0.553703703125 0.2984375 0.5490740734374999 0.29375 0.54351851875 0.2697916671875 0.54351851875 0.2619791671875 0.5574074078125 0.2619791671875 0.602777778125 0.2635416671875 0.603703703125 0.2635416671875 0.6083333328125
0 0.2260416671875 0.7611111109375 0.23020833281250003 0.7638888890625 0.2322916671875 0.76944444375 0.23802083281250003 0.772222221875 0.23854166718749997 0.775 0.25 0.775 0.25052083281250004 0.772222221875 0.253125 0.772222221875 0.2625 0.752777778125 0.2625 0.715740740625 0.259375 0.7101851859375 0.22760416718749998 0.7101851859375 0.2244791671875 0.715740740625 0.2244791671875 0.75555555625 0.2260416671875 0.75648148125 0.2260416671875 0.7611111109375
0 0.7057291671875 0.76851851875 0.7057291671875 0.797222221875 0.7119791671875 0.80648148125 0.7119791671875 0.8111111109375001 0.7145833328125 0.8111111109375001 0.7197916671875 0.8222222218749999 0.7255208328125 0.8222222218749999 0.7260416671875001 0.825 0.7317708328125 0.825 0.7322916671875 0.827777778125 0.740625 0.825 0.7411458328125 0.8222222218749999 0.7453125 0.8222222218749999 0.7546875 0.8055555562500001 0.7546875 0.7981481484375 0.75625 0.797222221875 0.75625 0.7796296296875 0.7546875 0.7787037031249999 0.7546875 0.771296296875 0.7453125 0.7546296296875 0.7427083328124999 0.7546296296875 0.7390625 0.746296296875 0.7364583328125 0.746296296875 0.7359375 0.74351851875 0.7166666671875 0.74351851875 0.7161458328125 0.746296296875 0.7135416671875 0.746296296875 0.7119791671875 0.75648148125 0.7072916671875 0.7629629625 0.7072916671875 0.7675925921875 0.7057291671875 0.76851851875
0 0.5432291671875 0.8083333328125001 0.5526041671875 0.8222222218749999 0.5671875 0.8222222218749999 0.5677083328125 0.8194444437499999 0.571875 0.8194444437499999 0.5765625 0.8111111109375001 0.5796875 0.8 0.5796875 0.7898148140625 0.58125 0.7888888890625 0.58125 0.7574074078125 0.5796875 0.7518518515625 0.5770833328125 0.7518518515625 0.571875 0.74351851875 0.5416666671875 0.74351851875 0.5385416671875001 0.746296296875 0.5369791671875 0.7518518515625 0.5369791671875 0.79444444375 0.5432291671875 0.803703703125 0.5432291671875 0.8083333328125001
0 0.6260416671875 0.8 0.6302083328125 0.8 0.6307291671875 0.8027777781250001 0.64375 0.8 0.6546875 0.7833333328125 0.6546875 0.7759259265625 0.65625 0.775 0.65625 0.74351851875 0.6546875 0.7425925921875 0.6546875 0.7351851859375 0.6520833328125 0.7351851859375 0.6515625 0.7324074078125 0.6151041671875 0.7324074078125 0.6119791671875 0.7379629624999999 0.6119791671875 0.777777778125 0.6166666671875001 0.7888888890625 0.6223958328125 0.7916666671875 0.6260416671875 0.8
0 0.5411458328125 0.1583333328125 0.5432291671875 0.16388888906250001 0.5625 0.1666666671875 0.5734375 0.15555555625 0.5796875 0.1361111109375 0.5796875 0.1046296296875 0.5765625 0.10092592656249999 0.575 0.09074074062500001 0.571875 0.08796296249999999 0.5572916671875 0.08796296249999999 0.5567708328125 0.09074074062500001 0.5447916671875 0.08796296249999999 0.5442708328125 0.09074074062500001 0.5401041671875 0.09074074062500001 0.5369791671875 0.0990740734375 0.5369791671875 0.15277777812499999 0.5385416671875001 0.1583333328125 0.5411458328125 0.1583333328125
0 0.1510416671875 0.11388888906250001 0.1541666671875 0.11944444375 0.1614583328125 0.12222222187500001 0.1619791671875 0.125 0.16875 0.125 0.1692708328125 0.12222222187500001 0.1796875 0.11944444375 0.18125 0.10648148125000001 0.1859375 0.09444444375 0.18125 0.071296296875 0.1765625 0.065740740625 0.1526041671875 0.065740740625 0.1494791671875 0.071296296875 0.1494791671875 0.10833333281249999 0.1510416671875 0.109259259375 0.1510416671875 0.11388888906250001
0 0.5697916671875001 0.2509259265625 0.5697916671875001 0.2611111109375 0.5776041671875001 0.275 0.5921875 0.27777777812500004 0.5927083328125 0.275 0.5984375 0.275 0.6005208328125 0.26944444375 0.603125 0.26944444375 0.6036458328125 0.2666666671875 0.6109375 0.2611111109375 0.6125 0.24814814843750002 0.615625 0.2416666671875 0.615625 0.21851851875 0.609375 0.2018518515625 0.6067708328125 0.2018518515625 0.60625 0.1990740734375 0.5807291671875 0.1990740734375 0.5802083328125 0.2018518515625 0.5760416671875 0.2018518515625 0.5713541671875 0.2101851859375 0.5697916671875001 0.22314814843750003 0.5682291671875 0.22407407343750002 0.5682291671875 0.25 0.5697916671875001 0.2509259265625
0 0.6885416671875 0.76944444375 0.6942708328125 0.76944444375 0.6947916671875001 0.772222221875 0.7078125 0.7666666671875 0.715625 0.7416666671875001 0.715625 0.7212962968750001 0.7140625 0.7203703703125 0.7125 0.7046296296875 0.709375 0.6990740734374999 0.6854166671875 0.6990740734374999 0.6822916671875 0.7018518515625 0.6807291671875 0.7074074078125 0.6807291671875 0.7638888890625 0.6880208328124999 0.7666666671875 0.6885416671875 0.76944444375
0 0.2348958328125 0.522222221875 0.23854166718749997 0.5305555562500001 0.25 0.5305555562500001 0.2520833328125 0.525 0.2546875 0.525 0.2552083328125 0.522222221875 0.2609375 0.522222221875 0.2625 0.51944444375 0.2625 0.5148148140625 0.26875 0.5083333328124999 0.26875 0.48518518593750004 0.2671875 0.48425925937500003 0.2671875 0.4796296296875 0.2578125 0.465740740625 0.23854166718749997 0.465740740625 0.23072916718749997 0.4796296296875 0.23072916718749997 0.51944444375 0.2322916671875 0.522222221875 0.2348958328125 0.522222221875
0 0.5322916671875 0.23055555625 0.5348958328125 0.23055555625 0.5354166671875 0.23333333281250002 0.565625 0.23333333281250002 0.575 0.20833333281250002 0.575 0.19351851874999998 0.5734375 0.1925925921875 0.5734375 0.1851851859375 0.5703125 0.18148148125000002 0.56875 0.171296296875 0.565625 0.165740740625 0.5322916671875 0.165740740625 0.5307291671875001 0.16851851874999998 0.5307291671875001 0.225 0.5322916671875 0.2259259265625 0.5322916671875 0.23055555625
0 0.9994791671875 0.6555555562500001 0.9994791671875 0.5768518515625 0.9885416671874999 0.5768518515625 0.9869791671874999 0.5796296296875 0.9869791671874999 0.6388888890625 0.9963541671874999 0.6555555562500001 0.9994791671875 0.6555555562500001
0 0.3151041671875 0.6111111109375 0.3390625 0.6111111109375 0.3421875 0.6083333328125 0.3453125 0.5944444437499999 0.3453125 0.5796296296875 0.3421875 0.565740740625 0.334375 0.5546296296875 0.3072916671875 0.5546296296875 0.3057291671875 0.5574074078125 0.3057291671875 0.597222221875 0.3072916671875 0.602777778125 0.3098958328125 0.602777778125 0.3151041671875 0.6111111109375
0 0.4135416671875 0.45277777812500003 0.42083333281249996 0.45555555625000005 0.4244791671875 0.4611111109375 0.4421875 0.4583333328125 0.4453125 0.45277777812500003 0.4453125 0.43518518593750005 0.4390625 0.42314814843750004 0.4375 0.4018518515625 0.434375 0.3990740734375 0.41822916718750003 0.3990740734375 0.41510416718750004 0.4018518515625 0.41197916718750005 0.41018518593750003 0.41197916718750005 0.44444444375 0.4135416671875 0.4453703703125 0.4135416671875 0.45277777812500003
0 0.2328125 0.675 0.23333333281250002 0.672222221875 0.2375 0.672222221875 0.2390625 0.66944444375 0.2375 0.646296296875 0.2359375 0.64351851875 0.21197916718749998 0.64351851875 0.2088541671875 0.646296296875 0.20572916718749998 0.6546296296875 0.20572916718749998 0.6944444437499999 0.20729166718749997 0.6972222218749999 0.2171875 0.6972222218749999 0.22239583281250003 0.6805555562500001 0.2328125 0.675
0 0.9697916671875 0.9305555562500001 0.9822916671874999 0.9444444437499999 0.9994791671875 0.9444444437499999 0.9994791671875 0.8879629625 0.9713541671874999 0.8879629625 0.9682291671875 0.89351851875 0.9682291671875 0.922222221875 0.9697916671875 0.9231481484374999 0.9697916671875 0.9305555562500001
0 0.2244791671875 0.3861111109375 0.2338541671875 0.4 0.246875 0.4 0.24739583281250002 0.397222221875 0.25 0.397222221875 0.2536458328125 0.3888888890625 0.25625 0.3888888890625 0.2578125 0.38148148125 0.2609375 0.377777778125 0.2609375 0.3546296296875 0.259375 0.353703703125 0.25625 0.3379629625 0.2520833328125 0.3351851859375 0.2515625 0.3324074078125 0.2322916671875 0.3324074078125 0.23177083281250002 0.3351851859375 0.22916666718749998 0.3351851859375 0.2244791671875 0.34629629687499996 0.2244791671875 0.3861111109375
0 0.24479166718749998 0.44166666718750003 0.24739583281250002 0.44166666718750003 0.2510416671875 0.45 0.2578125 0.45 0.26875 0.43055555625 0.26875 0.42314814843750004 0.2703125 0.42222222187499997 0.26875 0.4018518515625 0.2671875 0.3990740734375 0.24635416718749997 0.3990740734375 0.24322916718749998 0.4046296296875 0.24322916718749998 0.43333333281249997 0.24479166718749998 0.434259259375 0.24479166718749998 0.44166666718750003
0 0.3572916671875 0.23055555625 0.3651041671875 0.24444444375000002 0.3734375 0.24444444375000002 0.38125 0.23055555625 0.38125 0.2259259265625 0.3828125 0.225 0.3828125 0.2203703703125 0.384375 0.21944444375 0.384375 0.2046296296875 0.3828125 0.20370370312500002 0.38125 0.19351851874999998 0.378125 0.1879629625 0.3572916671875 0.1879629625 0.3557291671875 0.190740740625 0.3557291671875 0.225 0.3572916671875 0.2259259265625 0.3572916671875 0.23055555625
0 0.7796875 0.997222221875 0.7817708328124999 0.9916666671875 0.784375 0.9916666671875 0.79375 0.975 0.79375 0.9574074078124999 0.7911458328125 0.9574074078124999 0.790625 0.9546296296874999 0.7697916671875 0.9546296296874999 0.7682291671875 0.9574074078124999 0.7682291671875 0.9888888890624999 0.7697916671875 0.9898148140625 0.7713541671875 0.997222221875 0.7796875 0.997222221875
0 0.265625 0.08333333281250001 0.2734375 0.077777778125 0.2765625 0.0666666671875 0.2765625 0.051851851562499995 0.2734375 0.040740740625 0.2708333328125 0.040740740625 0.265625 0.0324074078125 0.2510416671875 0.0324074078125 0.2494791671875 0.0351851859375 0.2494791671875 0.075 0.2588541671875 0.08333333281250001 0.265625 0.08333333281250001
0 0.478125 0.9444444437499999 0.48125 0.9388888890624999 0.48125 0.915740740625 0.4796875 0.9148148140625001 0.4796875 0.9101851859375 0.4770833328125 0.9101851859375 0.4734375 0.9018518515625 0.45729166718750003 0.8990740734375 0.4557291671875 0.9018518515625 0.4557291671875 0.9388888890624999 0.46197916718750004 0.9472222218749999 0.478125 0.9444444437499999
0 0.7338541671875001 0.9305555562500001 0.7546875 0.9333333328125001 0.7609375 0.925 0.7625 0.91944444375 0.7625 0.896296296875 0.7609375 0.890740740625 0.7489583328125 0.890740740625 0.746875 0.8824074078124999 0.7421875 0.8768518515625001 0.7260416671875001 0.8768518515625001 0.7244791671875 0.8796296296874999 0.7244791671875 0.9166666671874999 0.7276041671875 0.922222221875 0.7302083328125 0.922222221875 0.7338541671875001 0.9305555562500001
0 0.1963541671875 0.8888888890625 0.2078125 0.8888888890625 0.20833333281250002 0.8861111109375001 0.2109375 0.8861111109375001 0.2125 0.8731481484374999 0.2171875 0.8638888890624999 0.21875 0.8379629625 0.215625 0.8324074078124999 0.2026041671875 0.8324074078124999 0.20208333281250002 0.8351851859374999 0.1822916671875 0.8324074078124999 0.1807291671875 0.8351851859374999 0.1807291671875 0.875 0.1864583328125 0.877777778125 0.1963541671875 0.8888888890625
0 0.875 0.6666666671875 0.875 0.646296296875 0.8734375 0.64351851875 0.8557291671874999 0.64351851875 0.8552083328125001 0.646296296875 0.8510416671875 0.646296296875 0.8494791671874999 0.672222221875 0.8526041671875 0.6777777781250001 0.8703125 0.675 0.875 0.6666666671875
0 0.5635416671875 0.934259259375 0.5619791671875001 0.9351851859375 0.5619791671875001 0.952777778125 0.5651041671875 0.9611111109375001 0.5807291671875 0.9620370375 0.5807291671875 0.9666666671874999 0.5822916671875 0.9675925921875 0.5807291671875 0.9833333328125 0.5822916671875 0.984259259375 0.5838541671875 0.99444444375 0.5864583328124999 0.99444444375 0.5869791671875 0.997222221875 0.5984375 0.997222221875 0.6015625 0.9888888890624999 0.6015625 0.9731481484375 0.6067708328125 0.9666666671874999 0.609375 0.9666666671874999 0.615625 0.952777778125 0.6125 0.9268518515625 0.6078125 0.9203703703125001 0.6078125 0.915740740625 0.6046875 0.9101851859375 0.5760416671875 0.9101851859375 0.5723958328125 0.91851851875 0.5697916671875001 0.91851851875 0.5635416671875 0.9296296296875 0.5635416671875 0.934259259375
0 0.2984375 0.21944444375 0.3015625 0.197222221875 0.3 0.1824074078125 0.296875 0.1768518515625 0.2822916671875 0.1768518515625 0.28072916718749996 0.17962962968750001 0.2822916671875 0.21944444375 0.2854166671875 0.222222221875 0.2984375 0.21944444375
0 0.2854166671875 0.6638888890625 0.3015625 0.6638888890625 0.30625 0.65 0.3046875 0.6351851859375001 0.3015625 0.63148148125 0.3015625 0.6268518515625 0.2984375 0.621296296875 0.2822916671875 0.621296296875 0.28072916718749996 0.6240740734375 0.28072916718749996 0.6555555562500001 0.2822916671875 0.6611111109375 0.2854166671875 0.6638888890625
0 0.4625 0.34722222187499996 0.46302083281249995 0.34444444375 0.4671875 0.34444444375 0.475 0.33055555625 0.475 0.3129629625 0.4734375 0.3120370375 0.4734375 0.3046296296875 0.46875 0.29907407343750003 0.4526041671875 0.29907407343750003 0.44947916718750003 0.3046296296875 0.44947916718750003 0.3416666671875 0.4526041671875 0.34722222187499996 0.4625 0.34722222187499996
0 0.1354166671875 0.6916666671875 0.1484375 0.6888888890625 0.1546875 0.6777777781250001 0.1546875 0.6629629625 0.1515625 0.6574074078125001 0.14895833281249998 0.6574074078125001 0.1484375 0.6546296296875 0.13229166718750002 0.6546296296875 0.1307291671875 0.6574074078125001 0.1307291671875 0.6861111109375 0.13229166718750002 0.6888888890625 0.1348958328125 0.6888888890625 0.1354166671875 0.6916666671875
0 0.9947916671874999 0.6638888890625 0.9994791671875 0.6638888890625 0.9994791671875 0.5990740734375 0.9822916671874999 0.5990740734375 0.9822916671874999 0.6388888890625 0.9838541671875 0.64444444375 0.9916666671875 0.6481481484375 0.9947916671874999 0.6638888890625
0 0.203125 0.9 0.2125 0.8833333328125 0.2125 0.8759259265624999 0.2140625 0.875 0.2140625 0.8703703703125001 0.215625 0.86944444375 0.2171875 0.8601851859374999 0.215625 0.8574074078124999 0.18802083281249998 0.8574074078124999 0.1875 0.8546296296874999 0.1822916671875 0.8546296296874999 0.1807291671875 0.8574074078124999 0.1807291671875 0.88055555625 0.1822916671875 0.88148148125 0.1822916671875 0.8861111109375001 0.1901041671875 0.9 0.203125 0.9
0 0.5973958328125 0.6972222218749999 0.6046875 0.6944444437499999 0.6046875 0.6898148140625 0.6078125 0.6861111109375 0.60625 0.66851851875 0.603125 0.665740740625 0.5760416671875 0.665740740625 0.5744791671875 0.66851851875 0.5744791671875 0.7 0.5776041671875001 0.7083333328125 0.590625 0.7083333328125 0.5973958328125 0.6972222218749999
0 0.4223958328125 0.397222221875 0.425 0.397222221875 0.42864583281249996 0.3888888890625 0.43125 0.3888888890625 0.434375 0.38333333281250004 0.434375 0.371296296875 0.4265625 0.3574074078125 0.42395833281249995 0.3574074078125 0.4234375 0.3546296296875 0.40729166718750004 0.3546296296875 0.4057291671875 0.3574074078125 0.4057291671875 0.39444444375 0.4088541671875 0.4 0.421875 0.4 0.4223958328125 0.397222221875
0 0.153125 0.9685185187500001 0.15 0.965740740625 0.13229166718750002 0.965740740625 0.1307291671875 0.9833333328125 0.1338541671875 0.9888888890624999 0.146875 0.9888888890624999 0.15 0.9861111109375 0.153125 0.9685185187500001
0 0.2828125 0.004629629687499999 0.2796875 0 0.2619791671875 0.0018518515625 0.2635416671875 0.025 0.278125 0.025 0.2828125 0.019444443750000002 0.2828125 0.004629629687499999
0 0.2296875 0.8 0.2328125 0.797222221875 0.2359375 0.7861111109375 0.23125 0.7768518515625 0.20729166718749997 0.7768518515625 0.20572916718749998 0.7796296296875 0.20572916718749998 0.7888888890625 0.2088541671875 0.79444444375 0.21979166718749998 0.8 0.2296875 0.8
0 0.3963541671875 0.4583333328125 0.409375 0.45277777812500003 0.409375 0.4379629625 0.40625 0.43148148124999997 0.40625 0.4203703703125 0.4078125 0.41944444374999995 0.4078125 0.415740740625 0.403125 0.41018518593750003 0.3963541671875 0.4129629625 0.3932291671875 0.42129629687500003 0.3932291671875 0.45277777812500003 0.3963541671875 0.4583333328125
0 0.9921875 0.6888888890625 0.9973958328125001 0.6777777781250001 0.9994791671875 0.6777777781250001 0.9994791671875 0.6518518515625 0.9973958328125001 0.6518518515625 0.9953125 0.646296296875 0.9927083328125 0.646296296875 0.9875 0.6351851859375001 0.9848958328125 0.6351851859375001 0.984375 0.6324074078125 0.9760416671875 0.6324074078125 0.9744791671874999 0.6351851859375001 0.9744791671874999 0.675 0.9822916671874999 0.6888888890625 0.9921875 0.6888888890625
0 0.6119791671875 0.2638888890625 0.6135416671875 0.2666666671875 0.6177083328124999 0.2666666671875 0.6182291671875 0.26944444375 0.6296875 0.2666666671875 0.6359375 0.252777778125 0.6359375 0.246296296875 0.63125 0.2370370375 0.63125 0.22407407343750002 0.628125 0.221296296875 0.6135416671875 0.22407407343750002 0.6135416671875 0.23148148124999998 0.6119791671875 0.23240740781250002 0.6119791671875 0.2638888890625
0 0.403125 0.45277777812500003 0.4015625 0.4240740734375 0.3984375 0.42129629687500003 0.3838541671875 0.42129629687500003 0.3807291671875 0.4268518515625 0.3807291671875 0.45277777812500003 0.3838541671875 0.4583333328125 0.3953125 0.4583333328125 0.403125 0.45277777812500003