0 0.0109375 0.240625 0.021875 0.059375
0 0.14921875 0.234375 0.0265625 0.05625
0 0.1265625 0.24140625 0.01484375 0.0390625
0 0.15234375 0.02578125 0.03359375 0.05
0 0.11484375 0.565625 0.0359375 0.0640625
0 0.1375 0.50625 0.028125 0.05625
0 0.2109375 0.8984375 0.02578125 0.0484375
0 0.21953125 0.67734375 0.03125 0.04921875
0 0.2640625 0.4171875 0.0265625 0.053125
0 0.42265625 0.40078125 0.04140625 0.08203125
0 0.1625 0.46875 0.02578125 0.04921875
0 0.5265625 0.70078125 0.0296875 0.046875
0 0.67265625 0.4609375 0.0375 0.075
0 0.484375 0.3515625 0.03828125 0.06796875
0 0.54375 0.3828125 0.0375 0.071875
0 0.4625 0.121875 0.03046875 0.0578125
0 0.740625 0.28671875 0.0453125 0.09453125
0 0.7546875 0.2046875 0.04375 0.06953125
0 0.92890625 0.84609375 0.05859375 0.08046875
0 0.54453125 0.12421875 0.0375 0.053125
0 0.70625 0.28046875 0.02421875 0.05703125
0 0.85390625 0.2 0.04609375 0.0859375
0 0.8359375 0.49921875 0.03828125 0.06328125
0 0.6015625 0.73515625 0.02734375 0.0515625
0 0.6375 0.71484375 0.0375 0.06171875
0 0.2265625 0.8296875 0.0234375 0.03828125
0 0.21640625 0.01484375 0.03203125 0.0296875
0 0.21796875 0.2125 0.0265625 0.05234375