0 0 0.984375 0.0048828125 0.9895833328125001 0.015625 0.987847221875 0.0244140625 0.9826388890625 0.0390625 0.9600694437499999 0.041015625 0.9392361109375 0.0322265625 0.9131944437499999 0.0263671875 0.9131944437499999 0.0166015625 0.902777778125 0.0107421875 0.902777778125 0.0048828125 0.90625 0 0.9149305562500001 0 0.984375
0 0.0625 0.42534722187499996 0.0595703125 0.4201388890625 0.0517578125 0.4201388890625 0.0498046875 0.4166666671875 0.0361328125 0.4166666671875 0.033203125 0.421875 0.03515625 0.45659722187499996 0.0439453125 0.4791666671875 0.05078125 0.47743055625 0.056640625 0.4704861109375 0.05859375 0.4427083328125 0.0625 0.4322916671875 0.0625 0.42534722187499996
0 0.43359375 0.671875 0.431640625 0.6545138890625 0.427734375 0.640625 0.4169921875 0.621527778125 0.4130859375 0.6180555562500001 0.3935546875 0.6180555562500001 0.3837890625 0.628472221875 0.375 0.644097221875 0.373046875 0.6649305562500001 0.37109375 0.668402778125 0.373046875 0.6927083328125 0.37890625 0.706597221875 0.3876953125 0.71875 0.416015625 0.7170138890625 0.4228515625 0.7118055562500001 0.431640625 0.6892361109375 0.431640625 0.675347221875 0.43359375 0.671875
0 0.21484375 0.3454861109375 0.2080078125 0.3298611109375 0.1962890625 0.31597222187499996 0.1845703125 0.30902777812500004 0.1767578125 0.30902777812500004 0.1669921875 0.31597222187499996 0.15234375 0.3420138890625 0.1484375 0.36284722187499996 0.150390625 0.38368055624999997 0.15625 0.4045138890625 0.1689453125 0.4166666671875 0.1767578125 0.4166666671875 0.1787109375 0.4201388890625 0.193359375 0.41840277812500004 0.2021484375 0.41319444375 0.208984375 0.4010416671875 0.21484375 0.3732638890625 0.21484375 0.3454861109375
0 0.076171875 0.9010416671874999 0.0634765625 0.878472221875 0.0595703125 0.875 0.0478515625 0.875 0.044921875 0.8836805562500001 0.0498046875 0.8923611109375 0.0615234375 0.8958333328125001 0.068359375 0.9114583328125001 0.0673828125 0.9305555562500001 0.0498046875 0.90625 0.041015625 0.9079861109375 0.0390625 0.9149305562500001 0.041015625 0.953125 0.0478515625 0.9583333328125001 0.0546875 0.956597221875 0.0615234375 0.9548611109375 0.07421875 0.9392361109375 0.076171875 0.9322916671874999 0.076171875 0.9010416671874999
0 0.392578125 0.296875 0.390625 0.2864583328125 0.38671875 0.2760416671875 0.3759765625 0.2604166671875 0.3583984375 0.2604166671875 0.353515625 0.26909722187499996 0.353515625 0.2760416671875 0.357421875 0.2864583328125 0.357421875 0.3177083328125 0.34375 0.3454861109375 0.3486328125 0.3541666671875 0.3603515625 0.3576388890625 0.3623046875 0.3611111109375 0.365234375 0.359375 0.3798828125 0.35069444375000003 0.390625 0.33159722187499996 0.392578125 0.32118055624999997 0.392578125 0.296875
0 0.37109375 0.6788194437499999 0.37109375 0.6614583328125 0.3681640625 0.659722221875 0.361328125 0.6857638890625 0.3583984375 0.6875 0.35546875 0.6822916671875 0.35546875 0.675347221875 0.359375 0.668402778125 0.3583984375 0.652777778125 0.3505859375 0.652777778125 0.3388671875 0.6631944437499999 0.3359375 0.675347221875 0.3359375 0.6857638890625 0.33984375 0.703125 0.3486328125 0.71875 0.353515625 0.7170138890625 0.35546875 0.699652778125 0.3603515625 0.690972221875 0.3662109375 0.690972221875 0.37109375 0.6788194437499999
0 0.357421875 0.3177083328125 0.357421875 0.2864583328125 0.3515625 0.265625 0.3427734375 0.25 0.3388671875 0.246527778125 0.3251953125 0.246527778125 0.3232421875 0.24305555625 0.3134765625 0.25 0.302734375 0.27256944375000003 0.298828125 0.29340277812500004 0.298828125 0.3107638890625 0.3046875 0.33159722187499996 0.3115234375 0.34375 0.3232421875 0.35069444375000003 0.328125 0.3489583328125 0.3388671875 0.34722222187499996 0.3466796875 0.34027777812500004 0.35546875 0.32465277812500004 0.357421875 0.3177083328125
0 0.5244140625 0.15972222187500001 0.5087890625 0.16319444375 0.5068359375 0.1666666671875 0.5029296875 0.16319444375 0.494140625 0.17534722187500001 0.49609375 0.19965277812499999 0.5029296875 0.21180555625 0.5146484375 0.21875 0.5234375 0.21701388906250002 0.5390625 0.1927083328125 0.5390625 0.1822916671875 0.5283203125 0.16319444375 0.5244140625 0.15972222187500001
0 0.9873046875 0.5 0.9755859375 0.503472221875 0.9697265625 0.5243055562500001 0.958984375 0.5260416671875 0.958984375 0.5329861109375 0.955078125 0.543402778125 0.95703125 0.5677083328125 0.9658203125 0.5868055562500001 0.9755859375 0.590277778125 0.9873046875 0.6006944437499999 0.994140625 0.5989583328125 1 0.5954861109375 0.9990234375 0.49652777812500004 0.9892578125 0.49652777812500004 0.9873046875 0.5
0 0.5625 0.2552083328125 0.5625 0.21701388906250002 0.56640625 0.203125 0.5615234375 0.19444444375 0.5419921875 0.19444444375 0.5380859375 0.1979166671875 0.521484375 0.230902778125 0.525390625 0.26215277812500004 0.5400390625 0.2916666671875 0.544921875 0.28993055624999997 0.5595703125 0.27777777812500004 0.5634765625 0.27777777812500004 0.56640625 0.27256944375000003 0.5625 0.2552083328125
0 0.6171875 0.22395833281250002 0.61328125 0.21006944375 0.6064453125 0.1979166671875 0.5927734375 0.1875 0.5810546875 0.1875 0.56640625 0.203125 0.5625 0.21701388906250002 0.5625 0.2517361109375 0.56640625 0.26909722187499996 0.5732421875 0.28125 0.5849609375 0.2916666671875 0.599609375 0.28993055624999997 0.6064453125 0.28472222187499996 0.615234375 0.26215277812500004 0.6171875 0.2517361109375 0.6171875 0.22395833281250002
0 0.306640625 0.824652778125 0.30859375 0.8211805562500001 0.306640625 0.8177083328125001 0.306640625 0.8072916671874999 0.3037109375 0.7986111109375 0.2998046875 0.7986111109375 0.2900390625 0.809027778125 0.291015625 0.7829861109375 0.2890625 0.7760416671875 0.2802734375 0.7673611109375 0.2685546875 0.7708333328125 0.2578125 0.7864583328125 0.251953125 0.8038194437499999 0.25 0.8142361109375 0.251953125 0.8454861109375 0.2568359375 0.8576388890625 0.2705078125 0.875 0.2763671875 0.875 0.2783203125 0.871527778125 0.2822265625 0.875 0.2890625 0.8732638890625 0.30078125 0.855902778125 0.30078125 0.8489583328125001 0.306640625 0.8350694437499999 0.306640625 0.824652778125
0 0.5078125 0.1197916671875 0.50390625 0.10243055625 0.4951171875 0.08680555625 0.4892578125 0.08680555625 0.484375 0.09548611093750001 0.4794921875 0.121527778125 0.474609375 0.11631944375 0.47265625 0.09548611093750001 0.4658203125 0.08680555625 0.4599609375 0.08680555625 0.44921875 0.109375 0.447265625 0.1197916671875 0.447265625 0.14409722187500001 0.451171875 0.16493055625 0.4619140625 0.18055555625 0.47265625 0.1822916671875 0.4912109375 0.17361111093749998 0.4970703125 0.1666666671875 0.50390625 0.1510416671875 0.5078125 0.1197916671875
0 0.2919921875 0.20833333281250002 0.2880859375 0.1979166671875 0.2783203125 0.1979166671875 0.275390625 0.206597221875 0.275390625 0.21701388906250002 0.279296875 0.230902778125 0.2880859375 0.246527778125 0.2998046875 0.25694444375000003 0.302734375 0.2552083328125 0.310546875 0.2517361109375 0.310546875 0.230902778125 0.306640625 0.22048611093749998 0.2919921875 0.20833333281250002
0 0.056640625 0.3420138890625 0.0546875 0.33159722187499996 0.0498046875 0.3263888890625 0.044921875 0.33159722187499996 0.033203125 0.3732638890625 0.0341796875 0.3923611109375 0.0380859375 0.3958333328125 0.046875 0.39409722187499996 0.0595703125 0.3923611109375 0.064453125 0.3802083328125 0.0625 0.35243055624999997 0.056640625 0.3420138890625
0 1 0.6545138890625 0.9912109375 0.652777778125 0.982421875 0.6649305562500001 0.986328125 0.675347221875 0.986328125 0.7135416671875 0.9921875 0.734375 0.9990234375 0.746527778125 1 0.7447916671875 1 0.6545138890625
0 0.0419921875 0.4826388890625 0.0361328125 0.4826388890625 0.0322265625 0.4861111109375 0.02734375 0.4982638890625 0.02734375 0.5225694437499999 0.0361328125 0.534722221875 0.044921875 0.5329861109375 0.048828125 0.5295138890625 0.048828125 0.5086805562500001 0.044921875 0.48784722187499996 0.0419921875 0.4826388890625
0 0.4755859375 0.1875 0.4658203125 0.18402777812499999 0.4560546875 0.17361111093749998 0.44921875 0.15798611093749998 0.44921875 0.14409722187500001 0.4462890625 0.13888888906250002 0.4423828125 0.14236111093749998 0.435546875 0.16840277812499999 0.435546875 0.18576388906250002 0.439453125 0.203125 0.4521484375 0.21875 0.47265625 0.21701388906250002 0.4755859375 0.215277778125 0.482421875 0.19965277812499999 0.4794921875 0.1979166671875 0.4755859375 0.1875
0 0.8212890625 0.46527777812500004 0.81640625 0.48090277812500004 0.8193359375 0.49305555625 0.830078125 0.49131944375 0.841796875 0.47743055625 0.841796875 0.4635416671875 0.8349609375 0.4548611109375 0.8212890625 0.46527777812500004
0 0.8017578125 0.3611111109375 0.794921875 0.3767361109375 0.794921875 0.39409722187499996 0.7998046875 0.40277777812500004 0.810546875 0.4010416671875 0.81640625 0.39409722187499996 0.81640625 0.3697916671875 0.8115234375 0.3611111109375 0.8017578125 0.3611111109375
0 0.6103515625 0.75 0.607421875 0.7552083328125 0.607421875 0.7725694437499999 0.6103515625 0.777777778125 0.623046875 0.7760416671875 0.625 0.7725694437499999 0.625 0.7586805562500001 0.6201171875 0.75 0.6103515625 0.75
0 0.6376953125 0.31597222187499996 0.6259765625 0.3263888890625 0.6220703125 0.31597222187499996 0.6123046875 0.31944444375000003 0.609375 0.32465277812500004 0.609375 0.3420138890625 0.6162109375 0.3541666671875 0.6240234375 0.3611111109375 0.62890625 0.359375 0.6376953125 0.3576388890625 0.640625 0.35243055624999997 0.640625 0.32118055624999997 0.6376953125 0.31597222187499996
0 0.4072265625 0.7326388890625 0.4052734375 0.7291666671875 0.3994140625 0.7326388890625 0.3984375 0.7517361109375 0.4111328125 0.7673611109375 0.4150390625 0.7708333328125 0.41796875 0.769097221875 0.423828125 0.7517361109375 0.423828125 0.7447916671875 0.4169921875 0.7326388890625 0.4072265625 0.7326388890625
0 0.6005859375 0.753472221875 0.5908203125 0.753472221875 0.5859375 0.762152778125 0.5859375 0.7829861109375 0.5908203125 0.7916666671875 0.60546875 0.7899305562500001 0.607421875 0.7864583328125 0.607421875 0.7725694437499999 0.603515625 0.7586805562500001 0.6005859375 0.753472221875
0 0.0380859375 0.3333333328125 0.041015625 0.328125 0.0400390625 0.3263888890625 0.0361328125 0.3263888890625 0.0302734375 0.31944444375000003 0.0234375 0.32118055624999997 0.021484375 0.3385416671875 0.015625 0.35243055624999997 0.015625 0.36284722187499996 0.0185546875 0.36805555624999997 0.021484375 0.36631944375000003 0.025390625 0.35590277812500004 0.025390625 0.3454861109375 0.0302734375 0.33680555624999997 0.0380859375 0.3333333328125
0 0.134765625 0.7204861109375 0.1318359375 0.715277778125 0.1220703125 0.715277778125 0.1181640625 0.7291666671875 0.1162109375 0.7256944437499999 0.1064453125 0.7256944437499999 0.0908203125 0.746527778125 0.0830078125 0.75 0.078125 0.762152778125 0.080078125 0.7725694437499999 0.0888671875 0.78125 0.0966796875 0.777777778125 0.1005859375 0.784722221875 0.10546875 0.7829861109375 0.1181640625 0.7673611109375 0.1240234375 0.7673611109375 0.1328125 0.7517361109375 0.134765625 0.7204861109375
0 0.8212890625 0.22916666718749998 0.814453125 0.237847221875 0.814453125 0.2517361109375 0.8193359375 0.2604166671875 0.826171875 0.25868055624999997 0.830078125 0.2552083328125 0.830078125 0.237847221875 0.8251953125 0.22916666718749998 0.8212890625 0.22916666718749998
0 0.1572265625 0.6423611109375 0.150390625 0.6510416671875 0.150390625 0.6649305562500001 0.15234375 0.668402778125 0.15234375 0.6788194437499999 0.154296875 0.6788194437499999 0.1572265625 0.6770833328125 0.166015625 0.6579861109375 0.1650390625 0.6423611109375 0.1572265625 0.6423611109375
0 0.505859375 0.1302083328125 0.5078125 0.12673611093749998 0.505859375 0.109375 0.4951171875 0.08680555625 0.4892578125 0.08680555625 0.484375 0.09548611093750001 0.4794921875 0.121527778125 0.4755859375 0.11805555625 0.470703125 0.1197916671875 0.470703125 0.13368055625 0.474609375 0.13715277812499999 0.478515625 0.15451388906250002 0.478515625 0.171875 0.4765625 0.17534722187500001 0.482421875 0.17534722187500001 0.4970703125 0.1666666671875 0.50390625 0.1510416671875 0.505859375 0.140625 0.505859375 0.1302083328125
0 0.6376953125 0.6180555562500001 0.6357421875 0.621527778125 0.626953125 0.6232638890625 0.6279296875 0.6354166671875 0.6337890625 0.6388888890625 0.6396484375 0.6354166671875 0.6435546875 0.6458333328125 0.6474609375 0.6493055562500001 0.65234375 0.6475694437499999 0.65625 0.6336805562500001 0.6513671875 0.621527778125 0.6416015625 0.625 0.6376953125 0.6180555562500001
0 0.0166015625 0.2951388890625 0.0009765625 0.2916666671875 0 0.32118055624999997 0.001953125 0.32118055624999997 0.0146484375 0.30902777812500004 0.0263671875 0.31944444375000003 0.02734375 0.3107638890625 0.0166015625 0.2951388890625
0 0.7490234375 0.28125 0.74609375 0.2864583328125 0.74609375 0.30034722187499996 0.7529296875 0.30902777812500004 0.7578125 0.3072916671875 0.76171875 0.30381944375000003 0.76171875 0.28993055624999997 0.7568359375 0.28125 0.7490234375 0.28125
0 0.6748046875 0.16319444375 0.6689453125 0.16319444375 0.6640625 0.17534722187500001 0.66015625 0.203125 0.6630859375 0.20833333281250002 0.67578125 0.206597221875 0.677734375 0.203125 0.677734375 0.1822916671875 0.6796875 0.17881944375 0.6748046875 0.16319444375
0 0.1318359375 0.715277778125 0.1220703125 0.715277778125 0.119140625 0.7204861109375 0.12109375 0.7274305562500001 0.12109375 0.7552083328125 0.119140625 0.7586805562500001 0.1220703125 0.7638888890625 0.126953125 0.762152778125 0.134765625 0.7447916671875 0.1328125 0.7413194437499999 0.134765625 0.7204861109375 0.1318359375 0.715277778125
0 0.8369140625 0.22569444375 0.830078125 0.234375 0.830078125 0.24479166718749998 0.8330078125 0.25347222187499996 0.84375 0.2517361109375 0.84765625 0.24479166718749998 0.84765625 0.234375 0.8427734375 0.22569444375 0.8369140625 0.22569444375
0 0.134765625 0.7204861109375 0.1318359375 0.715277778125 0.1220703125 0.715277778125 0.1201171875 0.7291666671875 0.1064453125 0.7256944437499999 0.091796875 0.7447916671875 0.091796875 0.7552083328125 0.095703125 0.7725694437499999 0.1025390625 0.784722221875 0.10546875 0.7829861109375 0.1181640625 0.7638888890625 0.1240234375 0.7638888890625 0.1328125 0.7517361109375 0.134765625 0.7204861109375
0 0.0595703125 0.8506944437499999 0.0439453125 0.8368055562500001 0.03125 0.8385416671874999 0.044921875 0.8524305562500001 0.0478515625 0.875 0.0625 0.8732638890625 0.06640625 0.862847221875 0.06640625 0.855902778125 0.0634765625 0.8506944437499999 0.0595703125 0.8506944437499999
0 0.64453125 0.5850694437499999 0.642578125 0.6024305562500001 0.6455078125 0.6076388890625 0.65234375 0.605902778125 0.662109375 0.5954861109375 0.6611328125 0.5833333328125 0.6494140625 0.5798611109375 0.64453125 0.5850694437499999