0 0.0947916671875 0.7416666671875001 0.109375 0.7416666671875001 0.1130208328125 0.7333333328125 0.1171875 0.73055555625 0.1203125 0.7018518515625 0.11875 0.7009259265625001 0.11875 0.690740740625 0.1171875 0.6851851859375 0.1140625 0.684259259375 0.1140625 0.6796296296875 0.1109375 0.6768518515624999 0.0822916671875 0.6768518515624999 0.08072916718749999 0.6796296296875 0.08072916718749999 0.722222221875 0.0838541671875 0.73055555625 0.09114583281250001 0.7333333328125 0.0947916671875 0.7416666671875001
0 0.9385416671875 0.08055555625000001 0.9401041671874999 0.08333333281250001 0.953125 0.0861111109375 0.9552083328125001 0.08055555625000001 0.9609375 0.077777778125 0.9625 0.075 0.9625 0.046296296875 0.9546875 0.0324074078125 0.9385416671875 0.0324074078125 0.9369791671875 0.0351851859375 0.9369791671875 0.075 0.9385416671875 0.0759259265625 0.9385416671875 0.08055555625000001
0 0.2947916671875 0.1416666671875 0.3036458328125 0.14444444375 0.30416666718749996 0.147222221875 0.315625 0.147222221875 0.325 0.127777778125 0.325 0.1101851859375 0.3234375 0.109259259375 0.3234375 0.1046296296875 0.321875 0.10185185156250001 0.3140625 0.10092592656249999 0.3109375 0.07962962968750001 0.3083333328125 0.07962962968750001 0.3078125 0.07685185156249999 0.2947916671875 0.07685185156249999 0.2932291671875 0.07962962968750001 0.2932291671875 0.1361111109375 0.2947916671875 0.13703703750000001 0.2947916671875 0.1416666671875
0 0.1651041671875 0.2916666671875 0.1796875 0.2888888890625 0.18125 0.28611111093749997 0.18125 0.26574074062499997 0.175 0.253703703125 0.178125 0.2379629625 0.1734375 0.23240740781250002 0.1572916671875 0.23240740781250002 0.15572916718750002 0.23518518593749999 0.15572916718750002 0.28611111093749997 0.16458333281249998 0.2888888890625 0.1651041671875 0.2916666671875
0 0.8807291671874999 0.21944444375 0.8822916671875 0.222222221875 0.8864583328125001 0.222222221875 0.8869791671874999 0.225 0.9 0.225 0.90625 0.2166666671875 0.9078125 0.17962962968750001 0.90625 0.178703703125 0.90625 0.171296296875 0.903125 0.165740740625 0.8916666671875 0.165740740625 0.8911458328125 0.16851851874999998 0.8885416671874999 0.16851851874999998 0.8807291671874999 0.1851851859375 0.8807291671874999 0.21944444375
0 0.5447916671875 0.375 0.5578125 0.375 0.5640625 0.3638888890625 0.5640625 0.3490740734375 0.5625 0.3481481484375 0.5625 0.34351851875 0.5578125 0.3398148140625 0.5578125 0.32592592656249997 0.5625 0.31944444375000003 0.5625 0.3129629625 0.5598958328125 0.3129629625 0.559375 0.3101851859375 0.5447916671875 0.3101851859375 0.5369791671875 0.3240740734375 0.5369791671875 0.3638888890625 0.5411458328125 0.36666666718749996 0.5447916671875 0.375
0 0.22239583281250003 0.23055555625 0.2260416671875 0.2388888890625 0.234375 0.2388888890625 0.23802083281250003 0.23333333281250002 0.2453125 0.23055555625 0.2578125 0.20833333281250002 0.2578125 0.2009259265625 0.259375 0.2 0.259375 0.17962962968750001 0.2578125 0.178703703125 0.2578125 0.1740740734375 0.2546875 0.165740740625 0.21979166718749998 0.165740740625 0.2182291671875 0.16851851874999998 0.2182291671875 0.2166666671875 0.21979166718749998 0.2175925921875 0.21979166718749998 0.23055555625 0.22239583281250003 0.23055555625
0 0.2927083328125 0.2 0.2932291671875 0.20277777812500003 0.3015625 0.20277777812500003 0.3020833328125 0.2 0.3109375 0.197222221875 0.3125 0.1870370375 0.3171875 0.177777778125 0.3171875 0.1601851859375 0.3046875 0.14351851875 0.28854166718749996 0.14351851875 0.2869791671875 0.146296296875 0.2869791671875 0.197222221875 0.28854166718749996 0.2 0.2927083328125 0.2
0 0.5552083328124999 0.04444444375 0.5609375 0.0416666671875 0.5625 0.03148148125 0.5671875 0.022222221875 0.5671875 0.0018518515625 0.5640625 0 0.5307291671875001 0.0018518515625 0.5307291671875001 0.0388888890625 0.5385416671875001 0.047222221875 0.5546875 0.047222221875 0.5552083328124999 0.04444444375
0 0.1572916671875 0.61944444375 0.165625 0.6166666671875001 0.1661458328125 0.6138888890625 0.16875 0.6138888890625 0.1692708328125 0.6111111109375 0.175 0.6083333328125 0.18125 0.597222221875 0.18125 0.5796296296875 0.178125 0.5759259265625001 0.178125 0.571296296875 0.1765625 0.56851851875 0.1739583328125 0.56851851875 0.1734375 0.565740740625 0.1447916671875 0.565740740625 0.1432291671875 0.56851851875 0.1432291671875 0.597222221875 0.1510416671875 0.6111111109375 0.1536458328125 0.6111111109375 0.1572916671875 0.61944444375
0 0.48229166718750005 0.8620370375 0.48072916718750003 0.8629629624999999 0.48072916718750003 0.9 0.48229166718750005 0.9009259265624999 0.48229166718750005 0.9055555562500001 0.4838541671875 0.9083333328125001 0.4895833328125 0.9111111109375001 0.4994791671875 0.9305555562500001 0.5046875 0.9333333328125001 0.5052083328125 0.9305555562500001 0.5078125 0.9305555562500001 0.5125 0.922222221875 0.5125 0.9175925921875001 0.51875 0.9083333328125001 0.51875 0.8768518515625001 0.5171875 0.8759259265624999 0.5171875 0.86851851875 0.5140625 0.8648148140625 0.5140625 0.8601851859374999 0.50625 0.8462962968750001 0.5036458328125 0.8462962968750001 0.503125 0.8435185187500001 0.48854166718750003 0.8435185187500001 0.48541666718750004 0.8490740734375001 0.48541666718750004 0.853703703125 0.48229166718750005 0.8574074078124999 0.48229166718750005 0.8620370375
0 0.28125 0.6111111109375 0.2859375 0.60555555625 0.290625 0.5861111109375 0.2890625 0.56851851875 0.2838541671875 0.565740740625 0.2786458328125 0.5740740734374999 0.2708333328125 0.5740740734374999 0.2703125 0.56851851875 0.2671875 0.565740740625 0.25729166718749996 0.565740740625 0.2557291671875 0.56851851875 0.2557291671875 0.597222221875 0.2604166671875 0.6083333328125 0.2635416671875 0.6111111109375 0.28125 0.6111111109375
0 0.8760416671875 0.597222221875 0.8817708328125 0.597222221875 0.8822916671875 0.6 0.890625 0.597222221875 0.8953125 0.5861111109375 0.89375 0.546296296875 0.890625 0.54351851875 0.8697916671874999 0.54351851875 0.8682291671875 0.546296296875 0.8682291671875 0.5861111109375 0.8723958328125001 0.5888888890625 0.8760416671875 0.597222221875
0 0.8682291671875 0.625 0.878125 0.622222221875 0.88125 0.6129629624999999 0.8796875 0.6120370375 0.8796875 0.6018518515625 0.875 0.5953703703125 0.875 0.590740740625 0.8708333328125001 0.5879629625 0.8671875 0.5768518515625 0.8572916671874999 0.5768518515625 0.8557291671874999 0.5796296296875 0.8572916671874999 0.61944444375 0.8677083328125 0.622222221875 0.8682291671875 0.625
0 0.9484375 0.20277777812500003 0.95625 0.1833333328125 0.95625 0.1518518515625 0.9546875 0.146296296875 0.9505208328125001 0.146296296875 0.95 0.14351851875 0.9369791671875 0.14351851875 0.9307291671875 0.1546296296875 0.9307291671875 0.197222221875 0.9322916671874999 0.20277777812500003 0.9484375 0.20277777812500003
0 0.1447916671875 0.88055555625 0.1541666671875 0.8916666671875 0.1671875 0.8916666671875 0.1677083328125 0.8888888890625 0.1734375 0.8861111109375001 0.175 0.8759259265624999 0.1796875 0.8666666671875 0.1796875 0.8490740734375001 0.1765625 0.8453703703125001 0.175 0.8351851859374999 0.1734375 0.8324074078124999 0.1510416671875 0.8324074078124999 0.1505208328125 0.8351851859374999 0.1463541671875 0.8351851859374999 0.1432291671875 0.8435185187500001 0.1432291671875 0.875 0.1447916671875 0.8759259265624999 0.1447916671875 0.88055555625
0 0.5473958328124999 0.7046296296875 0.5442708328125 0.7046296296875 0.5421875 0.6990740734374999 0.5385416671875001 0.7018518515625 0.5385416671875001 0.70648148125 0.5369791671875 0.7074074078125 0.5369791671875 0.7333333328125 0.5416666671875 0.74444444375 0.5442708328125 0.74444444375 0.5447916671875 0.747222221875 0.5609375 0.74444444375 0.56875 0.73055555625 0.5671875 0.715740740625 0.5625 0.70648148125 0.5625 0.690740740625 0.5609375 0.6879629625 0.5510416671875 0.690740740625 0.5510416671875 0.6953703703125 0.5479166671875 0.6990740734374999 0.5473958328124999 0.7046296296875
0 0.1432291671875 0.5333333328125 0.1447916671875 0.534259259375 0.1447916671875 0.5388888890625 0.1494791671875 0.54444444375 0.15677083281249998 0.54444444375 0.1572916671875 0.547222221875 0.1630208328125 0.547222221875 0.16354166718750002 0.55 0.1765625 0.5416666671875 0.178125 0.5240740734375 0.17239583281249998 0.521296296875 0.1640625 0.503703703125 0.165625 0.502777778125 0.165625 0.49259259218749996 0.1671875 0.4916666671875 0.1671875 0.4796296296875 0.165625 0.4768518515625 0.1541666671875 0.4768518515625 0.1536458328125 0.4796296296875 0.1510416671875 0.4796296296875 0.1447916671875 0.49351851875 0.1447916671875 0.5009259265625 0.1432291671875 0.5018518515625 0.1432291671875 0.5333333328125
0 0.8682291671875 0.815740740625 0.8697916671874999 0.85 0.878125 0.85 0.8817708328125 0.8444444437499999 0.8859375 0.8444444437499999 0.8875 0.8370370375 0.89375 0.83055555625 0.8921875 0.7990740734374999 0.8807291671874999 0.7990740734374999 0.8755208328125 0.8074074078125 0.8697916671874999 0.8101851859375 0.8682291671875 0.815740740625
0 0.5947916671875 0.0666666671875 0.5979166671875 0.0703703703125 0.5947916671875 0.07685185156249999 0.5947916671875 0.097222221875 0.6026041671875 0.10555555624999999 0.609375 0.10833333281249999 0.6130208328125 0.1 0.615625 0.1 0.61875 0.09444444375 0.61875 0.0870370375 0.6203125 0.0861111109375 0.61875 0.0490740734375 0.615625 0.04351851875 0.5947916671875 0.04351851875 0.5932291671875001 0.046296296875 0.5932291671875001 0.058333332812500006 0.5947916671875 0.059259259375 0.5947916671875 0.0666666671875
0 0.134375 0.522222221875 0.1375 0.5166666671875 0.1359375 0.49259259218749996 0.1375 0.4916666671875 0.1375 0.478703703125 0.1390625 0.477777778125 0.1390625 0.4574074078125 0.1364583328125 0.4574074078125 0.1359375 0.4546296296875 0.1260416671875 0.4546296296875 0.11822916718750001 0.471296296875 0.11822916718750001 0.5083333328124999 0.1260416671875 0.522222221875 0.134375 0.522222221875
0 0.98125 0.727777778125 0.9817708328125001 0.725 0.984375 0.725 0.9875 0.7194444437499999 0.9875 0.7120370375 0.9921875 0.70555555625 0.9921875 0.6981481484375001 0.99375 0.6972222218749999 0.9921875 0.6796296296875 0.9895833328125001 0.6796296296875 0.9890625 0.6768518515624999 0.9822916671874999 0.6768518515624999 0.9786458328125001 0.6851851859375 0.9770833328125 0.6851851859375 0.9734375 0.6768518515624999 0.9635416671874999 0.6768518515624999 0.9619791671875 0.6796296296875 0.9619791671875 0.7166666671875 0.9697916671875 0.727777778125 0.98125 0.727777778125
0 0.5859375 0.7601851859375001 0.5822916671875 0.7601851859375001 0.5822916671875 0.7648148140625 0.5807291671875 0.765740740625 0.5807291671875 0.7888888890625 0.5885416671875 0.8 0.6 0.8 0.6005208328125 0.797222221875 0.603125 0.797222221875 0.609375 0.7861111109375 0.609375 0.7814814812499999 0.6125 0.775 0.6109375 0.7574074078125 0.6010416671875001 0.7546296296875 0.5973958328125 0.765740740625 0.5880208328125 0.765740740625 0.5859375 0.7601851859375001
0 0.95 0.1148148140625 0.9546875 0.1111111109375 0.95625 0.10555555624999999 0.95625 0.09351851875 0.953125 0.08796296249999999 0.9322916671874999 0.08796296249999999 0.9307291671875 0.09074074062500001 0.9307291671875 0.11944444375 0.9354166671874999 0.125 0.946875 0.125 0.95 0.1148148140625
0 0.5796875 0.76944444375 0.5796875 0.7648148140625 0.58125 0.7638888890625 0.58125 0.7490740734375 0.578125 0.74351851875 0.5572916671875 0.74351851875 0.5557291671875 0.746296296875 0.5557291671875 0.775 0.5588541671875 0.7805555562500001 0.575 0.777777778125 0.5796875 0.76944444375
0 0.909375 0.3083333328125 0.909375 0.296296296875 0.9046875 0.28796296250000003 0.8885416671874999 0.28796296250000003 0.8869791671874999 0.290740740625 0.8869791671874999 0.31944444375000003 0.8885416671874999 0.322222221875 0.9 0.322222221875 0.909375 0.3083333328125
0 0.1859375 0.6416666671875 0.1890625 0.627777778125 0.1859375 0.6101851859375 0.1651041671875 0.6101851859375 0.1619791671875 0.615740740625 0.16354166718750002 0.6416666671875 0.1666666671875 0.64444444375 0.1828125 0.64444444375 0.1859375 0.6416666671875
0 0.9125 0.546296296875 0.9010416671874999 0.54351851875 0.8994791671875 0.5861111109375 0.90625 0.5916666671875 0.9125 0.5861111109375 0.9125 0.546296296875
0 0.9994791671875 0.321296296875 0.9901041671874999 0.321296296875 0.9869791671874999 0.32685185156249996 0.9869791671874999 0.36944444375 0.9994791671875 0.377777778125 0.9994791671875 0.321296296875
0 0.8619791671874999 0.12407407343750002 0.8619791671874999 0.15555555625 0.8651041671874999 0.16388888906250001 0.8796875 0.1666666671875 0.8875 0.15277777812499999 0.8875 0.11851851875 0.8859375 0.1175925921875 0.8859375 0.1101851859375 0.8828125 0.10648148125000001 0.8828125 0.10185185156250001 0.8713541671874999 0.0990740734375 0.8708333328125001 0.10185185156250001 0.8682291671875 0.10185185156250001 0.8682291671875 0.109259259375 0.8619791671874999 0.12407407343750002
0 0.5276041671875 0.21111111093749999 0.5375 0.21111111093749999 0.54375 0.2 0.54375 0.1703703703125 0.5453125 0.16944444375 0.5453125 0.1601851859375 0.5421875 0.1546296296875 0.5322916671875 0.1546296296875 0.5291666671875 0.1759259265625 0.5244791671875 0.1879629625 0.5244791671875 0.20555555625 0.5276041671875 0.21111111093749999
0 0.8885416671874999 0.4611111109375 0.8911458328125 0.4611111109375 0.8916666671875 0.46388888906250003 0.8984375 0.46388888906250003 0.9020833328125001 0.45555555625000005 0.9046875 0.45555555625000005 0.90625 0.4481481484375 0.9109375 0.44166666718750003 0.9109375 0.43240740781250003 0.909375 0.43148148124999997 0.909375 0.4268518515625 0.9046875 0.42129629687500003 0.8885416671874999 0.42129629687500003 0.8869791671874999 0.4240740734375 0.8869791671874999 0.45555555625000005 0.8885416671874999 0.45648148125 0.8885416671874999 0.4611111109375
0 0.9994791671875 0.7101851859375 0.9885416671874999 0.7101851859375 0.9885416671874999 0.7361111109375 0.9947916671874999 0.74444444375 0.9994791671875 0.74444444375 0.9994791671875 0.7101851859375
0 0.559375 0.475 0.5625 0.46666666718750005 0.5640625 0.4509259265625 0.56875 0.4388888890625 0.56875 0.4240740734375 0.5630208328124999 0.4240740734375 0.5625 0.42129629687500003 0.5463541671875001 0.42129629687500003 0.5432291671875 0.4268518515625 0.5432291671875 0.475 0.5447916671875 0.477777778125 0.559375 0.475
0 0.884375 0.46666666718750005 0.8859375 0.4546296296875 0.8828125 0.4509259265625 0.88125 0.4379629625 0.878125 0.43240740781250003 0.8697916671874999 0.43240740781250003 0.8682291671875 0.43518518593750005 0.8682291671875 0.46666666718750005 0.8697916671874999 0.47222222187499996 0.884375 0.46666666718750005
0 0.1109375 0.4888888890625 0.1125 0.48333333281249996 0.1109375 0.45370370312499997 0.1125 0.44907407343749994 0.1078125 0.44351851875000003 0.1010416671875 0.44351851875000003 0.0994791671875 0.44629629687500005 0.0994791671875 0.4861111109375 0.10260416718750001 0.4916666671875 0.1109375 0.4888888890625
0 0.20572916718749998 0.8861111109375001 0.2125 0.8861111109375001 0.2130208328125 0.8833333328125 0.221875 0.877777778125 0.225 0.872222221875 0.225 0.8462962968750001 0.22239583281250003 0.8462962968750001 0.221875 0.8435185187500001 0.2026041671875 0.8435185187500001 0.1994791671875 0.8490740734375001 0.1994791671875 0.875 0.2026041671875 0.8833333328125 0.2052083328125 0.8833333328125 0.20572916718749998 0.8861111109375001
0 0.1885416671875 0.39444444375 0.196875 0.39444444375 0.203125 0.38333333281250004 0.203125 0.378703703125 0.2046875 0.377777778125 0.2046875 0.3546296296875 0.1984375 0.34351851875 0.1885416671875 0.34351851875 0.18697916718750002 0.34629629687499996 0.18697916718750002 0.3888888890625 0.1885416671875 0.3898148140625 0.1885416671875 0.39444444375
0 0.9947916671874999 0.0990740734375 0.9932291671875 0.11944444375 0.9994791671875 0.125 0.9994791671875 0.0990740734375 0.9947916671874999 0.0990740734375
0 0.98125 0.24814814843750002 0.9859375 0.2416666671875 0.9875 0.22407407343750002 0.9859375 0.221296296875 0.9697916671875 0.221296296875 0.9682291671875 0.22407407343750002 0.9682291671875 0.252777778125 0.9796875 0.25555555625 0.98125 0.24814814843750002
0 0.8645833328125001 0.9916666671875 0.8666666671875 0.997222221875 0.878125 0.997222221875 0.88125 0.9888888890624999 0.88125 0.9712962968750001 0.8796875 0.9703703703125001 0.8796875 0.965740740625 0.8723958328125001 0.965740740625 0.8625 0.9546296296874999 0.8572916671874999 0.9546296296874999 0.8557291671874999 0.9574074078124999 0.8557291671874999 0.9833333328125 0.8588541671875 0.9888888890624999 0.8645833328125001 0.9916666671875
0 0.5635416671875 0.08055555625000001 0.5765625 0.08055555625000001 0.5796875 0.075 0.5796875 0.06851851875000001 0.575 0.0620370375 0.575 0.0574074078125 0.5671875 0.04351851875 0.5572916671875 0.04351851875 0.5557291671875 0.046296296875 0.5557291671875 0.072222221875 0.5588541671875 0.077777778125 0.5630208328124999 0.077777778125 0.5635416671875 0.08055555625000001
0 0.88125 0.9305555562500001 0.88125 0.909259259375 0.8828125 0.9083333328125001 0.88125 0.890740740625 0.8796875 0.8879629625 0.8697916671874999 0.8879629625 0.8682291671875 0.890740740625 0.8682291671875 0.9305555562500001 0.878125 0.9416666671874999 0.88125 0.9305555562500001
0 0.9994791671875 0.36944444375 0.9994791671875 0.34351851875 0.996875 0.3425925921875 0.996875 0.32685185156249996 0.9921875 0.321296296875 0.9822916671874999 0.321296296875 0.9807291671874999 0.3638888890625 0.9901041671874999 0.372222221875 0.996875 0.372222221875 0.9994791671875 0.36944444375
0 0.9994791671875 0.94351851875 0.9885416671874999 0.94351851875 0.9869791671874999 0.9861111109375 0.9916666671875 0.997222221875 0.9994791671875 0.9990740734375001 0.9994791671875 0.94351851875
0 0.9859375 0.0333333328125 0.9864583328125001 0.030555556249999997 0.9921875 0.027777778125000003 0.9921875 0.0231481484375 0.9953125 0.0166666671875 0.9953125 0.0018518515625 0.9744791671874999 0.0018518515625 0.9744791671874999 0.025 0.9760416671875 0.0259259265625 0.9760416671875 0.030555556249999997 0.9859375 0.0333333328125
0 0.5932291671875001 0.061111110937500004 0.5979166671875 0.0731481484375 0.5901041671875 0.0740740734375 0.5869791671875 0.07962962968750001 0.5869791671875 0.1 0.5885416671875 0.10092592656249999 0.5885416671875 0.10833333281249999 0.5921875 0.1111111109375 0.5958333328125 0.1 0.6005208328125 0.102777778125 0.6010416671875001 0.10555555624999999 0.609375 0.10833333281249999 0.6114583328125 0.102777778125 0.6140625 0.102777778125 0.61875 0.09444444375 0.61875 0.0870370375 0.6203125 0.0861111109375 0.61875 0.0490740734375 0.615625 0.04351851875 0.5947916671875 0.04351851875 0.5916666671875 0.0490740734375 0.5916666671875 0.055555556250000006 0.5932291671875001 0.05648148125 0.5932291671875001 0.061111110937500004
0 0.9958333328125001 0.058333332812500006 0.9994791671875 0.058333332812500006 0.9994791671875 0.0324074078125 0.9869791671874999 0.0351851859375 0.9885416671874999 0.0638888890625 0.99375 0.0638888890625 0.9958333328125001 0.058333332812500006
0 0.1421875 0.772222221875 0.140625 0.7601851859375001 0.1359375 0.7546296296875 0.1260416671875 0.7546296296875 0.1244791671875 0.7574074078125 0.1244791671875 0.775 0.1276041671875 0.7805555562500001 0.1359375 0.7805555562500001 0.1421875 0.772222221875
0 0.9875 0.0333333328125 0.9953125 0.019444443750000002 0.9953125 0.009259259374999999 0.996875 0.0083333328125 0.9953125 0.0018518515625 0.9921875 0 0.9744791671874999 0.0018518515625 0.9744791671874999 0.025 0.9760416671875 0.0259259265625 0.9776041671875 0.0333333328125 0.9875 0.0333333328125
0 0.9515625 0.23055555625 0.953125 0.21296296250000002 0.95 0.2101851859375 0.9322916671874999 0.2101851859375 0.9307291671875 0.21296296250000002 0.9307291671875 0.23055555625 0.9338541671874999 0.2416666671875 0.94375 0.2416666671875 0.9515625 0.23055555625
0 0.9359375 0.46388888906250003 0.9421875 0.45277777812500003 0.9421875 0.4379629625 0.9375 0.43240740781250003 0.9276041671874999 0.43240740781250003 0.9244791671874999 0.4379629625 0.9244791671874999 0.4583333328125 0.9260416671874999 0.46388888906250003 0.9359375 0.46388888906250003
0 0.9947916671874999 0.8324074078124999 0.9932291671875 0.852777778125 0.9994791671875 0.8583333328125 0.9994791671875 0.8324074078124999 0.9947916671874999 0.8324074078124999
0 0.64375 0.45277777812500003 0.64375 0.4379629625 0.640625 0.43240740781250003 0.6322916671875001 0.43240740781250003 0.6307291671875 0.4583333328125 0.6322916671875001 0.46388888906250003 0.6375 0.46388888906250003 0.64375 0.45277777812500003
0 0.9135416671875 0.30555555624999997 0.9151041671875 0.3083333328125 0.921875 0.30555555624999997 0.9265625 0.29722222187499997 0.9296875 0.2824074078125 0.9239583328125001 0.2796296296875 0.9234375 0.2768518515625 0.9135416671875 0.2768518515625 0.9119791671874999 0.2796296296875 0.9119791671874999 0.3 0.9135416671875 0.3009259265625 0.9135416671875 0.30555555624999997
0 0.9869791671874999 0.0638888890625 0.99375 0.0638888890625 0.9958333328125001 0.058333332812500006 0.9994791671875 0.058333332812500006 0.9994791671875 0.0268518515625 0.996875 0.0259259265625 0.996875 0.015740740625 0.9921875 0.0101851859375 0.9760416671875 0.0101851859375 0.9744791671874999 0.027777778125000003 0.9807291671874999 0.037037037499999995 0.9822916671874999 0.055555556250000006 0.9869791671874999 0.0638888890625
0 0.5203125 0.5148148140625 0.5234375 0.5138888890625 0.5265625 0.50555555625 0.5265625 0.490740740625 0.5234375 0.4879629625 0.5119791671875 0.490740740625 0.5135416671875 0.525 0.5171875 0.525 0.5203125 0.5148148140625
0 0.215625 0.8833333328125 0.21875 0.875 0.21875 0.8490740734375001 0.20625 0.8435185187500001 0.19479166718750002 0.8435185187500001 0.1932291671875 0.8462962968750001 0.1932291671875 0.875 0.2026041671875 0.8833333328125 0.215625 0.8833333328125
0 0.9635416671874999 0.1879629625 0.9635416671874999 0.2009259265625 0.9619791671875 0.2018518515625 0.9635416671874999 0.2166666671875 0.9734375 0.2166666671875 0.9739583328125001 0.2138888890625 0.978125 0.2138888890625 0.9828125 0.20555555625 0.984375 0.1879629625 0.98125 0.184259259375 0.98125 0.17962962968750001 0.978125 0.1768518515625 0.9666666671874999 0.17962962968750001 0.9666666671874999 0.184259259375 0.9635416671874999 0.1879629625