0 0.24765625 0.1984375 0.03984375 0.075
0 0.03359375 0.4515625 0.02734375 0.05078125
0 0.22109375 0.49296875 0.03359375 0.05234375
0 0.20546875 0.5609375 0.04375 0.0703125
0 0.20234375 0.6140625 0.034375 0.0515625
0 0.14453125 0.67265625 0.0296875 0.05703125
0 0.2125 0.80703125 0.02890625 0.04921875
0 0.30859375 0.8046875 0.03359375 0.05859375
0 0.3125 0.92578125 0.03671875 0.05703125
0 0.33515625 0.9703125 0.02890625 0.046875
0 0.4984375 0.96796875 0.040625 0.0640625
0 0.584375 0.83046875 0.0421875 0.08046875
0 0.6140625 0.8421875 0.02421875 0.06953125
0 0.6390625 0.81953125 0.03046875 0.07734375
0 0.66640625 0.89296875 0.0390625 0.08828125
0 0.65703125 0.56015625 0.03828125 0.06796875
0 0.76796875 0.52734375 0.0375 0.06875
0 0.7390625 0.21171875 0.0375 0.075
0 0.503125 0.3734375 0.0421875 0.07890625
0 0.446875 0.36328125 0.0375 0.07265625
0 0.43203125 0.5421875 0.03828125 0.06484375
0 0.75078125 0.759375 0.0375 0.07265625
0 0.8078125 0.77578125 0.03828125 0.0609375
0 0.8875 0.53359375 0.03515625 0.06640625
0 0.840625 0.34765625 0.03828125 0.0546875
0 0.825 0.26640625 0.0453125 0.0765625
0 0.80546875 0.32890625 0.02890625 0.04921875
0 0.84140625 0.18125 0.04296875 0.0890625
0 0.93203125 0.153125 0.04296875 0.0703125
0 0.9453125 0.36640625 0.04140625 0.0765625
0 0.90546875 0.4484375 0.04140625 0.07890625
0 0.3875 0.1421875 0.03203125 0.0578125
0 0.3546875 0.19140625 0.02890625 0.04609375
0 0.31484375 0.7 0.02890625 0.0515625
0 0.38515625 0.85 0.02578125 0.04296875
0 0.5421875 0.58359375 0.034375 0.06640625
0 0.5671875 0.6328125 0.0296875 0.0515625
0 0.553125 0.48046875 0.03828125 0.06484375
0 0.63359375 0.5109375 0.03671875 0.075
0 0.596875 0.50703125 0.0296875 0.06640625
0 0.96875 0.61796875 0.03828125 0.07265625
0 0.94375 0.55703125 0.03984375 0.05234375
0 0.93984375 0.4359375 0.02578125 0.05859375
0 0.82109375 0.03359375 0.0484375 0.06640625
0 0.56953125 0.178125 0.02734375 0.05078125
0 0.46953125 0.15625 0.03828125 0.06796875
0 0.53515625 0.09765625 0.03515625 0.06171875
0 0.48671875 0.03984375 0.03828125 0.06171875
0 0.41484375 0.02265625 0.03671875 0.04453125
0 0.4484375 0.015625 0.02734375 0.03125
0 0.46484375 0.703125 0.02890625 0.06328125
0 0.853125 0.784375 0.02734375 0.065625
0 0.12265625 0.98046875 0.03671875 0.0390625
0 0.50703125 0.01171875 0.0359375 0.0234375
0 0.78203125 0.9578125 0.025 0.04453125