0 0.9234375 0.055555556250000006 0.9265625 0.05 0.9265625 0.045370370312500005 0.93125 0.0416666671875 0.9328125 0.0259259265625 0.9359375 0.022222221875 0.9359375 0.0101851859375 0.9328125 0.00648148125 0.9328125 0.0018518515625 0.8994791671875 0.0018518515625 0.8994791671875 0.047222221875 0.9026041671874999 0.055555556250000006 0.9057291671875 0.058333332812500006 0.9234375 0.055555556250000006
0 0.45729166718750003 0.9509259265625 0.45729166718750003 0.95555555625 0.45989583281249996 0.95555555625 0.4635416671875 0.9666666671874999 0.48125 0.9666666671874999 0.4817708328125 0.9638888890624999 0.4859375 0.9638888890624999 0.49375 0.95 0.49375 0.9398148140625 0.4984375 0.9305555562500001 0.5 0.9046296296874999 0.49375 0.8953703703125001 0.4921875 0.8879629625 0.4604166671875 0.8879629625 0.45989583281249996 0.890740740625 0.45729166718750003 0.890740740625 0.45729166718750003 0.8953703703125001 0.4557291671875 0.896296296875 0.4557291671875 0.95 0.45729166718750003 0.9509259265625
0 0.7588541671875 0.54444444375 0.7645833328125 0.54444444375 0.7682291671875 0.5509259265625001 0.7713541671875 0.575 0.7739583328124999 0.575 0.7760416671875 0.58055555625 0.7859375 0.577777778125 0.7911458328125 0.5666666671875 0.796875 0.5638888890625 0.8 0.5583333328125 0.8 0.553703703125 0.803125 0.55 0.803125 0.5351851859375001 0.8 0.5287037031249999 0.8 0.521296296875 0.7921875 0.5101851859375001 0.7604166671875 0.5101851859375001 0.7598958328125 0.5129629625 0.7572916671875001 0.5129629625 0.7572916671875001 0.5175925921875 0.7557291671875 0.51851851875 0.7557291671875 0.5361111109375 0.7572916671875001 0.5370370375 0.7572916671875001 0.5416666671875 0.7588541671875 0.54444444375
0 0.6244791671875001 0.427777778125 0.6307291671875 0.4361111109375 0.6348958328125 0.4361111109375 0.6369791671875 0.44166666718750003 0.6484375 0.44166666718750003 0.6505208328125 0.4361111109375 0.653125 0.4361111109375 0.65625 0.43055555625 0.65625 0.42592592656250006 0.659375 0.41944444374999995 0.659375 0.4046296296875 0.6546875 0.3953703703125 0.6546875 0.39074074062499997 0.6484375 0.3796296296875 0.6442708328125 0.3796296296875 0.64375 0.3768518515625 0.6338541671875 0.3768518515625 0.6276041671875 0.3851851859375 0.6276041671875 0.3898148140625 0.6244791671875001 0.396296296875 0.6244791671875001 0.427777778125
0 0.4682291671875 0.5138888890625 0.490625 0.5138888890625 0.49375 0.5111111109375 0.49375 0.50648148125 0.5 0.49444444374999996 0.4984375 0.4601851859375 0.49375 0.4546296296875 0.4682291671875 0.4546296296875 0.46510416718750003 0.4574074078125 0.46197916718750004 0.465740740625 0.46197916718750004 0.502777778125 0.4635416671875 0.5083333328124999 0.4682291671875 0.5138888890625
0 0.7822916671875 0.1416666671875 0.79375 0.1416666671875 0.8005208328125001 0.13333333281249998 0.8046875 0.13333333281249998 0.80625 0.12592592656249998 0.8109375 0.1166666671875 0.80625 0.09351851875 0.8020833328125001 0.09074074062500001 0.8015625 0.08796296249999999 0.7760416671875 0.08796296249999999 0.7744791671875 0.09074074062500001 0.7744791671875 0.13055555624999998 0.7776041671875 0.1361111109375 0.7802083328125 0.1361111109375 0.7822916671875 0.1416666671875
0 0.7010416671875 0.9009259265624999 0.7010416671875 0.9083333328125001 0.7052083328125 0.9111111109375001 0.7088541671875 0.91944444375 0.721875 0.91944444375 0.73125 0.902777778125 0.73125 0.8898148140625001 0.7328125 0.8888888890625 0.73125 0.865740740625 0.7234375 0.8546296296874999 0.7041666671875 0.8546296296874999 0.7036458328124999 0.8574074078124999 0.7010416671875 0.8574074078124999 0.7010416671875 0.8620370375 0.6994791671875 0.8629629624999999 0.6994791671875 0.9 0.7010416671875 0.9009259265624999
0 0.5796875 0.4 0.58125 0.3925925921875 0.5859375 0.3861111109375 0.5859375 0.3759259265625 0.5875 0.375 0.5859375 0.365740740625 0.5796875 0.3546296296875 0.5635416671875 0.3546296296875 0.5619791671875001 0.3574074078125 0.5619791671875001 0.397222221875 0.5651041671875 0.40277777812500004 0.5796875 0.4
0 0.8244791671874999 0.072222221875 0.8260416671874999 0.0731481484375 0.8260416671874999 0.077777778125 0.8286458328125 0.077777778125 0.8322916671874999 0.0861111109375 0.8453125 0.0861111109375 0.8473958328125001 0.08055555625000001 0.853125 0.077777778125 0.85625 0.072222221875 0.8578125 0.05648148125 0.8609375 0.05 0.8578125 0.0268518515625 0.8546875 0.021296296875000002 0.8354166671875 0.021296296875000002 0.8348958328125 0.0240740734375 0.8307291671874999 0.0240740734375 0.8302083328125001 0.0268518515625 0.8276041671875 0.0268518515625 0.8244791671874999 0.0351851859375 0.8244791671874999 0.072222221875
0 0.8953125 0.0129629625 0.8760416671875 0.0101851859375 0.8744791671875 0.0129629625 0.8744791671875 0.030555556249999997 0.8760416671875 0.0361111109375 0.8859375 0.0361111109375 0.8921875 0.030555556249999997 0.8953125 0.0129629625
0 0.5848958328125 0.9111111109375001 0.5869791671875 0.91944444375 0.5901041671875 0.922222221875 0.6046875 0.922222221875 0.6083333328125 0.9138888890624999 0.6109375 0.9138888890624999 0.6140625 0.9 0.6140625 0.8824074078124999 0.6109375 0.86851851875 0.603125 0.8546296296874999 0.5822916671875 0.8574074078124999 0.5807291671875 0.8629629624999999 0.5807291671875 0.9055555562500001 0.5822916671875 0.9111111109375001 0.5848958328125 0.9111111109375001
0 0.051041667187499994 0.075 0.056770832812500005 0.075 0.05729166718749999 0.077777778125 0.071875 0.075 0.08125 0.061111110937500004 0.08125 0.053703703125 0.0828125 0.052777778124999994 0.0828125 0.0351851859375 0.0796875 0.021296296875000002 0.071875 0.0101851859375 0.051041667187499994 0.0101851859375 0.0494791671875 0.0129629625 0.0494791671875 0.0666666671875 0.051041667187499994 0.0675925921875 0.051041667187499994 0.075
0 0.8036458328125 0.7805555562500001 0.8072916671874999 0.7861111109375 0.815625 0.7833333328125 0.8171875 0.7805555562500001 0.8171875 0.7629629625 0.815625 0.7601851859375001 0.8098958328125001 0.7601851859375001 0.8 0.74351851875 0.7947916671875 0.74351851875 0.7932291671875 0.746296296875 0.7932291671875 0.775 0.7979166671875 0.7805555562500001 0.8036458328125 0.7805555562500001
0 0.6088541671875001 0.46388888906250003 0.6171875 0.46388888906250003 0.621875 0.45277777812500003 0.621875 0.44351851875000003 0.6171875 0.43240740781250003 0.5947916671875 0.43240740781250003 0.5932291671875001 0.43518518593750005 0.5932291671875001 0.45277777812500003 0.5963541671875 0.4583333328125 0.6052083328125 0.4583333328125 0.6088541671875001 0.46388888906250003
0 0.1671875 0.27777777812500004 0.1677083328125 0.275 0.171875 0.275 0.175 0.26944444375 0.175 0.2648148140625 0.1765625 0.2638888890625 0.1765625 0.253703703125 0.178125 0.252777778125 0.175 0.23518518593749999 0.17239583281249998 0.23518518593749999 0.171875 0.23240740781250002 0.1510416671875 0.23240740781250002 0.1494791671875 0.23518518593749999 0.1494791671875 0.2638888890625 0.1588541671875 0.27777777812500004 0.1671875 0.27777777812500004
0 0.5822916671875 0.43055555625 0.5864583328124999 0.43055555625 0.5869791671875 0.43333333281249997 0.596875 0.43055555625 0.603125 0.41111111093749997 0.6015625 0.39351851875 0.5984375 0.3879629625 0.5838541671875 0.3879629625 0.5807291671875 0.39351851875 0.5807291671875 0.425 0.5822916671875 0.42592592656250006 0.5822916671875 0.43055555625
0 0.9010416671874999 0.51944444375 0.9067708328125 0.51944444375 0.9072916671875 0.522222221875 0.915625 0.51944444375 0.925 0.502777778125 0.925 0.4981481484375 0.9265625 0.497222221875 0.9265625 0.4824074078125 0.925 0.48148148125 0.925 0.471296296875 0.921875 0.465740740625 0.8979166671875 0.465740740625 0.8973958328125 0.46851851875 0.8947916671874999 0.46851851875 0.8932291671874999 0.5 0.8947916671874999 0.5009259265625 0.8947916671874999 0.5083333328124999 0.9010416671874999 0.51944444375
0 0.4635416671875 0.2953703703125 0.4635416671875 0.3 0.4661458328125 0.3 0.4760416671875 0.3166666671875 0.484375 0.3166666671875 0.49375 0.3 0.49375 0.2953703703125 0.5 0.28611111093749997 0.5 0.26851851875 0.4984375 0.2675925921875 0.4984375 0.2629629625 0.4953125 0.25740740781250004 0.4927083328125 0.25740740781250004 0.4921875 0.2546296296875 0.4682291671875 0.2546296296875 0.46770833281249996 0.25740740781250004 0.4635416671875 0.25740740781250004 0.4635416671875 0.2648148140625 0.46197916718750004 0.26574074062499997 0.46197916718750004 0.29444444375 0.4635416671875 0.2953703703125