0 0.34427083281250004 0.46388888906250003 0.3484375 0.46388888906250003 0.3505208328125 0.4583333328125 0.3578125 0.45277777812500003 0.3578125 0.44351851875000003 0.353125 0.43240740781250003 0.3322916671875 0.43240740781250003 0.3307291671875 0.43518518593750005 0.3307291671875 0.45555555625000005 0.3338541671875 0.46388888906250003 0.34375 0.46666666718750005 0.34427083281250004 0.46388888906250003
0 0.7072916671875 0.3111111109375 0.7109375 0.3111111109375 0.71875 0.29722222187499997 0.71875 0.29351851875 0.715625 0.28796296250000003 0.7072916671875 0.28796296250000003 0.7057291671875 0.290740740625 0.7057291671875 0.3083333328125 0.7072916671875 0.3111111109375
0 0.7125 0.1574074078125 0.7010416671875 0.1546296296875 0.6994791671875 0.175 0.7010416671875 0.177777778125 0.7109375 0.175 0.7125 0.1574074078125
0 0.5260416671875 0.9333333328125001 0.5307291671875001 0.9370370375 0.5322916671875 0.95 0.5385416671875001 0.95555555625 0.5546875 0.952777778125 0.5625 0.9388888890624999 0.5625 0.9259259265625 0.5671875 0.9138888890624999 0.5671875 0.89351851875 0.5640625 0.8898148140625001 0.5609375 0.8768518515625001 0.5307291671875001 0.8768518515625001 0.5302083328125 0.8796296296874999 0.5260416671875 0.8796296296874999 0.5260416671875 0.8870370375000001 0.5244791671875 0.8879629625 0.5244791671875 0.9277777781250001 0.5260416671875 0.9333333328125001
0 0.3421875 0.3 0.34375 0.29722222187499997 0.34375 0.2796296296875 0.3421875 0.2768518515625 0.3322916671875 0.2768518515625 0.3307291671875 0.2796296296875 0.3307291671875 0.29722222187499997 0.3322916671875 0.3 0.3421875 0.3
0 0.21197916718749998 0.45277777812500003 0.21510416718749997 0.4583333328125 0.2296875 0.45277777812500003 0.2296875 0.4453703703125 0.23125 0.44444444375 0.23125 0.4268518515625 0.228125 0.42129629687500003 0.21979166718749998 0.42129629687500003 0.2166666671875 0.434259259375 0.21354166718749998 0.43518518593750005 0.21197916718749998 0.45277777812500003
0 0.0765625 0.5129629625 0.0734375 0.5101851859375001 0.061979167187499996 0.5129629625 0.0635416671875 0.5333333328125 0.075 0.5333333328125 0.078125 0.527777778125 0.0765625 0.5129629625
0 0.7078125 0.32685185156249996 0.7046875 0.321296296875 0.7010416671875 0.321296296875 0.6994791671875 0.3416666671875 0.7046875 0.34444444375 0.7078125 0.3361111109375 0.7078125 0.32685185156249996
0 0.7265625 0.2796296296875 0.7197916671875 0.2768518515625 0.7182291671875001 0.2888888890625 0.7197916671875 0.29444444375 0.7234375 0.29444444375 0.7265625 0.2796296296875
0 0.271875 0.5935185187500001 0.26875 0.5879629625 0.2635416671875 0.5879629625 0.2619791671875 0.6083333328125 0.2635416671875 0.6111111109375 0.2734375 0.6083333328125 0.271875 0.5935185187500001
0 0.7203125 0.2416666671875 0.7203125 0.2379629625 0.7171875 0.23240740781250002 0.7072916671875 0.23240740781250002 0.7057291671875 0.23518518593749999 0.7072916671875 0.25 0.7125 0.25 0.7130208328125 0.24722222187499998 0.7203125 0.2416666671875
0 0.821875 0.321296296875 0.8072916671874999 0.321296296875 0.8057291671875 0.3240740734375 0.8072916671874999 0.34444444375 0.8171875 0.34444444375 0.8234375 0.3333333328125 0.821875 0.321296296875
0 0.0734375 0.3111111109375 0.075 0.3083333328125 0.075 0.3018518515625 0.0734375 0.29907407343750003 0.06979166718749999 0.29907407343750003 0.0682291671875 0.3018518515625 0.0682291671875 0.3083333328125 0.06979166718749999 0.3111111109375 0.0734375 0.3111111109375
0 0.7296875 0.08796296249999999 0.7244791671875 0.09074074062500001 0.7260416671875001 0.1 0.7328125 0.097222221875 0.7328125 0.09074074062500001 0.7296875 0.08796296249999999
0 0.275 0.6638888890625 0.275 0.646296296875 0.2734375 0.64351851875 0.25729166718749996 0.64351851875 0.2557291671875 0.646296296875 0.2557291671875 0.6638888890625 0.2588541671875 0.66944444375 0.2671875 0.672222221875 0.275 0.6638888890625
0 0.0625 0.27777777812500004 0.0609375 0.26574074062499997 0.051041667187499994 0.26574074062499997 0.0494791671875 0.26851851875 0.0494791671875 0.2833333328125 0.052604167187499995 0.2888888890625 0.0609375 0.2833333328125 0.0625 0.27777777812500004
0 0.9067708328125 0.8416666671874999 0.9135416671875 0.85555555625 0.9161458328125001 0.85555555625 0.9197916671874999 0.8638888890624999 0.9234375 0.8638888890624999 0.9234375 0.85648148125 0.925 0.85555555625 0.925 0.8379629625 0.9239583328125001 0.8379629625 0.915625 0.821296296875 0.9072916671875 0.821296296875 0.9072916671875 0.8231481484375 0.9057291671875 0.8240740734375 0.9057291671875 0.8416666671874999 0.9067708328125 0.8416666671874999
0 0.675 0.030555556249999997 0.6734375 0.021296296875000002 0.6619791671875 0.0240740734375 0.6619791671875 0.030555556249999997 0.6651041671875 0.0361111109375 0.671875 0.0361111109375 0.675 0.030555556249999997
0 0.50625 0.8240740734375 0.5010416671875 0.821296296875 0.4994791671875 0.8361111109375001 0.5010416671875 0.8416666671874999 0.5046875 0.8416666671874999 0.50625 0.8240740734375
0 0.0296875 0.36944444375 0.03125 0.3574074078125 0.0296875 0.3546296296875 0.007291667187500001 0.3546296296875 0.0057291671875 0.375 0.007291667187500001 0.377777778125 0.025 0.375 0.0270833328125 0.36944444375 0.0296875 0.36944444375
0 0.0296875 0.36944444375 0.03125 0.3574074078125 0.0265625 0.34629629687499996 0.0234375 0.34351851875 0.0119791671875 0.34629629687499996 0.0135416671875 0.375 0.025 0.375 0.0270833328125 0.36944444375 0.0296875 0.36944444375
0 0.65625 0.4916666671875 0.65625 0.46851851875 0.6447916671875 0.465740740625 0.6432291671875 0.4888888890625 0.6463541671875 0.497222221875 0.6515625 0.497222221875 0.65625 0.4916666671875
0 0.325 0.17962962968750001 0.3135416671875 0.1768518515625 0.31197916718749996 0.17962962968750001 0.3135416671875 0.19444444375 0.3234375 0.197222221875 0.325 0.17962962968750001
0 0.0421875 0.28796296250000003 0.0369791671875 0.290740740625 0.0385416671875 0.3 0.0453125 0.29722222187499997 0.0453125 0.290740740625 0.0421875 0.28796296250000003