0 0.084375 0.978703703125 0.0859375 0.977777778125 0.0859375 0.9685185187500001 0.0828125 0.9648148140625 0.0828125 0.9601851859374999 0.0796875 0.9546296296874999 0.052604167187499995 0.9546296296874999 0.0494791671875 0.9601851859374999 0.0494791671875 0.997222221875 0.051041667187499994 0.9990740734375001 0.0796875 0.997222221875 0.084375 0.978703703125
0 0.5526041671875 0.952777778125 0.5609375 0.952777778125 0.5661458328125 0.9416666671874999 0.5796875 0.9361111109375001 0.58125 0.9101851859375 0.578125 0.9018518515625 0.575 0.8990740734375 0.5557291671875 0.8990740734375 0.5552083328124999 0.9018518515625 0.5510416671875 0.9018518515625 0.5510416671875 0.909259259375 0.5494791671875 0.9101851859375 0.5494791671875 0.9444444437499999 0.5526041671875 0.952777778125
0 0.3885416671875 0.8111111109375001 0.3984375 0.8111111109375001 0.39895833281250004 0.8083333328125001 0.4015625 0.8083333328125001 0.4109375 0.7916666671875 0.4109375 0.7870370375 0.4125 0.7861111109375 0.4125 0.771296296875 0.409375 0.765740740625 0.38229166718749996 0.765740740625 0.3807291671875 0.76851851875 0.3807291671875 0.8 0.3854166671875 0.8083333328125001 0.3880208328125 0.8083333328125001 0.3885416671875 0.8111111109375001
0 0.5046875 0.5666666671875 0.5125 0.5527777781250001 0.5125 0.534259259375 0.5140625 0.5333333328125 0.5140625 0.521296296875 0.5125 0.5203703703125 0.5125 0.5129629625 0.5109375 0.5101851859375001 0.48229166718750005 0.5101851859375001 0.48072916718750003 0.5129629625 0.48072916718750003 0.5527777781250001 0.48854166718750003 0.5666666671875 0.5046875 0.5666666671875
0 0.8369791671875 0.5962962968750001 0.8369791671875 0.6333333328124999 0.8416666671874999 0.6416666671875 0.8458333328125001 0.6416666671875 0.8463541671874999 0.64444444375 0.8546875 0.6416666671875 0.8640625 0.622222221875 0.8625 0.5990740734375 0.8609375 0.5981481484375 0.8609375 0.5935185187500001 0.85625 0.5879629625 0.8416666671874999 0.5879629625 0.8411458328125001 0.590740740625 0.8385416671874999 0.590740740625 0.8385416671874999 0.5953703703125 0.8369791671875 0.5962962968750001
0 0.1994791671875 0.6138888890625 0.215625 0.6111111109375 0.2203125 0.602777778125 0.2203125 0.5981481484375 0.2234375 0.597222221875 0.225 0.5888888890625 0.2234375 0.571296296875 0.215625 0.5601851859375 0.2052083328125 0.5574074078125 0.2046875 0.5546296296875 0.1901041671875 0.5546296296875 0.18697916718750002 0.5601851859375 0.18697916718750002 0.602777778125 0.1885416671875 0.6083333328125 0.1989583328125 0.6111111109375 0.1994791671875 0.6138888890625
0 0.4635416671875 0.7416666671875001 0.4734375 0.7416666671875001 0.4739583328125 0.7388888890625 0.4765625 0.7388888890625 0.47864583281249995 0.7333333328125 0.48125 0.7333333328125 0.4859375 0.725 0.4859375 0.7203703703125 0.4875 0.7194444437499999 0.4875 0.7018518515625 0.4796875 0.6879629625 0.45729166718750003 0.6879629625 0.4557291671875 0.690740740625 0.4557291671875 0.73055555625 0.45729166718750003 0.7333333328125 0.45989583281249996 0.7333333328125 0.4635416671875 0.7416666671875001
0 0.6447916671875 0.9731481484375 0.6447916671875 0.977777778125 0.6458333328125 0.977777778125 0.6510416671875 0.9888888890624999 0.6609375 0.9888888890624999 0.6609375 0.9870370375 0.66875 0.975 0.66875 0.9379629625 0.6677083328125 0.9379629625 0.665625 0.9324074078125 0.6447916671875 0.9324074078125 0.6447916671875 0.934259259375 0.6432291671875 0.9351851859375 0.6432291671875 0.972222221875 0.6447916671875 0.9731481484375
0 0.5291666671875 0.5861111109375 0.5359375 0.5861111109375 0.5364583328125 0.58055555625 0.54375 0.575 0.5453125 0.5518518515624999 0.54375 0.5509259265625001 0.5421875 0.5324074078125001 0.5151041671875001 0.5324074078125001 0.5119791671875 0.5379629625 0.5119791671875 0.5666666671875 0.5182291671875 0.577777778125 0.5223958328125 0.577777778125 0.5291666671875 0.5861111109375
0 0.6484375 0.522222221875 0.65 0.51944444375 0.65 0.5148148140625 0.6546875 0.5083333328124999 0.6546875 0.490740740625 0.65 0.48425925937500003 0.65 0.4796296296875 0.6484375 0.4768518515625 0.6260416671875 0.4768518515625 0.6244791671875001 0.4796296296875 0.6244791671875001 0.5083333328124999 0.6322916671875001 0.522222221875 0.6484375 0.522222221875
0 0.284375 0.44444444375 0.2875 0.4388888890625 0.2859375 0.4074074078125 0.2796875 0.3990740734375 0.2635416671875 0.3990740734375 0.2619791671875 0.4018518515625 0.2635416671875 0.44166666718750003 0.26510416718749996 0.44444444375 0.284375 0.44444444375
0 0.48854166718750003 0.3638888890625 0.49895833281249996 0.36666666718749996 0.4994791671875 0.36944444375 0.509375 0.36944444375 0.5098958328125 0.36666666718749996 0.515625 0.3638888890625 0.51875 0.3583333328125 0.5203125 0.3453703703125 0.521875 0.34444444375 0.521875 0.3351851859375 0.51875 0.328703703125 0.51875 0.321296296875 0.5109375 0.3101851859375 0.49322916718750004 0.3101851859375 0.4927083328125 0.3129629625 0.49010416718750005 0.3129629625 0.4869791671875 0.321296296875 0.4869791671875 0.3583333328125 0.48854166718750003 0.35925925937500003 0.48854166718750003 0.3638888890625
0 0.4057291671875 0.6638888890625 0.4109375 0.6638888890625 0.4234375 0.652777778125 0.425 0.647222221875 0.425 0.6240740734375 0.4203125 0.6129629624999999 0.4171875 0.6101851859375 0.3947916671875 0.6101851859375 0.3932291671875 0.6129629624999999 0.3932291671875 0.652777778125 0.3947916671875 0.6555555562500001 0.40520833281249996 0.6611111109375 0.4057291671875 0.6638888890625
0 0.5984375 0.9888888890624999 0.5989583328125 0.9861111109375 0.6015625 0.9861111109375 0.60625 0.975 0.6046875 0.9490740734375 0.6 0.94351851875 0.5822916671875 0.94351851875 0.5744791671875 0.9574074078124999 0.5744791671875 0.9833333328125 0.5760416671875 0.984259259375 0.5760416671875 0.9888888890624999 0.5984375 0.9888888890624999
0 0.5338541671875 0.922222221875 0.540625 0.922222221875 0.5411458328125 0.91944444375 0.54375 0.91944444375 0.5442708328125 0.9138888890624999 0.55 0.9111111109375001 0.5578125 0.897222221875 0.5578125 0.8824074078124999 0.5546875 0.8768518515625001 0.5260416671875 0.8768518515625001 0.5244791671875 0.8796296296874999 0.5244791671875 0.9083333328125001 0.5307291671875001 0.91944444375 0.5333333328125 0.91944444375 0.5338541671875 0.922222221875
0 0.46770833281249996 0.34722222187499996 0.4682291671875 0.35 0.475 0.35 0.47552083281249996 0.34722222187499996 0.48125 0.34444444375 0.4828125 0.3416666671875 0.4828125 0.33703703749999997 0.4859375 0.3333333328125 0.4859375 0.3018518515625 0.4828125 0.29814814843750004 0.4828125 0.29351851875 0.4796875 0.28796296250000003 0.45885416718750005 0.28796296250000003 0.4557291671875 0.29351851875 0.4557291671875 0.33055555625 0.46510416718750003 0.34722222187499996 0.46770833281249996 0.34722222187499996
0 0.2265625 0.43055555625 0.23125 0.41944444374999995 0.2296875 0.4046296296875 0.225 0.3990740734375 0.21354166718749998 0.3990740734375 0.21197916718749998 0.4018518515625 0.21197916718749998 0.43055555625 0.21354166718749998 0.43333333281249997 0.2265625 0.43055555625
0 0.990625 0.61944444375 0.9942708328125001 0.6111111109375 0.9994791671875 0.6083333328125 0.9994791671875 0.5824074078125 0.99375 0.5768518515625 0.9697916671875 0.5768518515625 0.9682291671875 0.5796296296875 0.9697916671875 0.6111111109375 0.9739583328125001 0.6111111109375 0.9791666671874999 0.61944444375 0.990625 0.61944444375
0 0.3609375 0.9583333328125001 0.3625 0.95555555625 0.3625 0.9175925921875001 0.3671875 0.9083333328125001 0.3671875 0.9018518515625 0.365625 0.8990740734375 0.3463541671875 0.8990740734375 0.34322916718749996 0.9046296296874999 0.34322916718749996 0.952777778125 0.3526041671875 0.9583333328125001 0.3609375 0.9583333328125001
0 0.2260416671875 0.46666666718750005 0.234375 0.46666666718750005 0.23958333281250002 0.45555555625000005 0.2421875 0.45555555625000005 0.24375 0.45277777812500003 0.24375 0.4379629625 0.240625 0.43240740781250003 0.21979166718749998 0.43240740781250003 0.2182291671875 0.43518518593750005 0.2182291671875 0.45555555625000005 0.22291666718749997 0.46388888906250003 0.22552083281250002 0.46388888906250003 0.2260416671875 0.46666666718750005
0 0.0859375 0.45277777812500003 0.09375 0.44166666718750003 0.09375 0.4129629625 0.0921875 0.41018518593750003 0.0635416671875 0.41018518593750003 0.061979167187499996 0.4129629625 0.061979167187499996 0.4388888890625 0.06510416718749999 0.447222221875 0.0760416671875 0.45277777812500003 0.0859375 0.45277777812500003
0 0.8494791671874999 0.8768518515625001 0.8494791671874999 0.8861111109375001 0.8510416671875 0.8888888890625 0.8671875 0.8888888890625 0.86875 0.88148148125 0.875 0.872222221875 0.875 0.8601851859374999 0.8734375 0.859259259375 0.8734375 0.8546296296874999 0.8671875 0.8435185187500001 0.8541666671874999 0.8435185187500001 0.8536458328125001 0.8462962968750001 0.8510416671875 0.8462962968750001 0.8510416671875 0.852777778125 0.8557291671874999 0.859259259375 0.8557291671874999 0.8620370375 0.8494791671874999 0.8768518515625001
0 0.9390625 0.5601851859375 0.9359375 0.5546296296875 0.9260416671874999 0.5546296296875 0.9244791671874999 0.5861111109375 0.9260416671874999 0.5916666671875 0.9359375 0.5916666671875 0.9390625 0.5601851859375
0 0.6135416671875 0.9666666671874999 0.6234375 0.9666666671874999 0.63125 0.952777778125 0.63125 0.9481481484375 0.6328125 0.9472222218749999 0.6328125 0.9296296296875 0.63125 0.928703703125 0.63125 0.9240740734375 0.6296875 0.921296296875 0.6197916671875 0.921296296875 0.6119791671875 0.9351851859375 0.6119791671875 0.9638888890624999 0.6135416671875 0.9666666671874999
0 0.21458333281250003 0.23611111093749998 0.2171875 0.23611111093749998 0.21875 0.23055555625 0.2171875 0.1990740734375 0.1963541671875 0.1990740734375 0.1932291671875 0.2046296296875 0.1932291671875 0.23055555625 0.2026041671875 0.2416666671875 0.2125 0.2416666671875 0.21458333281250003 0.23611111093749998
0 0.95625 0.871296296875 0.953125 0.865740740625 0.9447916671875 0.865740740625 0.9432291671874999 0.897222221875 0.9515625 0.9 0.95625 0.8916666671875 0.95625 0.871296296875
0 0.2375 0.9138888890624999 0.23802083281250003 0.9111111109375001 0.2453125 0.9111111109375001 0.24583333281250003 0.9083333328125001 0.2484375 0.9083333328125001 0.2484375 0.9037037031249999 0.253125 0.8916666671875 0.253125 0.8824074078124999 0.2484375 0.8768518515625001 0.21979166718749998 0.8768518515625001 0.2182291671875 0.8796296296874999 0.2182291671875 0.9083333328125001 0.2260416671875 0.922222221875 0.2296875 0.922222221875 0.23333333281250002 0.9138888890624999 0.2375 0.9138888890624999
0 0.29375 0.54444444375 0.296875 0.5416666671875 0.3 0.5333333328125 0.3 0.515740740625 0.29375 0.50648148125 0.2921875 0.4990740734375 0.2822916671875 0.4990740734375 0.28072916718749996 0.5018518515625 0.28072916718749996 0.5388888890625 0.2838541671875 0.54444444375 0.29375 0.54444444375
0 0.9994791671875 0.7916666671875 0.9994791671875 0.765740740625 0.9807291671874999 0.76851851875 0.9822916671874999 0.797222221875 0.990625 0.8 0.9958333328125001 0.7916666671875 0.9994791671875 0.7916666671875
0 0.5484375 0.675 0.5489583328125 0.672222221875 0.5578125 0.6666666671875 0.5640625 0.652777778125 0.5640625 0.6351851859375001 0.5625 0.634259259375 0.5609375 0.6240740734375 0.5567708328125 0.6240740734375 0.55625 0.621296296875 0.5385416671875001 0.621296296875 0.5369791671875 0.6240740734375 0.5369791671875 0.6638888890625 0.5447916671875 0.675 0.5484375 0.675
0 0.6859375 0.83055555625 0.6859375 0.8129629625 0.684375 0.8101851859375 0.6697916671875 0.8101851859375 0.6682291671875 0.8129629625 0.6682291671875 0.83055555625 0.6713541671875001 0.8361111109375001 0.6796875 0.8388888890624999 0.6859375 0.83055555625
0 0.23125 0.9611111109375001 0.23125 0.9379629625 0.21979166718749998 0.9324074078125 0.2182291671875 0.9638888890624999 0.21979166718749998 0.9694444437499999 0.2265625 0.9694444437499999 0.23125 0.9611111109375001
0 0.0338541671875 0.6416666671875 0.040625 0.6416666671875 0.05 0.61944444375 0.0484375 0.6018518515625 0.0442708328125 0.6018518515625 0.04375 0.5990740734375 0.0322916671875 0.5990740734375 0.0307291671875 0.6018518515625 0.0307291671875 0.6333333328124999 0.0322916671875 0.634259259375 0.0338541671875 0.6416666671875
0 0.3546875 0.7138888890625 0.35625 0.7018518515625 0.3546875 0.6990740734374999 0.3385416671875 0.6990740734374999 0.3369791671875 0.7194444437499999 0.3401041671875 0.725 0.3484375 0.722222221875 0.35208333281250004 0.7138888890625 0.3546875 0.7138888890625
0 0.28125 0.6416666671875 0.2796875 0.6129629624999999 0.2765625 0.6101851859375 0.25729166718749996 0.6101851859375 0.2557291671875 0.6129629624999999 0.25729166718749996 0.6333333328124999 0.2645833328125 0.6333333328124999 0.2744791671875 0.64444444375 0.28125 0.6416666671875
0 0.6807291671875 0.852777778125 0.6822916671875 0.85555555625 0.6921875 0.85555555625 0.7 0.8416666671874999 0.7 0.8324074078124999 0.6984375 0.83148148125 0.6984375 0.8240740734375 0.6869791671875001 0.821296296875 0.6864583328125 0.8240740734375 0.6838541671875 0.8240740734375 0.6807291671875 0.8324074078124999 0.6807291671875 0.852777778125
0 0.21979166718749998 0.1833333328125 0.2234375 0.1833333328125 0.225 0.18055555625 0.225 0.1759259265625 0.234375 0.1611111109375 0.2348958328125 0.15555555625 0.240625 0.15555555625 0.2421875 0.15277777812499999 0.2421875 0.146296296875 0.23802083281250003 0.14351851875 0.23125 0.1324074078125 0.21354166718749998 0.1324074078125 0.21197916718749998 0.1351851859375 0.21197916718749998 0.16944444375 0.21354166718749998 0.1703703703125 0.21354166718749998 0.175 0.21979166718749998 0.1833333328125
0 0.7260416671875001 0.61944444375 0.7317708328125 0.61944444375 0.7322916671875 0.622222221875 0.7421875 0.61944444375 0.7421875 0.6148148140624999 0.7453125 0.6083333328125 0.7421875 0.5879629625 0.7359375 0.5768518515625 0.7260416671875001 0.5768518515625 0.7244791671875 0.5796296296875 0.7244791671875 0.6138888890625 0.7260416671875001 0.6148148140624999 0.7260416671875001 0.61944444375
0 0.240625 0.3861111109375 0.24583333281250003 0.375 0.2484375 0.375 0.25 0.3574074078125 0.2453125 0.34629629687499996 0.2427083328125 0.34629629687499996 0.2421875 0.34351851875 0.22760416718749998 0.34351851875 0.2244791671875 0.3490740734375 0.2260416671875 0.3861111109375 0.234375 0.3861111109375 0.2348958328125 0.38333333281250004 0.240625 0.3861111109375
0 0.2859375 0.752777778125 0.290625 0.7416666671875001 0.290625 0.7268518515625 0.2875 0.7212962968750001 0.2760416671875 0.7212962968750001 0.2744791671875 0.7240740734375 0.2760416671875 0.75 0.2776041671875 0.752777778125 0.2859375 0.752777778125
0 0.278125 0.521296296875 0.2697916671875 0.521296296875 0.2682291671875 0.5416666671875 0.2796875 0.54444444375 0.28125 0.5268518515625 0.278125 0.521296296875
0 0.9947916671874999 0.5101851859375001 0.9932291671875 0.55 0.9994791671875 0.5555555562500001 0.9994791671875 0.5101851859375001 0.9947916671874999 0.5101851859375001
0 0.1046875 0.8194444437499999 0.1046875 0.809259259375 0.10625 0.8083333328125001 0.1046875 0.790740740625 0.08854166718749999 0.7879629625 0.0869791671875 0.790740740625 0.0869791671875 0.8166666671874999 0.09322916718749999 0.825 0.1046875 0.8194444437499999
0 0.9 0.5990740734375 0.8885416671874999 0.5990740734375 0.8869791671874999 0.6018518515625 0.8869791671874999 0.6083333328125 0.8901041671875 0.6138888890625 0.9015625 0.6083333328125 0.9 0.5990740734375
0 0.1984375 0.33055555625 0.1989583328125 0.32777777812500003 0.2109375 0.31944444375000003 0.2109375 0.3101851859375 0.2046875 0.29907407343750003 0.1822916671875 0.29907407343750003 0.1807291671875 0.3018518515625 0.1807291671875 0.32777777812500003 0.1838541671875 0.3333333328125 0.1864583328125 0.33055555625 0.1984375 0.33055555625
0 0.290625 0.9833333328125 0.296875 0.972222221875 0.29375 0.946296296875 0.2921875 0.94351851875 0.2822916671875 0.94351851875 0.28072916718749996 0.946296296875 0.28072916718749996 0.975 0.2822916671875 0.98055555625 0.290625 0.9833333328125
0 0.6578125 0.27777777812500004 0.6578125 0.26851851875 0.6447916671875 0.26574074062499997 0.6432291671875 0.26851851875 0.6447916671875 0.2833333328125 0.6546875 0.28611111093749997 0.6578125 0.27777777812500004
0 0.2421875 0.38333333281250004 0.24375 0.377777778125 0.24375 0.34629629687499996 0.2421875 0.34351851875 0.2166666671875 0.34351851875 0.21197916718749998 0.3490740734375 0.21354166718749998 0.3861111109375 0.2296875 0.3916666671875 0.23020833281250003 0.3888888890625 0.2421875 0.38333333281250004
0 0.953125 0.56851851875 0.9447916671875 0.565740740625 0.9432291671874999 0.56851851875 0.9432291671874999 0.5833333328125 0.95 0.5861111109375 0.953125 0.56851851875
0 0.6671875 0.55 0.665625 0.5351851859375001 0.659375 0.5324074078125001 0.6494791671875 0.5351851859375001 0.6510416671875 0.5527777781250001 0.65625 0.5527777781250001 0.6583333328125 0.547222221875 0.6671875 0.55
0 0.2046875 0.6888888890625 0.20625 0.665740740625 0.203125 0.6574074078125001 0.2 0.6546296296875 0.1807291671875 0.6574074078125001 0.1807291671875 0.6833333328125 0.1838541671875 0.6888888890625 0.1916666671875 0.6916666671875 0.2046875 0.6888888890625
0 0.8921875 0.5379629625 0.8875 0.5324074078125001 0.8822916671875 0.5324074078125001 0.8807291671874999 0.5527777781250001 0.8822916671875 0.5555555562500001 0.890625 0.5527777781250001 0.8921875 0.5379629625
0 0.2296875 0.5666666671875 0.23125 0.5379629625 0.2265625 0.5324074078125001 0.21354166718749998 0.5324074078125001 0.21197916718749998 0.5351851859375001 0.21354166718749998 0.5611111109375 0.2182291671875 0.5666666671875 0.2296875 0.5666666671875
0 0.2546875 0.646296296875 0.2520833328125 0.646296296875 0.2515625 0.64351851875 0.2338541671875 0.64351851875 0.23072916718749997 0.6490740734375 0.23072916718749997 0.6666666671875 0.2338541671875 0.672222221875 0.2453125 0.672222221875 0.253125 0.6583333328125 0.2546875 0.646296296875
0 0.5796875 0.7361111109375 0.5828125 0.727777778125 0.58125 0.7046296296875 0.578125 0.6990740734374999 0.5697916671875001 0.6990740734374999 0.5682291671875 0.7018518515625 0.5682291671875 0.727777778125 0.5713541671875 0.7361111109375 0.5796875 0.7361111109375
0 0.38125 0.6148148140624999 0.3890625 0.60555555625 0.3890625 0.590740740625 0.3760416671875 0.5879629625 0.37447916718749996 0.590740740625 0.37447916718749996 0.6166666671875001 0.38125 0.61944444375 0.38125 0.6148148140624999
0 0.0411458328125 0.30555555624999997 0.04375 0.30555555624999997 0.0473958328125 0.3 0.0546875 0.3 0.05625 0.29722222187499997 0.05625 0.271296296875 0.053125 0.26574074062499997 0.0276041671875 0.26574074062499997 0.0244791671875 0.271296296875 0.0244791671875 0.29722222187499997 0.0338541671875 0.3111111109375 0.040625 0.3083333328125 0.0411458328125 0.30555555624999997
0 0.12552083281249998 0.46666666718750005 0.128125 0.46666666718750005 0.1296875 0.4611111109375 0.1296875 0.44351851875000003 0.1234375 0.43240740781250003 0.10260416718750001 0.43240740781250003 0.0994791671875 0.4379629625 0.0994791671875 0.46944444374999994 0.1010416671875 0.475 0.1203125 0.475 0.12552083281249998 0.46666666718750005
0 0.2260416671875 0.5666666671875 0.23125 0.5638888890625 0.2296875 0.5351851859375001 0.2234375 0.5324074078125001 0.21770833281250002 0.5351851859375001 0.20729166718749997 0.5324074078125001 0.20572916718749998 0.5351851859375001 0.20572916718749998 0.5527777781250001 0.2088541671875 0.5583333328125 0.2192708328125 0.5583333328125 0.2260416671875 0.5666666671875
0 0.9994791671875 0.24444444375000002 0.9994791671875 0.23518518593749999 0.996875 0.23240740781250002 0.9869791671874999 0.23518518593749999 0.9885416671874999 0.252777778125 0.9921875 0.252777778125 0.9958333328125001 0.24444444375000002 0.9994791671875 0.24444444375000002
0 0.8859375 0.6333333328124999 0.8875 0.63055555625 0.8875 0.6240740734375 0.8859375 0.621296296875 0.8822916671875 0.621296296875 0.8807291671874999 0.6240740734375 0.8807291671874999 0.63055555625 0.8822916671875 0.6333333328124999 0.8859375 0.6333333328124999
0 0.8296875 0.5796296296875 0.8265625 0.5768518515625 0.8135416671875 0.5768518515625 0.8119791671875 0.5796296296875 0.8119791671875 0.597222221875 0.8135416671875 0.602777778125 0.821875 0.6 0.8296875 0.5861111109375 0.8296875 0.5796296296875
0 0.5635416671875 0.752777778125 0.5703125 0.75 0.5734375 0.74444444375 0.5734375 0.7351851859375 0.56875 0.728703703125 0.56875 0.7240740734375 0.5572916671875 0.7212962968750001 0.5557291671875 0.7240740734375 0.5557291671875 0.7416666671875001 0.5572916671875 0.747222221875 0.5635416671875 0.752777778125
0 0.6265625 0.5861111109375 0.63125 0.575 0.6296875 0.5574074078125 0.6265625 0.5546296296875 0.6135416671875 0.5546296296875 0.6119791671875 0.5574074078125 0.6119791671875 0.5861111109375 0.6135416671875 0.5888888890625 0.6265625 0.5861111109375
0 0.0364583328125 0.3083333328125 0.0484375 0.3083333328125 0.050520832812500006 0.302777778125 0.059375 0.3 0.0625 0.29444444375 0.0625 0.2796296296875 0.0546875 0.26574074062499997 0.0322916671875 0.26574074062499997 0.0307291671875 0.26851851875 0.0307291671875 0.30555555624999997 0.0338541671875 0.3111111109375 0.0359375 0.3111111109375 0.0364583328125 0.3083333328125
0 0.0640625 0.497222221875 0.06875 0.4861111109375 0.065625 0.4768518515625 0.051041667187499994 0.4768518515625 0.0494791671875 0.4796296296875 0.051041667187499994 0.497222221875 0.055208332812500004 0.497222221875 0.0557291671875 0.5 0.0640625 0.497222221875
0 0.9796875 0.30555555624999997 0.98125 0.2796296296875 0.9697916671875 0.2768518515625 0.9682291671875 0.2796296296875 0.9682291671875 0.3083333328125 0.975 0.3111111109375 0.9796875 0.30555555624999997
0 0.328125 0.352777778125 0.328125 0.34629629687499996 0.325 0.34351851875 0.31197916718749996 0.34629629687499996 0.3135416671875 0.3638888890625 0.31979166718749996 0.36666666718749996 0.325 0.3638888890625 0.328125 0.352777778125
0 0.9765625 0.6944444437499999 0.9765625 0.6898148140625 0.9796875 0.6861111109375 0.9796875 0.6796296296875 0.9697916671875 0.6768518515624999 0.9682291671875 0.6796296296875 0.9682291671875 0.6972222218749999 0.9734375 0.7 0.9765625 0.6944444437499999
0 0.6859375 0.575 0.6875 0.56851851875 0.684375 0.5620370375 0.690625 0.5527777781250001 0.690625 0.5379629625 0.6875 0.5324074078125001 0.6760416671875 0.5324074078125001 0.6744791671875 0.5351851859375001 0.6760416671875 0.5722222218749999 0.6776041671875 0.575 0.6859375 0.575
0 0.0234375 0.6388888890625 0.0296875 0.627777778125 0.0296875 0.615740740625 0.025 0.6101851859375 0.0197916671875 0.6101851859375 0.0182291671875 0.6129629624999999 0.0182291671875 0.63055555625 0.021354167187500002 0.6388888890625 0.0234375 0.6388888890625
0 0.06875 0.7768518515625 0.061979167187499996 0.7796296296875 0.0635416671875 0.7888888890625 0.075 0.7861111109375 0.075 0.7796296296875 0.06875 0.7768518515625
0 0.040625 0.575 0.04375 0.5601851859375 0.040625 0.5546296296875 0.0322916671875 0.5546296296875 0.0307291671875 0.5574074078125 0.0307291671875 0.575 0.0322916671875 0.577777778125 0.040625 0.575
0 0.22916666718749998 0.1490740734375 0.22916666718749998 0.15555555625 0.23072916718749997 0.15648148125 0.23072916718749997 0.15925925937500002 0.22916666718749998 0.1601851859375 0.22916666718749998 0.1648148140625 0.2260416671875 0.16851851874999998 0.2244791671875 0.1861111109375 0.23072916718749997 0.197222221875 0.2359375 0.197222221875 0.23802083281250003 0.1916666671875 0.240625 0.1916666671875 0.24375 0.1861111109375 0.24375 0.18148148125000002 0.2484375 0.175 0.2484375 0.1574074078125 0.24375 0.15092592656249998 0.24375 0.146296296875 0.2421875 0.14351851875 0.2338541671875 0.14351851875 0.23333333281250002 0.146296296875 0.23072916718749997 0.146296296875 0.22916666718749998 0.1490740734375
0 0.2947916671875 0.6666666671875 0.2994791671875 0.675 0.3046875 0.675 0.30625 0.6675925921875 0.309375 0.6638888890625 0.3078125 0.6490740734375 0.3046875 0.64351851875 0.2947916671875 0.64351851875 0.2932291671875 0.646296296875 0.2932291671875 0.6611111109375 0.2947916671875 0.6620370375 0.2947916671875 0.6666666671875
0 0.12395833281249999 0.47222222187499996 0.1265625 0.47222222187499996 0.1296875 0.46666666718750005 0.1296875 0.45370370312499997 0.13125 0.45277777812500003 0.1296875 0.44351851875000003 0.1234375 0.43240740781250003 0.10729166718750001 0.43240740781250003 0.1057291671875 0.43518518593750005 0.10729166718750001 0.475 0.121875 0.477777778125 0.12395833281249999 0.47222222187499996
0 0.4609375 0.621296296875 0.45104166718750005 0.621296296875 0.44947916718750003 0.6240740734375 0.45104166718750005 0.6333333328124999 0.4609375 0.6333333328124999 0.4625 0.63055555625 0.4609375 0.621296296875
0 0.528125 0.6333333328124999 0.5296875 0.63055555625 0.528125 0.621296296875 0.5135416671875 0.621296296875 0.5119791671875 0.6240740734375 0.5119791671875 0.6333333328124999 0.5151041671875001 0.6416666671875 0.5223958328125 0.6333333328124999 0.528125 0.6333333328124999
0 0.5088541671875 0.9990740734375001 0.515625 0.997222221875 0.5171875 0.99444444375 0.5171875 0.9796296296874999 0.515625 0.978703703125 0.515625 0.9740740734375001 0.5109375 0.965740740625 0.5010416671875 0.965740740625 0.4994791671875 0.9685185187500001 0.4994791671875 0.9861111109375 0.5057291671875 0.997222221875 0.5088541671875 0.9990740734375001
0 0.1 0.775 0.1 0.7574074078125 0.08854166718749999 0.7546296296875 0.0869791671875 0.775 0.0901041671875 0.7805555562500001 0.096875 0.7805555562500001 0.1 0.775
0 0.3015625 0.7611111109375 0.3015625 0.7490740734375 0.2984375 0.74351851875 0.28854166718749996 0.74351851875 0.2869791671875 0.7638888890625 0.2916666671875 0.76944444375 0.2984375 0.76944444375 0.3015625 0.7611111109375
0 0.7421875 0.3166666671875 0.7453125 0.3083333328125 0.746875 0.2824074078125 0.7421875 0.2768518515625 0.7322916671875 0.2768518515625 0.7307291671875 0.2796296296875 0.7307291671875 0.30555555624999997 0.7369791671875 0.3166666671875 0.7421875 0.3166666671875
0 0.6744791671875 0.590740740625 0.6760416671875 0.6 0.6875 0.6 0.6859375 0.5879629625 0.6744791671875 0.590740740625
0 0.0984375 0.6 0.0984375 0.590740740625 0.09375 0.5879629625 0.0822916671875 0.5879629625 0.08072916718749999 0.590740740625 0.08072916718749999 0.60555555625 0.0838541671875 0.6111111109375 0.09375 0.6083333328125 0.0984375 0.6
0 0.9515625 0.9 0.9546875 0.897222221875 0.95625 0.8916666671875 0.95625 0.871296296875 0.953125 0.865740740625 0.9401041671874999 0.865740740625 0.9369791671875 0.8740740734375001 0.9369791671875 0.89444444375 0.9401041671874999 0.9 0.9515625 0.9
0 0.0182291671875 0.6638888890625 0.0265625 0.6638888890625 0.0328125 0.652777778125 0.0328125 0.646296296875 0.028125 0.6351851859375001 0.0223958328125 0.6351851859375001 0.021875 0.6324074078125 0.0135416671875 0.6324074078125 0.0119791671875 0.6351851859375001 0.0119791671875 0.652777778125 0.0135416671875 0.6537037031249999 0.0135416671875 0.6583333328125 0.0182291671875 0.6638888890625
0 0.5661458328125 0.7018518515625 0.5635416671875 0.7018518515625 0.5572916671875 0.7129629625 0.5557291671875 0.7388888890625 0.5609375 0.74444444375 0.5661458328125 0.7388888890625 0.578125 0.7361111109375 0.58125 0.73055555625 0.58125 0.7074074078125 0.5796875 0.70648148125 0.5796875 0.7018518515625 0.5770833328125 0.7018518515625 0.5765625 0.6990740734374999 0.5666666671875 0.6990740734374999 0.5661458328125 0.7018518515625
0 0.6921875 0.565740740625 0.6890625 0.559259259375 0.690625 0.546296296875 0.6760416671875 0.54351851875 0.6744791671875 0.575 0.690625 0.577777778125 0.6921875 0.575 0.6921875 0.565740740625
0 0.9796875 0.521296296875 0.9770833328125 0.521296296875 0.9734375 0.5129629625 0.96875 0.5101851859375001 0.9619791671875 0.5129629625 0.9619791671875 0.522222221875 0.9651041671874999 0.5305555562500001 0.9796875 0.5305555562500001 0.9796875 0.521296296875
0 0.2875 0.7453703703125 0.290625 0.7416666671875001 0.290625 0.7268518515625 0.2859375 0.7212962968750001 0.2760416671875 0.7212962968750001 0.2744791671875 0.7240740734375 0.2760416671875 0.75 0.2859375 0.752777778125 0.2875 0.7453703703125
0 0.5557291671875 0.74444444375 0.5572916671875 0.75 0.5604166671875 0.752777778125 0.571875 0.75 0.5796875 0.7361111109375 0.5796875 0.7259259265625 0.58125 0.725 0.5796875 0.7101851859375 0.5604166671875 0.7101851859375 0.5572916671875 0.7129629625 0.5557291671875 0.7185185187500001 0.5557291671875 0.74444444375
0 0.059375 0.3416666671875 0.0625 0.3361111109375 0.0625 0.33148148125 0.0640625 0.33055555625 0.0640625 0.315740740625 0.0609375 0.3101851859375 0.0447916671875 0.3101851859375 0.0432291671875 0.3129629625 0.0432291671875 0.33055555625 0.0494791671875 0.3416666671875 0.059375 0.3416666671875
0 0.1375 0.63055555625 0.1375 0.628703703125 0.14375 0.61944444375 0.14375 0.6129629624999999 0.1427083328125 0.6129629624999999 0.1421875 0.6101851859375 0.1260416671875 0.6101851859375 0.1260416671875 0.6120370375 0.1244791671875 0.6129629624999999 0.1244791671875 0.61944444375 0.12552083281249998 0.61944444375 0.1307291671875 0.63055555625 0.1375 0.63055555625
0 0.0125 0.852777778125 0.0125 0.8351851859374999 0.007291667187500001 0.8324074078124999 0.0057291671875 0.8351851859374999 0.0057291671875 0.852777778125 0.0109375 0.85555555625 0.0125 0.852777778125
0 0.28125 0.8018518515625 0.2697916671875 0.7990740734374999 0.2682291671875 0.8018518515625 0.2697916671875 0.8166666671874999 0.2796875 0.8194444437499999 0.28125 0.8018518515625
0 0.378125 0.66851851875 0.3635416671875 0.665740740625 0.3619791671875 0.66851851875 0.3619791671875 0.6861111109375 0.3635416671875 0.6888888890625 0.371875 0.6888888890625 0.378125 0.675 0.378125 0.66851851875
0 0.28125 0.5416666671875 0.2796875 0.521296296875 0.275 0.5129629625 0.2697916671875 0.5129629625 0.2682291671875 0.515740740625 0.2682291671875 0.5416666671875 0.2796875 0.54444444375 0.28125 0.5416666671875
0 0.26875 0.44166666718750003 0.2671875 0.43240740781250003 0.2645833328125 0.43240740781250003 0.2609375 0.42129629687500003 0.25729166718749996 0.42129629687500003 0.2557291671875 0.44166666718750003 0.2635416671875 0.45 0.2671875 0.45 0.26875 0.44166666718750003
0 0.25833333281250004 0.9444444437499999 0.2635416671875 0.952777778125 0.2671875 0.952777778125 0.26875 0.9472222218749999 0.2671875 0.9268518515625 0.2609375 0.921296296875 0.2510416671875 0.921296296875 0.2494791671875 0.9240740734375 0.2510416671875 0.9444444437499999 0.2526041671875 0.9472222218749999 0.25833333281250004 0.9444444437499999
0 0.1921875 0.4546296296875 0.1807291671875 0.4574074078125 0.1822916671875 0.477777778125 0.19375 0.475 0.1953125 0.4574074078125 0.1921875 0.4546296296875
0 0.21979166718749998 0.49444444374999996 0.22135416718749998 0.497222221875 0.228125 0.49444444374999996 0.23125 0.4824074078125 0.228125 0.4768518515625 0.21979166718749998 0.4768518515625 0.2182291671875 0.4796296296875 0.2182291671875 0.4888888890625 0.21979166718749998 0.48981481406249994 0.21979166718749998 0.49444444374999996
0 0.3697916671875 0.94351851875 0.3682291671875 0.946296296875 0.3682291671875 0.9666666671874999 0.3697916671875 0.9675925921875 0.3697916671875 0.972222221875 0.378125 0.9694444437499999 0.3859375 0.952777778125 0.3859375 0.946296296875 0.3697916671875 0.94351851875
0 0.071875 0.921296296875 0.0557291671875 0.9240740734375 0.05729166718749999 0.9388888890624999 0.0671875 0.9388888890624999 0.0734375 0.9333333328125001 0.071875 0.921296296875
0 0.9947916671874999 0.5101851859375001 0.9932291671875 0.5555555562500001 0.9994791671875 0.5611111109375 0.9994791671875 0.5101851859375001 0.9947916671874999 0.5101851859375001
0 0.621875 0.4879629625 0.6135416671875 0.4879629625 0.6135416671875 0.5083333328124999 0.6234375 0.5083333328124999 0.625 0.49351851875 0.621875 0.4879629625
0 0.2026041671875 0.28055555625 0.2171875 0.27777777812500004 0.2203125 0.272222221875 0.221875 0.2546296296875 0.21875 0.24907407343750002 0.2114583328125 0.246296296875 0.2109375 0.24351851875000002 0.2010416671875 0.246296296875 0.2010416671875 0.2509259265625 0.1994791671875 0.2518518515625 0.1994791671875 0.275 0.2026041671875 0.28055555625
0 0.0401041671875 0.997222221875 0.0421875 0.997222221875 0.0453125 0.9916666671875 0.0453125 0.984259259375 0.05 0.975 0.05 0.9712962968750001 0.046875 0.965740740625 0.0385416671875 0.965740740625 0.0369791671875 0.9685185187500001 0.0385416671875 0.99444444375 0.0401041671875 0.997222221875
0 0.3203125 0.5490740734374999 0.3171875 0.54351851875 0.3135416671875 0.54351851875 0.31197916718749996 0.546296296875 0.31197916718749996 0.5638888890625 0.3171875 0.5666666671875 0.3203125 0.5490740734374999
0 0.1651041671875 0.6879629625 0.16354166718750002 0.6981481484375001 0.1619791671875 0.6990740734374999 0.1619791671875 0.7083333328125 0.16354166718750002 0.7111111109375 0.175 0.7111111109375 0.1786458328125 0.702777778125 0.18125 0.702777778125 0.184375 0.6972222218749999 0.1828125 0.6824074078125 0.1796875 0.6768518515624999 0.1760416671875 0.6768518515624999 0.1708333328125 0.6851851859375 0.1651041671875 0.6879629625
0 0.071875 0.921296296875 0.051041667187499994 0.921296296875 0.0494791671875 0.9240740734375 0.051041667187499994 0.9416666671874999 0.0640625 0.9416666671874999 0.0734375 0.9333333328125001 0.071875 0.921296296875
0 0.2359375 0.522222221875 0.2375 0.51944444375 0.2375 0.5018518515625 0.2359375 0.4990740734375 0.2260416671875 0.4990740734375 0.2244791671875 0.5018518515625 0.2244791671875 0.51944444375 0.2260416671875 0.522222221875 0.2359375 0.522222221875
0 0.6296875 0.43333333281249997 0.63125 0.43055555625 0.63125 0.4129629625 0.6296875 0.41018518593750003 0.6197916671875 0.41018518593750003 0.6182291671875 0.4129629625 0.6182291671875 0.43055555625 0.6197916671875 0.43333333281249997 0.6296875 0.43333333281249997
0 0.9697916671875 0.5388888890625 0.9796875 0.5388888890625 0.98125 0.5268518515625 0.9765625 0.515740740625 0.9692708328125 0.5129629625 0.96875 0.5101851859375001 0.9619791671875 0.5129629625 0.9619791671875 0.522222221875 0.9651041671874999 0.5333333328125 0.9677083328125 0.5333333328125 0.9697916671875 0.5388888890625
0 0.1421875 0.50555555625 0.14375 0.49351851875 0.140625 0.4879629625 0.13229166718750002 0.4879629625 0.1307291671875 0.490740740625 0.1307291671875 0.5083333328124999 0.1390625 0.5111111109375 0.1421875 0.50555555625