0 0 0.16388888906250001 0.0098958328125 0.1666666671875 0.010416667187500001 0.16944444375 0.0171875 0.16944444375 0.017708332812499998 0.1666666671875 0.028125 0.16388888906250001 0.034375 0.15 0.0359375 0.134259259375 0.0375 0.13333333281249998 0.0375 0.12129629687500001 0.0359375 0.1203703703125 0.0359375 0.1129629625 0.0328125 0.109259259375 0.03125 0.0990740734375 0.0234375 0.08796296249999999 0 0.08796296249999999 0 0.16388888906250001
0 0.978125 0.28611111093749997 0.9802083328125001 0.28055555625 0.9875 0.275 0.9875 0.2648148140625 0.9890625 0.2638888890625 0.9875 0.21851851875 0.9859375 0.2175925921875 0.9859375 0.21296296250000002 0.9833333328125 0.21296296250000002 0.9828125 0.2101851859375 0.9651041671874999 0.2101851859375 0.9619791671875 0.21574074062499998 0.9619791671875 0.272222221875 0.9697916671875 0.2833333328125 0.978125 0.28611111093749997
0 0.6921875 0.15555555625 0.6927083328125 0.15277777812499999 0.696875 0.15277777812499999 0.7046875 0.1361111109375 0.70625 0.11574074062499999 0.7015625 0.10185185156250001 0.6984375 0.0990740734375 0.6697916671875 0.0990740734375 0.6682291671875 0.10185185156250001 0.6682291671875 0.147222221875 0.6697916671875 0.15277777812499999 0.6729166671875 0.15555555625 0.6921875 0.15555555625
0 0.6546875 0.175 0.6567708328124999 0.16944444375 0.6625 0.1666666671875 0.6671875 0.1583333328125 0.6671875 0.12407407343750002 0.6640625 0.1203703703125 0.6640625 0.11574074062499999 0.6609375 0.1101851859375 0.6385416671875 0.1101851859375 0.6369791671875 0.1129629625 0.6369791671875 0.16388888906250001 0.6432291671875 0.175 0.6546875 0.175
0 0.9848958328125 0.175 0.9854166671875 0.177777778125 0.996875 0.175 0.9994791671875 0.172222221875 0.9994791671875 0.1129629625 0.9776041671875 0.1101851859375 0.9744791671874999 0.11574074062499999 0.9744791671874999 0.16388888906250001 0.9807291671874999 0.175 0.9848958328125 0.175
0 0.9369791671875 0.1611111109375 0.9385416671875 0.1620370375 0.9385416671875 0.1666666671875 0.9411458328125001 0.1666666671875 0.9447916671875 0.175 0.959375 0.175 0.9614583328125 0.16944444375 0.9671875 0.1666666671875 0.9703125 0.1583333328125 0.9703125 0.15092592656249998 0.971875 0.15 0.971875 0.12129629687500001 0.9671875 0.1101851859375 0.9447916671875 0.1101851859375 0.9442708328125 0.1129629625 0.9416666671874999 0.1129629625 0.9369791671875 0.12407407343750002 0.9369791671875 0.1611111109375
0 0.9947916671874999 0.221296296875 0.9932291671875 0.2666666671875 0.9994791671875 0.272222221875 0.9994791671875 0.221296296875 0.9947916671874999 0.221296296875
0 0.3229166671875 0.21111111093749999 0.3390625 0.21111111093749999 0.3484375 0.197222221875 0.3484375 0.1898148140625 0.35 0.1888888890625 0.3484375 0.16851851874999998 0.3453125 0.1574074078125 0.3421875 0.1546296296875 0.3244791671875 0.1546296296875 0.3213541671875 0.1574074078125 0.3182291671875 0.165740740625 0.3182291671875 0.20277777812500003 0.31979166718749996 0.20833333281250002 0.3229166671875 0.21111111093749999
0 0.49427083281249995 0.4129629625 0.4916666671875 0.4129629625 0.48072916718750003 0.43518518593750005 0.48072916718750003 0.45555555625000005 0.48229166718750005 0.45648148125 0.48229166718750005 0.4611111109375 0.4921875 0.4611111109375 0.4927083328125 0.4583333328125 0.4984375 0.45555555625000005 0.5015625 0.45 0.5015625 0.44259259218749997 0.5052083328125 0.4361111109375 0.5109375 0.43333333281249997 0.5109375 0.4129629625 0.5083333328124999 0.4129629625 0.5078125 0.41018518593750003 0.4947916671875 0.41018518593750003 0.49427083281249995 0.4129629625
0 0.7010416671875 0.79351851875 0.7010416671875 0.7981481484375 0.6994791671875 0.7990740734374999 0.6994791671875 0.8388888890624999 0.7010416671875 0.8416666671874999 0.70625 0.8416666671874999 0.70625 0.8370370375 0.7125 0.827777778125 0.7125 0.8231481484375 0.7234375 0.8055555562500001 0.7234375 0.8009259265625 0.725 0.8 0.725 0.7898148140625 0.7265625 0.7888888890625 0.7265625 0.7824074078125001 0.7234375 0.7768518515625 0.7088541671875 0.7768518515625 0.7057291671875 0.7824074078125001 0.7057291671875 0.7870370375 0.7010416671875 0.79351851875
0 0.5682291671875 0.222222221875 0.5729166671875 0.23055555625 0.5859375 0.23055555625 0.5921875 0.222222221875 0.5921875 0.21203703749999997 0.59375 0.21111111093749999 0.5921875 0.196296296875 0.5875 0.17962962968750001 0.5744791671875 0.1768518515625 0.5697916671875001 0.1824074078125 0.5697916671875001 0.1925925921875 0.5682291671875 0.19351851874999998 0.5682291671875 0.222222221875
0 0.5572916671875 0.652777778125 0.5598958328125 0.652777778125 0.5635416671875 0.6583333328125 0.5677083328125 0.6583333328125 0.5682291671875 0.6611111109375 0.575 0.6611111109375 0.578125 0.6555555562500001 0.5796875 0.6425925921875 0.58125 0.6416666671875 0.58125 0.6240740734375 0.5734375 0.6101851859375 0.5572916671875 0.6101851859375 0.5557291671875 0.6129629624999999 0.5557291671875 0.622222221875 0.5588541671875 0.628703703125 0.5572916671875 0.652777778125
0 0.05 0.19444444375 0.0484375 0.1768518515625 0.0244791671875 0.17962962968750001 0.0244791671875 0.19444444375 0.0276041671875 0.2 0.046875 0.2 0.05 0.19444444375
0 0.3484375 0.7574074078125 0.34375 0.7509259265625 0.34375 0.7268518515625 0.3385416671875 0.7240740734375 0.3369791671875 0.7638888890625 0.3453125 0.7666666671875 0.3484375 0.7638888890625 0.3484375 0.7574074078125