0 0.5984375 0.32777777812500003 0.60625 0.31944444375000003 0.60625 0.2824074078125 0.6046875 0.28148148125 0.6046875 0.271296296875 0.6 0.26574074062499997 0.5822916671875 0.26574074062499997 0.5807291671875 0.26851851875 0.5807291671875 0.31944444375000003 0.5901041671875 0.32777777812500003 0.5984375 0.32777777812500003
0 0.5552083328124999 0.58055555625 0.5572916671875 0.5861111109375 0.5703125 0.5861111109375 0.5708333328124999 0.5833333328125 0.5734375 0.5833333328125 0.58125 0.5638888890625 0.58125 0.5351851859375001 0.5796875 0.534259259375 0.5796875 0.5296296296875 0.5734375 0.521296296875 0.5510416671875 0.521296296875 0.5494791671875 0.5240740734375 0.5494791671875 0.575 0.5526041671875 0.58055555625 0.5552083328124999 0.58055555625
0 0.08854166718749999 0.14444444375 0.0947916671875 0.15555555625 0.1020833328125 0.15555555625 0.10260416718750001 0.1583333328125 0.115625 0.15555555625 0.1208333328125 0.14444444375 0.125 0.1416666671875 0.125 0.13703703750000001 0.1296875 0.127777778125 0.1296875 0.1203703703125 0.13125 0.11944444375 0.13125 0.1074074078125 0.1296875 0.10648148125000001 0.1296875 0.0990740734375 0.128125 0.0981481484375 0.1265625 0.08796296249999999 0.121875 0.07962962968750001 0.08854166718749999 0.07685185156249999 0.0869791671875 0.07962962968750001 0.0869791671875 0.1361111109375 0.08854166718749999 0.13703703750000001 0.08854166718749999 0.14444444375
0 0.6078125 0.752777778125 0.6130208328125 0.74444444375 0.615625 0.74444444375 0.61875 0.7388888890625 0.61875 0.728703703125 0.6203125 0.727777778125 0.6203125 0.7074074078125 0.6171875 0.69351851875 0.6125 0.6879629625 0.5885416671875 0.6879629625 0.5869791671875 0.690740740625 0.5869791671875 0.7416666671875001 0.5979166671875 0.752777778125 0.6078125 0.752777778125
0 0.054166667187499996 0.275 0.05989583281250001 0.27777777812500004 0.0635416671875 0.28611111093749997 0.06770833281250001 0.28611111093749997 0.0682291671875 0.2888888890625 0.0859375 0.28611111093749997 0.0859375 0.28148148125 0.0921875 0.275 0.0953125 0.2638888890625 0.0953125 0.25648148125 0.096875 0.25555555625 0.096875 0.2379629625 0.0953125 0.2370370375 0.09375 0.22407407343750002 0.0859375 0.2101851859375 0.054166667187499996 0.2101851859375 0.051041667187499994 0.21296296250000002 0.0494791671875 0.21851851875 0.0494791671875 0.2638888890625 0.054166667187499996 0.2703703703125 0.054166667187499996 0.275
0 0.23125 0.21111111093749999 0.23177083281250002 0.20833333281250002 0.2359375 0.20833333281250002 0.2359375 0.20370370312500002 0.24375 0.19444444375 0.24375 0.1870370375 0.2453125 0.1861111109375 0.2453125 0.178703703125 0.246875 0.177777778125 0.246875 0.165740740625 0.2453125 0.1648148140625 0.24375 0.1546296296875 0.2390625 0.1481481484375 0.2390625 0.140740740625 0.2375 0.13981481406250001 0.2359375 0.1324074078125 0.21354166718749998 0.1324074078125 0.20572916718749998 0.146296296875 0.20572916718749998 0.19444444375 0.21510416718749997 0.21111111093749999 0.23125 0.21111111093749999
0 0.840625 0.6638888890625 0.8453125 0.64444444375 0.84375 0.6240740734375 0.8421875 0.621296296875 0.8197916671875 0.621296296875 0.8182291671874999 0.6240740734375 0.8197916671875 0.6638888890625 0.8244791671874999 0.6666666671875 0.840625 0.6638888890625
0 0.7510416671875 0.172222221875 0.7552083328125 0.175 0.7588541671875 0.1833333328125 0.765625 0.1861111109375 0.7692708328125 0.177777778125 0.7734375 0.175 0.7739583328124999 0.16944444375 0.7765625 0.16944444375 0.78125 0.1611111109375 0.78125 0.15648148125 0.7859375 0.15 0.7875 0.1351851859375 0.7859375 0.134259259375 0.7859375 0.1296296296875 0.7796875 0.12129629687500001 0.7510416671875 0.12129629687500001 0.7494791671875001 0.12407407343750002 0.7494791671875001 0.1666666671875 0.7510416671875 0.1675925921875 0.7510416671875 0.172222221875
0 0.5630208328124999 0.3888888890625 0.5682291671875 0.4 0.5796875 0.4 0.5796875 0.3981481484375 0.5875 0.3861111109375 0.5875 0.3601851859375 0.5828125 0.353703703125 0.5828125 0.3490740734375 0.5817708328125 0.3490740734375 0.5796875 0.34351851875 0.5635416671875 0.34351851875 0.5635416671875 0.3453703703125 0.5619791671875001 0.34629629687499996 0.5619791671875001 0.3888888890625 0.5630208328124999 0.3888888890625
0 0.9869791671874999 0.22777777812500002 0.9994791671875 0.222222221875 0.9994791671875 0.1768518515625 0.9760416671875 0.1768518515625 0.9744791671874999 0.17962962968750001 0.9744791671874999 0.2166666671875 0.9776041671875 0.222222221875 0.9869791671874999 0.22777777812500002
0 0.051041667187499994 0.0861111109375 0.05729166718749999 0.097222221875 0.05989583281250001 0.097222221875 0.060416667187499995 0.1 0.08125 0.1 0.0875 0.0888888890625 0.0875 0.078703703125 0.0890625 0.077777778125 0.0890625 0.0703703703125 0.090625 0.06944444375 0.090625 0.0648148140625 0.0921875 0.0638888890625 0.0921875 0.0379629625 0.090625 0.037037037499999995 0.0890625 0.0268518515625 0.0875 0.0240740734375 0.0848958328125 0.0240740734375 0.084375 0.021296296875000002 0.0635416671875 0.021296296875000002 0.0494791671875 0.046296296875 0.0494791671875 0.08055555625000001 0.051041667187499994 0.08148148125 0.051041667187499994 0.0861111109375
0 0.1057291671875 0.45 0.1119791671875 0.4620370375 0.1135416671875 0.46944444374999994 0.1234375 0.47222222187499996 0.12395833281249999 0.46944444374999994 0.1328125 0.46388888906250003 0.1380208328125 0.45277777812500003 0.1421875 0.45 0.14375 0.434259259375 0.1453125 0.43333333281249997 0.1453125 0.42129629687500003 0.14375 0.4203703703125 0.1421875 0.4046296296875 0.1390625 0.40092592656250003 0.1390625 0.396296296875 0.1359375 0.39074074062499997 0.13333333281249998 0.39074074062499997 0.1328125 0.3879629625 0.1119791671875 0.3879629625 0.11145833281249999 0.39074074062499997 0.1088541671875 0.39074074062499997 0.1057291671875 0.3990740734375 0.1057291671875 0.45
0 0.9302083328125 0.647222221875 0.9338541671874999 0.6555555562500001 0.946875 0.6555555562500001 0.9473958328125001 0.652777778125 0.95 0.652777778125 0.95 0.6481481484375 0.9546875 0.6416666671875 0.9546875 0.621296296875 0.9505208328125001 0.61851851875 0.9453125 0.609259259375 0.9453125 0.6046296296875 0.9421875 0.5990740734375 0.9276041671874999 0.5990740734375 0.9244791671874999 0.6046296296875 0.9244791671874999 0.6416666671875 0.9276041671874999 0.647222221875 0.9302083328125 0.647222221875
0 0.6697916671875 0.23055555625 0.6729166671875 0.234259259375 0.6729166671875 0.2388888890625 0.6744791671875 0.2398148140625 0.6744791671875 0.24722222187499998 0.6776041671875 0.252777778125 0.6802083328124999 0.252777778125 0.6807291671875 0.25555555625 0.6875 0.25555555625 0.6880208328124999 0.252777778125 0.690625 0.252777778125 0.7 0.23333333281250002 0.7 0.2046296296875 0.6984375 0.20370370312500002 0.6984375 0.1990740734375 0.6921875 0.1879629625 0.6697916671875 0.1879629625 0.6682291671875 0.190740740625 0.6682291671875 0.222222221875 0.6697916671875 0.22314814843750003 0.6697916671875 0.23055555625
0 0.48229166718750005 0.747222221875 0.4838541671875 0.75 0.49114583281249996 0.75 0.4947916671875 0.75555555625 0.5046875 0.752777778125 0.5109375 0.7416666671875001 0.5109375 0.7370370375 0.5140625 0.73055555625 0.5140625 0.7231481484375 0.515625 0.722222221875 0.515625 0.7129629625 0.5140625 0.7120370375 0.5125 0.7018518515625 0.5109375 0.6990740734374999 0.4838541671875 0.6990740734374999 0.48072916718750003 0.7046296296875 0.48072916718750003 0.7361111109375 0.48229166718750005 0.7370370375 0.48229166718750005 0.747222221875
0 0.9447916671875 0.334259259375 0.9432291671874999 0.3351851859375 0.9432291671874999 0.375 0.9510416671874999 0.3888888890625 0.9671875 0.3888888890625 0.9765625 0.36944444375 0.9765625 0.3490740734375 0.975 0.3481481484375 0.975 0.3351851859375 0.9734375 0.334259259375 0.9734375 0.3296296296875 0.9703125 0.3240740734375 0.9677083328125 0.3240740734375 0.9671875 0.321296296875 0.9510416671874999 0.321296296875 0.9505208328125001 0.3240740734375 0.9479166671874999 0.3240740734375 0.9447916671875 0.3296296296875 0.9447916671875 0.334259259375
0 0.5635416671875 0.06944444375 0.5661458328125 0.06944444375 0.5713541671875 0.077777778125 0.5859375 0.077777778125 0.59375 0.0638888890625 0.59375 0.0490740734375 0.5921875 0.048148148437499996 0.5921875 0.040740740625 0.5859375 0.03148148125 0.584375 0.0240740734375 0.5802083328125 0.0240740734375 0.5796875 0.021296296875000002 0.5651041671875 0.021296296875000002 0.5619791671875001 0.0268518515625 0.5619791671875001 0.0638888890625 0.5635416671875 0.0648148140625 0.5635416671875 0.06944444375
0 0.0760416671875 0.46481481406249997 0.0760416671875 0.46944444374999994 0.0791666671875 0.475 0.08645833281250001 0.477777778125 0.0869791671875 0.48055555625 0.1 0.48055555625 0.10052083281249999 0.477777778125 0.1046875 0.477777778125 0.109375 0.46388888906250003 0.109375 0.4546296296875 0.10625 0.4481481484375 0.1046875 0.43240740781250003 0.0921875 0.41018518593750003 0.0791666671875 0.41018518593750003 0.07864583281250001 0.4129629625 0.0760416671875 0.4129629625 0.0760416671875 0.4175925921875 0.0744791671875 0.41851851875 0.0744791671875 0.46388888906250003 0.0760416671875 0.46481481406249997
0 0.7890625 0.6916666671875 0.7921875 0.6888888890625 0.7984375 0.66944444375 0.796875 0.646296296875 0.79375 0.64351851875 0.7697916671875 0.64351851875 0.7682291671875 0.646296296875 0.7682291671875 0.6861111109375 0.7744791671875 0.6916666671875 0.7890625 0.6916666671875
0 0.6057291671875 0.26574074062499997 0.6057291671875 0.302777778125 0.6088541671875001 0.3111111109375 0.6296875 0.3111111109375 0.634375 0.30555555624999997 0.6375 0.29444444375 0.6375 0.2851851859375 0.6359375 0.284259259375 0.6328125 0.25740740781250004 0.6296875 0.2546296296875 0.6072916671875 0.25740740781250004 0.6072916671875 0.2648148140625 0.6057291671875 0.26574074062499997
0 0.5322916671875 0.2416666671875 0.5421875 0.2388888890625 0.5442708328125 0.23333333281250002 0.546875 0.23333333281250002 0.5546875 0.21944444375 0.5546875 0.190740740625 0.5520833328125 0.190740740625 0.5515625 0.1879629625 0.5260416671875 0.1879629625 0.5244791671875 0.190740740625 0.5244791671875 0.23055555625 0.5276041671875 0.23611111093749998 0.5302083328125 0.23611111093749998 0.5322916671875 0.2416666671875
0 0.6385416671875 0.2453703703125 0.6385416671875 0.25 0.6473958328125 0.252777778125 0.6479166671875001 0.25555555625 0.66875 0.25555555625 0.6734375 0.25 0.6734375 0.23518518593749999 0.6640625 0.2203703703125 0.6640625 0.2046296296875 0.6609375 0.1990740734375 0.6447916671875 0.1990740734375 0.6385416671875 0.20740740781250003 0.6385416671875 0.21203703749999997 0.6369791671875 0.21296296250000002 0.6369791671875 0.24444444375000002 0.6385416671875 0.2453703703125
0 0.1307291671875 0.5796296296875 0.1307291671875 0.6361111109375 0.1338541671875 0.64444444375 0.1421875 0.6416666671875 0.1442708328125 0.6361111109375 0.15 0.6333333328124999 0.1578125 0.61944444375 0.159375 0.603703703125 0.1625 0.6 0.1625 0.5851851859375 0.1609375 0.584259259375 0.1609375 0.5796296296875 0.15677083281249998 0.5796296296875 0.15625 0.5768518515625 0.13229166718750002 0.5768518515625 0.1307291671875 0.5796296296875
0 0.9072916671875 0.502777778125 0.9135416671875 0.5111111109375 0.921875 0.5111111109375 0.9223958328125 0.5083333328124999 0.925 0.5083333328124999 0.93125 0.497222221875 0.9328125 0.471296296875 0.9296875 0.465740740625 0.9072916671875 0.465740740625 0.9057291671875 0.46851851875 0.9057291671875 0.497222221875 0.9072916671875 0.4981481484375 0.9072916671875 0.502777778125
0 0.9583333328125001 0.7111111109375 0.9635416671874999 0.7194444437499999 0.975 0.7194444437499999 0.9786458328125001 0.7111111109375 0.98125 0.7111111109375 0.98125 0.70648148125 0.9859375 0.7 0.9859375 0.6953703703125 0.9875 0.6944444437499999 0.9875 0.6796296296875 0.98125 0.665740740625 0.9526041671875 0.665740740625 0.9494791671874999 0.671296296875 0.9494791671874999 0.7 0.9510416671874999 0.7009259265625001 0.9510416671874999 0.7083333328125 0.9583333328125001 0.7111111109375
0 0.1963541671875 0.36944444375 0.2046875 0.36944444375 0.2052083328125 0.36666666718749996 0.2125 0.3638888890625 0.2140625 0.34629629687499996 0.2109375 0.3351851859375 0.2078125 0.33148148125 0.2046875 0.3129629625 0.20052083281250002 0.3129629625 0.2 0.3101851859375 0.1838541671875 0.3101851859375 0.1807291671875 0.315740740625 0.1807291671875 0.352777778125 0.1854166671875 0.3638888890625 0.19583333281249998 0.36666666718749996 0.1963541671875 0.36944444375
0 0.5307291671875001 0.752777778125 0.5333333328125 0.752777778125 0.5338541671875 0.75555555625 0.5484375 0.75555555625 0.5546875 0.7361111109375 0.5546875 0.7129629625 0.55 0.70648148125 0.5484375 0.6990740734374999 0.5260416671875 0.6990740734374999 0.5244791671875 0.7018518515625 0.5244791671875 0.7333333328125 0.5291666671875 0.7425925921875 0.5307291671875001 0.752777778125
0 0.5770833328125 0.7833333328125 0.5796875 0.7833333328125 0.5828125 0.76944444375 0.5828125 0.7490740734375 0.5796875 0.74351851875 0.5572916671875 0.74351851875 0.5557291671875 0.746296296875 0.5557291671875 0.777777778125 0.5588541671875 0.7861111109375 0.575 0.7888888890625 0.5770833328125 0.7833333328125
0 0.8921875 0.9666666671874999 0.8953125 0.9583333328125001 0.89375 0.9268518515625 0.890625 0.921296296875 0.8760416671875 0.921296296875 0.8744791671875 0.9240740734375 0.8744791671875 0.9611111109375001 0.8791666671874999 0.9666666671874999 0.8921875 0.9666666671874999
0 0.8807291671874999 0.015740740625 0.8807291671874999 0.052777778124999994 0.8885416671874999 0.0638888890625 0.89375 0.0638888890625 0.8942708328125001 0.061111110937500004 0.896875 0.061111110937500004 0.9078125 0.0416666671875 0.9078125 0.037037037499999995 0.9109375 0.0333333328125 0.9109375 0.028703703125 0.9125 0.027777778125000003 0.9125 0.0129629625 0.9098958328125001 0.0129629625 0.909375 0.0101851859375 0.8838541671875 0.0101851859375 0.8807291671874999 0.015740740625
0 0.8135416671875 0.9 0.821875 0.9 0.8223958328125001 0.897222221875 0.8265625 0.897222221875 0.8302083328125001 0.8888888890625 0.8328125 0.8888888890625 0.8375 0.88055555625 0.8375 0.8759259265624999 0.840625 0.872222221875 0.8421875 0.8574074078124999 0.8359375 0.8462962968750001 0.8317708328125001 0.8462962968750001 0.83125 0.8435185187500001 0.8119791671875 0.8435185187500001 0.8114583328125 0.8462962968750001 0.8088541671874999 0.8462962968750001 0.8072916671874999 0.853703703125 0.8057291671875 0.8546296296874999 0.8057291671875 0.8888888890625 0.8135416671875 0.9
0 0.6463541671875 0.3 0.65625 0.3 0.6671875 0.2833333328125 0.6671875 0.25740740781250004 0.6630208328125 0.25740740781250004 0.6625 0.2546296296875 0.6385416671875 0.2546296296875 0.6369791671875 0.25740740781250004 0.6369791671875 0.2833333328125 0.6385416671875 0.284259259375 0.6385416671875 0.2888888890625 0.6463541671875 0.3
0 0.08854166718749999 0.6972222218749999 0.0947916671875 0.7083333328125 0.10625 0.7083333328125 0.10833333281249999 0.702777778125 0.115625 0.6972222218749999 0.1171875 0.6898148140625 0.1203125 0.6861111109375 0.1203125 0.68148148125 0.1234375 0.6777777781250001 0.1234375 0.6675925921875 0.125 0.6666666671875 0.1234375 0.646296296875 0.1171875 0.6351851859375001 0.10833333281249999 0.6351851859375001 0.1078125 0.6324074078125 0.08854166718749999 0.6324074078125 0.0869791671875 0.6351851859375001 0.0869791671875 0.6861111109375 0.08854166718749999 0.6870370375 0.08854166718749999 0.6972222218749999
0 0.2036458328125 0.04444444375 0.2088541671875 0.052777778124999994 0.2171875 0.052777778124999994 0.2208333328125 0.04444444375 0.2234375 0.04444444375 0.225 0.037037037499999995 0.23125 0.027777778125000003 0.23125 0.0129629625 0.2296875 0.0101851859375 0.2010416671875 0.0101851859375 0.1994791671875 0.0129629625 0.1994791671875 0.0388888890625 0.2010416671875 0.039814814062499995 0.2010416671875 0.04444444375 0.2036458328125 0.04444444375
0 0.6052083328125 0.077777778125 0.6057291671875 0.08055555625000001 0.6171875 0.077777778125 0.61875 0.0703703703125 0.625 0.061111110937500004 0.6265625 0.046296296875 0.621875 0.0351851859375 0.6177083328124999 0.0351851859375 0.6171875 0.0324074078125 0.5979166671875 0.0324074078125 0.5947916671875 0.0351851859375 0.5932291671875001 0.040740740625 0.5932291671875001 0.0666666671875 0.5994791671875 0.077777778125 0.6052083328125 0.077777778125
0 0.1916666671875 0.18148148125000002 0.1916666671875 0.1861111109375 0.2046875 0.1916666671875 0.20625 0.1888888890625 0.2046875 0.15092592656249998 0.2078125 0.1268518515625 0.203125 0.12129629687500001 0.1901041671875 0.12129629687500001 0.18697916718750002 0.1268518515625 0.18697916718750002 0.175 0.1885416671875 0.18055555625 0.1916666671875 0.18148148125000002
0 0.1755208328125 0.6083333328125 0.1760416671875 0.6111111109375 0.1833333328125 0.6138888890625 0.19479166718750002 0.6361111109375 0.1973958328125 0.6361111109375 0.1979166671875 0.6388888890625 0.2046875 0.6388888890625 0.2046875 0.634259259375 0.209375 0.63055555625 0.209375 0.6259259265625 0.2109375 0.625 0.2109375 0.5990740734375 0.209375 0.5981481484375 0.20625 0.5824074078125 0.203125 0.5768518515625 0.1760416671875 0.5768518515625 0.1697916671875 0.5851851859375 0.1697916671875 0.5898148140624999 0.1682291671875 0.590740740625 0.1697916671875 0.6083333328125 0.1755208328125 0.6083333328125
0 0.9223958328125 0.41944444374999995 0.9229166671875 0.42222222187499997 0.9296875 0.42222222187499997 0.9302083328125 0.41944444374999995 0.9359375 0.41944444374999995 0.94375 0.40555555625000006 0.94375 0.3740740734375 0.940625 0.36851851875 0.9380208328125 0.36851851875 0.9375 0.365740740625 0.9197916671874999 0.365740740625 0.9192708328125001 0.36851851875 0.9135416671875 0.36851851875 0.9119791671874999 0.40555555625000006 0.9135416671875 0.40648148125 0.9151041671875 0.4166666671875 0.9223958328125 0.41944444374999995
0 0.06875 0.9472222218749999 0.0692708328125 0.9444444437499999 0.0765625 0.9416666671874999 0.078125 0.9388888890624999 0.078125 0.9240740734375 0.06875 0.9064814812499999 0.06875 0.89351851875 0.065625 0.8879629625 0.054166667187499996 0.8879629625 0.051041667187499994 0.890740740625 0.0494791671875 0.896296296875 0.0494791671875 0.9416666671874999 0.054166667187499996 0.9472222218749999 0.06875 0.9472222218749999
0 0.0640625 0.64444444375 0.0645833328125 0.6416666671875 0.0671875 0.6416666671875 0.06875 0.634259259375 0.0734375 0.627777778125 0.075 0.6046296296875 0.071875 0.5990740734375 0.051041667187499994 0.5990740734375 0.050520832812500006 0.6018518515625 0.0479166671875 0.6018518515625 0.0432291671875 0.6129629624999999 0.0432291671875 0.6388888890625 0.0463541671875 0.64444444375 0.0640625 0.64444444375
0 0.6057291671875 0.030555556249999997 0.6114583328125 0.030555556249999997 0.6119791671875 0.0333333328125 0.6234375 0.0361111109375 0.625 0.028703703125 0.63125 0.0166666671875 0.63125 0.004629629687499999 0.628125 0 0.5932291671875001 0.0018518515625 0.5932291671875001 0.019444443750000002 0.5963541671875 0.025 0.6052083328125 0.027777778125000003 0.6057291671875 0.030555556249999997
0 0.575 0.6574074078125001 0.5703125 0.646296296875 0.565625 0.64351851875 0.5510416671875 0.64351851875 0.5494791671875 0.646296296875 0.5510416671875 0.6805555562500001 0.5671875 0.6805555562500001 0.5734375 0.675 0.575 0.6574074078125001
0 0.06979166718749999 0.91944444375 0.0739583328125 0.922222221875 0.0760416671875 0.9305555562500001 0.0859375 0.9305555562500001 0.0875 0.9129629625 0.0848958328125 0.9129629625 0.0796875 0.9037037031249999 0.0796875 0.8925925921875001 0.0875 0.871296296875 0.084375 0.865740740625 0.06979166718749999 0.865740740625 0.0682291671875 0.86851851875 0.0682291671875 0.9111111109375001 0.06979166718749999 0.9120370375 0.06979166718749999 0.91944444375
0 0.23854166718749997 0.1101851859375 0.23854166718749997 0.1148148140625 0.23697916718749998 0.11574074062499999 0.23697916718749998 0.1416666671875 0.2416666671875 0.1481481484375 0.24479166718749998 0.16388888906250001 0.25052083281250004 0.16388888906250001 0.2510416671875 0.1666666671875 0.2578125 0.16388888906250001 0.25833333281250004 0.1611111109375 0.2609375 0.1611111109375 0.2692708328125 0.14444444375 0.2734375 0.1416666671875 0.275 0.12407407343750002 0.2734375 0.1231481484375 0.2734375 0.1101851859375 0.271875 0.109259259375 0.271875 0.1046296296875 0.26614583281250004 0.1046296296875 0.2625 0.0990740734375 0.24635416718749997 0.0990740734375 0.23854166718749997 0.1101851859375
0 0.3369791671875 0.8138888890624999 0.3385416671875 0.8148148140625 0.3385416671875 0.8194444437499999 0.3411458328125 0.8194444437499999 0.3416666671875 0.8222222218749999 0.359375 0.8222222218749999 0.3661458328125 0.8111111109375001 0.36875 0.8111111109375001 0.3703125 0.803703703125 0.375 0.797222221875 0.375 0.7796296296875 0.3703125 0.7703703703125 0.36875 0.7601851859375001 0.3640625 0.7546296296875 0.3447916671875 0.7546296296875 0.3401041671875 0.7601851859375001 0.3401041671875 0.7675925921875 0.3385416671875 0.76851851875 0.3369791671875 0.8138888890624999
0 0.3135416671875 0.14444444375 0.3192708328125 0.14444444375 0.31979166718749996 0.147222221875 0.328125 0.147222221875 0.32864583281250004 0.14444444375 0.3328125 0.14444444375 0.3333333328125 0.1416666671875 0.3359375 0.1416666671875 0.3380208328125 0.1361111109375 0.3421875 0.13333333281249998 0.34375 0.11574074062499999 0.3421875 0.1148148140625 0.3421875 0.1074074078125 0.3390625 0.10185185156250001 0.3317708328125 0.0990740734375 0.3234375 0.08796296249999999 0.3072916671875 0.08796296249999999 0.3057291671875 0.09074074062500001 0.3057291671875 0.13055555624999998 0.3104166671875 0.1416666671875 0.31302083281250004 0.1416666671875 0.3135416671875 0.14444444375
0 0.5609375 0.3574074078125 0.5510416671875 0.3546296296875 0.5494791671875 0.3574074078125 0.5510416671875 0.3916666671875 0.5625 0.39444444375 0.5609375 0.3574074078125
0 0.0671875 0.9444444437499999 0.06770833281250001 0.9416666671874999 0.071875 0.9416666671874999 0.07552083281250001 0.9361111109375001 0.0859375 0.9305555562500001 0.0875 0.915740740625 0.0765625 0.9064814812499999 0.0765625 0.8953703703125001 0.08125 0.8888888890625 0.08125 0.8796296296874999 0.0796875 0.8768518515625001 0.060416667187499995 0.8768518515625001 0.05729166718749999 0.8796296296874999 0.0557291671875 0.8851851859375 0.0557291671875 0.9416666671874999 0.05729166718749999 0.9444444437499999 0.0671875 0.9444444437499999
0 0.1369791671875 0.7638888890625 0.1427083328125 0.76944444375 0.1432291671875 0.775 0.1463541671875 0.777777778125 0.1609375 0.775 0.1625 0.7675925921875 0.165625 0.7638888890625 0.165625 0.7370370375 0.16875 0.73055555625 0.16875 0.7203703703125 0.1703125 0.7194444437499999 0.1671875 0.7018518515625 0.1630208328125 0.7018518515625 0.1625 0.6990740734374999 0.13229166718750002 0.6990740734374999 0.1307291671875 0.7018518515625 0.13229166718750002 0.75 0.1354166671875 0.753703703125 0.1369791671875 0.7638888890625
0 0.6760416671875 0.3083333328125 0.6796875 0.3083333328125 0.6833333328125 0.3 0.6875 0.29722222187499997 0.6875 0.2629629625 0.6859375 0.26203703749999996 0.6859375 0.25740740781250004 0.6833333328125 0.25740740781250004 0.6828125 0.2546296296875 0.6713541671875001 0.2546296296875 0.6682291671875 0.2601851859375 0.6682291671875 0.29722222187499997 0.6723958328124999 0.3 0.6760416671875 0.3083333328125
0 0.7791666671875 0.15925925937500002 0.7697916671875 0.1740740734375 0.7697916671875 0.178703703125 0.7682291671875 0.17962962968750001 0.7682291671875 0.197222221875 0.7692708328125 0.197222221875 0.7760416671875 0.21111111093749999 0.7796875 0.21111111093749999 0.7833333328125 0.20277777812500003 0.7859375 0.20277777812500003 0.7859375 0.2009259265625 0.7875 0.2 0.7875 0.19537037031249999 0.79375 0.1861111109375 0.79375 0.178703703125 0.7953125 0.177777778125 0.7953125 0.1601851859375 0.7942708328125 0.1601851859375 0.7921875 0.1546296296875 0.7822916671875 0.1546296296875 0.7817708328124999 0.1574074078125 0.7791666671875 0.1574074078125 0.7791666671875 0.15925925937500002
0 0.6875 0.075 0.6911458328125 0.0666666671875 0.69375 0.0666666671875 0.6953125 0.05648148125 0.6984375 0.052777778124999994 0.6984375 0.045370370312500005 0.7 0.04444444375 0.7 0.0351851859375 0.6984375 0.034259259375000004 0.6984375 0.0296296296875 0.69375 0.021296296875000002 0.6776041671875 0.021296296875000002 0.6744791671875 0.0268518515625 0.6744791671875 0.0666666671875 0.6791666671875001 0.075 0.6875 0.075
0 0.6526041671875 0.38055555625 0.6609375 0.38333333281250004 0.6640625 0.375 0.6640625 0.3648148140625 0.6661458328125 0.3611111109375 0.671875 0.3638888890625 0.675 0.3583333328125 0.6765625 0.34351851875 0.675 0.3425925921875 0.675 0.3379629625 0.6703125 0.3324074078125 0.6541666671875 0.3324074078125 0.6494791671875 0.3379629625 0.6494791671875 0.375 0.6526041671875 0.38055555625
0 0.7307291671875 0.840740740625 0.7260416671875001 0.8490740734375001 0.7260416671875001 0.85648148125 0.7244791671875 0.8574074078124999 0.7244791671875 0.872222221875 0.7260416671875001 0.8731481484374999 0.7260416671875001 0.877777778125 0.746875 0.88055555625 0.7515625 0.872222221875 0.75 0.8675925921875001 0.75 0.8379629625 0.7453125 0.8324074078124999 0.7385416671875 0.8324074078124999 0.7333333328125 0.840740740625 0.7307291671875 0.840740740625
0 0.1234375 0.0333333328125 0.1286458328125 0.022222221875 0.134375 0.022222221875 0.1348958328125 0.019444443750000002 0.140625 0.019444443750000002 0.1421875 0.0166666671875 0.1421875 0.0018518515625 0.1057291671875 0.0018518515625 0.10729166718750001 0.0333333328125 0.1119791671875 0.0388888890625 0.1171875 0.0388888890625 0.1234375 0.0333333328125
0 0.2520833328125 0.09074074062500001 0.2494791671875 0.09074074062500001 0.2494791671875 0.0925925921875 0.23854166718749997 0.1101851859375 0.23854166718749997 0.1148148140625 0.23697916718749998 0.11574074062499999 0.23697916718749998 0.1416666671875 0.24322916718749998 0.15092592656249998 0.24322916718749998 0.15555555625 0.24479166718749998 0.15648148125 0.24479166718749998 0.1611111109375 0.24583333281250003 0.1611111109375 0.24635416718749997 0.16388888906250001 0.2578125 0.16388888906250001 0.25833333281250004 0.1611111109375 0.2609375 0.1611111109375 0.2692708328125 0.14444444375 0.2734375 0.14444444375 0.2734375 0.1425925921875 0.2828125 0.127777778125 0.2828125 0.1203703703125 0.284375 0.11944444375 0.284375 0.1129629625 0.2833333328125 0.1129629625 0.2828125 0.1101851859375 0.271875 0.0925925921875 0.271875 0.09074074062500001 0.26614583281250004 0.09074074062500001 0.265625 0.08796296249999999 0.2526041671875 0.08796296249999999 0.2520833328125 0.09074074062500001
0 0.93125 0.127777778125 0.9317708328125001 0.125 0.946875 0.12222222187500001 0.9515625 0.1 0.95 0.07962962968750001 0.946875 0.07685185156249999 0.9260416671874999 0.07685185156249999 0.9244791671874999 0.07962962968750001 0.9244791671874999 0.11944444375 0.9260416671874999 0.125 0.93125 0.127777778125
0 0.578125 0.7203703703125 0.5796875 0.7194444437499999 0.578125 0.7129629625 0.5755208328125 0.715740740625 0.5661458328125 0.715740740625 0.5609375 0.7101851859375 0.5557291671875 0.7129629625 0.5572916671875 0.74444444375 0.5734375 0.7416666671875001 0.5765625 0.7361111109375 0.578125 0.7203703703125
0 0.1640625 0.75 0.1640625 0.7370370375 0.1671875 0.7333333328125 0.16875 0.7194444437499999 0.165625 0.7018518515625 0.1625 0.6990740734374999 0.13229166718750002 0.6990740734374999 0.1307291671875 0.7018518515625 0.13229166718750002 0.7416666671875001 0.1354166671875 0.752777778125 0.1484375 0.75555555625 0.1640625 0.75
0 0.6822916671875 0.9472222218749999 0.6885416671875 0.95555555625 0.6984375 0.952777778125 0.6984375 0.9481481484375 0.7046875 0.9333333328125001 0.7046875 0.9018518515625 0.7015625 0.8990740734375 0.6822916671875 0.9018518515625 0.6822916671875 0.909259259375 0.6807291671875 0.9101851859375 0.6807291671875 0.9416666671874999 0.6822916671875 0.9472222218749999
0 0.81875 0.6018518515625 0.8145833328125001 0.6018518515625 0.8140625 0.5990740734375 0.8010416671874999 0.5990740734375 0.7994791671875 0.6018518515625 0.7994791671875 0.622222221875 0.8026041671874999 0.63055555625 0.8203125 0.61944444375 0.81875 0.6018518515625
0 0.5109375 0.672222221875 0.5171875 0.6638888890625 0.51875 0.6490740734375 0.515625 0.64351851875 0.5010416671875 0.64351851875 0.4994791671875 0.646296296875 0.4994791671875 0.6666666671875 0.5010416671875 0.6675925921875 0.5010416671875 0.675 0.5109375 0.672222221875
0 0.5807291671875 0.0379629625 0.5807291671875 0.072222221875 0.5838541671875 0.077777778125 0.5890625 0.075 0.5953125 0.061111110937500004 0.5953125 0.0268518515625 0.59375 0.0240740734375 0.5838541671875 0.0240740734375 0.5822916671875 0.0268518515625 0.5822916671875 0.037037037499999995 0.5807291671875 0.0379629625
0 0.5494791671875 0.2203703703125 0.5447916671875 0.22685185156249998 0.5447916671875 0.234259259375 0.5432291671875 0.23518518593749999 0.5447916671875 0.24722222187499998 0.5515625 0.24722222187499998 0.5520833328125 0.24444444375000002 0.5546875 0.24444444375000002 0.5625 0.23055555625 0.5625 0.21574074062499998 0.559375 0.2101851859375 0.5572916671875 0.2101851859375 0.5567708328125 0.21296296250000002 0.5510416671875 0.21296296250000002 0.5494791671875 0.2203703703125
0 0.6947916671875001 0.8759259265624999 0.6963541671875 0.8888888890625 0.7015625 0.8888888890625 0.7083333328125 0.875 0.7125 0.872222221875 0.7140625 0.8462962968750001 0.7109375 0.8435185187500001 0.6947916671875001 0.8435185187500001 0.6932291671875 0.8462962968750001 0.6932291671875 0.875 0.6947916671875001 0.8759259265624999