0 0.1572916671875 0.8388888890624999 0.1619791671875 0.8444444437499999 0.1677083328125 0.8444444437499999 0.1682291671875 0.847222221875 0.18125 0.8444444437499999 0.1859375 0.8361111109375001 0.1859375 0.83148148125 0.1921875 0.8138888890624999 0.190625 0.79351851875 0.1859375 0.7879629625 0.1760416671875 0.7879629625 0.1729166671875 0.79351851875 0.1729166671875 0.803703703125 0.1708333328125 0.8046296296875 0.1703125 0.79351851875 0.1671875 0.7879629625 0.1572916671875 0.790740740625 0.15572916718750002 0.79351851875 0.15572916718750002 0.8333333328125001 0.1572916671875 0.834259259375 0.1572916671875 0.8388888890624999
0 0.696875 0.74444444375 0.696875 0.7425925921875 0.7046875 0.73055555625 0.7046875 0.7231481484375 0.70625 0.722222221875 0.70625 0.7046296296875 0.7 0.6953703703125 0.7 0.690740740625 0.6973958328125 0.690740740625 0.696875 0.6879629625 0.6713541671875001 0.6879629625 0.6713541671875001 0.6898148140625 0.6682291671875 0.69351851875 0.6682291671875 0.73055555625 0.6692708328125 0.73055555625 0.6760416671875 0.74444444375 0.696875 0.74444444375
0 0.1760416671875 0.5138888890625 0.1786458328125 0.5138888890625 0.1822916671875 0.522222221875 0.19375 0.522222221875 0.20052083281250002 0.5111111109375 0.2046875 0.5083333328124999 0.2046875 0.503703703125 0.20625 0.502777778125 0.20625 0.48518518593750004 0.2046875 0.48425925937500003 0.2046875 0.4796296296875 0.2015625 0.47407407343749997 0.1989583328125 0.47407407343749997 0.196875 0.46851851875 0.1942708328125 0.46851851875 0.19375 0.465740740625 0.1697916671875 0.465740740625 0.1682291671875 0.46851851875 0.1682291671875 0.497222221875 0.1697916671875 0.4981481484375 0.1697916671875 0.502777778125 0.1760416671875 0.5138888890625
0 0.8755208328125 0.9305555562500001 0.8822916671875 0.9444444437499999 0.9 0.9444444437499999 0.9005208328125001 0.9416666671874999 0.903125 0.9416666671874999 0.903125 0.9398148140625 0.9109375 0.9277777781250001 0.9109375 0.9231481484374999 0.9125 0.922222221875 0.9125 0.896296296875 0.9109375 0.8953703703125001 0.9109375 0.890740740625 0.9098958328125001 0.890740740625 0.903125 0.8768518515625001 0.8760416671875 0.8768518515625001 0.8760416671875 0.878703703125 0.8744791671875 0.8796296296874999 0.8744791671875 0.9305555562500001 0.8755208328125 0.9305555562500001
0 0.16458333281249998 0.1666666671875 0.1682291671875 0.172222221875 0.175 0.172222221875 0.1755208328125 0.16944444375 0.1796875 0.16944444375 0.18020833281249998 0.1666666671875 0.1859375 0.16388888906250001 0.1875 0.15092592656249998 0.1890625 0.15 0.1890625 0.1425925921875 0.190625 0.1416666671875 0.1875 0.12407407343750002 0.1786458328125 0.11851851875 0.1765625 0.1148148140625 0.1765625 0.1074074078125 0.175 0.10648148125000001 0.1734375 0.0990740734375 0.1510416671875 0.0990740734375 0.1494791671875 0.10185185156250001 0.1494791671875 0.14444444375 0.1619791671875 0.1666666671875 0.16458333281249998 0.1666666671875
0 0.06979166718749999 0.5722222218749999 0.0822916671875 0.5888888890625 0.0921875 0.5888888890625 0.0927083328125 0.5861111109375 0.0953125 0.5861111109375 0.1 0.577777778125 0.1 0.5703703703125 0.103125 0.5638888890625 0.103125 0.546296296875 0.1015625 0.5453703703125 0.1 0.5351851859375001 0.0984375 0.5324074078125001 0.0713541671875 0.5324074078125001 0.0682291671875 0.5379629625 0.0682291671875 0.5666666671875 0.06979166718749999 0.5675925921875 0.06979166718749999 0.5722222218749999
0 0.6692708328125 0.9416666671874999 0.6760416671875 0.95555555625 0.690625 0.95555555625 0.690625 0.953703703125 0.69375 0.95 0.69375 0.9074074078125 0.6921875 0.9064814812499999 0.6921875 0.8990740734375 0.6911458328125 0.8990740734375 0.6859375 0.8879629625 0.6713541671875001 0.8879629625 0.6713541671875001 0.8898148140625001 0.6682291671875 0.89351851875 0.6682291671875 0.9416666671874999 0.6692708328125 0.9416666671874999
0 0.3802083328125 0.43333333281249997 0.3807291671875 0.4361111109375 0.390625 0.4361111109375 0.3984375 0.43055555625 0.4015625 0.409259259375 0.403125 0.40833333281249995 0.403125 0.3990740734375 0.3984375 0.3796296296875 0.3953125 0.3768518515625 0.3697916671875 0.3768518515625 0.3682291671875 0.3796296296875 0.3682291671875 0.41944444374999995 0.37447916718749996 0.43333333281249997 0.3802083328125 0.43333333281249997
0 0.1213541671875 0.447222221875 0.140625 0.44444444375 0.146875 0.425 0.146875 0.3990740734375 0.1453125 0.3981481484375 0.1453125 0.39074074062499997 0.1421875 0.3879629625 0.1135416671875 0.3879629625 0.1119791671875 0.39074074062499997 0.1119791671875 0.43333333281249997 0.1135416671875 0.4388888890625 0.1213541671875 0.447222221875
0 0.058854167187499994 0.36944444375 0.0614583328125 0.36944444375 0.06510416718749999 0.377777778125 0.0796875 0.377777778125 0.0802083328125 0.375 0.084375 0.375 0.0895833328125 0.3638888890625 0.0921875 0.3638888890625 0.0921875 0.35925925937500003 0.0953125 0.35555555625 0.0953125 0.3379629625 0.0890625 0.321296296875 0.08645833281250001 0.321296296875 0.0796875 0.3101851859375 0.060416667187499995 0.3101851859375 0.05729166718749999 0.3129629625 0.05729166718749999 0.3203703703125 0.0557291671875 0.321296296875 0.0557291671875 0.3638888890625 0.058854167187499994 0.36944444375
0 0.3484375 0.10833333281249999 0.3505208328125 0.102777778125 0.35625 0.1 0.359375 0.09444444375 0.3609375 0.0740740734375 0.3578125 0.0703703703125 0.35625 0.0546296296875 0.353125 0.046296296875 0.3505208328125 0.046296296875 0.35 0.04351851875 0.33541666718749996 0.04351851875 0.3307291671875 0.051851851562499995 0.3307291671875 0.097222221875 0.3369791671875 0.10833333281249999 0.3484375 0.10833333281249999
0 0.2619791671875 0.2666666671875 0.26614583281250004 0.26944444375 0.2697916671875 0.27777777812500004 0.28125 0.275 0.28125 0.2703703703125 0.2875 0.2611111109375 0.2875 0.24259259218749998 0.2890625 0.2416666671875 0.2859375 0.21296296250000002 0.28177083281250004 0.21296296250000002 0.28125 0.2101851859375 0.25729166718749996 0.2101851859375 0.2557291671875 0.21296296250000002 0.2557291671875 0.23333333281250002 0.2588541671875 0.2398148140625 0.2619791671875 0.2666666671875
0 0.040625 0.35555555625 0.04375 0.35 0.04375 0.3398148140625 0.0453125 0.33888888906250003 0.0453125 0.31759259218749997 0.046875 0.3166666671875 0.0453125 0.3018518515625 0.0421875 0.29907407343750003 0.0197916671875 0.3018518515625 0.0182291671875 0.30740740781250003 0.0197916671875 0.34722222187499996 0.0260416671875 0.35555555625 0.040625 0.35555555625
0 0.2427083328125 0.3 0.24635416718749997 0.30555555624999997 0.253125 0.30555555624999997 0.259375 0.3 0.2625 0.29444444375 0.2625 0.2601851859375 0.259375 0.2546296296875 0.2567708328125 0.2546296296875 0.2546875 0.246296296875 0.25052083281250004 0.246296296875 0.25 0.24351851875000002 0.2322916671875 0.24351851875000002 0.23072916718749997 0.246296296875 0.23072916718749997 0.28611111093749997 0.23854166718749997 0.3 0.2427083328125 0.3
0 0.0802083328125 0.3740740734375 0.06510416718749999 0.3768518515625 0.0635416671875 0.3796296296875 0.0635416671875 0.38703703749999996 0.061979167187499996 0.3879629625 0.061979167187499996 0.427777778125 0.06979166718749999 0.44166666718750003 0.07552083281250001 0.44166666718750003 0.0760416671875 0.44444444375 0.0875 0.44166666718750003 0.0895833328125 0.4361111109375 0.0921875 0.4361111109375 0.09427083281250001 0.43055555625 0.0984375 0.427777778125 0.0984375 0.42314814843750004 0.1046875 0.40555555625000006 0.1046875 0.39351851875 0.103125 0.3925925921875 0.103125 0.3879629625 0.1015625 0.38703703749999996 0.1015625 0.38240740781250004 0.1 0.38148148125 0.096875 0.36851851875 0.0869791671875 0.365740740625 0.08645833281250001 0.36851851875 0.0822916671875 0.36851851875 0.0802083328125 0.3740740734375
0 0.20572916718749998 0.63055555625 0.20729166718749997 0.6333333328124999 0.221875 0.6333333328124999 0.2270833328125 0.622222221875 0.2296875 0.622222221875 0.23125 0.61944444375 0.2328125 0.5962962968750001 0.23125 0.5953703703125 0.23125 0.590740740625 0.2296875 0.5879629625 0.21354166718749998 0.5879629625 0.21197916718749998 0.590740740625 0.21197916718749998 0.5953703703125 0.20572916718749998 0.6046296296875 0.20572916718749998 0.63055555625
0 0.3192708328125 0.05 0.31979166718749996 0.052777778124999994 0.328125 0.052777778124999994 0.3302083328125 0.047222221875 0.3375 0.0416666671875 0.3375 0.037037037499999995 0.3453125 0.025 0.346875 0.015740740625 0.34375 0.0120370375 0.34375 0.0074074078125 0.340625 0.0018518515625 0.3072916671875 0 0.3057291671875 0.0018518515625 0.3057291671875 0.0416666671875 0.3088541671875 0.047222221875 0.3145833328125 0.047222221875 0.3151041671875 0.05 0.3192708328125 0.05
0 0.3088541671875 0.6972222218749999 0.31302083281250004 0.6972222218749999 0.3135416671875 0.7 0.321875 0.6972222218749999 0.325 0.6916666671875 0.325 0.684259259375 0.33125 0.672222221875 0.33125 0.6601851859375001 0.328125 0.6546296296875 0.3010416671875 0.6546296296875 0.2994791671875 0.6574074078125001 0.3010416671875 0.6805555562500001 0.3057291671875 0.6870370375 0.3057291671875 0.6916666671875 0.3088541671875 0.6972222218749999
0 0.9067708328125 0.1916666671875 0.9171875 0.1861111109375 0.9171875 0.18148148125000002 0.9203125 0.177777778125 0.9203125 0.17314814843749998 0.9234375 0.1666666671875 0.9234375 0.1601851859375 0.91875 0.1546296296875 0.8916666671875 0.1546296296875 0.8869791671874999 0.1601851859375 0.8869791671874999 0.1861111109375 0.8942708328125001 0.1916666671875 0.8947916671874999 0.19444444375 0.9046875 0.197222221875 0.9067708328125 0.1916666671875
0 0.5619791671875001 0.622222221875 0.575 0.61944444375 0.575 0.6148148140624999 0.5796875 0.6083333328125 0.5828125 0.597222221875 0.5828125 0.571296296875 0.578125 0.565740740625 0.5572916671875 0.565740740625 0.5557291671875 0.56851851875 0.5557291671875 0.6111111109375 0.5572916671875 0.6166666671875001 0.5619791671875001 0.622222221875
0 0.9458333328125 0.8 0.9515625 0.8 0.95625 0.79444444375 0.95625 0.76851851875 0.953125 0.7629629625 0.9505208328125001 0.7629629625 0.95 0.7574074078125 0.946875 0.7546296296875 0.9276041671874999 0.7546296296875 0.9244791671874999 0.7601851859375001 0.9244791671874999 0.79444444375 0.9276041671874999 0.8 0.9453125 0.8027777781250001 0.9458333328125 0.8
0 0.08072916718749999 0.075 0.0822916671875 0.08055555625000001 0.08854166718749999 0.0888888890625 0.1046875 0.0861111109375 0.1046875 0.08148148125 0.109375 0.075 0.1109375 0.059259259375 0.1125 0.058333332812500006 0.1109375 0.0296296296875 0.1046875 0.021296296875000002 0.0822916671875 0.021296296875000002 0.08072916718749999 0.0240740734375 0.08072916718749999 0.052777778124999994 0.0822916671875 0.053703703125 0.08072916718749999 0.075
0 0.9135416671875 0.8 0.9234375 0.797222221875 0.925 0.79444444375 0.9234375 0.771296296875 0.9161458328125001 0.771296296875 0.9125 0.7648148140625 0.9140625 0.746296296875 0.8947916671874999 0.74351851875 0.8932291671874999 0.746296296875 0.8947916671874999 0.7916666671875 0.9010416671874999 0.797222221875 0.9135416671875 0.8
0 0.08854166718749999 0.20555555625 0.0901041671875 0.20833333281250002 0.103125 0.20833333281250002 0.1067708328125 0.2 0.109375 0.2 0.1109375 0.1925925921875 0.115625 0.1861111109375 0.1140625 0.165740740625 0.1125 0.1648148140625 0.1125 0.1601851859375 0.1078125 0.1546296296875 0.0901041671875 0.1546296296875 0.0869791671875 0.1601851859375 0.0869791671875 0.197222221875 0.08854166718749999 0.1981481484375 0.08854166718749999 0.20555555625
0 0.44375 0.79444444375 0.4421875 0.765740740625 0.4322916671875 0.765740740625 0.42864583281249996 0.7796296296875 0.4265625 0.7787037031249999 0.4234375 0.765740740625 0.41822916718750003 0.76851851875 0.41822916718750003 0.797222221875 0.41979166718750005 0.8 0.440625 0.8 0.44375 0.79444444375
0 0.5520833328125 0.2888888890625 0.5546875 0.2888888890625 0.5578125 0.2833333328125 0.55625 0.26851851875 0.5536458328125 0.26851851875 0.553125 0.26574074062499997 0.5322916671875 0.26574074062499997 0.5307291671875001 0.26851851875 0.5307291671875001 0.29722222187499997 0.5354166671875 0.302777778125 0.546875 0.3 0.5520833328125 0.2888888890625
0 0.5890625 0.42222222187499997 0.5921875 0.4166666671875 0.59375 0.40092592656250003 0.6 0.3916666671875 0.5984375 0.3768518515625 0.5807291671875 0.3796296296875 0.5807291671875 0.41944444374999995 0.5822916671875 0.42222222187499997 0.5890625 0.42222222187499997
0 0.5484375 0.6333333328124999 0.5578125 0.61944444375 0.5578125 0.6101851859375 0.5546875 0.603703703125 0.553125 0.590740740625 0.55 0.5879629625 0.5322916671875 0.5879629625 0.5307291671875001 0.590740740625 0.5307291671875001 0.61944444375 0.5348958328125 0.622222221875 0.5385416671875001 0.6333333328124999 0.5484375 0.6333333328124999
0 0.2520833328125 0.04444444375 0.25625 0.0416666671875 0.25625 0.034259259375000004 0.2578125 0.0333333328125 0.2578125 0.0240740734375 0.2546875 0.021296296875000002 0.2322916671875 0.021296296875000002 0.23072916718749997 0.0240740734375 0.23072916718749997 0.0416666671875 0.23854166718749997 0.052777778124999994 0.2484375 0.052777778124999994 0.2520833328125 0.04444444375
0 0.825 0.9685185187500001 0.821875 0.9574074078124999 0.8171875 0.9546296296874999 0.7947916671875 0.9546296296874999 0.7932291671875 0.9574074078124999 0.7932291671875 0.997222221875 0.81875 0.9990740734375001 0.8234375 0.99444444375 0.825 0.9685185187500001
0 0.9828125 0.46388888906250003 0.9828125 0.459259259375 0.9859375 0.4583333328125 0.9875 0.45277777812500003 0.9859375 0.42129629687500003 0.9510416671874999 0.42129629687500003 0.9494791671874999 0.4240740734375 0.9494791671874999 0.4583333328125 0.9526041671875 0.46666666718750005 0.9703125 0.47222222187499996 0.9828125 0.46388888906250003
0 0.4 0.6666666671875 0.4046875 0.6583333328125 0.40625 0.6268518515625 0.403125 0.621296296875 0.3885416671875 0.621296296875 0.3869791671875 0.6240740734375 0.3869791671875 0.6638888890625 0.3885416671875 0.6666666671875 0.4 0.6666666671875
0 0.3723958328125 0.20555555625 0.3729166671875 0.20833333281250002 0.37552083281250004 0.20833333281250002 0.3760416671875 0.21111111093749999 0.3828125 0.20833333281250002 0.3875 0.197222221875 0.3875 0.17962962968750001 0.3859375 0.1768518515625 0.3635416671875 0.1768518515625 0.3619791671875 0.17962962968750001 0.3619791671875 0.197222221875 0.3692708328125 0.20277777812500003 0.3697916671875 0.20555555625 0.3723958328125 0.20555555625
0 0.9703125 0.7083333328125 0.9703125 0.703703703125 0.975 0.6944444437499999 0.9734375 0.6796296296875 0.9666666671874999 0.6796296296875 0.9661458328125001 0.6824074078125 0.9609375 0.6768518515624999 0.9510416671874999 0.6768518515624999 0.9494791671874999 0.6796296296875 0.9494791671874999 0.7083333328125 0.9510416671874999 0.7138888890625 0.9609375 0.7166666671875 0.9703125 0.7083333328125
0 0.6135416671875 0.272222221875 0.6234375 0.26944444375 0.6239583328125 0.2666666671875 0.6296875 0.2638888890625 0.6359375 0.252777778125 0.634375 0.24351851875000002 0.6270833328125 0.240740740625 0.6265625 0.2379629625 0.6192708328125 0.23518518593749999 0.61875 0.23240740781250002 0.6072916671875 0.23240740781250002 0.6057291671875 0.23518518593749999 0.6057291671875 0.2638888890625 0.6088541671875001 0.26944444375 0.6130208328125 0.26944444375 0.6135416671875 0.272222221875
0 0.6807291671875 0.8166666671874999 0.6822916671875 0.8175925921875 0.6822916671875 0.8222222218749999 0.6848958328125 0.8222222218749999 0.6885416671875 0.827777778125 0.6984375 0.827777778125 0.703125 0.8194444437499999 0.703125 0.8046296296875 0.7015625 0.803703703125 0.7 0.7768518515625 0.69375 0.765740740625 0.6760416671875 0.765740740625 0.6744791671875 0.76851851875 0.6744791671875 0.7805555562500001 0.6807291671875 0.7925925921875 0.6807291671875 0.8166666671874999
0 0.2822916671875 0.6333333328124999 0.28958333281250004 0.6333333328124999 0.2947916671875 0.64444444375 0.303125 0.6416666671875 0.3078125 0.63055555625 0.3046875 0.6018518515625 0.3020833328125 0.6018518515625 0.3015625 0.5990740734375 0.2822916671875 0.5990740734375 0.28072916718749996 0.6018518515625 0.28072916718749996 0.627777778125 0.2822916671875 0.628703703125 0.2822916671875 0.6333333328124999
0 0.23072916718749997 0.85 0.2338541671875 0.85555555625 0.240625 0.85555555625 0.2515625 0.8416666671874999 0.2515625 0.8370370375 0.2546875 0.8333333328125001 0.2546875 0.8231481484375 0.25625 0.8222222218749999 0.25625 0.815740740625 0.253125 0.8101851859375 0.23697916718749998 0.8101851859375 0.2364583328125 0.8129629625 0.2322916671875 0.8129629625 0.23072916718749997 0.85
0 0.6651041671875 0.1925925921875 0.6666666671875 0.2 0.675 0.20277777812500003 0.6755208328125 0.2 0.6828125 0.197222221875 0.6875 0.1888888890625 0.6875 0.18148148125000002 0.6890625 0.18055555625 0.6890625 0.165740740625 0.684375 0.1546296296875 0.6572916671875 0.1546296296875 0.6557291671875001 0.1574074078125 0.6557291671875001 0.175 0.6572916671875 0.1759259265625 0.6572916671875 0.18055555625 0.6651041671875 0.1925925921875
0 0.3192708328125 0.36851851875 0.3166666671875 0.36851851875 0.3151041671875 0.3759259265625 0.31197916718749996 0.3796296296875 0.31197916718749996 0.384259259375 0.3072916671875 0.39074074062499997 0.3057291671875 0.40833333281249995 0.3135416671875 0.42222222187499997 0.3203125 0.42222222187499997 0.3239583328125 0.4138888890625 0.3359375 0.41111111093749997 0.3375 0.40833333281249995 0.3375 0.3740740734375 0.3359375 0.3731481484375 0.3359375 0.36851851875 0.3317708328125 0.36851851875 0.33125 0.365740740625 0.31979166718749996 0.365740740625 0.3192708328125 0.36851851875
0 0.6354166671875 0.0416666671875 0.64375 0.0416666671875 0.6484375 0.030555556249999997 0.646875 0.015740740625 0.6421875 0.0101851859375 0.6135416671875 0.0101851859375 0.6119791671875 0.0129629625 0.6119791671875 0.030555556249999997 0.6182291671875 0.0361111109375 0.6302083328125 0.0361111109375 0.6354166671875 0.0416666671875
0 0 0.13055555624999998 0.0046875 0.13055555624999998 0.0109375 0.11944444375 0.0109375 0.0990740734375 0.009375 0.0981481484375 0.0078125 0.0824074078125 0.0046875 0.07685185156249999 0 0.07685185156249999 0 0.13055555624999998
0 0.0744791671875 0.6805555562500001 0.084375 0.6777777781250001 0.0875 0.672222221875 0.0859375 0.64351851875 0.05729166718749999 0.64351851875 0.0557291671875 0.646296296875 0.05729166718749999 0.66944444375 0.06302083281250001 0.66944444375 0.0682291671875 0.6777777781250001 0.0744791671875 0.6805555562500001
0 0.2947916671875 0.7416666671875001 0.303125 0.7388888890625 0.309375 0.727777778125 0.3109375 0.7018518515625 0.3078125 0.6990740734374999 0.2947916671875 0.6990740734374999 0.2932291671875 0.7018518515625 0.2932291671875 0.7361111109375 0.2947916671875 0.7416666671875001
0 0.5807291671875 0.997222221875 0.59375 0.9990740734375001 0.6 0.9861111109375 0.6 0.9712962968750001 0.596875 0.965740740625 0.5869791671875 0.965740740625 0.5864583328124999 0.9685185187500001 0.5838541671875 0.9685185187500001 0.5807291671875 0.9768518515625001 0.5807291671875 0.997222221875
0 0.403125 0.5333333328125 0.409375 0.5166666671875 0.409375 0.5046296296875 0.4046875 0.4990740734375 0.3932291671875 0.4990740734375 0.39010416718749996 0.5018518515625 0.3869791671875 0.5129629625 0.3869791671875 0.5305555562500001 0.3885416671875 0.5333333328125 0.403125 0.5333333328125
0 0.3671875 0.45648148125 0.3734375 0.447222221875 0.3734375 0.43518518593750005 0.35104166718749996 0.43240740781250003 0.3494791671875 0.43518518593750005 0.3494791671875 0.46388888906250003 0.3526041671875 0.46944444374999994 0.35625 0.46944444374999994 0.3671875 0.4611111109375 0.3671875 0.45648148125
0 0.3088541671875 0.4611111109375 0.315625 0.4611111109375 0.3192708328125 0.45555555625000005 0.3234375 0.45555555625000005 0.3359375 0.43055555625 0.3359375 0.4129629625 0.3161458328125 0.415740740625 0.3109375 0.41018518593750003 0.3010416671875 0.41018518593750003 0.2994791671875 0.4129629625 0.2994791671875 0.45 0.3010416671875 0.4509259265625 0.3010416671875 0.45555555625000005 0.30520833281250004 0.45555555625000005 0.3088541671875 0.4611111109375
0 0.7947916671875 0.9490740734375 0.7947916671875 0.95648148125 0.7932291671875 0.9574074078124999 0.7932291671875 0.997222221875 0.821875 0.997222221875 0.825 0.9888888890624999 0.825 0.9685185187500001 0.8234375 0.9675925921875 0.8203125 0.9481481484375 0.8234375 0.9444444437499999 0.825 0.9268518515625 0.821875 0.921296296875 0.8010416671874999 0.921296296875 0.7979166671875 0.9268518515625 0.7994791671875 0.93148148125 0.7979166671875 0.9453703703125 0.7947916671875 0.9490740734375
0 0.9213541671875 0.475 0.9421875 0.47222222187499996 0.9484375 0.46388888906250003 0.9484375 0.44629629687500005 0.9453125 0.44259259218749997 0.9421875 0.4240740734375 0.9375 0.42129629687500003 0.9260416671874999 0.42129629687500003 0.9255208328125001 0.4240740734375 0.9072916671875 0.42129629687500003 0.9057291671875 0.4240740734375 0.9057291671875 0.4611111109375 0.9088541671874999 0.46666666718750005 0.9130208328125 0.46666666718750005 0.9213541671875 0.475
0 0.5822916671875 0.6009259265625 0.5807291671875 0.6018518515625 0.5807291671875 0.63055555625 0.5822916671875 0.6333333328124999 0.5848958328125 0.6333333328124999 0.5854166671875001 0.6361111109375 0.5880208328125 0.6361111109375 0.5885416671875 0.6388888890625 0.596875 0.6388888890625 0.6078125 0.61944444375 0.6078125 0.6148148140624999 0.6109375 0.6111111109375 0.6109375 0.590740740625 0.6078125 0.5870370375 0.6078125 0.5824074078125 0.6046875 0.5768518515625 0.5869791671875 0.5768518515625 0.5864583328124999 0.5796296296875 0.5838541671875 0.5796296296875 0.5822916671875 0.5824074078125 0.5822916671875 0.6009259265625
0 0.3890625 0.31944444375000003 0.3890625 0.3018518515625 0.3859375 0.29907407343750003 0.3697916671875 0.29907407343750003 0.3692708328125 0.3018518515625 0.3635416671875 0.3018518515625 0.3619791671875 0.30740740781250003 0.3619791671875 0.33055555625 0.36666666718749996 0.3361111109375 0.3796875 0.3333333328125 0.3890625 0.31944444375000003
0 0.25729166718749996 0.375 0.2609375 0.375 0.2671875 0.36666666718749996 0.2671875 0.3546296296875 0.2640625 0.3481481484375 0.2640625 0.3379629625 0.2609375 0.3324074078125 0.2510416671875 0.3324074078125 0.2494791671875 0.3351851859375 0.2494791671875 0.35555555625 0.2557291671875 0.36759259218749996 0.25729166718749996 0.375
0 0.5875 0.275 0.5890625 0.25740740781250004 0.5828125 0.24814814843750002 0.584375 0.24722222187499998 0.584375 0.2379629625 0.5796875 0.23240740781250002 0.5697916671875001 0.23240740781250002 0.5682291671875 0.23518518593749999 0.5697916671875001 0.275 0.5729166671875 0.27777777812500004 0.5875 0.275
0 0.6791666671875001 0.252777778125 0.6854166671875 0.25833333281250004 0.6921875 0.25833333281250004 0.6953125 0.252777778125 0.6953125 0.24351851875000002 0.6921875 0.2370370375 0.6890625 0.21574074062499998 0.6859375 0.2101851859375 0.6760416671875 0.2101851859375 0.6744791671875 0.21296296250000002 0.6744791671875 0.2416666671875 0.6791666671875001 0.24814814843750002 0.6791666671875001 0.252777778125
0 0.3635416671875 0.08333333281250001 0.3734375 0.077777778125 0.375 0.0648148140625 0.3765625 0.0638888890625 0.3765625 0.0490740734375 0.3734375 0.04351851875 0.3572916671875 0.04351851875 0.3557291671875 0.046296296875 0.3557291671875 0.06944444375 0.3572916671875 0.075 0.3635416671875 0.08333333281250001
0 0.9364583328125 0.47222222187499996 0.9421875 0.47222222187499996 0.9473958328125001 0.46388888906250003 0.95 0.46388888906250003 0.95 0.45185185156249996 0.9453125 0.43981481406249995 0.94375 0.4240740734375 0.940625 0.42129629687500003 0.9244791671874999 0.42129629687500003 0.9197916671874999 0.4268518515625 0.9182291671874999 0.46666666718750005 0.9213541671875 0.475 0.9359375 0.475 0.9364583328125 0.47222222187499996
0 0.9760416671875 0.34722222187499996 0.9822916671874999 0.3583333328125 0.9864583328125001 0.3583333328125 0.9869791671874999 0.3611111109375 0.9994791671875 0.3583333328125 0.9994791671875 0.30740740781250003 0.9921875 0.29907407343750003 0.9776041671875 0.29907407343750003 0.9744791671874999 0.3046296296875 0.9744791671874999 0.3416666671875 0.9760416671875 0.3425925921875 0.9760416671875 0.34722222187499996
0 0.5822916671875 0.272222221875 0.5875 0.275 0.59375 0.26944444375 0.5953125 0.2379629625 0.5921875 0.23240740781250002 0.5822916671875 0.23240740781250002 0.5807291671875 0.23518518593749999 0.5807291671875 0.2611111109375 0.5822916671875 0.26203703749999996 0.5822916671875 0.272222221875
0 0.7515625 0.3018518515625 0.7385416671875 0.29907407343750003 0.7369791671875 0.31944444375000003 0.7484375 0.322222221875 0.7515625 0.3111111109375 0.7515625 0.3018518515625
0 0.8234375 0.9416666671874999 0.825 0.9240740734375 0.821875 0.9129629625 0.81875 0.9101851859375 0.8010416671874999 0.9101851859375 0.7994791671875 0.9129629625 0.7994791671875 0.9388888890624999 0.8026041671874999 0.95 0.81875 0.9472222218749999 0.8234375 0.9416666671874999
0 0.2869791671875 0.10185185156250001 0.2869791671875 0.127777778125 0.2901041671875 0.13333333281249998 0.296875 0.127777778125 0.3015625 0.10185185156250001 0.29739583281250004 0.10185185156250001 0.296875 0.0990740734375 0.28854166718749996 0.0990740734375 0.2869791671875 0.10185185156250001
0 0.1057291671875 0.2018518515625 0.1057291671875 0.2166666671875 0.1088541671875 0.222222221875 0.1171875 0.222222221875 0.125 0.2138888890625 0.125 0.209259259375 0.1265625 0.20833333281250002 0.1265625 0.19351851874999998 0.1234375 0.1879629625 0.1135416671875 0.1879629625 0.10729166718750001 0.196296296875 0.10729166718750001 0.2009259265625 0.1057291671875 0.2018518515625
0 0.3890625 0.1416666671875 0.3890625 0.11574074062499999 0.3859375 0.1101851859375 0.3697916671875 0.1101851859375 0.3682291671875 0.1129629625 0.3682291671875 0.13055555624999998 0.3713541671875 0.13888888906250002 0.3776041671875 0.14444444375 0.3890625 0.1416666671875
0 0.8796875 0.14444444375 0.8796875 0.13981481406250001 0.88125 0.13888888906250002 0.88125 0.1175925921875 0.8828125 0.1166666671875 0.884375 0.1046296296875 0.8796875 0.0990740734375 0.8635416671874999 0.0990740734375 0.8619791671874999 0.10185185156250001 0.8635416671874999 0.13333333281249998 0.8713541671874999 0.147222221875 0.8796875 0.14444444375
0 0.9604166671875 0.3861111109375 0.9677083328125 0.3916666671875 0.9744791671874999 0.40648148125 0.9708333328125001 0.4129629625 0.9572916671874999 0.415740740625 0.9494791671874999 0.4240740734375 0.9494791671874999 0.4611111109375 0.9526041671875 0.46666666718750005 0.9630208328125001 0.46944444374999994 0.9635416671874999 0.47222222187499996 0.971875 0.47222222187499996 0.9755208328125 0.46666666718750005 0.9828125 0.46388888906250003 0.9859375 0.4583333328125 0.9859375 0.45370370312499997 0.9875 0.45277777812500003 0.9875 0.40648148125 0.9921875 0.4 0.9921875 0.3898148140625 0.99375 0.3888888890625 0.99375 0.38240740781250004 0.990625 0.3768518515625 0.9651041671874999 0.3768518515625 0.9645833328125001 0.3796296296875 0.9604166671875 0.3796296296875 0.9604166671875 0.3861111109375
0 0.2869791671875 0.127777778125 0.2901041671875 0.13333333281249998 0.296875 0.127777778125 0.296875 0.1203703703125 0.3015625 0.1111111109375 0.3015625 0.10648148125000001 0.3078125 0.1 0.3078125 0.09074074062500001 0.3046875 0.08796296249999999 0.28854166718749996 0.08796296249999999 0.2869791671875 0.09074074062500001 0.2869791671875 0.127777778125
0 0.325 0.45277777812500003 0.3270833328125 0.44444444375 0.3296875 0.44444444375 0.3359375 0.43333333281249997 0.3359375 0.4046296296875 0.334375 0.4018518515625 0.3239583328125 0.4046296296875 0.31875 0.3990740734375 0.3026041671875 0.3990740734375 0.2994791671875 0.4046296296875 0.2994791671875 0.45 0.3026041671875 0.45555555625000005 0.321875 0.45555555625000005 0.325 0.45277777812500003
0 0.5296875 0.28796296250000003 0.5119791671875 0.290740740625 0.5119791671875 0.30555555624999997 0.5151041671875001 0.3111111109375 0.53125 0.3083333328125 0.5296875 0.28796296250000003
0 0.3307291671875 0.3083333328125 0.3359375 0.3083333328125 0.340625 0.2824074078125 0.3359375 0.2768518515625 0.3260416671875 0.2768518515625 0.3244791671875 0.2796296296875 0.3260416671875 0.302777778125 0.32864583281250004 0.302777778125 0.3307291671875 0.3083333328125
0 0.2260416671875 0.497222221875 0.23072916718749997 0.503703703125 0.23072916718749997 0.5083333328124999 0.2338541671875 0.5138888890625 0.2359375 0.5138888890625 0.2421875 0.5 0.2421875 0.490740740625 0.2390625 0.48703703750000005 0.2390625 0.4824074078125 0.2359375 0.4768518515625 0.2260416671875 0.4768518515625 0.2244791671875 0.4796296296875 0.2244791671875 0.4916666671875 0.2260416671875 0.49259259218749996 0.2260416671875 0.497222221875
0 0.9458333328125 0.36944444375 0.9510416671874999 0.377777778125 0.9567708328125001 0.38055555625 0.9588541671874999 0.3861111109375 0.9677083328125 0.3916666671875 0.9729166671874999 0.40092592656250003 0.9744791671874999 0.41111111093749997 0.9776041671875 0.4166666671875 0.9859375 0.4166666671875 0.9890625 0.40092592656250003 0.99375 0.39444444375 0.99375 0.3768518515625 0.9859375 0.35925925937500003 0.9859375 0.3546296296875 0.98125 0.3509259265625 0.98125 0.3453703703125 0.9828125 0.34444444375 0.98125 0.3351851859375 0.9635416671874999 0.3351851859375 0.9604166671875 0.3379629625 0.9619791671875 0.34444444375 0.9692708328125 0.34722222187499996 0.9692708328125 0.3518518515625 0.9598958328125 0.3518518515625 0.9578125 0.3481481484375 0.9578125 0.3379629625 0.9536458328125 0.3379629625 0.953125 0.3351851859375 0.9432291671874999 0.3351851859375 0.9385416671875 0.340740740625 0.9369791671875 0.34629629687499996 0.9369791671875 0.3638888890625 0.9401041671874999 0.36944444375 0.9458333328125 0.36944444375
0 0.6171875 0.9333333328125001 0.6234375 0.9111111109375001 0.625 0.89351851875 0.621875 0.8879629625 0.6072916671875 0.8879629625 0.6057291671875 0.890740740625 0.6057291671875 0.9305555562500001 0.6072916671875 0.9333333328125001 0.6171875 0.9333333328125001
0 0.01875 0.22407407343750002 0.0171875 0.221296296875 0.007291667187500001 0.221296296875 0.0057291671875 0.2388888890625 0.008854167187500001 0.24444444375000002 0.0171875 0.2416666671875 0.01875 0.22407407343750002
0 0.74375 0.34629629687499996 0.7421875 0.34351851875 0.7260416671875001 0.34351851875 0.7244791671875 0.34629629687499996 0.7244791671875 0.3638888890625 0.7260416671875001 0.36666666718749996 0.7375 0.3638888890625 0.74375 0.352777778125 0.74375 0.34629629687499996
0 0.9432291671874999 0.31944444375000003 0.9447916671875 0.3203703703125 0.9447916671875 0.33148148125 0.9432291671874999 0.3324074078125 0.9432291671874999 0.33703703749999997 0.9411458328125001 0.340740740625 0.9385416671875 0.340740740625 0.9385416671875 0.3453703703125 0.9369791671875 0.34629629687499996 0.9369791671875 0.3638888890625 0.9401041671874999 0.36944444375 0.9458333328125 0.36944444375 0.9463541671875 0.372222221875 0.9552083328125001 0.377777778125 0.9588541671874999 0.3861111109375 0.9677083328125 0.3916666671875 0.9776041671875 0.4138888890625 0.984375 0.4166666671875 0.9875 0.41111111093749997 0.9890625 0.40092592656250003 0.99375 0.39444444375 0.99375 0.3768518515625 0.9921875 0.3759259265625 0.9921875 0.371296296875 0.9875 0.35925925937500003 0.9911458328125 0.352777778125 0.9994791671875 0.352777778125 0.9994791671875 0.30740740781250003 0.9958333328125001 0.30740740781250003 0.9921875 0.29907407343750003 0.9776041671875 0.29907407343750003 0.9770833328125 0.3018518515625 0.9729166671874999 0.3018518515625 0.9723958328125001 0.3046296296875 0.971875 0.3018518515625 0.9677083328125 0.3018518515625 0.9671875 0.29907407343750003 0.9510416671874999 0.29907407343750003 0.9479166671874999 0.3046296296875 0.9479166671874999 0.309259259375 0.9432291671874999 0.315740740625 0.9432291671874999 0.31944444375000003