0 0.40703125 0.2046875 0.0609375 0.1015625
0 0.59765625 0.0453125 0.07734375 0.090625
0 0.83046875 0.090625 0.08359375 0.1625
0 0.91015625 0.35546875 0.0640625 0.11015625
0 0.9140625 0.1390625 0.05859375 0.06328125
0 0.92734375 0.05703125 0.04609375 0.0703125
0 0.9 0.0421875 0.08046875 0.084375
0 0.08203125 0.3703125 0.05078125 0.0875
0 0.13671875 0.2359375 0.0546875 0.09375
0 0.08203125 0.2359375 0.03984375 0.06640625
0 0.02890625 0.22578125 0.04453125 0.075
0 0.23515625 0.053125 0.06015625 0.10546875
0 0.49609375 0.03515625 0.0375 0.06328125
0 0.06171875 0.175 0.0390625 0.0375
0 0.7484375 0.0625 0.034375 0.05703125