0 0.5546875 0.012152778125 0.5439453125 0.0034722218749999997 0.5341796875 0.006944443749999999 0.52734375 0.019097221875 0.52734375 0.03993055625 0.53125 0.053819443749999994 0.5341796875 0.059027778125 0.541015625 0.0607638890625 0.5517578125 0.055555556250000006 0.556640625 0.046875 0.55859375 0.0364583328125 0.5546875 0.012152778125
0 0.5107421875 0.5243055562500001 0.5068359375 0.527777778125 0.501953125 0.5364583328125 0.501953125 0.546875 0.5078125 0.5711805562500001 0.5146484375 0.5798611109375 0.525390625 0.578125 0.533203125 0.5607638890625 0.533203125 0.5364583328125 0.5205078125 0.5243055562500001 0.5107421875 0.5243055562500001
0 0.7216796875 0.8541666671874999 0.705078125 0.8732638890625 0.705078125 0.894097221875 0.7119140625 0.909722221875 0.7265625 0.9079861109375 0.734375 0.894097221875 0.734375 0.8663194437499999 0.7314453125 0.8576388890625 0.7216796875 0.8541666671874999
0 0.716796875 0.8107638890625 0.7041015625 0.7986111109375 0.6962890625 0.7986111109375 0.6884765625 0.8055555562500001 0.685546875 0.8142361109375 0.685546875 0.824652778125 0.689453125 0.8385416671874999 0.689453125 0.855902778125 0.6923828125 0.8611111109375 0.7021484375 0.8611111109375 0.7041015625 0.8645833328125001 0.712890625 0.862847221875 0.716796875 0.855902778125 0.71875 0.8454861109375 0.71875 0.8177083328125001 0.716796875 0.8107638890625
0 0.2021484375 0.7986111109375 0.1904296875 0.7951388890625 0.1884765625 0.7916666671875 0.1845703125 0.7951388890625 0.1767578125 0.7916666671875 0.16796875 0.8107638890625 0.16796875 0.8385416671874999 0.169921875 0.8454861109375 0.1748046875 0.8541666671874999 0.1953125 0.8524305562500001 0.201171875 0.8454861109375 0.20703125 0.828125 0.205078125 0.8038194437499999 0.2021484375 0.7986111109375
0 0.23046875 0.22395833281250002 0.2275390625 0.21875 0.2216796875 0.21875 0.2197265625 0.215277778125 0.2138671875 0.21875 0.20703125 0.234375 0.20703125 0.26909722187499996 0.2119140625 0.27777777812500004 0.2177734375 0.27777777812500004 0.2197265625 0.28125 0.228515625 0.2795138890625 0.232421875 0.27256944375000003 0.2265625 0.26215277812500004 0.2265625 0.24479166718749998 0.23046875 0.22395833281250002
0 0.265625 0.33506944375000003 0.2607421875 0.3263888890625 0.2509765625 0.3263888890625 0.2421875 0.3420138890625 0.23828125 0.35590277812500004 0.23828125 0.3697916671875 0.240234375 0.3767361109375 0.2470703125 0.3854166671875 0.259765625 0.38368055624999997 0.263671875 0.3767361109375 0.263671875 0.36631944375000003 0.265625 0.36284722187499996 0.265625 0.33506944375000003
0 0.5107421875 0.4513888890625 0.5048828125 0.4375 0.4931640625 0.44097222187499996 0.486328125 0.45659722187499996 0.486328125 0.4704861109375 0.490234375 0.484375 0.4990234375 0.49652777812500004 0.51171875 0.4947916671875 0.517578125 0.48784722187499996 0.51953125 0.47743055625 0.517578125 0.46006944375 0.5107421875 0.4513888890625
0 0.7744140625 0.39930555624999997 0.7587890625 0.39930555624999997 0.75390625 0.4114583328125 0.75390625 0.4392361109375 0.7607421875 0.4513888890625 0.775390625 0.44965277812500004 0.779296875 0.4427083328125 0.78125 0.4322916671875 0.78125 0.4114583328125 0.7744140625 0.39930555624999997
0 0.5810546875 0.08680555625 0.5673828125 0.08680555625 0.560546875 0.10243055625 0.560546875 0.112847221875 0.55859375 0.11631944375 0.560546875 0.13368055625 0.5634765625 0.13888888906250002 0.576171875 0.13715277812499999 0.58203125 0.12673611093749998 0.587890625 0.105902778125 0.5859375 0.09548611093750001 0.5810546875 0.08680555625
0 0.97265625 0.7760416671875 0.9677734375 0.7673611109375 0.9619140625 0.7673611109375 0.9599609375 0.7638888890625 0.9521484375 0.7673611109375 0.9453125 0.7864583328125 0.9453125 0.8072916671874999 0.9580078125 0.8229166671874999 0.96875 0.8211805562500001 0.9716796875 0.8194444437499999 0.9765625 0.8072916671874999 0.9765625 0.793402778125 0.97265625 0.7760416671875
0 0.4833984375 0.34375 0.4775390625 0.34027777812500004 0.4638671875 0.34375 0.45703125 0.35590277812500004 0.455078125 0.36631944375000003 0.455078125 0.3802083328125 0.458984375 0.39409722187499996 0.4677734375 0.40972222187499996 0.482421875 0.4079861109375 0.490234375 0.38368055624999997 0.490234375 0.359375 0.48828125 0.35243055624999997 0.4833984375 0.34375
0 0.29296875 0.25868055624999997 0.2822265625 0.24305555625 0.2666015625 0.24305555625 0.25390625 0.25868055624999997 0.25390625 0.26909722187499996 0.251953125 0.27256944375000003 0.25390625 0.296875 0.2578125 0.3107638890625 0.2666015625 0.3229166671875 0.283203125 0.32118055624999997 0.29296875 0.30381944375000003 0.294921875 0.29340277812500004 0.294921875 0.265625 0.29296875 0.25868055624999997
0 0.19140625 0.5989583328125 0.1806640625 0.590277778125 0.1630859375 0.6006944437499999 0.158203125 0.612847221875 0.158203125 0.6232638890625 0.162109375 0.640625 0.1689453125 0.652777778125 0.185546875 0.6510416671875 0.189453125 0.6475694437499999 0.193359375 0.6336805562500001 0.193359375 0.605902778125 0.19140625 0.5989583328125
0 0.341796875 0.203125 0.3349609375 0.19444444375 0.3232421875 0.19097222187500001 0.3212890625 0.1875 0.3115234375 0.1875 0.3076171875 0.19097222187500001 0.302734375 0.19965277812499999 0.302734375 0.21006944375 0.3046875 0.21354166718749998 0.3046875 0.22743055625 0.30859375 0.237847221875 0.30859375 0.24826388906250002 0.3154296875 0.25694444375000003 0.330078125 0.2552083328125 0.33984375 0.24479166718749998 0.341796875 0.22395833281250002 0.34375 0.22048611093749998 0.341796875 0.203125
0 0.259765625 0.22743055625 0.2509765625 0.21180555625 0.2412109375 0.21180555625 0.2333984375 0.21875 0.23046875 0.22395833281250002 0.2265625 0.24479166718749998 0.2265625 0.25868055624999997 0.2314453125 0.2673611109375 0.24609375 0.2760416671875 0.251953125 0.27256944375000003 0.25390625 0.2552083328125 0.26171875 0.24479166718749998 0.259765625 0.22743055625
0 0.7958984375 0.5868055562500001 0.791015625 0.5920138890625 0.787109375 0.605902778125 0.787109375 0.6302083328125 0.7919921875 0.6388888890625 0.7978515625 0.6423611109375 0.80859375 0.640625 0.81640625 0.6232638890625 0.81640625 0.5989583328125 0.8095703125 0.590277778125 0.7958984375 0.5868055562500001
0 0.828125 0.09548611093750001 0.8193359375 0.07986111093750001 0.8095703125 0.07986111093750001 0.8056640625 0.08333333281250001 0.798828125 0.09895833281250001 0.796875 0.1232638890625 0.8095703125 0.13888888906250002 0.818359375 0.13715277812499999 0.8251953125 0.13194444375 0.830078125 0.1197916671875 0.828125 0.112847221875 0.828125 0.09548611093750001
0 0.9755859375 0.28472222187499996 0.9697265625 0.28125 0.9580078125 0.28472222187499996 0.94921875 0.296875 0.94921875 0.32465277812500004 0.9560546875 0.34027777812500004 0.970703125 0.3385416671875 0.982421875 0.32118055624999997 0.984375 0.30034722187499996 0.982421875 0.29340277812500004 0.9755859375 0.28472222187499996
0 1 0.8211805562500001 0.9912109375 0.8125 0.9814453125 0.8125 0.970703125 0.828125 0.970703125 0.8454861109375 0.9814453125 0.871527778125 0.994140625 0.8697916671874999 1 0.8663194437499999 1 0.8211805562500001
0 0.2880859375 0.1979166671875 0.2763671875 0.1979166671875 0.267578125 0.21701388906250002 0.265625 0.234375 0.2705078125 0.24305555625 0.2822265625 0.24305555625 0.2861328125 0.246527778125 0.2958984375 0.2673611109375 0.298828125 0.265625 0.30859375 0.24479166718749998 0.306640625 0.230902778125 0.2958984375 0.20486111093749998 0.2880859375 0.1979166671875
0 0.5146484375 0.215277778125 0.4990234375 0.215277778125 0.4921875 0.234375 0.4921875 0.24479166718749998 0.4990234375 0.25 0.5048828125 0.2604166671875 0.513671875 0.25868055624999997 0.517578125 0.237847221875 0.521484375 0.230902778125 0.521484375 0.22048611093749998 0.5146484375 0.215277778125
0 0.7939453125 0.28819444375000003 0.7861328125 0.2916666671875 0.775390625 0.3072916671875 0.775390625 0.328125 0.77734375 0.33506944375000003 0.7861328125 0.34375 0.791015625 0.3420138890625 0.7978515625 0.33680555624999997 0.806640625 0.3177083328125 0.8046875 0.30381944375000003 0.7939453125 0.28819444375000003
0 0.8720703125 0.03819444375 0.8642578125 0.03819444375 0.8583984375 0.0451388890625 0.8544921875 0.0451388890625 0.8515625 0.053819443749999994 0.85546875 0.078125 0.865234375 0.078125 0.8759765625 0.07638888906249999 0.880859375 0.06423611093750001 0.87890625 0.050347221875 0.8720703125 0.03819444375
0 0.2958984375 0.7326388890625 0.29296875 0.737847221875 0.29296875 0.765625 0.294921875 0.7760416671875 0.3017578125 0.7881944437499999 0.3125 0.7864583328125 0.31640625 0.7795138890625 0.31640625 0.769097221875 0.306640625 0.7482638890625 0.2958984375 0.7326388890625
0 0.8740234375 0.1770833328125 0.8701171875 0.18055555625 0.8671875 0.18923611093749998 0.8671875 0.203125 0.8779296875 0.215277778125 0.8837890625 0.21875 0.888671875 0.21701388906250002 0.89453125 0.21006944375 0.89453125 0.18923611093749998 0.8876953125 0.1770833328125 0.8740234375 0.1770833328125
0 0.525390625 0.1232638890625 0.525390625 0.13368055625 0.5322265625 0.14930555625 0.541015625 0.14756944375 0.54296875 0.14409722187500001 0.541015625 0.1232638890625 0.5322265625 0.1111111109375 0.525390625 0.1232638890625
0 0.1923828125 0.15625 0.185546875 0.16840277812499999 0.185546875 0.19618055625 0.1962890625 0.21180555625 0.205078125 0.21006944375 0.2109375 0.203125 0.212890625 0.18576388906250002 0.1982421875 0.15625 0.1923828125 0.15625
0 0.2158203125 0.6875 0.2109375 0.6961805562500001 0.20703125 0.734375 0.2158203125 0.746527778125 0.22265625 0.7447916671875 0.232421875 0.734375 0.234375 0.706597221875 0.2275390625 0.6875 0.2158203125 0.6875
0 0.46875 0.41493055625 0.4638671875 0.40625 0.4580078125 0.40625 0.4501953125 0.39930555624999997 0.4462890625 0.40277777812500004 0.44140625 0.41493055625 0.44140625 0.4357638890625 0.4482421875 0.4548611109375 0.4541015625 0.4583333328125 0.458984375 0.45659722187499996 0.466796875 0.44965277812500004 0.46484375 0.4392361109375 0.46875 0.42534722187499996 0.46875 0.41493055625
0 0.7314453125 0.934027778125 0.7197265625 0.934027778125 0.716796875 0.9392361109375 0.71484375 0.9600694437499999 0.7177734375 0.96875 0.7265625 0.9739583328125001 0.7333984375 0.972222221875 0.736328125 0.9670138890625 0.736328125 0.949652778125 0.7314453125 0.934027778125
0 0.9228515625 0.4791666671875 0.9111328125 0.4791666671875 0.904296875 0.49131944375 0.90234375 0.5086805562500001 0.908203125 0.519097221875 0.9111328125 0.5381944437499999 0.9150390625 0.5416666671875 0.923828125 0.5399305562500001 0.93359375 0.5260416671875 0.935546875 0.512152778125 0.9296875 0.49131944375 0.9228515625 0.4791666671875
0 0.9287109375 0.30902777812500004 0.9189453125 0.30902777812500004 0.912109375 0.32118055624999997 0.91015625 0.3489583328125 0.9208984375 0.36805555624999997 0.927734375 0.36631944375000003 0.939453125 0.3489583328125 0.94140625 0.33506944375000003 0.939453125 0.32465277812500004 0.9287109375 0.30902777812500004
0 0.9462890625 0.090277778125 0.9375 0.105902778125 0.9375 0.1232638890625 0.9443359375 0.1354166671875 0.955078125 0.13368055625 0.9609375 0.12673611093749998 0.962890625 0.109375 0.9521484375 0.090277778125 0.9462890625 0.090277778125
0 0.6669921875 0.13888888906250002 0.6533203125 0.1354166671875 0.646484375 0.14409722187500001 0.64453125 0.1614583328125 0.646484375 0.171875 0.6513671875 0.18055555625 0.6552734375 0.18402777812499999 0.662109375 0.1822916671875 0.6669921875 0.18055555625 0.671875 0.171875 0.673828125 0.15451388906250002 0.6669921875 0.13888888906250002
0 0.7763671875 0.746527778125 0.76953125 0.7552083328125 0.76953125 0.7760416671875 0.7744140625 0.7881944437499999 0.78125 0.7864583328125 0.7861328125 0.784722221875 0.787109375 0.7760416671875 0.78125 0.7517361109375 0.7763671875 0.746527778125
0 0.5126953125 0.6631944437499999 0.4990234375 0.6631944437499999 0.4951171875 0.6666666671875 0.490234375 0.6788194437499999 0.4921875 0.6892361109375 0.4970703125 0.6979166671875 0.50390625 0.703125 0.5087890625 0.7013888890625 0.513671875 0.6892361109375 0.515625 0.671875 0.5126953125 0.6631944437499999
0 0.255859375 0.644097221875 0.2509765625 0.6354166671875 0.2470703125 0.6388888890625 0.2314453125 0.6354166671875 0.224609375 0.6545138890625 0.224609375 0.6788194437499999 0.2333984375 0.7013888890625 0.24609375 0.699652778125 0.255859375 0.6857638890625 0.255859375 0.671875 0.2578125 0.668402778125 0.255859375 0.644097221875
0 0.822265625 0.0329861109375 0.822265625 0.0260416671875 0.8173828125 0.0208333328125 0.8115234375 0.0208333328125 0.80078125 0.046875 0.80078125 0.053819443749999994 0.8037109375 0.059027778125 0.8115234375 0.065972221875 0.814453125 0.06423611093750001 0.8232421875 0.0625 0.826171875 0.05729166718749999 0.826171875 0.043402778125 0.822265625 0.0329861109375
0 0.8994140625 0.27430555624999997 0.8955078125 0.2708333328125 0.88671875 0.28993055624999997 0.88671875 0.30381944375000003 0.8994140625 0.3229166671875 0.90234375 0.32118055624999997 0.9140625 0.30381944375000003 0.916015625 0.28993055624999997 0.9111328125 0.27430555624999997 0.8994140625 0.27430555624999997
0 0.6923828125 0.20138888906250002 0.68359375 0.21354166718749998 0.681640625 0.22395833281250002 0.68359375 0.234375 0.6884765625 0.24305555625 0.69921875 0.24479166718749998 0.708984375 0.230902778125 0.708984375 0.21701388906250002 0.7021484375 0.20486111093749998 0.6923828125 0.20138888906250002
0 0.9697265625 0.1111111109375 0.9658203125 0.1111111109375 0.955078125 0.13368055625 0.955078125 0.14409722187500001 0.9619140625 0.15277777812499999 0.96875 0.1510416671875 0.974609375 0.140625 0.9765625 0.1302083328125 0.974609375 0.1197916671875 0.9697265625 0.1111111109375
0 0.224609375 0.5329861109375 0.2158203125 0.503472221875 0.1982421875 0.5104166671875 0.19140625 0.5260416671875 0.193359375 0.546875 0.197265625 0.5607638890625 0.2021484375 0.565972221875 0.212890625 0.5642361109375 0.2177734375 0.5625 0.220703125 0.5572916671875 0.220703125 0.543402778125 0.224609375 0.5329861109375
0 0.1357421875 0.75 0.1298828125 0.75 0.125 0.7586805562500001 0.125 0.769097221875 0.123046875 0.7725694437499999 0.126953125 0.7829861109375 0.126953125 0.7899305562500001 0.1318359375 0.7986111109375 0.1376953125 0.8020833328125001 0.150390625 0.800347221875 0.154296875 0.7899305562500001 0.15234375 0.7760416671875 0.1376953125 0.7604166671875 0.1357421875 0.75
0 0.8916015625 0.23611111093749998 0.88671875 0.24479166718749998 0.88671875 0.25868055624999997 0.896484375 0.25868055624999997 0.9072265625 0.25347222187499996 0.91015625 0.24826388906250002 0.9052734375 0.23958333281250002 0.8916015625 0.23611111093749998
0 0.6396484375 0.0208333328125 0.6279296875 0.0208333328125 0.623046875 0.0329861109375 0.623046875 0.03993055625 0.6357421875 0.065972221875 0.64453125 0.06423611093750001 0.646484375 0.046875 0.650390625 0.03993055625 0.6484375 0.0329861109375 0.6396484375 0.0208333328125
0 0.8681640625 0.4791666671875 0.86328125 0.48784722187499996 0.86328125 0.4982638890625 0.8662109375 0.503472221875 0.8740234375 0.503472221875 0.8779296875 0.5104166671875 0.88671875 0.5086805562500001 0.890625 0.4982638890625 0.890625 0.49131944375 0.8857421875 0.4791666671875 0.8681640625 0.4791666671875
0 0.8154296875 0.25694444375000003 0.810546875 0.26909722187499996 0.810546875 0.2829861109375 0.8173828125 0.28819444375000003 0.8232421875 0.2986111109375 0.828125 0.296875 0.83203125 0.2829861109375 0.826171875 0.25868055624999997 0.8212890625 0.25347222187499996 0.8154296875 0.25694444375000003
0 0.8408203125 0.09375 0.8359375 0.109375 0.837890625 0.1232638890625 0.8427734375 0.13194444375 0.8515625 0.1302083328125 0.859375 0.11631944375 0.861328125 0.09895833281250001 0.8564453125 0.090277778125 0.8408203125 0.09375
0 0.9658203125 0.6180555562500001 0.9501953125 0.6180555562500001 0.9462890625 0.621527778125 0.943359375 0.6302083328125 0.9453125 0.6614583328125 0.9501953125 0.6701388890625 0.9560546875 0.6736111109375 0.962890625 0.671875 0.97265625 0.6614583328125 0.974609375 0.6336805562500001 0.97265625 0.6267361109375 0.9658203125 0.6180555562500001
0 0.1435546875 0.940972221875 0.13671875 0.949652778125 0.134765625 0.956597221875 0.1357421875 0.96875 0.150390625 0.9670138890625 0.158203125 0.956597221875 0.158203125 0.949652778125 0.1552734375 0.9444444437499999 0.1435546875 0.940972221875
0 0.9052734375 0.34375 0.900390625 0.35590277812500004 0.900390625 0.3732638890625 0.9052734375 0.38194444375000003 0.9140625 0.3802083328125 0.9208984375 0.375 0.921875 0.3697916671875 0.9091796875 0.34375 0.9052734375 0.34375
0 0.7763671875 0.652777778125 0.7734375 0.671875 0.7763671875 0.6805555562500001 0.78125 0.6788194437499999 0.783203125 0.675347221875 0.783203125 0.6579861109375 0.7802734375 0.652777778125 0.7763671875 0.652777778125
0 0.5556640625 0.21875 0.5517578125 0.215277778125 0.5419921875 0.215277778125 0.5322265625 0.222222221875 0.529296875 0.22743055625 0.529296875 0.234375 0.533203125 0.24826388906250002 0.5390625 0.25868055624999997 0.54296875 0.2760416671875 0.548828125 0.2795138890625 0.5556640625 0.27430555624999997 0.560546875 0.265625 0.5625 0.24826388906250002 0.5556640625 0.21875
0 0.529296875 0.015625 0.5263671875 0.010416667187500001 0.517578125 0.02256944375 0.517578125 0.0364583328125 0.515625 0.03993055625 0.517578125 0.050347221875 0.5244140625 0.0625 0.52734375 0.0607638890625 0.529296875 0.05729166718749999 0.529296875 0.03993055625 0.52734375 0.0364583328125 0.529296875 0.015625
0 0.5927734375 0.375 0.5830078125 0.38194444375000003 0.580078125 0.390625 0.587890625 0.41493055625 0.5908203125 0.4201388890625 0.6015625 0.41840277812500004 0.609375 0.4079861109375 0.611328125 0.39756944375000003 0.6044921875 0.3854166671875 0.5927734375 0.375
0 0 0.925347221875 0.0078125 0.925347221875 0.0107421875 0.9236111109375 0.017578125 0.9079861109375 0.017578125 0.887152778125 0.0146484375 0.8819444437499999 0.0029296875 0.8819444437499999 0 0.887152778125 0 0.925347221875
0 0.6357421875 0.20138888906250002 0.625 0.21354166718749998 0.623046875 0.22395833281250002 0.6279296875 0.23611111093749998 0.642578125 0.234375 0.6484375 0.22743055625 0.6484375 0.21354166718749998 0.6416015625 0.20138888906250002 0.6357421875 0.20138888906250002
0 0.33203125 0.27256944375000003 0.3251953125 0.2604166671875 0.3173828125 0.2604166671875 0.3154296875 0.25694444375000003 0.3037109375 0.2604166671875 0.298828125 0.2760416671875 0.298828125 0.28993055624999997 0.302734375 0.30381944375000003 0.3115234375 0.3125 0.322265625 0.3142361109375 0.328125 0.296875 0.328125 0.28993055624999997 0.33203125 0.2829861109375 0.33203125 0.27256944375000003
0 1 0.0017361109374999999 0.9912109375 0 0.98828125 0.0052083328125 0.990234375 0.0260416671875 0.9970703125 0.0416666671875 1 0.03993055625 1 0.0017361109374999999
0 0.533203125 0.574652778125 0.5283203125 0.5729166671875 0.5224609375 0.5798611109375 0.5166015625 0.5798611109375 0.5068359375 0.5729166671875 0.50390625 0.578125 0.50390625 0.5954861109375 0.5087890625 0.6041666671875 0.509765625 0.6024305562500001 0.5205078125 0.59375 0.5263671875 0.59375 0.533203125 0.5850694437499999 0.533203125 0.574652778125
0 0.19921875 0.6475694437499999 0.19921875 0.668402778125 0.2041015625 0.6736111109375 0.20703125 0.671875 0.208984375 0.668402778125 0.20703125 0.6475694437499999 0.2021484375 0.6423611109375 0.19921875 0.6475694437499999
0 0.2763671875 0.3888888890625 0.2705078125 0.3888888890625 0.2685546875 0.3923611109375 0.2666015625 0.3888888890625 0.2607421875 0.3888888890625 0.2578125 0.41493055625 0.251953125 0.4322916671875 0.2529296875 0.4375 0.267578125 0.4357638890625 0.2744140625 0.43055555625 0.28125 0.4114583328125 0.283203125 0.39756944375000003 0.2763671875 0.3888888890625
0 0.1787109375 0.19444444375 0.177734375 0.21354166718749998 0.1884765625 0.22569444375 0.193359375 0.22395833281250002 0.1953125 0.22048611093749998 0.193359375 0.206597221875 0.1826171875 0.19444444375 0.1787109375 0.19444444375
0 0.1396484375 0.6805555562500001 0.1328125 0.6961805562500001 0.1328125 0.7100694437499999 0.1376953125 0.71875 0.1416015625 0.715277778125 0.150390625 0.7170138890625 0.15234375 0.7135416671875 0.15234375 0.6857638890625 0.1474609375 0.6805555562500001 0.1396484375 0.6805555562500001
0 0.6982421875 0.20138888906250002 0.6923828125 0.20138888906250002 0.68359375 0.21354166718749998 0.681640625 0.22395833281250002 0.68359375 0.234375 0.6884765625 0.24305555625 0.69921875 0.24479166718749998 0.708984375 0.234375 0.708984375 0.21701388906250002 0.7060546875 0.20833333281250002 0.6982421875 0.20138888906250002
0 0.2568359375 0.8888888890625 0.25 0.9045138890625 0.251953125 0.9322916671874999 0.2568359375 0.9444444437499999 0.26953125 0.9427083328125001 0.2734375 0.9322916671874999 0.2734375 0.9045138890625 0.2646484375 0.8888888890625 0.2568359375 0.8888888890625
0 0.1884765625 0.22569444375 0.193359375 0.22395833281250002 0.193359375 0.206597221875 0.1787109375 0.19097222187500001 0.177734375 0.21354166718749998 0.1884765625 0.22569444375
0 0.66796875 0.19965277812499999 0.6650390625 0.1979166671875 0.66015625 0.21006944375 0.66015625 0.22395833281250002 0.6630859375 0.22916666718749998 0.6689453125 0.22916666718749998 0.6708984375 0.23263888906250002 0.677734375 0.230902778125 0.681640625 0.22395833281250002 0.681640625 0.21701388906250002 0.6669921875 0.21180555625 0.66796875 0.19965277812499999
0 0.2421875 0.543402778125 0.2353515625 0.534722221875 0.2236328125 0.5381944437499999 0.220703125 0.543402778125 0.220703125 0.5538194437499999 0.216796875 0.5607638890625 0.216796875 0.574652778125 0.2236328125 0.5833333328125 0.228515625 0.581597221875 0.2373046875 0.5729166671875 0.2421875 0.5642361109375 0.244140625 0.5538194437499999 0.2421875 0.543402778125
0 0.6181640625 0.027777778125000003 0.6025390625 0.03125 0.58984375 0.043402778125 0.591796875 0.053819443749999994 0.5986328125 0.055555556250000006 0.607421875 0.074652778125 0.6025390625 0.07638888906249999 0.6005859375 0.06944444375 0.595703125 0.07118055625 0.6005859375 0.07986111093750001 0.609375 0.078125 0.615234375 0.074652778125 0.62109375 0.053819443749999994 0.62109375 0.0329861109375 0.6181640625 0.027777778125000003
0 0.203125 0.9739583328125001 0.201171875 0.987847221875 0.2041015625 0.996527778125 0.212890625 0.9947916671874999 0.21484375 0.9913194437499999 0.21484375 0.980902778125 0.2080078125 0.96875 0.203125 0.9739583328125001