0 0.28515625 0.31640625 0.053125 0.11015625
0 0.334375 0.296875 0.04609375 0.1046875
0 0.4140625 0.49140625 0.05234375 0.1015625
0 0.54609375 0.09375 0.04453125 0.084375
0 0.60234375 0.07421875 0.04296875 0.06875
0 0.35 0.14609375 0.03984375 0.07109375
0 0.31171875 0.4953125 0.03984375 0.0546875
0 0.3515625 0.484375 0.0375 0.08125
0 0.81875 0.27421875 0.0328125 0.06171875
0 0.86953125 0.28984375 0.0390625 0.08359375
0 0.86328125 0.103125 0.0453125 0.084375
0 0.8421875 0.753125 0.05078125 0.08828125
0 0.878125 0.20078125 0.0375 0.06484375
0 0.6 0.61328125 0.03828125 0.08359375
0 0.653125 0.60234375 0.05 0.07421875
0 0.3453125 0.69921875 0.0359375 0.05390625
0 0.3921875 0.65625 0.03125 0.0703125
0 0.453125 0.646875 0.03515625 0.08515625
0 0.53359375 0.234375 0.0328125 0.04296875