0 0.1822916671875 0.51944444375 0.1848958328125 0.51944444375 0.1901041671875 0.5305555562500001 0.1989583328125 0.5333333328125 0.1994791671875 0.5361111109375 0.20625 0.5361111109375 0.20677083281250003 0.5333333328125 0.2171875 0.5305555562500001 0.21875 0.5231481484375 0.225 0.5111111109375 0.225 0.48518518593750004 0.21875 0.4731481484375 0.21875 0.46851851875 0.21614583281250002 0.46851851875 0.215625 0.465740740625 0.1838541671875 0.465740740625 0.1807291671875 0.471296296875 0.1807291671875 0.5138888890625 0.1822916671875 0.5148148140625 0.1822916671875 0.51944444375
0 0.5010416671875 0.21944444375 0.515625 0.222222221875 0.5208333328125 0.2138888890625 0.5234375 0.2138888890625 0.5265625 0.20370370312500002 0.5296875 0.20277777812500003 0.53125 0.197222221875 0.53125 0.1870370375 0.5328125 0.1861111109375 0.53125 0.165740740625 0.5234375 0.1546296296875 0.5010416671875 0.1546296296875 0.4994791671875 0.1574074078125 0.4994791671875 0.21111111093749999 0.5010416671875 0.21203703749999997 0.5010416671875 0.21944444375
0 0.1260416671875 0.9388888890624999 0.13125 0.9388888890624999 0.13333333281249998 0.9333333328125001 0.1369791671875 0.9398148140625 0.1369791671875 0.9444444437499999 0.1447916671875 0.9583333328125001 0.1473958328125 0.9583333328125001 0.1510416671875 0.9638888890624999 0.1546875 0.9638888890624999 0.1552083328125 0.9611111109375001 0.1609375 0.9583333328125001 0.1609375 0.953703703125 0.1625 0.952777778125 0.1625 0.9481481484375 0.165625 0.9416666671874999 0.1671875 0.9268518515625 0.1625 0.9175925921875001 0.1625 0.9129629625 0.1515625 0.8953703703125001 0.1515625 0.890740740625 0.14895833281249998 0.890740740625 0.1484375 0.8879629625 0.1260416671875 0.8879629625 0.1244791671875 0.890740740625 0.1244791671875 0.9305555562500001 0.1260416671875 0.93148148125 0.1260416671875 0.9388888890624999
0 0.22395833281250002 0.2916666671875 0.22760416718749998 0.3 0.25 0.3 0.253125 0.29722222187499997 0.25625 0.2888888890625 0.25625 0.27870370312500004 0.2578125 0.27777777812500004 0.25625 0.246296296875 0.246875 0.23240740781250002 0.22291666718749997 0.23240740781250002 0.21979166718749998 0.23518518593749999 0.2182291671875 0.240740740625 0.2182291671875 0.28611111093749997 0.22135416718749998 0.2916666671875 0.22395833281250002 0.2916666671875
0 0.5260416671875 0.252777778125 0.5302083328125 0.25555555625 0.5322916671875 0.2638888890625 0.5364583328125 0.2638888890625 0.5369791671875 0.2666666671875 0.5546875 0.2638888890625 0.5546875 0.259259259375 0.5583333328125 0.252777778125 0.5609375 0.252777778125 0.5609375 0.24814814843750002 0.5625 0.24722222187499998 0.5625 0.21296296250000002 0.5546875 0.1990740734375 0.5307291671875001 0.1990740734375 0.5244791671875 0.2101851859375 0.5244791671875 0.24722222187499998 0.5260416671875 0.24814814843750002 0.5260416671875 0.252777778125
0 0.8182291671874999 0.45648148125 0.8135416671875 0.465740740625 0.8119791671875 0.4888888890625 0.8135416671875 0.48981481406249994 0.8151041671874999 0.5 0.8192708328125 0.5 0.8260416671874999 0.5083333328124999 0.8390625 0.5083333328124999 0.8442708328125 0.5 0.846875 0.5 0.85 0.4916666671875 0.85 0.44629629687500005 0.8484375 0.4453703703125 0.8484375 0.440740740625 0.8453125 0.43981481406249995 0.8453125 0.43518518593750005 0.8390625 0.4240740734375 0.8364583328125 0.4240740734375 0.8359375 0.42129629687500003 0.8260416671874999 0.42129629687500003 0.8229166671874999 0.4268518515625 0.8229166671874999 0.434259259375 0.8197916671875 0.440740740625 0.8182291671874999 0.45648148125
0 0.051041667187499994 0.375 0.059375 0.372222221875 0.0661458328125 0.3583333328125 0.0666666671875 0.3611111109375 0.07083333281250001 0.3611111109375 0.0760416671875 0.36944444375 0.0817708328125 0.36944444375 0.0822916671875 0.372222221875 0.0875 0.36944444375 0.09375 0.35555555625 0.09375 0.3324074078125 0.0921875 0.33148148125 0.0921875 0.3240740734375 0.0895833328125 0.3240740734375 0.084375 0.3129629625 0.0802083328125 0.3129629625 0.0796875 0.3101851859375 0.05729166718749999 0.3101851859375 0.051041667187499994 0.31851851875000003 0.0494791671875 0.3240740734375 0.0494791671875 0.36666666718749996 0.051041667187499994 0.36759259218749996 0.051041667187499994 0.375
0 0.2390625 0.977777778125 0.2427083328125 0.9694444437499999 0.259375 0.9611111109375001 0.2625 0.95555555625 0.2625 0.946296296875 0.2609375 0.94351851875 0.25833333281250004 0.94351851875 0.2546875 0.9351851859375 0.2520833328125 0.9351851859375 0.2515625 0.9324074078125 0.2244791671875 0.9324074078125 0.22395833281250002 0.9351851859375 0.22135416718749998 0.9351851859375 0.21979166718749998 0.9379629625 0.21979166718749998 0.9425925921875 0.2182291671875 0.94351851875 0.2182291671875 0.975 0.2244791671875 0.9861111109375 0.23125 0.9861111109375 0.23333333281250002 0.98055555625 0.2390625 0.977777778125
0 0.23020833281250003 0.4916666671875 0.2322916671875 0.497222221875 0.2453125 0.497222221875 0.25052083281250004 0.4888888890625 0.253125 0.4888888890625 0.25625 0.48333333281249996 0.25625 0.4675925921875 0.2578125 0.46666666718750005 0.2546875 0.4379629625 0.25 0.43240740781250003 0.22760416718749998 0.43240740781250003 0.2244791671875 0.4379629625 0.2244791671875 0.4861111109375 0.22760416718749998 0.4916666671875 0.23020833281250003 0.4916666671875
0 0.38229166718749996 0.6453703703125 0.38229166718749996 0.65 0.3869791671875 0.6555555562500001 0.4046875 0.6555555562500001 0.4125 0.6416666671875 0.4125 0.63148148125 0.4140625 0.63055555625 0.4125 0.6101851859375 0.4015625 0.5990740734375 0.3869791671875 0.5990740734375 0.3864583328125 0.6018518515625 0.38229166718749996 0.6018518515625 0.38229166718749996 0.60648148125 0.3807291671875 0.6074074078125 0.3807291671875 0.64444444375 0.38229166718749996 0.6453703703125
0 0.3708333328125 0.597222221875 0.3713541671875 0.6 0.3859375 0.6 0.3984375 0.577777778125 0.3984375 0.5574074078125 0.3953125 0.553703703125 0.3953125 0.5490740734374999 0.3921875 0.54351851875 0.3807291671875 0.54351851875 0.3802083328125 0.546296296875 0.3635416671875 0.54351851875 0.3619791671875 0.546296296875 0.3619791671875 0.5861111109375 0.3661458328125 0.5888888890625 0.3682291671875 0.597222221875 0.3708333328125 0.597222221875
0 0.2401041671875 0.21944444375 0.2442708328125 0.222222221875 0.2479166671875 0.23055555625 0.2520833328125 0.23055555625 0.2526041671875 0.23333333281250002 0.2625 0.23333333281250002 0.2630208328125 0.23055555625 0.265625 0.23055555625 0.275 0.20833333281250002 0.275 0.1824074078125 0.2734375 0.18148148125000002 0.2734375 0.1768518515625 0.2708333328125 0.1768518515625 0.2671875 0.165740740625 0.23854166718749997 0.165740740625 0.23697916718749998 0.16851851874999998 0.23697916718749998 0.2 0.23854166718749997 0.2009259265625 0.2401041671875 0.21944444375
0 0.9322916671874999 0.997222221875 0.975 0.997222221875 0.975 0.9925925921875001 0.978125 0.9861111109375 0.978125 0.9685185187500001 0.975 0.9620370375 0.9734375 0.9490740734375 0.965625 0.9351851859375 0.9630208328125001 0.9351851859375 0.9625 0.9324074078125 0.9369791671875 0.9324074078125 0.9322916671874999 0.9379629625 0.9322916671874999 0.9425925921875 0.9307291671875 0.94351851875 0.9307291671875 0.99444444375 0.9322916671874999 0.997222221875
0 0.5260416671875 0.8388888890624999 0.5333333328125 0.8444444437499999 0.5385416671875001 0.85555555625 0.5484375 0.8583333328125 0.5546875 0.847222221875 0.55625 0.834259259375 0.5578125 0.8333333328125001 0.5578125 0.8129629625 0.55625 0.8120370375 0.5546875 0.8018518515625 0.5505208328125 0.8018518515625 0.55 0.7990740734374999 0.5260416671875 0.7990740734374999 0.5244791671875 0.8018518515625 0.5244791671875 0.8333333328125001 0.5260416671875 0.834259259375 0.5260416671875 0.8388888890624999
0 0.7807291671875001 0.40648148125 0.7744791671875 0.415740740625 0.7744791671875 0.4203703703125 0.7713541671875 0.4240740734375 0.7713541671875 0.42870370312499995 0.7697916671875 0.4296296296875 0.7697916671875 0.434259259375 0.7682291671875 0.43518518593750005 0.7682291671875 0.477777778125 0.7697916671875 0.478703703125 0.7697916671875 0.48333333281249996 0.7776041671875 0.497222221875 0.7802083328125 0.497222221875 0.7807291671875001 0.5 0.7833333328125 0.5 0.7838541671875 0.502777778125 0.7880208328125 0.502777778125 0.7885416671875001 0.50555555625 0.79375 0.50555555625 0.7942708328125 0.502777778125 0.803125 0.5 0.8125 0.48333333281249996 0.8125 0.47592592656250005 0.8140625 0.475 0.8140625 0.4703703703125 0.8171875 0.46666666718750005 0.8171875 0.459259259375 0.81875 0.4583333328125 0.81875 0.4453703703125 0.8203125 0.44444444375 0.8203125 0.434259259375 0.821875 0.43333333281249997 0.821875 0.42870370312499995 0.8234375 0.427777778125 0.8234375 0.4129629625 0.815625 0.3990740734375 0.7838541671875 0.3990740734375 0.7833333328125 0.4018518515625 0.7807291671875001 0.4018518515625 0.7807291671875001 0.40648148125
0 0.35885416718749996 0.5083333328124999 0.3630208328125 0.5083333328124999 0.3635416671875 0.5111111109375 0.3708333328125 0.5111111109375 0.3713541671875 0.5138888890625 0.3796875 0.5111111109375 0.3796875 0.50648148125 0.38333333281250004 0.5 0.3859375 0.5 0.3921875 0.4861111109375 0.3921875 0.4796296296875 0.3890625 0.47592592656250005 0.3875 0.465740740625 0.38125 0.4546296296875 0.3541666671875 0.4546296296875 0.3494791671875 0.46296296249999996 0.3494791671875 0.49444444374999996 0.35104166718749996 0.4953703703125 0.35104166718749996 0.5 0.35885416718749996 0.5083333328124999
0 0.5635416671875 0.8 0.5734375 0.8027777781250001 0.5770833328125 0.7916666671875 0.5796875 0.7916666671875 0.5817708328125 0.7861111109375 0.5859375 0.7833333328125 0.5875 0.7601851859375001 0.584375 0.7546296296875 0.5635416671875 0.7546296296875 0.5619791671875001 0.7574074078125 0.5619791671875001 0.797222221875 0.5635416671875 0.8
0 0.6057291671875 0.9055555562500001 0.6088541671875001 0.9111111109375001 0.6145833328125 0.9111111109375001 0.6151041671875 0.9138888890624999 0.628125 0.9111111109375001 0.63125 0.9055555562500001 0.63125 0.8898148140625001 0.6328125 0.8888888890625 0.6296875 0.8601851859374999 0.625 0.8546296296874999 0.6026041671875 0.8546296296874999 0.5994791671875 0.8601851859374999 0.5994791671875 0.8861111109375001 0.6041666671875 0.8953703703125001 0.6057291671875 0.9055555562500001
0 0.296875 0.9861111109375 0.2953125 0.9712962968750001 0.2921875 0.965740740625 0.2682291671875 0.965740740625 0.2677083328125 0.9685185187500001 0.26510416718749996 0.9685185187500001 0.2619791671875 0.9768518515625001 0.2619791671875 0.997222221875 0.2635416671875 0.9990740734375001 0.2921875 0.9990740734375001 0.296875 0.9861111109375
0 0.9994791671875 0.9324074078125 0.9822916671874999 0.9324074078125 0.9822916671874999 0.99444444375 0.9869791671874999 0.9990740734375001 0.9994791671875 0.9990740734375001 0.9994791671875 0.9324074078125
0 0.7796875 0.3138888890625 0.7833333328125 0.302777778125 0.7885416671875001 0.3083333328125 0.7927083328125 0.3083333328125 0.7932291671875 0.3111111109375 0.8 0.3111111109375 0.8046875 0.30555555624999997 0.8046875 0.2796296296875 0.7984375 0.26574074062499997 0.7776041671875 0.26574074062499997 0.7744791671875 0.271296296875 0.7744791671875 0.30555555624999997 0.7760416671875 0.30648148124999997 0.7760416671875 0.3138888890625 0.7796875 0.3138888890625
0 0.5963541671875 0.9129629625 0.5927083328125 0.921296296875 0.5822916671875 0.9268518515625 0.5822916671875 0.93148148125 0.5807291671875 0.9324074078125 0.5807291671875 0.952777778125 0.5869791671875 0.9638888890624999 0.5895833328125 0.9638888890624999 0.5901041671875 0.9666666671874999 0.6109375 0.9666666671874999 0.6114583328125 0.9638888890624999 0.6140625 0.9638888890624999 0.61875 0.95555555625 0.61875 0.9509259265625 0.625 0.9416666671874999 0.625 0.915740740625 0.621875 0.9101851859375 0.6010416671875001 0.9101851859375 0.6005208328125 0.9129629625 0.5963541671875 0.9129629625
0 0.4010416671875 0.584259259375 0.4010416671875 0.5916666671875 0.428125 0.5888888890625 0.43125 0.58055555625 0.43125 0.5648148140625 0.4328125 0.5638888890625 0.43125 0.5379629625 0.428125 0.5324074078125001 0.40729166718750004 0.5324074078125001 0.4067708328125 0.5351851859375001 0.40260416718750003 0.5351851859375001 0.4010416671875 0.5481481484375 0.3994791671875 0.5490740734374999 0.3994791671875 0.5833333328125 0.4010416671875 0.584259259375
0 0.1041666671875 0.7638888890625 0.11145833281249999 0.76944444375 0.1119791671875 0.775 0.1171875 0.775 0.125 0.752777778125 0.125 0.7379629624999999 0.1234375 0.7370370375 0.1234375 0.7324074078125 0.1208333328125 0.7324074078125 0.1171875 0.7259259265625 0.1140625 0.7129629625 0.11145833281249999 0.7129629625 0.1109375 0.7101851859375 0.1010416671875 0.7101851859375 0.0994791671875 0.7129629625 0.0994791671875 0.752777778125 0.10260416718750001 0.75648148125 0.1041666671875 0.7638888890625
0 0.21354166718749998 0.34444444375 0.21770833281250002 0.34722222187499996 0.21979166718749998 0.352777778125 0.225 0.352777778125 0.2270833328125 0.34722222187499996 0.2296875 0.34722222187499996 0.2296875 0.3425925921875 0.23125 0.3416666671875 0.2296875 0.30740740781250003 0.2234375 0.29907407343750003 0.21354166718749998 0.29907407343750003 0.21197916718749998 0.3018518515625 0.21197916718749998 0.33888888906250003 0.21354166718749998 0.3398148140625 0.21354166718749998 0.34444444375
0 0.0921875 0.7490740734375 0.0890625 0.7425925921875 0.090625 0.7240740734375 0.0760416671875 0.7240740734375 0.0744791671875 0.75555555625 0.0791666671875 0.7638888890625 0.0921875 0.7638888890625 0.0921875 0.7490740734375