0 0.0203125 0.0765625 0.03984375 0.07421875
0 0.0765625 0.10703125 0.03671875 0.0375
0 0.221875 0.06953125 0.0390625 0.06875
0 0.1640625 0.47734375 0.01875 0.040625
0 0.3 0.6109375 0.0296875 0.0578125
0 0.34453125 0.909375 0.0328125 0.06953125
0 0.275 0.81015625 0.0328125 0.07109375
0 0.61875 0.32265625 0.034375 0.06484375
0 0.73515625 0.2140625 0.0359375 0.0609375
0 0.5859375 0.1453125 0.03515625 0.0625
0 0.4171875 0.140625 0.03125 0.04609375
0 0.79375 0.684375 0.03671875 0.053125
0 0.93046875 0.77421875 0.04296875 0.07421875
0 0.9734375 0.7171875 0.03828125 0.0546875
0 0.8515625 0.37578125 0.04140625 0.0796875
0 0.3828125 0.3296875 0.03359375 0.059375
0 0.3203125 0.46328125 0.0359375 0.053125
0 0.309375 0.13203125 0.03203125 0.06328125
0 0.6953125 0.0875 0.0328125 0.04921875
0 0.703125 0.021875 0.0296875 0.04375
0 0.98046875 0.20234375 0.03671875 0.0859375
0 0.6171875 0.3828125 0.025 0.0390625
0 0.6578125 0.534375 0.01640625 0.03828125