0 0.10078125 0.22890625 0.03984375 0.06875
0 0.115625 0.284375 0.0453125 0.06484375
0 0.07578125 0.34296875 0.03671875 0.05703125
0 0.128125 0.83359375 0.06171875 0.10390625
0 0.29921875 0.25859375 0.04453125 0.09765625
0 0.04375 0.11328125 0.04765625 0.05234375
0 0.0515625 0.19296875 0.03984375 0.06328125
0 0.49296875 0.3171875 0.04453125 0.0765625
0 0.6046875 0.46015625 0.03515625 0.0640625
0 0.859375 0.559375 0.03828125 0.07265625
0 0.90234375 0.54765625 0.04609375 0.07578125
0 0.94375 0.4359375 0.03515625 0.090625
0 0.98125 0.4046875 0.0375 0.08125
0 0.7 0.12890625 0.05234375 0.06484375
0 0.70703125 0.05546875 0.05625 0.0703125
0 0.56484375 0.76796875 0.0421875 0.08203125
0 0.61015625 0.78203125 0.04609375 0.09453125
0 0.68046875 0.65234375 0.05703125 0.0859375
0 0.48984375 0.2390625 0.05390625 0.0765625
0 0.58046875 0.46328125 0.01875 0.05390625
0 0.640625 0.45390625 0.0359375 0.05546875