0 0.18697916718750002 0.15277777812499999 0.1885416671875 0.1583333328125 0.1911458328125 0.1583333328125 0.19479166718750002 0.1666666671875 0.2046875 0.1666666671875 0.21458333281250003 0.15277777812499999 0.2171875 0.15277777812499999 0.21875 0.147222221875 0.21875 0.1129629625 0.215625 0.1101851859375 0.19479166718750002 0.1101851859375 0.1916666671875 0.1129629625 0.18697916718750002 0.12407407343750002 0.18697916718750002 0.15277777812499999
0 0.1630208328125 0.10833333281249999 0.16354166718750002 0.1111111109375 0.1661458328125 0.1111111109375 0.17135416718750002 0.12222222187500001 0.1875 0.12222222187500001 0.18802083281249998 0.11944444375 0.190625 0.11944444375 0.190625 0.1175925921875 0.1984375 0.10555555624999999 0.1984375 0.10092592656249999 0.2 0.1 0.2 0.06851851875000001 0.1989583328125 0.06851851875000001 0.1921875 0.0546296296875 0.1697916671875 0.0546296296875 0.1697916671875 0.05648148125 0.1619791671875 0.06851851875000001 0.1619791671875 0.10833333281249999 0.1630208328125 0.10833333281249999
0 0 0.20833333281250002 0.003125 0.20833333281250002 0.0052083328125 0.20277777812500003 0.0109375 0.2 0.0140625 0.1916666671875 0.015625 0.16851851874999998 0.0109375 0.1546296296875 0 0.1546296296875 0 0.20833333281250002
0 0.40729166718750004 0.06944444375 0.41510416718750004 0.08055555625000001 0.434375 0.077777778125 0.4375 0.072222221875 0.4390625 0.059259259375 0.440625 0.058333332812500006 0.440625 0.04351851875 0.4390625 0.0425925921875 0.4375 0.0268518515625 0.4328125 0.021296296875000002 0.4135416671875 0.021296296875000002 0.41302083281249996 0.0240740734375 0.41041666718750003 0.0240740734375 0.4057291671875 0.0351851859375 0.4057291671875 0.061111110937500004 0.40729166718750004 0.0620370375 0.40729166718750004 0.06944444375
0 0.23072916718749997 0.27777777812500004 0.2484375 0.27777777812500004 0.2546875 0.2638888890625 0.2546875 0.240740740625 0.25 0.23148148124999998 0.25 0.22685185156249998 0.2453125 0.221296296875 0.2260416671875 0.221296296875 0.2244791671875 0.22407407343750002 0.2244791671875 0.2666666671875 0.2260416671875 0.272222221875 0.23072916718749997 0.27777777812500004
0 0.2588541671875 0.21111111093749999 0.2734375 0.20833333281250002 0.2734375 0.20370370312500002 0.2796875 0.197222221875 0.2796875 0.1601851859375 0.275 0.1546296296875 0.2510416671875 0.1574074078125 0.2494791671875 0.165740740625 0.2494791671875 0.2 0.2510416671875 0.20555555625 0.2588541671875 0.21111111093749999
0 0.2697916671875 0.2629629625 0.2697916671875 0.2675925921875 0.2682291671875 0.26851851875 0.2682291671875 0.31944444375000003 0.2713541671875 0.325 0.27395833281250004 0.325 0.2744791671875 0.32777777812500003 0.2828125 0.32777777812500003 0.2833333328125 0.325 0.2921875 0.322222221875 0.3 0.3083333328125 0.3 0.3009259265625 0.3015625 0.3 0.3015625 0.2768518515625 0.3 0.2759259265625 0.3 0.26851851875 0.2921875 0.2546296296875 0.2760416671875 0.2546296296875 0.2755208328125 0.25740740781250004 0.27291666718749996 0.25740740781250004 0.2697916671875 0.2629629625
0 0.3072916671875 0.425 0.3098958328125 0.425 0.31197916718749996 0.43055555625 0.3161458328125 0.43055555625 0.3166666671875 0.43333333281249997 0.3265625 0.43333333281249997 0.3270833328125 0.43055555625 0.3296875 0.43055555625 0.3359375 0.4138888890625 0.3359375 0.39351851875 0.3328125 0.3898148140625 0.33125 0.3796296296875 0.3296875 0.3768518515625 0.3088541671875 0.3768518515625 0.3057291671875 0.38240740781250004 0.3057291671875 0.41944444374999995 0.3072916671875 0.4203703703125 0.3072916671875 0.425
0 0.1057291671875 0.4138888890625 0.109375 0.4138888890625 0.121875 0.39444444375 0.121875 0.38703703749999996 0.1234375 0.3861111109375 0.1234375 0.3796296296875 0.121875 0.3768518515625 0.1177083328125 0.3768518515625 0.1171875 0.3740740734375 0.10833333281249999 0.36851851875 0.103125 0.3574074078125 0.10052083281249999 0.3574074078125 0.1 0.3546296296875 0.08854166718749999 0.3546296296875 0.0869791671875 0.3574074078125 0.0869791671875 0.40555555625000006 0.0901041671875 0.41111111093749997 0.1052083328125 0.41111111093749997 0.1057291671875 0.4138888890625
0 0.7520833328125 0.6333333328124999 0.75625 0.63055555625 0.75625 0.6231481484375 0.7578125 0.622222221875 0.75625 0.590740740625 0.7536458328125 0.590740740625 0.753125 0.5879629625 0.7260416671875001 0.5879629625 0.7244791671875 0.590740740625 0.7244791671875 0.6333333328124999 0.7276041671875 0.6416666671875 0.7453125 0.64444444375 0.7520833328125 0.6333333328124999
0 0.3 0.1925925921875 0.30625 0.1833333328125 0.30625 0.1601851859375 0.303125 0.1546296296875 0.2822916671875 0.1546296296875 0.28072916718749996 0.1574074078125 0.28072916718749996 0.197222221875 0.2984375 0.2 0.3 0.1925925921875
0 0.0390625 0.50555555625 0.0390625 0.49351851875 0.0359375 0.4879629625 0.0135416671875 0.4879629625 0.0119791671875 0.490740740625 0.0135416671875 0.522222221875 0.0296875 0.525 0.0359375 0.51944444375 0.0390625 0.50555555625
0 0.6984375 0.397222221875 0.7 0.3898148140625 0.7046875 0.3861111109375 0.70625 0.377777778125 0.7046875 0.3574074078125 0.6822916671875 0.3546296296875 0.6807291671875 0.3574074078125 0.6807291671875 0.397222221875 0.6822916671875 0.4 0.6984375 0.397222221875
0 0.7083333328125 0.6333333328124999 0.7151041671875 0.6388888890625 0.7234375 0.6333333328124999 0.7234375 0.5981481484375 0.725 0.5935185187500001 0.721875 0.5879629625 0.7026041671875001 0.5879629625 0.6994791671875 0.5935185187500001 0.6994791671875 0.627777778125 0.7026041671875001 0.6333333328124999 0.7083333328125 0.6333333328124999
0 0.0796875 0.40555555625000006 0.0796875 0.40092592656250003 0.0828125 0.397222221875 0.0828125 0.3731481484375 0.0859375 0.3601851859375 0.08125 0.3546296296875 0.06979166718749999 0.3546296296875 0.0682291671875 0.3574074078125 0.0682291671875 0.39444444375 0.0760416671875 0.40555555625000006 0.0796875 0.40555555625000006
0 0.5572916671875 0.6416666671875 0.5630208328124999 0.64444444375 0.5635416671875 0.647222221875 0.5677083328125 0.647222221875 0.5713541671875 0.652777778125 0.5796875 0.647222221875 0.5859375 0.63055555625 0.5859375 0.6129629624999999 0.584375 0.6120370375 0.584375 0.6074074078125 0.5796875 0.5990740734375 0.5588541671875 0.5990740734375 0.5557291671875 0.6046296296875 0.5557291671875 0.6361111109375 0.5572916671875 0.6370370375000001 0.5572916671875 0.6416666671875
0 0.1494791671875 0.3638888890625 0.1588541671875 0.377777778125 0.1703125 0.377777778125 0.18125 0.3638888890625 0.18125 0.35648148125 0.1828125 0.35555555625 0.1828125 0.33703703749999997 0.184375 0.3361111109375 0.1859375 0.3231481484375 0.1875 0.322222221875 0.1875 0.3018518515625 0.1859375 0.3009259265625 0.1859375 0.296296296875 0.1796875 0.28796296250000003 0.15572916718750002 0.28796296250000003 0.1552083328125 0.290740740625 0.1526041671875 0.290740740625 0.1494791671875 0.29907407343750003 0.1494791671875 0.3638888890625
0 0.6296875 0.8 0.6359375 0.7888888890625 0.6359375 0.7814814812499999 0.6375 0.7805555562500001 0.6359375 0.7629629625 0.6296875 0.7546296296875 0.6135416671875 0.7546296296875 0.6119791671875 0.7574074078125 0.6119791671875 0.797222221875 0.6135416671875 0.8 0.6296875 0.8
0 0.051041667187499994 0.43333333281249997 0.052604167187499995 0.4361111109375 0.056770832812500005 0.4361111109375 0.05729166718749999 0.4388888890625 0.0625 0.4388888890625 0.06302083281250001 0.4361111109375 0.071875 0.43333333281249997 0.0796875 0.4166666671875 0.0796875 0.4046296296875 0.06875 0.3879629625 0.051041667187499994 0.3879629625 0.0494791671875 0.39074074062499997 0.0494791671875 0.427777778125 0.051041667187499994 0.42870370312499995 0.051041667187499994 0.43333333281249997
0 0.6015625 0.9824074078124999 0.5953125 0.9685185187500001 0.5921875 0.965740740625 0.5760416671875 0.965740740625 0.5744791671875 0.9685185187500001 0.5744791671875 0.997222221875 0.5760416671875 0.9990740734375001 0.6 0.997222221875 0.6015625 0.9824074078124999
0 0.2942708328125 0.44444444375 0.2984375 0.44444444375 0.3015625 0.43333333281249997 0.3015625 0.415740740625 0.2984375 0.41018518593750003 0.2822916671875 0.41018518593750003 0.28072916718749996 0.4129629625 0.28072916718749996 0.44166666718750003 0.28854166718749996 0.45 0.2942708328125 0.44444444375
0 0.103125 0.35555555625 0.1078125 0.3398148140625 0.1109375 0.3361111109375 0.109375 0.3129629625 0.10625 0.3101851859375 0.08854166718749999 0.3101851859375 0.0869791671875 0.3129629625 0.0869791671875 0.35 0.0901041671875 0.35555555625 0.103125 0.35555555625
0 0.6578125 0.777777778125 0.6578125 0.7574074078125 0.6546875 0.746296296875 0.6385416671875 0.74351851875 0.6369791671875 0.746296296875 0.6369791671875 0.7861111109375 0.6546875 0.7888888890625 0.6578125 0.777777778125
0 0.16354166718750002 0.73148148125 0.16354166718750002 0.7388888890625 0.1651041671875 0.7416666671875001 0.1708333328125 0.7416666671875001 0.1807291671875 0.752777778125 0.19375 0.752777778125 0.1989583328125 0.7416666671875001 0.2015625 0.7416666671875001 0.2015625 0.7370370375 0.20625 0.73055555625 0.20625 0.7101851859375 0.2046875 0.709259259375 0.2 0.690740740625 0.1942708328125 0.690740740625 0.19375 0.6879629625 0.1697916671875 0.6879629625 0.16354166718750002 0.696296296875 0.16354166718750002 0.7009259265625001 0.1619791671875 0.7018518515625 0.1619791671875 0.73055555625 0.16354166718750002 0.73148148125
0 0.2322916671875 0.14444444375 0.24375 0.1416666671875 0.25 0.13055555624999998 0.25 0.1203703703125 0.2515625 0.11944444375 0.25 0.10185185156250001 0.246875 0.0990740734375 0.2260416671875 0.0990740734375 0.2244791671875 0.10185185156250001 0.2244791671875 0.13333333281249998 0.2260416671875 0.13888888906250002 0.2322916671875 0.14444444375
0 0.175 0.375 0.1770833328125 0.36944444375 0.1796875 0.36944444375 0.1828125 0.3509259265625 0.184375 0.35 0.184375 0.3379629625 0.1796875 0.3324074078125 0.16354166718750002 0.3324074078125 0.1630208328125 0.3351851859375 0.1510416671875 0.3324074078125 0.1494791671875 0.3351851859375 0.1494791671875 0.3638888890625 0.1572916671875 0.377777778125 0.171875 0.377777778125 0.175 0.375
0 0.14375 0.025 0.1421875 0.0101851859375 0.1244791671875 0.0129629625 0.1244791671875 0.027777778125000003 0.1276041671875 0.0333333328125 0.1390625 0.0333333328125 0.14375 0.025
0 0.2375 0.3888888890625 0.246875 0.375 0.246875 0.36296296250000004 0.2453125 0.3620370375 0.2453125 0.3518518515625 0.24375 0.3509259265625 0.24375 0.3379629625 0.2421875 0.3351851859375 0.23802083281250003 0.3351851859375 0.2375 0.3324074078125 0.22135416718749998 0.3324074078125 0.2182291671875 0.3379629625 0.2182291671875 0.38333333281250004 0.22135416718749998 0.3888888890625 0.2375 0.3888888890625
0 0.1010416671875 0.853703703125 0.0994791671875 0.8546296296874999 0.0994791671875 0.9 0.10260416718750001 0.9083333328125001 0.1067708328125 0.9083333328125001 0.10729166718750001 0.9111111109375001 0.1171875 0.9083333328125001 0.11927083281249999 0.902777778125 0.125 0.9 0.13125 0.8861111109375001 0.13125 0.8574074078124999 0.1234375 0.8435185187500001 0.1057291671875 0.8435185187500001 0.1052083328125 0.8462962968750001 0.1010416671875 0.8462962968750001 0.1010416671875 0.853703703125
0 0.055208332812500004 0.922222221875 0.0557291671875 0.925 0.0765625 0.925 0.0770833328125 0.922222221875 0.0796875 0.922222221875 0.084375 0.9083333328125001 0.084375 0.8879629625 0.0828125 0.8870370375000001 0.0796875 0.871296296875 0.075 0.865740740625 0.05729166718749999 0.865740740625 0.0494791671875 0.8851851859375 0.0494791671875 0.91944444375 0.051041667187499994 0.922222221875 0.055208332812500004 0.922222221875
0 0.3963541671875 0.1888888890625 0.4078125 0.1861111109375 0.4125 0.177777778125 0.4140625 0.1675925921875 0.4171875 0.16388888906250001 0.4171875 0.1490740734375 0.415625 0.146296296875 0.41302083281249996 0.1490740734375 0.40833333281249995 0.1490740734375 0.403125 0.14351851875 0.3885416671875 0.14351851875 0.3869791671875 0.146296296875 0.3869791671875 0.175 0.39114583281250004 0.177777778125 0.3932291671875 0.1861111109375 0.3963541671875 0.1888888890625
0 0.3578125 0.4129629625 0.3447916671875 0.41018518593750003 0.34322916718749996 0.43055555625 0.3546875 0.43333333281249997 0.3578125 0.427777778125 0.3578125 0.4129629625
0 0.2052083328125 0.40833333281249995 0.209375 0.40833333281249995 0.2171875 0.4 0.2171875 0.3953703703125 0.21875 0.39444444375 0.2171875 0.36851851875 0.21458333281250003 0.36851851875 0.2140625 0.365740740625 0.1979166671875 0.365740740625 0.1932291671875 0.371296296875 0.1932291671875 0.40555555625000006 0.1963541671875 0.41111111093749997 0.2046875 0.41111111093749997 0.2052083328125 0.40833333281249995
0 0.9744791671874999 0.8018518515625 0.9744791671874999 0.8388888890624999 0.9760416671875 0.8416666671874999 0.98125 0.8416666671874999 0.9911458328125 0.8222222218749999 0.9953125 0.8194444437499999 0.9953125 0.8018518515625 0.9927083328125 0.8018518515625 0.9921875 0.7990740734374999 0.9760416671875 0.7990740734374999 0.9744791671874999 0.8018518515625
0 0.40729166718750004 0.447222221875 0.41197916718750005 0.45555555625000005 0.4192708328125 0.45555555625000005 0.41979166718750005 0.4583333328125 0.43125 0.45277777812500003 0.43125 0.4481481484375 0.4359375 0.44166666718750003 0.4359375 0.4240740734375 0.43125 0.41203703750000004 0.43125 0.4046296296875 0.4265625 0.3990740734375 0.4088541671875 0.3990740734375 0.4057291671875 0.4046296296875 0.4057291671875 0.44166666718750003 0.40729166718750004 0.44259259218749997 0.40729166718750004 0.447222221875
0 0.3322916671875 0.3861111109375 0.3359375 0.3861111109375 0.3380208328125 0.38055555625 0.3453125 0.375 0.3453125 0.3601851859375 0.3421875 0.3546296296875 0.3260416671875 0.3546296296875 0.3244791671875 0.3574074078125 0.3244791671875 0.375 0.32760416718749996 0.38055555625 0.3302083328125 0.38055555625 0.3322916671875 0.3861111109375
0 0.7828125 0.0861111109375 0.7880208328125 0.075 0.790625 0.075 0.7921875 0.0546296296875 0.7890625 0.046296296875 0.784375 0.04351851875 0.7697916671875 0.04351851875 0.7682291671875 0.046296296875 0.7682291671875 0.08055555625000001 0.7697916671875 0.0861111109375 0.778125 0.0888888890625 0.7828125 0.0861111109375
0 0.30416666718749996 0.147222221875 0.3171875 0.147222221875 0.3203125 0.13888888906250002 0.31875 0.12129629687500001 0.3109375 0.1101851859375 0.3010416671875 0.1101851859375 0.2994791671875 0.1129629625 0.2994791671875 0.13888888906250002 0.3010416671875 0.14444444375 0.30416666718749996 0.147222221875
0 0.23854166718749997 0.4203703703125 0.23854166718749997 0.425 0.24114583281250002 0.425 0.24479166718749998 0.43055555625 0.2546875 0.42222222187499997 0.2578125 0.4166666671875 0.2578125 0.41203703750000004 0.2609375 0.40833333281249995 0.2609375 0.3851851859375 0.253125 0.3768518515625 0.2416666671875 0.3768518515625 0.23697916718749998 0.3851851859375 0.23697916718749998 0.41944444374999995 0.23854166718749997 0.4203703703125
0 0.5984375 0.06944444375 0.6 0.0574074078125 0.5984375 0.0546296296875 0.5885416671875 0.0546296296875 0.5869791671875 0.0574074078125 0.5869791671875 0.075 0.59375 0.077777778125 0.5984375 0.06944444375
0 0 0.95555555625 0.00625 0.952777778125 0.0125 0.9416666671874999 0.0125 0.915740740625 0.009375 0.9101851859375 0 0.9101851859375 0 0.95555555625
0 0.9026041671874999 0.5416666671875 0.9083333328125001 0.5416666671875 0.9088541671874999 0.54444444375 0.915625 0.54444444375 0.925 0.5305555562500001 0.925 0.5129629625 0.9203125 0.509259259375 0.915625 0.490740740625 0.9130208328125 0.490740740625 0.9125 0.4879629625 0.8947916671874999 0.490740740625 0.8947916671874999 0.5333333328125 0.8963541671874999 0.5361111109375 0.8989583328125 0.5361111109375 0.9026041671874999 0.5416666671875