0 0.04453125 0.303125 0.0328125 0.0640625
0 0.12265625 0.43125 0.03359375 0.05703125
0 0.15703125 0.6203125 0.0328125 0.0640625
0 0.24140625 0.5703125 0.03359375 0.05546875
0 0.23984375 0.375 0.02734375 0.05546875
0 0.2234375 0.20546875 0.0375 0.078125
0 0.27578125 0.2828125 0.0359375 0.0703125
0 0.29609375 0.39765625 0.01953125 0.0390625
0 0.41640625 0.03203125 0.0453125 0.0640625
0 0.46328125 0.0890625 0.03125 0.05234375
0 0.49921875 0.30703125 0.0359375 0.06484375
0 0.3453125 0.60703125 0.03046875 0.04609375
0 0.7234375 0.44921875 0.034375 0.0703125
0 0.86484375 0.02421875 0.0390625 0.0484375
0 0.47109375 0.90703125 0.02265625 0.05234375
0 0.13984375 0.21484375 0.02734375 0.05703125
0 0.1328125 0.10390625 0.03046875 0.0625
0 0.0890625 0.3234375 0.034375 0.05703125
0 0.3078125 0.65078125 0.02578125 0.0453125