0 0.21875 0.44444444375 0.221875 0.44166666718750003 0.2296875 0.41944444374999995 0.2296875 0.41018518593750003 0.228125 0.409259259375 0.225 0.39074074062499997 0.2234375 0.3879629625 0.21197916718749998 0.3879629625 0.2114583328125 0.39074074062499997 0.20833333281250002 0.39074074062499997 0.2078125 0.3879629625 0.19479166718750002 0.3879629625 0.1932291671875 0.39074074062499997 0.1932291671875 0.43055555625 0.2010416671875 0.44444444375 0.21875 0.44444444375
0 0.734375 0.54444444375 0.7421875 0.527777778125 0.7421875 0.5129629625 0.7390625 0.5120370375000001 0.7359375 0.4990740734375 0.7197916671875 0.4990740734375 0.7182291671875001 0.5018518515625 0.7182291671875001 0.5416666671875 0.7197916671875 0.54444444375 0.734375 0.54444444375
0 0.1875 0.7361111109375 0.18802083281249998 0.7333333328125 0.196875 0.73055555625 0.2015625 0.7166666671875 0.2015625 0.70648148125 0.203125 0.70555555625 0.2015625 0.69351851875 0.1984375 0.6879629625 0.1760416671875 0.6879629625 0.1744791671875 0.690740740625 0.1744791671875 0.73055555625 0.1807291671875 0.7361111109375 0.1875 0.7361111109375
0 0.45729166718750003 0.527777778125 0.471875 0.522222221875 0.475 0.5166666671875 0.475 0.490740740625 0.4703125 0.48148148125 0.46875 0.46851851875 0.4671875 0.465740740625 0.4479166671875 0.465740740625 0.4447916671875 0.46851851875 0.44322916718750005 0.47407407343749997 0.44322916718750005 0.51944444375 0.45677083281249997 0.525 0.45729166718750003 0.527777778125
0 0.2552083328125 0.45277777812500003 0.259375 0.45277777812500003 0.2645833328125 0.44166666718750003 0.2671875 0.44166666718750003 0.26875 0.4129629625 0.2640625 0.4018518515625 0.2609375 0.3990740734375 0.23854166718749997 0.3990740734375 0.23697916718749998 0.4018518515625 0.23697916718749998 0.44444444375 0.2401041671875 0.45277777812500003 0.2546875 0.45555555625000005 0.2552083328125 0.45277777812500003
0 0.1984375 0.047222221875 0.2 0.037037037499999995 0.20625 0.025 0.20625 0.0129629625 0.2046875 0.0101851859375 0.1822916671875 0.0101851859375 0.1807291671875 0.0129629625 0.1807291671875 0.0388888890625 0.18697916718750002 0.047222221875 0.1984375 0.047222221875
0 0.284375 0.397222221875 0.28958333281250004 0.3861111109375 0.2921875 0.3861111109375 0.2921875 0.38148148125 0.29375 0.38055555625 0.29375 0.34629629687499996 0.2921875 0.34351851875 0.2697916671875 0.34351851875 0.2682291671875 0.34629629687499996 0.2682291671875 0.3861111109375 0.2744791671875 0.397222221875 0.284375 0.397222221875
0 0.5921875 0.352777778125 0.603125 0.3416666671875 0.603125 0.321296296875 0.6015625 0.3203703703125 0.6 0.3046296296875 0.596875 0.29907407343750003 0.5760416671875 0.29907407343750003 0.5744791671875 0.3018518515625 0.5744791671875 0.3416666671875 0.5817708328125 0.34722222187499996 0.5838541671875 0.352777778125 0.5921875 0.352777778125
0 0.815625 0.055555556250000006 0.8203125 0.0416666671875 0.81875 0.0129629625 0.8171875 0.0101851859375 0.7947916671875 0.0101851859375 0.7932291671875 0.0129629625 0.7932291671875 0.052777778124999994 0.8010416671874999 0.058333332812500006 0.815625 0.055555556250000006
0 0.6114583328125 0.3416666671875 0.6119791671875 0.34444444375 0.628125 0.3416666671875 0.634375 0.322222221875 0.634375 0.30740740781250003 0.6328125 0.30648148124999997 0.63125 0.290740740625 0.6296875 0.28796296250000003 0.6072916671875 0.28796296250000003 0.6057291671875 0.290740740625 0.6057291671875 0.3361111109375 0.6072916671875 0.3416666671875 0.6114583328125 0.3416666671875
0 0.7791666671875 0.14444444375 0.7984375 0.14444444375 0.8 0.1416666671875 0.7984375 0.1046296296875 0.79375 0.0990740734375 0.7885416671875001 0.0990740734375 0.7848958328125 0.1046296296875 0.7760416671875 0.0990740734375 0.7744791671875 0.10185185156250001 0.7744791671875 0.1361111109375 0.7760416671875 0.1416666671875 0.7791666671875 0.14444444375
0 0.425 0.16388888906250001 0.425 0.1351851859375 0.4234375 0.1324074078125 0.4010416671875 0.1324074078125 0.3994791671875 0.1351851859375 0.3994791671875 0.15555555625 0.40260416718750003 0.16388888906250001 0.4135416671875 0.16944444375 0.425 0.16388888906250001
0 0.7854166671875 0.40648148125 0.7807291671875001 0.4129629625 0.7807291671875001 0.44444444375 0.7822916671875 0.4453703703125 0.7822916671875 0.45277777812500003 0.796875 0.45555555625000005 0.8020833328125001 0.44444444375 0.80625 0.44166666718750003 0.80625 0.4370370375 0.8109375 0.427777778125 0.8109375 0.4203703703125 0.8125 0.41944444374999995 0.8109375 0.4018518515625 0.8083333328125001 0.4018518515625 0.8078125 0.3990740734375 0.7885416671875001 0.3990740734375 0.7880208328125 0.4018518515625 0.7854166671875 0.4018518515625 0.7854166671875 0.40648148125
0 0.275 0.0259259265625 0.2796875 0.019444443750000002 0.2796875 0.0074074078125 0.271875 0 0.2619791671875 0.0018518515625 0.2619791671875 0.030555556249999997 0.2635416671875 0.0333333328125 0.2734375 0.0333333328125 0.275 0.0259259265625
0 0.78125 0.54444444375 0.784375 0.5388888890625 0.7859375 0.5287037031249999 0.7875 0.527777778125 0.7875 0.5046296296875 0.7833333328125 0.5018518515625 0.7828125 0.4990740734375 0.7651041671875001 0.4990740734375 0.7619791671875 0.5046296296875 0.7619791671875 0.5388888890625 0.7651041671875001 0.54444444375 0.78125 0.54444444375
0 0.8161458328125001 0.2666666671875 0.8197916671875 0.275 0.8265625 0.275 0.8270833328125 0.272222221875 0.8296875 0.272222221875 0.8375 0.25833333281250004 0.8375 0.253703703125 0.8421875 0.24722222187499998 0.8421875 0.24259259218749998 0.84375 0.2416666671875 0.84375 0.22685185156249998 0.840625 0.221296296875 0.8135416671875 0.221296296875 0.8119791671875 0.22407407343750002 0.8119791671875 0.2638888890625 0.8161458328125001 0.2666666671875
0 0.7255208328125 0.4916666671875 0.7276041671875 0.497222221875 0.7359375 0.497222221875 0.7359375 0.49259259218749996 0.7421875 0.4861111109375 0.7421875 0.4768518515625 0.740625 0.47592592656250005 0.740625 0.471296296875 0.7375 0.46481481406249997 0.7359375 0.45185185156249996 0.7328125 0.44629629687500005 0.7302083328125 0.44629629687500005 0.7296875 0.44351851875000003 0.7135416671875 0.44351851875000003 0.7119791671875 0.44629629687500005 0.7119791671875 0.475 0.7197916671875 0.4888888890625 0.7255208328125 0.4916666671875
0 0.45625 0.322222221875 0.45677083281249997 0.31944444375000003 0.459375 0.31944444375000003 0.4625 0.3111111109375 0.4609375 0.290740740625 0.4578125 0.2870370375 0.4578125 0.2824074078125 0.4546875 0.2768518515625 0.4447916671875 0.2768518515625 0.44322916718750005 0.2796296296875 0.44322916718750005 0.3166666671875 0.4479166671875 0.322222221875 0.45625 0.322222221875
0 0.0322916671875 0.048148148437499996 0.0322916671875 0.052777778124999994 0.0348958328125 0.052777778124999994 0.0385416671875 0.061111110937500004 0.0411458328125 0.061111110937500004 0.0447916671875 0.0666666671875 0.0546875 0.0666666671875 0.0625 0.052777778124999994 0.0625 0.0351851859375 0.0578125 0.028703703125 0.05625 0.0129629625 0.0546875 0.0101851859375 0.0463541671875 0.0101851859375 0.0411458328125 0.015740740625 0.0322916671875 0.0129629625 0.0322916671875 0.0231481484375 0.0307291671875 0.0240740734375 0.0307291671875 0.047222221875 0.0322916671875 0.048148148437499996
0 0.44947916718750003 0.13981481406250001 0.44635416718750004 0.140740740625 0.44635416718750004 0.1425925921875 0.44322916718750005 0.146296296875 0.44322916718750005 0.16388888906250001 0.44427083281249996 0.16388888906250001 0.44635416718750004 0.16944444375 0.44895833281249997 0.16944444375 0.45104166718750005 0.175 0.4536458328125 0.175 0.45416666718750004 0.177777778125 0.4609375 0.177777778125 0.4609375 0.1759259265625 0.46875 0.16388888906250001 0.46875 0.12407407343750002 0.46770833281249996 0.12407407343750002 0.4671875 0.12129629687500001 0.45729166718750003 0.12129629687500001 0.45729166718750003 0.1231481484375 0.44947916718750003 0.1351851859375 0.44947916718750003 0.13981481406250001
0 0.9947916671874999 0.1861111109375 0.9994791671875 0.1861111109375 0.9994791671875 0.1324074078125 0.9932291671875 0.1324074078125 0.9869791671874999 0.14351851875 0.9869791671874999 0.175 0.9911458328125 0.177777778125 0.9947916671874999 0.1861111109375
0 0.753125 0.055555556250000006 0.75625 0.05 0.75625 0.0351851859375 0.7515625 0.028703703125 0.7515625 0.0240740734375 0.7489583328125 0.0240740734375 0.7484375 0.021296296875000002 0.7401041671875 0.021296296875000002 0.7369791671875 0.0268518515625 0.7369791671875 0.052777778124999994 0.7401041671875 0.058333332812500006 0.753125 0.055555556250000006
0 0.6828125 0.722222221875 0.68125 0.69351851875 0.678125 0.6879629625 0.6635416671875001 0.6879629625 0.6619791671875 0.690740740625 0.6619791671875 0.73055555625 0.6796875 0.7333333328125 0.6828125 0.722222221875
0 0 0.40833333281249995 0.00625 0.40833333281249995 0.0067708328125 0.40555555625000006 0.009375 0.40555555625000006 0.014583332812499999 0.39444444375 0.0171875 0.39444444375 0.0192708328125 0.3888888890625 0.0234375 0.3861111109375 0.0234375 0.3796296296875 0.0192708328125 0.3768518515625 0.0125 0.365740740625 0 0.365740740625 0 0.40833333281249995
0 0.421875 0.25555555625 0.4265625 0.2416666671875 0.4265625 0.22685185156249998 0.4234375 0.221296296875 0.41510416718750004 0.221296296875 0.41197916718750005 0.22685185156249998 0.41197916718750005 0.252777778125 0.4135416671875 0.25555555625 0.421875 0.25555555625
0 0.5390625 0.6111111109375 0.5395833328124999 0.6083333328125 0.54375 0.60555555625 0.54375 0.6009259265625 0.55 0.5888888890625 0.5484375 0.5740740734374999 0.5421875 0.565740740625 0.5197916671875 0.565740740625 0.5182291671875 0.56851851875 0.5182291671875 0.602777778125 0.5197916671875 0.603703703125 0.5213541671875 0.6111111109375 0.5390625 0.6111111109375
0 0.8026041671874999 0.1111111109375 0.8125 0.10833333281249999 0.8125 0.10370370312499999 0.815625 0.102777778125 0.81875 0.0925925921875 0.825 0.08333333281250001 0.825 0.0574074078125 0.8234375 0.0546296296875 0.8026041671874999 0.0546296296875 0.7994791671875 0.060185185937499996 0.7994791671875 0.10555555624999999 0.8026041671874999 0.1111111109375
0 0.86875 0.58148148125 0.875 0.575 0.875 0.5574074078125 0.8734375 0.5546296296875 0.8541666671874999 0.5546296296875 0.8494791671874999 0.5629629625 0.8494791671874999 0.5861111109375 0.8541666671874999 0.5916666671875 0.8671875 0.5888888890625 0.86875 0.58148148125
0 0.2296875 0.16388888906250001 0.23125 0.1611111109375 0.23125 0.15370370312499998 0.2328125 0.15277777812499999 0.2328125 0.1481481484375 0.234375 0.147222221875 0.234375 0.1425925921875 0.2359375 0.1416666671875 0.2359375 0.1351851859375 0.228125 0.12129629687500001 0.21354166718749998 0.12129629687500001 0.20572916718749998 0.1351851859375 0.20572916718749998 0.15555555625 0.2104166671875 0.16388888906250001 0.2296875 0.16388888906250001
0 0.7630208328125 0.6555555562500001 0.7671875 0.652777778125 0.7671875 0.64351851875 0.7640625 0.6398148140625 0.7640625 0.6351851859375001 0.7609375 0.6324074078125 0.7494791671875001 0.6351851859375001 0.7494791671875001 0.6611111109375 0.7526041671875 0.6666666671875 0.759375 0.6638888890625 0.7630208328125 0.6555555562500001
0 0.0359375 0.34444444375 0.04375 0.33055555625 0.04375 0.3129629625 0.0421875 0.3101851859375 0.0260416671875 0.3101851859375 0.0244791671875 0.3129629625 0.0244791671875 0.3361111109375 0.0260416671875 0.3416666671875 0.0359375 0.34444444375
0 0.23072916718749997 0.797222221875 0.2338541671875 0.8027777781250001 0.2421875 0.8027777781250001 0.2453125 0.7925925921875 0.25 0.7861111109375 0.25 0.7574074078125 0.2484375 0.7546296296875 0.23697916718749998 0.7546296296875 0.2322916671875 0.7601851859375001 0.23072916718749997 0.765740740625 0.23072916718749997 0.797222221875
0 0.9994791671875 0.13055555624999998 0.9994791671875 0.1074074078125 0.9958333328125001 0.1074074078125 0.9921875 0.0990740734375 0.9760416671875 0.0990740734375 0.9744791671874999 0.10185185156250001 0.9760416671875 0.14444444375 0.9859375 0.14444444375 0.9927083328125 0.13333333281249998 0.9994791671875 0.13055555624999998
0 0.1578125 0.9768518515625001 0.153125 0.965740740625 0.1307291671875 0.9685185187500001 0.1307291671875 0.997222221875 0.13229166718750002 0.9990740734375001 0.1578125 0.997222221875 0.1578125 0.9768518515625001
0 0.6536458328125 0.06944444375 0.6557291671875001 0.075 0.6625 0.075 0.675 0.061111110937500004 0.6734375 0.0490740734375 0.66875 0.04351851875 0.6510416671875 0.04351851875 0.6494791671875 0.046296296875 0.6494791671875 0.0638888890625 0.6510416671875 0.0648148140625 0.6510416671875 0.06944444375 0.6536458328125 0.06944444375
0 0.9447916671875 0.3333333328125 0.95625 0.3333333328125 0.9614583328125 0.322222221875 0.9640625 0.322222221875 0.9645833328125001 0.31944444375000003 0.9671875 0.31944444375000003 0.9677083328125 0.3166666671875 0.975 0.3111111109375 0.975 0.3018518515625 0.9734375 0.29907407343750003 0.9385416671875 0.29907407343750003 0.9369791671875 0.3018518515625 0.9369791671875 0.31944444375000003 0.9385416671875 0.3203703703125 0.9385416671875 0.325 0.9447916671875 0.3333333328125
0 0.2453125 0.252777778125 0.2515625 0.2416666671875 0.2515625 0.221296296875 0.25 0.2203703703125 0.25 0.21574074062499998 0.2453125 0.2101851859375 0.2322916671875 0.2101851859375 0.23072916718749997 0.21296296250000002 0.23072916718749997 0.25 0.23541666718749998 0.25555555625 0.2453125 0.252777778125
0 0.8171875 0.5083333328124999 0.8203125 0.5 0.81875 0.46851851875 0.8072916671874999 0.465740740625 0.8057291671875 0.46851851875 0.8057291671875 0.5 0.8088541671874999 0.5083333328124999 0.8171875 0.5083333328124999
0 0.7197916671875 0.0361111109375 0.7244791671875 0.0416666671875 0.7296875 0.0416666671875 0.734375 0.0333333328125 0.734375 0.028703703125 0.7421875 0.0166666671875 0.7421875 0.009259259374999999 0.74375 0.0083333328125 0.7421875 0 0.7182291671875001 0.0018518515625 0.7182291671875001 0.027777778125000003 0.7197916671875 0.028703703125 0.7197916671875 0.0361111109375
0 0.8671875 0.6879629625 0.8510416671875 0.6879629625 0.8494791671874999 0.690740740625 0.8510416671875 0.7111111109375 0.8671875 0.7111111109375 0.86875 0.7083333328125 0.8671875 0.6879629625
0 0.1744791671875 0.1166666671875 0.17916666718750002 0.12222222187500001 0.1921875 0.12222222187500001 0.19375 0.11944444375 0.19375 0.08518518593749999 0.1848958328125 0.0824074078125 0.1796875 0.065740740625 0.1697916671875 0.065740740625 0.1682291671875 0.06851851875000001 0.1682291671875 0.097222221875 0.1744791671875 0.109259259375 0.1744791671875 0.1166666671875
0 0.9625 0.8666666671875 0.9625 0.8462962968750001 0.9510416671874999 0.8435185187500001 0.9494791671874999 0.86944444375 0.9510416671874999 0.875 0.9578125 0.875 0.9625 0.8666666671875
0 0.5421875 0.08796296249999999 0.5182291671875 0.09074074062500001 0.5197916671875 0.1111111109375 0.5390625 0.1111111109375 0.54375 0.1 0.5421875 0.08796296249999999
0 0.325 0.097222221875 0.325 0.08796296249999999 0.3234375 0.0870370375 0.3234375 0.0824074078125 0.3192708328125 0.07962962968750001 0.31875 0.07685185156249999 0.3010416671875 0.07685185156249999 0.2994791671875 0.07962962968750001 0.2994791671875 0.097222221875 0.3072916671875 0.10833333281249999 0.31875 0.10833333281249999 0.325 0.097222221875
0 0.528125 0.7666666671875 0.5333333328125 0.75555555625 0.5375 0.752777778125 0.5375 0.7379629624999999 0.534375 0.7324074078125 0.5213541671875 0.7324074078125 0.5182291671875 0.7379629624999999 0.5182291671875 0.7638888890625 0.5197916671875 0.7666666671875 0.528125 0.7666666671875
0 0.9520833328125 0.9305555562500001 0.9546875 0.9305555562500001 0.9578125 0.915740740625 0.9546875 0.9101851859375 0.9338541671874999 0.9101851859375 0.9307291671875 0.915740740625 0.9307291671875 0.9305555562500001 0.9364583328125 0.9333333328125001 0.9369791671875 0.9361111109375001 0.9515625 0.9333333328125001 0.9520833328125 0.9305555562500001
0 0.31875 0.73055555625 0.31875 0.7240740734375 0.3072916671875 0.7212962968750001 0.3057291671875 0.7388888890625 0.3125 0.7416666671875001 0.3125 0.7370370375 0.31875 0.73055555625
0 0.4859375 0.772222221875 0.490625 0.746296296875 0.4875 0.74351851875 0.4760416671875 0.74351851875 0.47447916718750005 0.746296296875 0.47447916718750005 0.7638888890625 0.4760416671875 0.76944444375 0.4859375 0.772222221875
0 0.3859375 0.6324074078125 0.3697916671875 0.6324074078125 0.3682291671875 0.6351851859375001 0.3697916671875 0.6555555562500001 0.3828125 0.6583333328125 0.3875 0.652777778125 0.3859375 0.6324074078125
0 0.2682291671875 0.490740740625 0.2682291671875 0.5083333328124999 0.2697916671875 0.509259259375 0.2713541671875 0.5166666671875 0.2796875 0.5166666671875 0.2802083328125 0.5138888890625 0.2859375 0.5111111109375 0.2890625 0.50555555625 0.2890625 0.4981481484375 0.290625 0.497222221875 0.2890625 0.4796296296875 0.2864583328125 0.4796296296875 0.2859375 0.4768518515625 0.2760416671875 0.4768518515625 0.2682291671875 0.490740740625
0 0.928125 0.3638888890625 0.9296875 0.34629629687499996 0.9265625 0.3425925921875 0.9265625 0.3379629625 0.9234375 0.3324074078125 0.9135416671875 0.3324074078125 0.9119791671874999 0.3351851859375 0.9135416671875 0.3638888890625 0.9166666671874999 0.36666666718749996 0.928125 0.3638888890625
0 0.1421875 0.12129629687500001 0.13229166718750002 0.12129629687500001 0.1307291671875 0.12407407343750002 0.13229166718750002 0.13888888906250002 0.1375 0.13888888906250002 0.14375 0.13055555624999998 0.1421875 0.12129629687500001
0 0.721875 0.04351851875 0.7171875 0.0240740734375 0.7140625 0.021296296875000002 0.7010416671875 0.021296296875000002 0.6994791671875 0.0240740734375 0.6994791671875 0.05 0.7026041671875001 0.055555556250000006 0.721875 0.052777778124999994 0.721875 0.04351851875
0 0.0322916671875 0 0.0307291671875 0.0018518515625 0.0307291671875 0.022222221875 0.0322916671875 0.0231481484375 0.0338541671875 0.030555556249999997 0.0390625 0.027777778125000003 0.0395833328125 0.025 0.04375 0.025 0.0473958328125 0.019444443750000002 0.05 0.019444443750000002 0.05 0.0018518515625 0.0484375 0 0.0322916671875 0
0 0.1171875 0.1324074078125 0.1057291671875 0.1351851859375 0.10729166718750001 0.147222221875 0.1171875 0.147222221875 0.11875 0.1416666671875 0.1171875 0.1324074078125
0 0.37447916718749996 0.871296296875 0.37447916718749996 0.897222221875 0.3760416671875 0.9 0.3859375 0.9 0.3895833328125 0.8916666671875 0.3921875 0.8916666671875 0.3984375 0.88055555625 0.3984375 0.8759259265624999 0.4 0.875 0.4 0.8601851859374999 0.396875 0.8546296296874999 0.3885416671875 0.8546296296874999 0.38333333281250004 0.865740740625 0.3776041671875 0.865740740625 0.37447916718749996 0.871296296875
0 0.05 0.013888889062500001 0.05 0.0018518515625 0.0484375 0 0.0244791671875 0.0018518515625 0.0244791671875 0.019444443750000002 0.0276041671875 0.025 0.046875 0.022222221875 0.05 0.013888889062500001
0 0.7296875 0.052777778124999994 0.73125 0.045370370312500005 0.7359375 0.0416666671875 0.7359375 0.028703703125 0.7421875 0.019444443750000002 0.7421875 0.0129629625 0.7197916671875 0.0101851859375 0.7182291671875001 0.0129629625 0.7197916671875 0.05 0.7213541671875 0.052777778124999994 0.7296875 0.052777778124999994
0 0.2822916671875 0.471296296875 0.28177083281250004 0.47407407343749997 0.2760416671875 0.4768518515625 0.2682291671875 0.490740740625 0.2682291671875 0.5083333328124999 0.2697916671875 0.509259259375 0.2697916671875 0.5138888890625 0.2713541671875 0.5166666671875 0.2796875 0.5166666671875 0.2802083328125 0.5138888890625 0.2859375 0.5111111109375 0.2911458328125 0.497222221875 0.2984375 0.497222221875 0.3005208328125 0.4916666671875 0.303125 0.4916666671875 0.30625 0.4861111109375 0.30625 0.46851851875 0.3046875 0.465740740625 0.2947916671875 0.465740740625 0.2911458328125 0.471296296875 0.2822916671875 0.471296296875
0 0.8015625 0.3129629625 0.7947916671875 0.3101851859375 0.7932291671875 0.325 0.7947916671875 0.33055555625 0.7984375 0.33055555625 0.8015625 0.3129629625
0 0.81875 0.5240740734375 0.815625 0.521296296875 0.8026041671874999 0.521296296875 0.7994791671875 0.5268518515625 0.8010416671874999 0.547222221875 0.8109375 0.547222221875 0.81875 0.5361111109375 0.81875 0.5240740734375
0 0.7484375 0.0888888890625 0.75 0.0861111109375 0.75 0.06851851875000001 0.7484375 0.065740740625 0.7385416671875 0.065740740625 0.7369791671875 0.06851851875000001 0.7369791671875 0.0861111109375 0.7385416671875 0.0888888890625 0.7484375 0.0888888890625