0 0.7 0.425 0.7005208328125 0.42222222187499997 0.7109375 0.41944444374999995 0.7125 0.41203703750000004 0.715625 0.41111111093749997 0.71875 0.40277777812500004 0.71875 0.3851851859375 0.7140625 0.3703703703125 0.7140625 0.3601851859375 0.7109375 0.3546296296875 0.6885416671875 0.3546296296875 0.6854166671875 0.3574074078125 0.6807291671875 0.36851851875 0.6807291671875 0.4166666671875 0.6885416671875 0.425 0.7 0.425
0 0.6786458328125 0.322222221875 0.6791666671875001 0.325 0.6859375 0.325 0.6864583328125 0.322222221875 0.69375 0.322222221875 0.6942708328125 0.31944444375000003 0.696875 0.31944444375000003 0.70625 0.29722222187499997 0.7046875 0.271296296875 0.7 0.2648148140625 0.7 0.2601851859375 0.696875 0.2546296296875 0.6697916671875 0.2546296296875 0.6682291671875 0.25740740781250004 0.6682291671875 0.3166666671875 0.6713541671875001 0.322222221875 0.6786458328125 0.322222221875
0 0.7994791671875 0.052777778124999994 0.8109375 0.052777778124999994 0.8145833328125001 0.04444444375 0.81875 0.0416666671875 0.8203125 0.03148148125 0.8234375 0.027777778125000003 0.8234375 0.015740740625 0.81875 0.0101851859375 0.7885416671875001 0.0101851859375 0.7869791671875 0.0129629625 0.7869791671875 0.0361111109375 0.7885416671875001 0.0416666671875 0.7973958328124999 0.047222221875 0.7994791671875 0.052777778124999994
0 0.46666666718750005 0.9361111109375001 0.4859375 0.9333333328125001 0.4890625 0.9231481484374999 0.4921875 0.922222221875 0.49375 0.9166666671874999 0.4921875 0.890740740625 0.4875 0.884259259375 0.4859375 0.8768518515625001 0.4635416671875 0.8768518515625001 0.46197916718750004 0.8796296296874999 0.46197916718750004 0.9277777781250001 0.4635416671875 0.9333333328125001 0.46666666718750005 0.9361111109375001
0 0.8255208328125001 0.36944444375 0.8276041671875 0.375 0.840625 0.375 0.8427083328125 0.36944444375 0.8484375 0.36666666718749996 0.8546875 0.35555555625 0.85625 0.3351851859375 0.8546875 0.334259259375 0.8546875 0.3240740734375 0.85 0.31759259218749997 0.8484375 0.3101851859375 0.8213541671875 0.3101851859375 0.8182291671874999 0.315740740625 0.8182291671874999 0.3611111109375 0.8197916671875 0.3620370375 0.8197916671875 0.36666666718749996 0.8255208328125001 0.36944444375
0 0.7052083328125 0.4768518515625 0.7010416671875 0.4796296296875 0.6994791671875 0.522222221875 0.7026041671875001 0.5305555562500001 0.7067708328125 0.5305555562500001 0.7072916671875 0.5333333328125 0.71875 0.5333333328125 0.7192708328124999 0.5305555562500001 0.7234375 0.5305555562500001 0.7265625 0.5148148140625 0.73125 0.5083333328124999 0.7328125 0.48518518593750004 0.73125 0.48425925937500003 0.7296875 0.47407407343749997 0.7234375 0.465740740625 0.7135416671875 0.465740740625 0.7130208328125 0.46851851875 0.7072916671875 0.471296296875 0.7052083328125 0.4768518515625
0 0.9083333328125001 0.0333333328125 0.915625 0.030555556249999997 0.9171875 0.0231481484375 0.9203125 0.019444443750000002 0.9203125 0.015740740625 0.9171875 0.0101851859375 0.8885416671874999 0.0101851859375 0.8869791671874999 0.0129629625 0.8869791671874999 0.030555556249999997 0.8911458328125 0.0333333328125 0.8947916671874999 0.0416666671875 0.9046875 0.0416666671875 0.9083333328125001 0.0333333328125
0 0.9072916671875 0.24814814843750002 0.9072916671875 0.252777778125 0.9125 0.252777778125 0.9130208328125 0.25 0.925 0.2416666671875 0.925 0.2370370375 0.93125 0.225 0.93125 0.21296296250000002 0.9296875 0.21203703749999997 0.928125 0.2018518515625 0.9208333328125 0.196296296875 0.9203125 0.190740740625 0.9177083328125001 0.190740740625 0.9171875 0.1879629625 0.9026041671874999 0.1879629625 0.8994791671875 0.19351851874999998 0.8994791671875 0.23611111093749998 0.9026041671874999 0.24444444375000002 0.9072916671875 0.24814814843750002
0 0.4447916671875 0.652777778125 0.45520833281249995 0.6555555562500001 0.4557291671875 0.6583333328125 0.46875 0.6583333328125 0.4692708328125 0.6555555562500001 0.471875 0.6555555562500001 0.4796875 0.6416666671875 0.4828125 0.6203703703125 0.484375 0.61944444375 0.48125 0.5935185187500001 0.478125 0.5879629625 0.44635416718750004 0.5879629625 0.44322916718750005 0.5935185187500001 0.44322916718750005 0.6416666671875 0.4447916671875 0.6425925921875 0.4447916671875 0.652777778125
0 0.9151041671875 0.1888888890625 0.9177083328125001 0.1888888890625 0.9229166671875 0.2 0.9255208328125001 0.2 0.9260416671874999 0.20277777812500003 0.9359375 0.20277777812500003 0.9364583328125 0.2 0.9421875 0.2 0.95 0.1861111109375 0.95 0.178703703125 0.9515625 0.177777778125 0.9515625 0.1601851859375 0.95 0.15925925937500002 0.95 0.1490740734375 0.94375 0.13981481406250001 0.9421875 0.1324074078125 0.9244791671874999 0.1324074078125 0.9239583328125001 0.1351851859375 0.9197916671874999 0.1351851859375 0.9161458328125001 0.14351851875 0.9119791671874999 0.146296296875 0.9119791671874999 0.1833333328125 0.9151041671875 0.1888888890625
0 0.9807291671874999 0.70555555625 0.9921875 0.70555555625 0.9958333328125001 0.7 0.9994791671875 0.7 0.9994791671875 0.6518518515625 0.9921875 0.64351851875 0.9651041671874999 0.64351851875 0.9619791671875 0.6490740734375 0.9619791671875 0.6861111109375 0.9682291671875 0.7 0.9802083328125001 0.702777778125 0.9807291671874999 0.70555555625
0 0.6135416671875 0.10833333281249999 0.6197916671875 0.11388888906250001 0.6255208328124999 0.11388888906250001 0.6260416671875 0.1166666671875 0.6359375 0.1111111109375 0.6390625 0.10555555624999999 0.6390625 0.10092592656249999 0.6421875 0.1 0.64375 0.09444444375 0.6421875 0.0740740734375 0.6390625 0.06851851875000001 0.6364583328125 0.06851851875000001 0.6296875 0.0546296296875 0.6135416671875 0.0546296296875 0.6119791671875 0.0574074078125 0.6119791671875 0.1 0.6135416671875 0.10092592656249999 0.6135416671875 0.10833333281249999
0 0.5526041671875 0.177777778125 0.5671875 0.177777778125 0.56875 0.1703703703125 0.5734375 0.1666666671875 0.575 0.1611111109375 0.575 0.1268518515625 0.571875 0.12129629687500001 0.5447916671875 0.12129629687500001 0.5432291671875 0.12407407343750002 0.5432291671875 0.16388888906250001 0.5473958328124999 0.1666666671875 0.5526041671875 0.177777778125
0 0.5994791671875 0.5166666671875 0.6072916671875 0.525 0.621875 0.525 0.6223958328125 0.522222221875 0.6265625 0.522222221875 0.6296875 0.5166666671875 0.63125 0.5009259265625 0.6328125 0.5 0.6328125 0.47407407343749997 0.6296875 0.46296296249999996 0.6234375 0.4546296296875 0.5947916671875 0.4546296296875 0.5932291671875001 0.4574074078125 0.5932291671875001 0.497222221875 0.5979166671875 0.50648148125 0.5994791671875 0.5166666671875
0 0.7260416671875001 0.5453703703125 0.7260416671875001 0.55 0.7307291671875 0.55648148125 0.7322916671875 0.5638888890625 0.7380208328125 0.5638888890625 0.7385416671875 0.5666666671875 0.746875 0.5666666671875 0.7473958328125 0.5638888890625 0.7546875 0.5611111109375 0.7546875 0.55648148125 0.7609375 0.547222221875 0.7609375 0.5398148140625 0.7625 0.5388888890625 0.7625 0.5240740734375 0.7609375 0.5231481484375 0.7609375 0.515740740625 0.7578125 0.5120370375000001 0.75625 0.5018518515625 0.7536458328125 0.5018518515625 0.753125 0.4990740734375 0.7322916671875 0.4990740734375 0.7307291671875 0.50648148125 0.7244791671875 0.51851851875 0.7244791671875 0.54444444375 0.7260416671875001 0.5453703703125
0 0.7828125 0.5111111109375 0.7833333328125 0.5083333328124999 0.7859375 0.5083333328124999 0.7875 0.5009259265625 0.7921875 0.49444444374999996 0.7921875 0.48703703750000005 0.79375 0.4861111109375 0.7921875 0.46851851875 0.7875 0.4620370375 0.7859375 0.4546296296875 0.7682291671875 0.4546296296875 0.7677083328125 0.4574074078125 0.7651041671875001 0.4574074078125 0.7619791671875 0.465740740625 0.7619791671875 0.50555555625 0.7651041671875001 0.5111111109375 0.7828125 0.5111111109375
0 0.6010416671875001 0.922222221875 0.6072916671875 0.9333333328125001 0.6234375 0.9333333328125001 0.6239583328125 0.9305555562500001 0.628125 0.9305555562500001 0.6328125 0.9120370375 0.6375 0.902777778125 0.6375 0.871296296875 0.6359375 0.8703703703125001 0.6359375 0.865740740625 0.6333333328124999 0.865740740625 0.6296875 0.8546296296874999 0.6010416671875001 0.8546296296874999 0.5994791671875 0.8574074078124999 0.5994791671875 0.9166666671874999 0.6010416671875001 0.9175925921875001 0.6010416671875001 0.922222221875
0 0.8572916671874999 0.65 0.8625 0.65 0.8630208328125001 0.647222221875 0.8734375 0.64444444375 0.88125 0.63055555625 0.88125 0.6074074078125 0.8796875 0.60648148125 0.878125 0.5990740734375 0.8708333328125001 0.5990740734375 0.8703125 0.5935185187500001 0.8671875 0.5879629625 0.8447916671875 0.5879629625 0.8432291671875 0.590740740625 0.8432291671875 0.63055555625 0.8479166671874999 0.6416666671875 0.8505208328125 0.6416666671875 0.8572916671874999 0.65
0 0.8072916671874999 0.577777778125 0.8098958328125001 0.577777778125 0.8166666671874999 0.5888888890625 0.834375 0.5888888890625 0.8375 0.5861111109375 0.8375 0.58148148125 0.8421875 0.575 0.8453125 0.553703703125 0.846875 0.5527777781250001 0.846875 0.5490740734374999 0.8442708328125 0.5490740734374999 0.840625 0.5425925921875 0.8375 0.5296296296875 0.83125 0.521296296875 0.8072916671874999 0.5240740734375 0.8072916671874999 0.5314814812499999 0.8057291671875 0.5324074078125001 0.8057291671875 0.5722222218749999 0.8072916671874999 0.577777778125
0 0.9223958328125 0.24351851875000002 0.9197916671874999 0.24351851875000002 0.9197916671874999 0.24814814843750002 0.9182291671874999 0.24907407343750002 0.9182291671874999 0.28611111093749997 0.9213541671875 0.29444444375 0.9296875 0.29722222187499997 0.9333333328125001 0.2916666671875 0.9421875 0.2888888890625 0.95 0.275 0.95 0.2703703703125 0.9515625 0.26944444375 0.9515625 0.2518518515625 0.95 0.2509259265625 0.9484375 0.23518518593749999 0.9442708328125 0.23518518593749999 0.94375 0.23240740781250002 0.9276041671874999 0.23240740781250002 0.9223958328125 0.24351851875000002
0 0.6057291671875 0.375 0.6098958328124999 0.377777778125 0.6104166671875 0.38055555625 0.625 0.38055555625 0.63125 0.372222221875 0.63125 0.3620370375 0.6328125 0.3611111109375 0.6328125 0.340740740625 0.63125 0.3398148140625 0.6296875 0.3324074078125 0.6151041671875 0.3324074078125 0.6145833328125 0.3351851859375 0.6119791671875 0.3351851859375 0.6057291671875 0.3490740734375 0.6057291671875 0.375
0 0.9177083328125001 0.4583333328125 0.9197916671874999 0.46388888906250003 0.9223958328125 0.46388888906250003 0.9260416671874999 0.4703703703125 0.9260416671874999 0.475 0.9286458328125 0.475 0.9291666671875 0.477777778125 0.9421875 0.477777778125 0.94375 0.4703703703125 0.9484375 0.46388888906250003 0.9484375 0.45370370312499997 0.95 0.45277777812500003 0.9484375 0.43518518593750005 0.9458333328125 0.43518518593750005 0.9421875 0.42870370312499995 0.9421875 0.4240740734375 0.9395833328125001 0.4240740734375 0.9328125 0.4129629625 0.9302083328125 0.4129629625 0.9296875 0.41018518593750003 0.9182291671874999 0.41018518593750003 0.9057291671875 0.4240740734375 0.9057291671875 0.44444444375 0.9072916671875 0.4453703703125 0.9072916671875 0.45 0.9177083328125001 0.4583333328125
0 0.8817708328125 0.4990740734375 0.88125 0.49629629687500004 0.8713541671874999 0.49629629687500004 0.8708333328125001 0.4990740734375 0.8682291671875 0.4990740734375 0.8619791671874999 0.5129629625 0.8619791671874999 0.547222221875 0.8635416671874999 0.5481481484375 0.8635416671874999 0.5527777781250001 0.8651041671874999 0.5555555562500001 0.8921875 0.5555555562500001 0.8927083328125001 0.5527777781250001 0.8953125 0.5527777781250001 0.9 0.54444444375 0.9 0.5370370375 0.9046875 0.527777778125 0.9046875 0.5203703703125 0.90625 0.51944444375 0.9046875 0.4990740734375 0.8984375 0.4879629625 0.8869791671874999 0.490740740625 0.8848958328125001 0.4990740734375 0.8817708328125 0.4990740734375
0 0.7041666671875 0.5666666671875 0.7067708328125 0.5666666671875 0.7104166671875001 0.575 0.721875 0.58055555625 0.7223958328125 0.577777778125 0.728125 0.577777778125 0.73125 0.5722222218749999 0.73125 0.5648148140625 0.7328125 0.5638888890625 0.73125 0.5518518515624999 0.7265625 0.5453703703125 0.7234375 0.5324074078125001 0.7026041671875001 0.5324074078125001 0.6994791671875 0.5379629625 0.6994791671875 0.5555555562500001 0.7010416671875 0.55648148125 0.7010416671875 0.5611111109375 0.7041666671875 0.5666666671875
0 0.7364583328125 0.102777778125 0.7484375 0.1 0.7515625 0.0861111109375 0.75 0.071296296875 0.746875 0.065740740625 0.7322916671875 0.065740740625 0.7307291671875 0.06851851875000001 0.7322916671875 0.102777778125 0.7359375 0.10555555624999999 0.7364583328125 0.102777778125
0 0.5447916671875 0.3861111109375 0.5494791671875 0.3925925921875 0.5510416671875 0.40277777812500004 0.5541666671875001 0.40833333281249995 0.5567708328125 0.40833333281249995 0.5572916671875 0.41111111093749997 0.5640625 0.40833333281249995 0.56875 0.4 0.56875 0.3925925921875 0.5703125 0.3916666671875 0.5703125 0.371296296875 0.56875 0.3703703703125 0.5671875 0.3601851859375 0.5625 0.3546296296875 0.5463541671875001 0.3546296296875 0.5432291671875 0.3601851859375 0.5432291671875 0.38055555625 0.5447916671875 0.38148148125 0.5447916671875 0.3861111109375
0 0.6026041671875 0.61944444375 0.6140625 0.61944444375 0.6203125 0.60555555625 0.6203125 0.5824074078125 0.6171875 0.5768518515625 0.6010416671875001 0.5796296296875 0.6010416671875001 0.5870370375 0.5994791671875 0.5879629625 0.6010416671875001 0.6166666671875001 0.6026041671875 0.61944444375
0 0.55 0.10185185156250001 0.5385416671875001 0.0990740734375 0.5369791671875 0.11944444375 0.546875 0.12222222187500001 0.55 0.1166666671875 0.55 0.10185185156250001
0 0.8921875 0.2 0.9 0.1861111109375 0.9 0.1574074078125 0.8984375 0.1546296296875 0.8822916671875 0.1546296296875 0.8807291671874999 0.1574074078125 0.8807291671874999 0.197222221875 0.8822916671875 0.2 0.8921875 0.2
0 0.5484375 0.3879629625 0.5322916671875 0.3879629625 0.5307291671875001 0.39074074062499997 0.5307291671875001 0.40555555625000006 0.5338541671875 0.41111111093749997 0.5515625 0.40833333281249995 0.5484375 0.3879629625
0 0.5890625 0.13148148125 0.5921875 0.127777778125 0.5921875 0.1129629625 0.5760416671875 0.1101851859375 0.5744791671875 0.1129629625 0.5744791671875 0.1416666671875 0.5859375 0.14444444375 0.5890625 0.13148148125
0 0.8171875 0.10555555624999999 0.8265625 0.097222221875 0.8265625 0.0740740734375 0.825 0.0731481484375 0.8265625 0.060185185937499996 0.8234375 0.0546296296875 0.8072916671874999 0.0546296296875 0.8057291671875 0.0574074078125 0.8057291671875 0.097222221875 0.8119791671875 0.10555555624999999 0.8171875 0.10555555624999999
0 0.7213541671875 0.4 0.7234375 0.4 0.7239583328125 0.397222221875 0.728125 0.397222221875 0.7333333328125 0.3861111109375 0.7359375 0.3861111109375 0.7359375 0.38148148125 0.7375 0.38055555625 0.7375 0.3703703703125 0.7390625 0.36944444375 0.7390625 0.3620370375 0.7421875 0.3583333328125 0.7421875 0.34629629687499996 0.740625 0.34351851875 0.7213541671875 0.34351851875 0.7182291671875001 0.3490740734375 0.7182291671875001 0.39444444375 0.7213541671875 0.4
0 0.1505208328125 0.5694444437499999 0.1526041671875 0.575 0.1640625 0.575 0.16458333281249998 0.5722222218749999 0.1734375 0.5666666671875 0.1796875 0.5527777781250001 0.1796875 0.5268518515625 0.178125 0.5240740734375 0.1583333328125 0.5240740734375 0.1578125 0.521296296875 0.1526041671875 0.521296296875 0.1447916671875 0.5296296296875 0.1447916671875 0.534259259375 0.1432291671875 0.5351851859375001 0.1432291671875 0.5638888890625 0.1505208328125 0.5694444437499999
0 0.8572916671874999 0.177777778125 0.871875 0.1833333328125 0.8734375 0.17314814843749998 0.8765625 0.1666666671875 0.8765625 0.1490740734375 0.871875 0.14351851875 0.8588541671875 0.14351851875 0.8557291671874999 0.1490740734375 0.8557291671874999 0.172222221875 0.8572916671874999 0.17314814843749998 0.8572916671874999 0.177777778125
0 0.646875 0.28055555625 0.653125 0.275 0.6578125 0.2611111109375 0.6578125 0.246296296875 0.6385416671875 0.24351851875000002 0.6369791671875 0.246296296875 0.6369791671875 0.275 0.6401041671875001 0.28055555625 0.646875 0.28055555625
0 0.8734375 0.13888888906250002 0.8765625 0.127777778125 0.8765625 0.1046296296875 0.871875 0.0990740734375 0.8588541671875 0.0990740734375 0.8557291671874999 0.1046296296875 0.8572916671874999 0.13888888906250002 0.8588541671875 0.1416666671875 0.8734375 0.13888888906250002
0 0.8296875 0.097222221875 0.8317708328125001 0.0916666671875 0.834375 0.0916666671875 0.840625 0.075 0.840625 0.0629629625 0.8359375 0.0546296296875 0.8260416671874999 0.0546296296875 0.8244791671874999 0.0574074078125 0.8260416671874999 0.097222221875 0.8296875 0.097222221875
0 0.6635416671875001 0.6805555562500001 0.671875 0.6805555562500001 0.675 0.675 0.6765625 0.659259259375 0.6796875 0.652777778125 0.6796875 0.6324074078125 0.6734375 0.621296296875 0.6572916671875 0.621296296875 0.6557291671875001 0.6240740734375 0.6572916671875 0.675 0.6598958328125 0.675 0.6635416671875001 0.6805555562500001
0 0.9385416671875 0.5638888890625 0.9447916671875 0.575 0.953125 0.575 0.9583333328125001 0.5666666671875 0.9609375 0.5666666671875 0.9625 0.55648148125 0.9640625 0.5555555562500001 0.9640625 0.54351851875 0.9625 0.5425925921875 0.9609375 0.5296296296875 0.9546875 0.521296296875 0.9385416671875 0.521296296875 0.9369791671875 0.5240740734375 0.9369791671875 0.5583333328125 0.9385416671875 0.559259259375 0.9385416671875 0.5638888890625
0 0.9296875 0.5527777781250001 0.9375 0.5416666671875 0.9375 0.5018518515625 0.9348958328125001 0.5018518515625 0.934375 0.4990740734375 0.9166666671874999 0.4990740734375 0.9119791671874999 0.5074074078125 0.9119791671874999 0.5416666671875 0.9182291671874999 0.5527777781250001 0.9296875 0.5527777781250001
0 0.8994791671875 0.40277777812500004 0.9109375 0.40277777812500004 0.9208333328125 0.3861111109375 0.9265625 0.3861111109375 0.928125 0.38333333281250004 0.928125 0.3796296296875 0.9223958328125 0.3796296296875 0.9140625 0.3648148140625 0.9140625 0.3574074078125 0.909375 0.34629629687499996 0.9067708328125 0.34629629687499996 0.90625 0.34351851875 0.8947916671874999 0.34351851875 0.8932291671874999 0.34629629687499996 0.8932291671874999 0.3916666671875 0.8963541671874999 0.4 0.8989583328125 0.4 0.8994791671875 0.40277777812500004
0 0.3703125 0.6046296296875 0.3671875 0.5990740734375 0.3635416671875 0.5990740734375 0.3619791671875 0.6018518515625 0.3619791671875 0.6166666671875001 0.3671875 0.61944444375 0.3703125 0.6046296296875
0 0.5052083328125 0.7361111109375 0.5078125 0.7361111109375 0.5125 0.727777778125 0.5140625 0.7101851859375 0.5125 0.709259259375 0.5125 0.7018518515625 0.5109375 0.6990740734374999 0.48854166718750003 0.6990740734374999 0.4869791671875 0.7018518515625 0.4869791671875 0.73055555625 0.4916666671875 0.7388888890625 0.503125 0.7416666671875001 0.5052083328125 0.7361111109375
0 0.2609375 0.5916666671875 0.2614583328125 0.5888888890625 0.2671875 0.5888888890625 0.2703125 0.571296296875 0.2671875 0.565740740625 0.25729166718749996 0.565740740625 0.2557291671875 0.56851851875 0.2557291671875 0.5861111109375 0.2588541671875 0.5916666671875 0.2609375 0.5916666671875
0 0.4984375 0.9768518515625001 0.48854166718750003 0.9768518515625001 0.4869791671875 0.9796296296874999 0.48854166718750003 0.997222221875 0.5 0.997222221875 0.5015625 0.9796296296874999 0.4984375 0.9768518515625001
0 0.41822916718750003 0.95 0.41979166718750005 0.9509259265625 0.41979166718750005 0.95555555625 0.4223958328125 0.95555555625 0.42760416718750005 0.9638888890624999 0.4359375 0.9638888890624999 0.44375 0.95 0.44375 0.9453703703125 0.446875 0.9388888890624999 0.446875 0.93148148125 0.4484375 0.9305555562500001 0.446875 0.915740740625 0.4453125 0.9129629625 0.42604166718750003 0.9129629625 0.4244791671875 0.915740740625 0.4244791671875 0.9259259265625 0.41979166718750005 0.9324074078125 0.41822916718750003 0.95
0 0.7671875 0.1111111109375 0.771875 0.07962962968750001 0.7572916671875001 0.07685185156249999 0.7557291671875 0.07962962968750001 0.7557291671875 0.10833333281249999 0.7572916671875001 0.1111111109375 0.7671875 0.1111111109375
0 0.2828125 0.5611111109375 0.28125 0.5351851859375001 0.2697916671875 0.5324074078125001 0.2682291671875 0.5351851859375001 0.2682291671875 0.5638888890625 0.2796875 0.5666666671875 0.2828125 0.5611111109375
0 0.0375 0.575 0.0390625 0.5648148140625 0.0421875 0.5611111109375 0.040625 0.5268518515625 0.0359375 0.521296296875 0.0197916671875 0.521296296875 0.0182291671875 0.5240740734375 0.0182291671875 0.5722222218749999 0.021354167187500002 0.577777778125 0.0375 0.575
0 0.8973958328125 0.2638888890625 0.903125 0.2638888890625 0.9078125 0.25555555625 0.9078125 0.246296296875 0.903125 0.2379629625 0.8958333328125001 0.23518518593749999 0.8953125 0.23240740781250002 0.8869791671874999 0.23518518593749999 0.8869791671874999 0.25833333281250004 0.8885416671874999 0.2638888890625 0.896875 0.2666666671875 0.8973958328125 0.2638888890625
0 0.8515625 0.171296296875 0.8484375 0.165740740625 0.8447916671875 0.165740740625 0.8432291671875 0.1861111109375 0.8484375 0.1888888890625 0.8515625 0.1833333328125 0.8515625 0.171296296875