0 0.5385416671875001 0.3231481484375 0.5385416671875001 0.32777777812500003 0.5526041671875 0.34444444375 0.565625 0.34444444375 0.5661458328125 0.3416666671875 0.56875 0.3416666671875 0.575 0.33055555625 0.575 0.32592592656249997 0.5796875 0.3166666671875 0.5796875 0.309259259375 0.58125 0.3083333328125 0.58125 0.2796296296875 0.5796875 0.27870370312500004 0.5796875 0.2740740734375 0.5734375 0.26574074062499997 0.5432291671875 0.26574074062499997 0.5427083328125 0.26851851875 0.5385416671875001 0.26851851875 0.5385416671875001 0.2759259265625 0.5369791671875 0.2768518515625 0.5369791671875 0.322222221875 0.5385416671875001 0.3231481484375
0 0.1197916671875 0.6361111109375 0.1223958328125 0.6361111109375 0.1260416671875 0.6416666671875 0.140625 0.6416666671875 0.14114583281249998 0.6388888890625 0.146875 0.6361111109375 0.1546875 0.622222221875 0.1546875 0.5990740734375 0.1515625 0.5953703703125 0.15 0.5796296296875 0.1484375 0.5768518515625 0.1213541671875 0.5768518515625 0.11822916718750001 0.5824074078125 0.11822916718750001 0.63055555625 0.1197916671875 0.63148148125 0.1197916671875 0.6361111109375
0 0.5536458328125 0.63055555625 0.5572916671875 0.6361111109375 0.56875 0.6361111109375 0.5692708328125 0.6333333328124999 0.578125 0.63055555625 0.5833333328125 0.61944444375 0.5859375 0.61944444375 0.5875 0.60648148125 0.5890625 0.60555555625 0.5890625 0.5796296296875 0.5875 0.578703703125 0.5875 0.56851851875 0.5833333328125 0.565740740625 0.5796875 0.5546296296875 0.5447916671875 0.5546296296875 0.5369791671875 0.56851851875 0.5369791671875 0.602777778125 0.5385416671875001 0.603703703125 0.5401041671875 0.627777778125 0.5536458328125 0.63055555625
0 0.3635416671875 0.6166666671875001 0.36666666718749996 0.622222221875 0.3708333328125 0.622222221875 0.3713541671875 0.625 0.37552083281250004 0.625 0.3760416671875 0.627777778125 0.3859375 0.625 0.390625 0.6166666671875001 0.390625 0.6120370375 0.39375 0.60555555625 0.3921875 0.5824074078125 0.3875 0.5768518515625 0.3635416671875 0.5768518515625 0.3619791671875 0.5796296296875 0.3619791671875 0.6111111109375 0.3635416671875 0.6120370375 0.3635416671875 0.6166666671875001
0 0.20729166718749997 0.675 0.2171875 0.6805555562500001 0.21770833281250002 0.6777777781250001 0.2265625 0.6777777781250001 0.2328125 0.672222221875 0.2359375 0.6638888890625 0.2359375 0.646296296875 0.23125 0.640740740625 0.2270833328125 0.640740740625 0.2234375 0.6240740734375 0.20729166718749997 0.621296296875 0.20572916718749998 0.6240740734375 0.20572916718749998 0.6666666671875 0.20729166718749997 0.6675925921875 0.20729166718749997 0.675
0 0.059375 0.39444444375 0.0625 0.3888888890625 0.0625 0.3768518515625 0.0578125 0.3648148140625 0.0578125 0.3518518515625 0.05625 0.3509259265625 0.0578125 0.35 0.0578125 0.3351851859375 0.0447916671875 0.3324074078125 0.0432291671875 0.3351851859375 0.0432291671875 0.3861111109375 0.052604167187499995 0.397222221875 0.059375 0.39444444375
0 0.7776041671875 0.061111110937500004 0.790625 0.061111110937500004 0.7911458328125 0.058333332812500006 0.796875 0.058333332812500006 0.8046875 0.0416666671875 0.8046875 0.021296296875000002 0.8015625 0.0129629625 0.796875 0.0101851859375 0.7697916671875 0.0101851859375 0.7692708328125 0.0129629625 0.7635416671875 0.0129629625 0.7619791671875 0.018518518749999997 0.7619791671875 0.05 0.7651041671875001 0.055555556250000006 0.7708333328125 0.055555556250000006 0.7776041671875 0.061111110937500004
0 0.36770833281250004 0.872222221875 0.3682291671875 0.875 0.3828125 0.875 0.3848958328125 0.86944444375 0.3921875 0.8638888890624999 0.3953125 0.852777778125 0.3953125 0.840740740625 0.39375 0.8398148140625 0.3921875 0.8268518515625001 0.3859375 0.821296296875 0.3619791671875 0.821296296875 0.3572916671875 0.8268518515625001 0.3557291671875 0.8324074078124999 0.3557291671875 0.8638888890624999 0.3635416671875 0.872222221875 0.36770833281250004 0.872222221875
0 0.8625 0.5833333328125 0.8625 0.5351851859375001 0.8510416671875 0.5324074078125001 0.8494791671874999 0.5861111109375 0.8526041671875 0.5916666671875 0.8578125 0.5916666671875 0.8625 0.5833333328125
0 0.45520833281249995 0.2166666671875 0.4557291671875 0.21944444375 0.4671875 0.21944444375 0.475 0.197222221875 0.4734375 0.171296296875 0.4671875 0.165740740625 0.45104166718750005 0.165740740625 0.4505208328125 0.16851851874999998 0.44635416718750004 0.16851851874999998 0.44322916718750005 0.1768518515625 0.44322916718750005 0.20833333281250002 0.4447916671875 0.2138888890625 0.45520833281249995 0.2166666671875
0 0.0614583328125 0.3888888890625 0.06979166718749999 0.3916666671875 0.075 0.3888888890625 0.0765625 0.3796296296875 0.0734375 0.3731481484375 0.071875 0.3546296296875 0.0682291671875 0.3601851859375 0.0682291671875 0.3731481484375 0.0661458328125 0.3768518515625 0.0625 0.3731481484375 0.0609375 0.3481481484375 0.0640625 0.34444444375 0.0640625 0.3379629625 0.0578125 0.3324074078125 0.0447916671875 0.3324074078125 0.0432291671875 0.3861111109375 0.0494791671875 0.39444444375 0.0578125 0.39444444375 0.0614583328125 0.3888888890625
0 0.865625 0.9990740734375001 0.8734375 0.99444444375 0.878125 0.9833333328125 0.8765625 0.9712962968750001 0.865625 0.9518518515625001 0.8630208328125001 0.9518518515625001 0.8609375 0.946296296875 0.8567708328125001 0.946296296875 0.85625 0.94351851875 0.8432291671875 0.94351851875 0.8427083328125 0.946296296875 0.8385416671874999 0.946296296875 0.8348958328125 0.9546296296874999 0.8322916671874999 0.9546296296874999 0.8322916671874999 0.959259259375 0.8307291671874999 0.9601851859374999 0.8307291671874999 0.9916666671875 0.8322916671874999 0.9925925921875001 0.8322916671874999 0.997222221875 0.865625 0.9990740734375001
0 0.753125 0.41944444374999995 0.7567708328125 0.41111111093749997 0.7625 0.40833333281249995 0.7645833328125 0.4 0.76875 0.4 0.7708333328125 0.39444444375 0.7734375 0.39444444375 0.778125 0.3861111109375 0.778125 0.3796296296875 0.7703125 0.36851851875 0.7458333328125 0.371296296875 0.7421875 0.365740740625 0.7276041671875 0.365740740625 0.7260416671875001 0.36851851875 0.7260416671875001 0.38703703749999996 0.7244791671875 0.3879629625 0.7244791671875 0.40833333281249995 0.7322916671875 0.4138888890625 0.7395833328125 0.4138888890625 0.7447916671875 0.41944444374999995 0.753125 0.41944444374999995