0 0.1583333328125 0.296296296875 0.15572916718750002 0.296296296875 0.1552083328125 0.29907407343750003 0.1463541671875 0.29907407343750003 0.1432291671875 0.3046296296875 0.1432291671875 0.352777778125 0.1510416671875 0.36666666718749996 0.15677083281249998 0.36944444375 0.1588541671875 0.375 0.1703125 0.375 0.1708333328125 0.372222221875 0.1796875 0.36666666718749996 0.1875 0.352777778125 0.1875 0.315740740625 0.1859375 0.3148148140625 0.1859375 0.3101851859375 0.184375 0.309259259375 0.184375 0.3046296296875 0.1828125 0.303703703125 0.18125 0.290740740625 0.1796875 0.28796296250000003 0.16354166718750002 0.28796296250000003 0.1630208328125 0.290740740625 0.1604166671875 0.290740740625 0.1583333328125 0.296296296875
0 0.6119791671875 0.275 0.6197916671875 0.2888888890625 0.6359375 0.2888888890625 0.6395833328125 0.28055555625 0.64375 0.27777777812500004 0.6453125 0.2675925921875 0.6484375 0.2666666671875 0.6484375 0.26203703749999996 0.65 0.2611111109375 0.65 0.23518518593749999 0.64375 0.22685185156249998 0.6333333328124999 0.22685185156249998 0.6296875 0.221296296875 0.6213541671875 0.221296296875 0.6208333328125 0.22407407343750002 0.6151041671875 0.22685185156249998 0.6119791671875 0.23518518593749999 0.6119791671875 0.275
0 0.5098958328125 0.2101851859375 0.4947916671875 0.2101851859375 0.49322916718750004 0.21296296250000002 0.49322916718750004 0.23611111093749998 0.4947916671875 0.2370370375 0.4947916671875 0.2416666671875 0.4994791671875 0.24814814843750002 0.5010416671875 0.25555555625 0.5067708328125 0.25833333281250004 0.5072916671875001 0.2638888890625 0.5130208328125 0.2638888890625 0.5135416671875 0.2666666671875 0.521875 0.2638888890625 0.5270833328125 0.25555555625 0.534375 0.25555555625 0.54375 0.2388888890625 0.54375 0.2046296296875 0.5421875 0.20370370312500002 0.5421875 0.190740740625 0.5182291671875 0.190740740625 0.5161458328124999 0.20740740781250003 0.5104166671875 0.20740740781250003 0.5098958328125 0.2101851859375
0 0 0.2166666671875 0.0036458328125000003 0.2166666671875 0.0041666671875 0.21944444375 0.013020832812499999 0.225 0.0151041671875 0.23055555625 0.017708332812499998 0.23055555625 0.0182291671875 0.23333333281250002 0.0208333328125 0.23333333281250002 0.0276041671875 0.2416666671875 0.0359375 0.2416666671875 0.0395833328125 0.23611111093749998 0.04375 0.23611111093749998 0.0442708328125 0.23333333281250002 0.0515625 0.23055555625 0.0625 0.20555555625 0.0609375 0.17962962968750001 0.0578125 0.1740740734375 0.055208332812500004 0.1740740734375 0.053125 0.16851851874999998 0.0473958328125 0.165740740625 0.046875 0.1629629625 0.0427083328125 0.1629629625 0.0390625 0.1574074078125 0.0333333328125 0.1574074078125 0.0328125 0.1546296296875 0.0057291671875 0.1546296296875 0.0052083328125 0.1574074078125 0 0.1601851859375 0 0.2166666671875
0 0.7046875 0.3 0.70625 0.29722222187499997 0.70625 0.2796296296875 0.7046875 0.2768518515625 0.6947916671875001 0.2768518515625 0.6932291671875 0.2796296296875 0.6932291671875 0.29722222187499997 0.6947916671875001 0.3 0.7046875 0.3
0 0.4109375 0.25555555625 0.4171875 0.2416666671875 0.4171875 0.2203703703125 0.41875 0.21944444375 0.41875 0.2148148140625 0.425 0.20833333281250002 0.425 0.1981481484375 0.4265625 0.197222221875 0.4265625 0.1925925921875 0.4296875 0.1861111109375 0.4296875 0.178703703125 0.43125 0.177777778125 0.43125 0.1601851859375 0.425 0.15092592656249998 0.4234375 0.14351851875 0.3963541671875 0.14351851875 0.3932291671875 0.1490740734375 0.3932291671875 0.2416666671875 0.4010416671875 0.25555555625 0.4109375 0.25555555625
0 0.46197916718750004 0.30740740781250003 0.46197916718750004 0.3638888890625 0.4661458328125 0.36666666718749996 0.4713541671875 0.377777778125 0.4859375 0.377777778125 0.48645833281249995 0.375 0.4890625 0.375 0.5 0.352777778125 0.5 0.3018518515625 0.4973958328125 0.3018518515625 0.496875 0.29907407343750003 0.46666666718750005 0.29907407343750003 0.4661458328125 0.3018518515625 0.4635416671875 0.3018518515625 0.4635416671875 0.30648148124999997 0.46197916718750004 0.30740740781250003
0 0.2723958328125 0.23333333281250002 0.2744791671875 0.2388888890625 0.28125 0.2388888890625 0.2864583328125 0.23333333281250002 0.2921875 0.23333333281250002 0.2958333328125 0.225 0.3 0.225 0.3046875 0.21944444375 0.30625 0.2138888890625 0.30625 0.1768518515625 0.3 0.1574074078125 0.296875 0.1546296296875 0.2682291671875 0.1546296296875 0.2635416671875 0.1574074078125 0.2619791671875 0.1629629625 0.2619791671875 0.222222221875 0.26510416718749996 0.23611111093749998 0.2723958328125 0.23333333281250002
0 0.2322916671875 0.1861111109375 0.2421875 0.1861111109375 0.24375 0.18055555625 0.2421875 0.146296296875 0.2260416671875 0.14351851875 0.2244791671875 0.146296296875 0.2260416671875 0.177777778125 0.2286458328125 0.177777778125 0.2322916671875 0.1861111109375
0 0.1932291671875 0.3583333328125 0.1963541671875 0.3638888890625 0.2046875 0.3638888890625 0.20625 0.3611111109375 0.20625 0.3481481484375 0.2125 0.33888888906250003 0.2125 0.2824074078125 0.209375 0.2768518515625 0.1885416671875 0.2768518515625 0.18697916718750002 0.2796296296875 0.18697916718750002 0.3416666671875 0.1932291671875 0.3509259265625 0.1932291671875 0.3583333328125
0 0.6072916671875 0.11388888906250001 0.6234375 0.11944444375 0.6265625 0.10370370312499999 0.63125 0.097222221875 0.63125 0.0824074078125 0.6255208328124999 0.07962962968750001 0.625 0.07685185156249999 0.6072916671875 0.07685185156249999 0.6057291671875 0.07962962968750001 0.6057291671875 0.10833333281249999 0.6072916671875 0.109259259375 0.6072916671875 0.11388888906250001
0 0.40729166718750004 0.2648148140625 0.4057291671875 0.26574074062499997 0.4057291671875 0.3083333328125 0.41041666718750003 0.3148148140625 0.41041666718750003 0.31944444375000003 0.4166666671875 0.33055555625 0.42552083281249997 0.3361111109375 0.43072916718750004 0.34444444375 0.4484375 0.34444444375 0.44895833281249997 0.3416666671875 0.4515625 0.3416666671875 0.4609375 0.325 0.4609375 0.31759259218749997 0.4671875 0.302777778125 0.4671875 0.2768518515625 0.4625 0.2648148140625 0.4625 0.24907407343750002 0.4583333328125 0.246296296875 0.4578125 0.24351851875000002 0.43385416718750003 0.24351851875000002 0.43333333281249997 0.246296296875 0.4291666671875 0.24907407343750002 0.4270833328125 0.2601851859375 0.4244791671875 0.2601851859375 0.42395833281249995 0.2629629625 0.41770833281249997 0.2629629625 0.415625 0.259259259375 0.415625 0.24907407343750002 0.4088541671875 0.24351851875000002 0.4057291671875 0.24907407343750002 0.4057291671875 0.25555555625 0.40729166718750004 0.25648148125 0.40729166718750004 0.2648148140625
0 0.28854166718749996 0.22407407343750002 0.2833333328125 0.23240740781250002 0.27395833281250004 0.23240740781250002 0.2713541671875 0.2296296296875 0.2682291671875 0.23518518593749999 0.2682291671875 0.252777778125 0.2791666671875 0.2638888890625 0.2833333328125 0.2638888890625 0.2838541671875 0.2666666671875 0.2921875 0.2638888890625 0.2942708328125 0.25833333281250004 0.3 0.25555555625 0.3046875 0.24722222187499998 0.3046875 0.24259259218749998 0.30625 0.2416666671875 0.30625 0.22685185156249998 0.303125 0.221296296875 0.2932291671875 0.221296296875 0.2927083328125 0.22407407343750002 0.28854166718749996 0.22407407343750002
0 0.5359375 0.5768518515625 0.5260416671875 0.5768518515625 0.5244791671875 0.5796296296875 0.5260416671875 0.5888888890625 0.5359375 0.5888888890625 0.5375 0.5861111109375 0.5359375 0.5768518515625
0 0.0796875 0.6768518515624999 0.06979166718749999 0.6768518515624999 0.0682291671875 0.6796296296875 0.06979166718749999 0.6888888890625 0.0796875 0.6888888890625 0.08125 0.6861111109375 0.0796875 0.6768518515624999
0 0 0.3611111109375 0.0057291671875 0.36666666718749996 0.0171875 0.36666666718749996 0.0234375 0.352777778125 0.0234375 0.3240740734375 0.01875 0.31759259218749997 0.0171875 0.3018518515625 0.014583332812499999 0.3018518515625 0.0140625 0.29907407343750003 0 0.29907407343750003 0 0.3611111109375
0 0.5260416671875 0.32777777812500003 0.5307291671875001 0.3333333328125 0.5364583328125 0.3333333328125 0.5369791671875 0.3361111109375 0.5515625 0.3333333328125 0.55625 0.325 0.55625 0.31759259218749997 0.5578125 0.3166666671875 0.5578125 0.29351851875 0.55625 0.2925925921875 0.5546875 0.2824074078125 0.55 0.2768518515625 0.5322916671875 0.2768518515625 0.5244791671875 0.290740740625 0.5244791671875 0.322222221875 0.5260416671875 0.3231481484375 0.5260416671875 0.32777777812500003
0 0 0.0361111109375 0.009375 0.0333333328125 0.0125 0.015740740625 0.009375 0.0101851859375 0 0.0101851859375 0 0.0361111109375
0 0.7546875 0.25 0.7578125 0.2416666671875 0.7578125 0.23518518593749999 0.7536458328125 0.23240740781250002 0.7484375 0.221296296875 0.7447916671875 0.221296296875 0.7432291671875 0.22407407343750002 0.7432291671875 0.2416666671875 0.7447916671875 0.24722222187499998 0.7546875 0.25
0 0.9994791671875 0.055555556250000006 0.9994791671875 0.0101851859375 0.9885416671874999 0.0101851859375 0.9869791671874999 0.0129629625 0.9869791671874999 0.0388888890625 0.9947916671874999 0.055555556250000006 0.9994791671875 0.055555556250000006
0 0.025 0.05 0.0296875 0.0416666671875 0.0265625 0.0240740734375 0.0239583328125 0.0240740734375 0.0234375 0.021296296875000002 0.0135416671875 0.021296296875000002 0.0119791671875 0.0240740734375 0.0119791671875 0.0416666671875 0.0182291671875 0.05 0.025 0.05
0 0.2697916671875 0.7916666671875 0.2713541671875 0.79444444375 0.2770833328125 0.79444444375 0.2776041671875 0.797222221875 0.28177083281250004 0.797222221875 0.2822916671875 0.8 0.290625 0.8027777781250001 0.2942708328125 0.79444444375 0.296875 0.79444444375 0.2984375 0.7916666671875 0.2984375 0.784259259375 0.3 0.7833333328125 0.3 0.771296296875 0.2921875 0.7546296296875 0.2791666671875 0.7546296296875 0.2697916671875 0.76851851875 0.2682291671875 0.7861111109375 0.2697916671875 0.7870370375 0.2697916671875 0.7916666671875
0 0.9234375 0.23333333281250002 0.925 0.23055555625 0.925 0.21296296250000002 0.9234375 0.2101851859375 0.9135416671875 0.2101851859375 0.9119791671874999 0.21296296250000002 0.9119791671874999 0.23055555625 0.9135416671875 0.23333333281250002 0.9234375 0.23333333281250002
0 0.6244791671875001 0.4379629625 0.6260416671875 0.459259259375 0.6182291671875 0.4796296296875 0.6182291671875 0.4861111109375 0.6213541671875 0.4916666671875 0.6359375 0.4888888890625 0.6375 0.48148148125 0.6421875 0.475 0.6421875 0.4703703703125 0.64375 0.46944444374999994 0.64375 0.45648148125 0.6453125 0.45555555625000005 0.64375 0.43518518593750005 0.6411458328124999 0.43518518593750005 0.640625 0.43240740781250003 0.6276041671875 0.43240740781250003 0.6244791671875001 0.4379629625
0 0.2697916671875 0.25555555625 0.27395833281250004 0.25555555625 0.2760416671875 0.2611111109375 0.2859375 0.2666666671875 0.2864583328125 0.2638888890625 0.2921875 0.2638888890625 0.2942708328125 0.25833333281250004 0.3 0.25555555625 0.3046875 0.24722222187499998 0.3046875 0.24259259218749998 0.30625 0.2416666671875 0.3078125 0.2018518515625 0.2979166671875 0.2018518515625 0.2932291671875 0.2101851859375 0.2932291671875 0.2175925921875 0.2833333328125 0.2296296296875 0.2723958328125 0.2296296296875 0.2671875 0.2175925921875 0.2677083328125 0.2138888890625 0.271875 0.2138888890625 0.2723958328125 0.21111111093749999 0.2796875 0.21111111093749999 0.28125 0.20833333281250002 0.2796875 0.2018518515625 0.2770833328125 0.2018518515625 0.2765625 0.1990740734375 0.26510416718749996 0.1990740734375 0.2619791671875 0.2046296296875 0.2619791671875 0.20833333281250002 0.2635416671875 0.209259259375 0.2619791671875 0.2388888890625 0.2697916671875 0.25555555625
0 0.0135416671875 0.0546296296875 0.0135416671875 0.0638888890625 0.0203125 0.0638888890625 0.021875 0.05648148125 0.028125 0.047222221875 0.0296875 0.0324074078125 0.028125 0.03148148125 0.028125 0.0268518515625 0.0234375 0.021296296875000002 0.0135416671875 0.021296296875000002 0.0119791671875 0.0240740734375 0.0119791671875 0.0388888890625 0.0166666671875 0.048148148437499996 0.0135416671875 0.0546296296875
0 0.24322916718749998 0.1583333328125 0.24479166718749998 0.15925925937500002 0.24479166718749998 0.172222221875 0.24635416718749997 0.175 0.2609375 0.172222221875 0.2625 0.1620370375 0.2671875 0.15555555625 0.26875 0.1453703703125 0.2734375 0.13888888906250002 0.2734375 0.12407407343750002 0.271875 0.12129629687500001 0.2510416671875 0.12129629687500001 0.24479166718749998 0.1296296296875 0.24322916718749998 0.1351851859375 0.24322916718749998 0.1583333328125
0 0.7375 0.1268518515625 0.734375 0.12129629687500001 0.7260416671875001 0.12129629687500001 0.7244791671875 0.12407407343750002 0.7260416671875001 0.147222221875 0.7359375 0.14444444375 0.7375 0.1268518515625
0 0.2625 0.15555555625 0.2630208328125 0.15277777812499999 0.2671875 0.15277777812499999 0.2671875 0.1481481484375 0.2734375 0.13888888906250002 0.2734375 0.12129629687500001 0.2671875 0.1101851859375 0.2526041671875 0.1101851859375 0.2494791671875 0.11574074062499999 0.2494791671875 0.15277777812499999 0.2510416671875 0.15555555625 0.2625 0.15555555625
0 0.0057291671875 0.0638888890625 0.008854167187500001 0.06944444375 0.01875 0.06944444375 0.0192708328125 0.0666666671875 0.021875 0.0666666671875 0.025 0.0509259265625 0.0296875 0.04444444375 0.0296875 0.0296296296875 0.025 0.021296296875000002 0.007291667187500001 0.0240740734375 0.007291667187500001 0.04444444375 0.008854167187500001 0.048148148437499996 0.0057291671875 0.0546296296875 0.0057291671875 0.0638888890625
0 0.9151041671875 0.1 0.925 0.097222221875 0.9286458328125 0.0888888890625 0.93125 0.0888888890625 0.9375 0.077777778125 0.9390625 0.0648148140625 0.940625 0.0638888890625 0.940625 0.04351851875 0.9390625 0.0425925921875 0.9390625 0.0379629625 0.934375 0.0324074078125 0.9151041671875 0.0324074078125 0.9119791671874999 0.0379629625 0.9119791671874999 0.09444444375 0.9151041671875 0.1
0 0.8359375 0.622222221875 0.8375 0.61944444375 0.8375 0.6129629624999999 0.8359375 0.6101851859375 0.8322916671874999 0.6101851859375 0.8307291671874999 0.6129629624999999 0.8307291671874999 0.61944444375 0.8322916671874999 0.622222221875 0.8359375 0.622222221875
0 0.0984375 0.45555555625000005 0.1015625 0.45 0.1 0.43518518593750005 0.0984375 0.43240740781250003 0.08854166718749999 0.43240740781250003 0.0869791671875 0.43518518593750005 0.0869791671875 0.45277777812500003 0.08854166718749999 0.45555555625000005 0.0984375 0.45555555625000005
0 0.278125 0.752777778125 0.278125 0.746296296875 0.25729166718749996 0.746296296875 0.2557291671875 0.7490740734375 0.2557291671875 0.76944444375 0.25729166718749996 0.775 0.2604166671875 0.777777778125 0.26875 0.775 0.2703125 0.7675925921875 0.278125 0.752777778125
0 0.2671875 0.7416666671875001 0.2625 0.7324074078125 0.2557291671875 0.7351851859375 0.25729166718749996 0.747222221875 0.2625 0.747222221875 0.2645833328125 0.7416666671875001 0.2671875 0.7416666671875001
0 0.29375 0.8046296296875 0.290625 0.7990740734374999 0.2697916671875 0.7990740734374999 0.2682291671875 0.8018518515625 0.2682291671875 0.8194444437499999 0.2697916671875 0.8222222218749999 0.2859375 0.8222222218749999 0.29375 0.8083333328125001 0.29375 0.8046296296875
0 0.3234375 0.73055555625 0.3296875 0.7194444437499999 0.3296875 0.7129629625 0.31979166718749996 0.7101851859375 0.3182291671875 0.7129629625 0.3182291671875 0.725 0.31979166718749996 0.73055555625 0.3234375 0.73055555625