2 0.42065517060860563 0.2537918906961817 0.060179676222970595 0.08780722494228996
2 0.5304647969205197 0.3737633980793544 0.06203928887187781 0.10096442904954049
2 0.48390901809923753 0.37679720709512066 0.05331245619760002 0.10541928478746666
2 0.5137839975037547 0.5546168763324616 0.06930973320647975 0.10094496179695617
2 0.5716199237267254 0.4810216284472092 0.06618473320647951 0.10055647950838126
2 0.6268733603174257 0.5542827603933598 0.05269700856772085 0.07856743293561472
2 0.8498757793031803 0.3275785757456226 0.07401845553854448 0.10245361115574488
2 0.9506176747277022 0.28485266933933595 0.06722639987314617 0.10068597360457303
2 0.9019790172754182 0.43573353116052704 0.07017012385285 0.11582452365986708
2 0.8611736274528674 0.43855363177942164 0.05405701021535947 0.09258581592069538
2 0.7882145161220712 0.4313408968978555 0.048763787553766966 0.0882346417360333
2 0.7226297568952949 0.5011871612838924 0.052888009556303926 0.08690076626894805
2 0.7768472755012177 0.5854622837690103 0.06684439789598003 0.08401930693790637
2 0.8392363013567504 0.6094680067682632 0.057351788871877814 0.1003817056166779
2 0.9314507723707043 0.6311457929904605 0.06201806653981284 0.10003850312361456
2 0.9390072866927665 0.7458342863542554 0.0602857878832945 0.09243685457191948
2 0.8402996450578133 0.7567776159363371 0.07182901054488725 0.0975649933337317
2 0.7497528995064376 0.7079145089955167 0.05951028656518389 0.0812609964127127
2 0.6847676595570332 0.6148722910929787 0.039410009885831696 0.08799512079623398
2 0.5704155679855067 0.6702989996246731 0.06557901054488724 0.09678802875658166
2 0.6183976740438595 0.7189778147382749 0.05905312022804499 0.08397402714239459
2 0.5525170734475017 0.15225656603135818 0.06319856456264669 0.0835660776012354
2 0.8037024339544786 0.18858960933019503 0.061933177211553905 0.09633479941991085
2 0.7223551610646953 0.1371558720273481 0.06333739591881388 0.06696415798266457
2 0.2336706867554642 0.09404810703008792 0.06132745454996128 0.09256634866811127
2 0.3262017203548985 0.05633713989683429 0.049679892623536406 0.03756770400249073
2 0.32324918081157145 0.3902531966630302 0.06020089855503556 0.08873315086821588
2 0.39954862875858466 0.6049509922715635 0.05488645356137821 0.0834560507576279
2 0.3663307005584476 0.698320765132083 0.07171140152078502 0.1150928388782286
2 0.6120238848424538 0.8147561346498046 0.05194272958167474 0.06831750070233385
2 0.493979538987067 0.9059378455280829 0.05805389822550779 0.08569638489805466
2 0.5171274474155405 0.9708577438862114 0.048945063574063495 0.058284512227577225
2 0.7592786829287144 0.8962043798441306 0.06371939789598002 0.08363082464933123
2 0.44781019313168013 0.974911318909487 0.06541895685665532 0.05017736218102595
2 0.11948092238382713 0.9058105083396598 0.05982862154615575 0.09514988530160137
2 0.07221994412026328 0.9510063205091035 0.047521394930230505 0.05668841320645562
2 0.08028617949346058 0.3711921833614785 0.059138009556304015 0.08767773084609828
2 0.04224412382806244 0.3673915747764079 0.050719786894711495 0.0829380743728611
2 0.23747662019086377 0.657231123680266 0.057139565551229884 0.09112244635741865
2 0.25018043623638525 0.5701325122403049 0.0508471208871003 0.08849362992841676
2 0.2238832153871952 0.5552563387133428 0.03271434091247099 0.06777371177463949
2 0.1880151310652787 0.5591544992521109 0.02948322925214703 0.06275559985643474
2 0.24513831356166985 0.1976157556564796 0.037359396248341406 0.06650458335565022
2 0.21700933727527236 0.2284757948907071 0.03516995125468405 0.06161596553363724
2 0.09787953918901189 0.1505238902935565 0.052930454220433604 0.0887526181208
2 0.6601536146136798 0.2872792365239732 0.05148556324453584 0.07103053143201574
2 0.711703345970576 0.9209327010710602 0.04529923024073028 0.07303134463264348
2 0.6877352876689561 0.9411672320548955 0.025955004942916086 0.04477452497526723
2 0.6242802827260402 0.9736950783627736 0.029313450595628628 0.052609843274452756
2 0.6182234876055293 0.8860977107416124 0.03543611660323999 0.05056960147062202
2 0.603003484310252 0.9120625711727066 0.04691567226863782 0.05291996245465645
2 0.1458497395950893 0.5757339946637027 0.045553898225507795 0.08414245574375459
2 0.1958346974403279 0.46866301307746144 0.03706228359943425 0.053541620392687256
2 0.12147886527273527 0.21474285971326806 0.03881578458801741 0.0620691948703081
2 0.5890139447793188 0.9925471735934518 0.03903950527244362 0.014905652813096519
2 0.5132247189996064 0.7955097510671498 0.02900484058294334 0.06454270466019091
2 0.5565281638285 0.7976430153183641 0.03708350593149892 0.05446754631861318
2 0.5806920856028464 0.7574687034030736 0.03895461594418445 0.045467275251737264
2 0.4621158405457622 0.7009425891984109 0.030854728263563894 0.05461650766738907
2 0.4871764174533049 0.7583789817939177 0.02818689460070279 0.05151499464913185
2 0.8104817209767728 0.8157489018151136 0.034245893612119715 0.043958625892948765
2 0.9591473726499281 0.9609791816998928 0.02742111825087837 0.06342253758997753
2 0.7661392216606158 0.33481164064288027 0.0455653955892861 0.06198498056962815
2 0.7136150818380649 0.3361749326796184 0.029951892953064174 0.03788509395262641
2 0.7040349248924661 0.2528060531770654 0.04568123221789667 0.08969801129931014
2 0.34727338503200506 0.31059753879969615 0.051963951913739474 0.06924342662825977
2 0.07286233955717905 0.6609098776041497 0.04071784190105419 0.07707825082941032
2 0.1843927471618333 0.7513812494538844 0.047754840582943284 0.06687359839164123
2 0.3593286486702246 0.9012701441563924 0.04324861660323987 0.051540807192059515
2 0.4315927170224401 0.802075878230865 0.04479961923946168 0.0738925235104733
2 0.7026656761857897 0.7113465339261501 0.04077178392896196 0.05677262750713605
2 0.6890400063886095 0.7361167466126428 0.041165283269906656 0.05128181899967617
2 0.6879731411034806 0.7712695582737802 0.03528756027878614 0.04408811998914054