2 0.23074237053253852 0.8707603823702919 0.06046461405088514 0.05584710559445048
2 0.49107310850957037 0.6768342663555069 0.0586225128145846 0.09930097937147417
2 0.5120938300911536 0.6032066697079381 0.05711460425133777 0.1011205088525786
2 0.5422564307244466 0.5303164518236018 0.07380413726802454 0.1375548436711641
2 0.5463109522454584 0.6590147684655143 0.06363534675092523 0.1280908760638378
2 0.5230829592557582 0.7373204782988338 0.07004912106118487 0.13377572110238303
2 0.5574420967123916 0.7537497898956019 0.06251400761330714 0.10770973156988488
2 0.576025747963835 0.6593265693472384 0.06394002902142404 0.10311242431100266
2 0.6083764354356114 0.6253036921046261 0.05327548620519001 0.11214542697502979
2 0.691481077189011 0.5893044118867954 0.05845430913596867 0.1289090607539387
2 0.665476672319523 0.5115538937690577 0.059937136665017 0.1085817868778985
2 0.5758166287873867 0.36053768519701634 0.05930712045817733 0.10486730905061226
2 0.407683356889157 0.47334163111491345 0.060537642469302 0.12895215724826867
2 0.28337314148907655 0.331380622156232 0.049713754711164765 0.09726596741871991
2 0.3604642262170337 0.2681742683594113 0.06388100821631457 0.136424209397171
2 0.44346854383364004 0.15805781757317658 0.057553550429541286 0.09835350519838326
2 0.550478034825709 0.11090939246061214 0.04965916327441159 0.09541411556686817
2 0.5886283429442718 0.0614794479572321 0.058593002412029686 0.11595687191455831
2 0.555753140358776 0.020880618207343025 0.046292931177378684 0.04176123641468605
2 0.6156637008136541 0.3333084146686936 0.05445584614791794 0.09921478638281424
2 0.6851451484993762 0.4008946471462431 0.06031927672228932 0.12154474984086126
2 0.6574476615025697 0.38062156823919907 0.04631358284322052 0.10552388188697598
2 0.7793551341772731 0.2289347691963722 0.06103339476843696 0.11045518697691518
2 0.762151743554174 0.5734818921659343 0.07048806723938839 0.1310087174481878
2 0.6822698795790032 0.2680027285287078 0.06303484094664072 0.10772050569346732
2 0.4121385116085697 0.035351958471853996 0.05067574890687988 0.07070391694370799
2 0.7229870925670538 0.2968081377042773 0.0461225128145846 0.09904240040549439
2 0.5889211480464441 0.8934619261852991 0.06067412106118487 0.1335817868778983
2 0.6038453181053659 0.7986511615390502 0.051303550429541406 0.09822421571539347
2 0.5460741214370496 0.9073191414056084 0.051985943388955985 0.12137236386354162
2 0.48517645767252543 0.9187702861117358 0.039956614653892567 0.08410907023127223
2 0.3791555932457754 0.08017327161282573 0.050125405170991635 0.09357303783859879
2 0.7503054017787366 0.17163004031408233 0.056400486205190246 0.11221007171652463