2 0.35459127355717673 0.5843472145632546 0.06719929292912899 0.13131306966353606
2 0.4226876434123467 0.5168532222851148 0.06640328772785153 0.13952773093802592
2 0.4136918492772029 0.6979193515606434 0.07292624491161727 0.14949902255034683
2 0.3416763291508149 0.8806317855871392 0.055715878561597286 0.11154849452715936
2 0.4348538666528769 0.9980396124906017 0.05470815166584184 0.00392077501879671
2 0.6149043221405152 0.9703862846396798 0.05064623850432497 0.05922743072064047
2 0.6302002783440557 0.7722885169107121 0.06116987336031983 0.12047518815471087
2 0.5840917731427783 0.7586742769588368 0.06478619629109848 0.13749787099790856
2 0.5463770891761519 0.6819128484858454 0.058649808532961124 0.1054230292222087
2 0.5031265232556731 0.6156691708297469 0.07106127732529662 0.1566690858400669
2 0.5272766461258802 0.3991680773115702 0.06174529813040621 0.12238637603598455
2 0.5523895107797727 0.3184158612580861 0.07064962686546963 0.16031345351434886
2 0.5970716348188142 0.4335969981871157 0.047957969998350336 0.11251030593768395
2 0.6714379368315883 0.5256823958601675 0.06149742198083885 0.13158629926582197
2 0.7363716851354608 0.48569916922740736 0.07207564827358676 0.15586183197298464
2 0.6739819472713238 0.15575153790793686 0.06958066448042644 0.15926885552957937
2 0.4684132328886491 0.10028035779774083 0.05588186755603507 0.09957079351954413
2 0.4214574530756085 0.10654385723856202 0.06117208804449798 0.10294193159154011
2 0.20311763643922756 0.1829343349985654 0.06621221769921538 0.13304624945654428
2 0.23447535221652593 0.2803393634442131 0.0476850128145846 0.10325104667842469
2 0.22065964910373684 0.6071794900236533 0.05135149781375977 0.15719209449981564
2 0.253175965815832 0.7627812370014915 0.039353894165429476 0.08476841364450483
2 0.4053418777328003 0.23663094202863072 0.04310891037226909 0.0888874695541612
2 0.36088440373918734 0.27337271825328635 0.05598883574536302 0.12080775378641861
2 0.2942317446858278 0.15894020882928098 0.046340878561597285 0.11048044599756658
2 0.2752630191846963 0.27058605387255236 0.05146953942397907 0.09076277195083622
2 0.5914907677528919 0.6317748143499747 0.039190119855169785 0.07921285808894928
2 0.7121455715746883 0.6427333273833483 0.026555855947465307 0.055625907190025185
2 0.7389153919805423 0.8780419827625371 0.03299471129192308 0.08035267758773906