2 0.5003602274881367 0.2456438921562956 0.06430582155504633 0.1007558391305762
2 0.5332770754172456 0.37166563706246836 0.06946566476680568 0.09726764707831284
2 0.4328224805274886 0.3410812385479006 0.07376567926780098 0.10762524158465028
2 0.3355946207253126 0.19872880547296248 0.05522132681090284 0.08279687673053507
2 0.1080566925022223 0.17340289125353894 0.05522132681090281 0.08279687673053507
2 0.04694341581151628 0.16249845164946497 0.05832208175011577 0.08107433186954743
2 0.10951745741464135 0.28497696532761296 0.06356678267462966 0.08406762129876555
2 0.1841784620372108 0.29578403760090505 0.0763456008736806 0.1058811455585187
2 0.2333614976564122 0.3507242236869544 0.052689895326597264 0.0882446764603704
2 0.2122504348079979 0.4298808889463166 0.05879442496187502 0.07739217933098783
2 0.16455240916200253 0.4883666287861932 0.053016768173634314 0.07345141281069968
2 0.21091891609585675 0.5072926840042795 0.06139859162854175 0.07749993515670789
2 0.03461683276252339 0.5145877534055349 0.05150275829520837 0.07709046301897131
2 0.034829630254791945 0.590546006079177 0.04714213114224539 0.06210323888300435
2 0.056723249523970204 0.6308661120119753 0.041594802431481524 0.0757550649553088
2 0.13885169750391235 0.6547973938991767 0.04855959625111114 0.09085004491699583
2 0.25453146662747717 0.6740978848938474 0.048898591628541745 0.07698270719325104
2 0.37601335533686375 0.7186350516174687 0.05897626291777781 0.0912810682198765
2 0.38694392312449105 0.6380467822265632 0.06838763050895835 0.09444676697024698
2 0.43226789244450264 0.5773432078150199 0.050630807054051034 0.0900103236516463
2 0.472504535998322 0.5061962213241968 0.07838044408543988 0.10226364651539117
2 0.5921091743910651 0.5665603334491349 0.06004217464523146 0.09317602240201656
2 0.635508491956829 0.6175709156851019 0.080972488221713 0.10144547641518531
2 0.5676373754103591 0.6875452991137441 0.05711069965793977 0.06806826657629649
2 0.5111585714904402 0.811707513286563 0.06520201785699081 0.08968783034975318
2 0.5288439661837504 0.9286320197596905 0.0778717332825001 0.103168021276173
2 0.7179722691537388 0.8462288074450812 0.08043953235798634 0.1004979993241153
2 0.9003888272848035 0.6293081089771181 0.06542022340407433 0.10635449701641986
2 0.9218044775506138 0.71272687279576 0.073159988221713 0.1011222089380247
2 0.9779570264688426 0.30040773517368174 0.044085947062314786 0.09817124766382726
2 0.9865756747400117 0.4403083675614389 0.026848650519976522 0.13189172779448557
2 0.7786514944899772 0.48565376584913467 0.07976110612953705 0.08843941112193436
2 0.7728608442241669 0.40158846707617174 0.06842399810013902 0.09722454474802475
2 0.8745504130565048 0.3871900291053279 0.05519708175011573 0.08094502487868327
2 0.8989319462696413 0.31901516796621265 0.04985540058245377 0.07054432804205764
2 0.8110496510886576 0.2536327310637848 0.06869025829520842 0.0778016514687244
2 0.7352112368603587 0.02944522059183075 0.06521414038738413 0.0588904411836615
2 0.6787255007280671 0.05761008229576031 0.051405778052060216 0.06968305561156386
2 0.49672996510886575 0.019285844535760977 0.0830432635510648 0.038571689071521954
2 0.06911109843531267 0.34316098885547314 0.06946566476680559 0.09726764707831284
2 0.06210344028571772 0.28554923246683117 0.06076865552166669 0.06914505065823057
2 0.9790173124046876 0.1470915653549368 0.0328012484167824 0.08001832477748973
2 0.40766183931725697 0.05122409557806524 0.04239401849027781 0.057279648767078244
2 0.691331808288322 0.3637359695523652 0.044041376203032216 0.06382578374399182
2 0.6738466530832987 0.2820074238469949 0.060417537613842616 0.08208646245604953
2 0.7427711233532409 0.17307949803403183 0.05603266540009268 0.06524738646823051
2 0.6812456806291552 0.13069357694847636 0.04320579255305575 0.07952342215444448
2 0.45734149857403966 0.6615370394035796 0.039281141020671366 0.058076267702140034
2 0.4426696413674888 0.8742960404729417 0.02758035707946765 0.03908362355045264
2 0.20790153007687545 0.933574204155082 0.04537354812555557 0.046297844646831315
2 0.17244740713505824 0.8326709906572014 0.04388378330791672 0.05178874670695479
2 0.30911247669546343 0.9025198751001436 0.04068604812555563 0.04610388416053487