2 0.33569331666343394 0.17405357993108334 0.058566866367104356 0.16705762537980678
2 0.37860928792195553 0.37125229897222123 0.06109673879011233 0.10904763250473037
2 0.36484473852431315 0.5458966244681386 0.05779102747713776 0.11622870159135788
2 0.3129258831738538 0.3968886739423778 0.05052057545742557 0.13885950500629493
2 0.2385107902412301 0.5501249894382708 0.048256616769753555 0.10086420799750613
2 0.2945484718544137 0.6947458156780948 0.056100981719503194 0.11335392167610296
2 0.32399702771060923 0.8098589926884663 0.06853716586136803 0.13536156698056462
2 0.24700409301308113 0.8315432779097169 0.05638793818452197 0.1309141802228699
2 0.27182359659669636 0.9394048370403 0.06344581394150997 0.10365374717830322
2 0.21036534922199895 0.9790961473109367 0.05351820161706288 0.04180770537812653
2 0.4499960501867772 0.7503601978737 0.04815028565907345 0.12116991027622522
2 0.411013599375013 0.9225103962211453 0.05042498060817664 0.10284539603266096
2 0.47360940912085175 0.9868915927056833 0.06405176373856894 0.026216814588633498
2 0.5445644902879245 0.7497311786866688 0.056515483942156663 0.1336919580006477
2 0.5120548362485 0.701284668342964 0.05567582919405479 0.1040946624168437
2 0.41229390933025833 0.6500559549766337 0.05531440656810567 0.11884480914000724
2 0.43396140034302394 0.5251162174483914 0.046396510001939596 0.09428572437854772
2 0.4810329581722374 0.48393163093083236 0.05514434555792628 0.11514110543630354
2 0.5264675498405205 0.4101456327309117 0.04656657101211899 0.09798942808225143
2 0.48593277655905387 0.34309388805261454 0.0633181822252394 0.14611700358759305
2 0.48799961868637887 0.05350981717847326 0.05004242929390893 0.049271028512259986
2 0.5731669487823537 0.29743841159627643 0.032142734344805746 0.06662552138105361
2 0.6654824243331678 0.527882292698012 0.0535074653556317 0.1021134743816893
2 0.646365891452411 0.6200163279475353 0.0483948128301833 0.09256320870999865
2 0.6782485959444117 0.7617447321675755 0.05938539242688753 0.1283304067200464
2 0.7205526905440254 0.591193594006886 0.05114773990143912 0.1185861367734017
2 0.6862899055372365 0.9108144006217559 0.06765490990208557 0.15007937965790208
2 0.5458403346781314 0.9267020804004202 0.05417705909355419 0.12800706626178937
2 0.43086233843092453 0.18878317363639419 0.03808447727419673 0.0716108255147658
2 0.41600239808014194 0.05739721921077389 0.04403687050638278 0.06551735258319265
2 0.5093485891396018 0.11751335030936796 0.04572691626401735 0.06839213249844751
2 0.5736768739369841 0.14982818082414592 0.02780600666795981 0.06266314531074436
2 0.7080259358490835 0.49430940418421765 0.026094746263370893 0.0367048853389928
2 0.7309262402476956 0.27426825497361373 0.027115112324446973 0.05892710756121502
2 0.7490122295370786 0.44346138283457814 0.022587023031831185 0.0734185819177728
2 0.31799709492970646 0.95759267894239 0.0400402648498955 0.0689623839202909
2 0.37982187518516075 0.8226103288969002 0.037010945657780424 0.05954145443190302
2 0.2041471282131127 0.9231320400000972 0.05175368969849791 0.07522928848401181
2 0.2229970167101282 0.3476631963356246 0.03875407101211904 0.0975044173948661
2 0.6038379255975085 0.44280585142836904 0.04254875070867712 0.07835097936285293
2 0.5908696131297457 0.11096722036118904 0.011298836667313121 0.031169902426243717