2 0.03649502031091643 0.2550941409431276 0.06758650696850436 0.09433901114452692
2 0.08878066856173161 0.2669930308448973 0.06669651573795742 0.09892553844386835
2 0.14845412559141152 0.2921781511867904 0.06911867188128043 0.09347773871403307
2 0.07786420197976955 0.42508930136164624 0.07699184205572832 0.09565285804304532
2 0.027111829019193963 0.31565569734306587 0.054223658038387926 0.09427435764909473
2 0.2783033317206171 0.2766895068091774 0.10045454029242601 0.11326777597604952
2 0.3906570361429901 0.3494863186964204 0.06874437713354062 0.11380500675411535
2 0.48882384577527105 0.32202412951430115 0.07272903327686357 0.10842186051971205
2 0.40336375888709836 0.2322600959112763 0.0838233455635096 0.0977848750417697
2 0.4875560193398549 0.09805742417831348 0.06225683328627518 0.09041979578938282
2 0.5704296755302359 0.19513188494559758 0.07055469468185839 0.10555787808135814
2 0.6363456702920931 0.24468202009100917 0.08430357010856658 0.12831887943218126
2 0.6463040132012378 0.10787127028798452 0.08048086310241563 0.1068932761450207
2 0.7077600211172747 0.1502830005026554 0.06626155081576973 0.11740095463209889
2 0.7865246263742407 0.14195237678275838 0.07584889642633735 0.12427035708617296
2 0.7490292772088336 0.06066330743703816 0.07173311224899948 0.06214711538855979
2 0.6065632432197281 0.4692182829527787 0.07377583679405646 0.09274577327440338
2 0.7022798870387587 0.39715001558763474 0.06394067363517118 0.09418815298851865
2 0.7671418590235669 0.5027509959992811 0.07646073502134267 0.12706968602909471
2 0.6086398433091385 0.6366604044769969 0.08204336310241586 0.10695792964045267
2 0.5805120318759088 0.5798656569256593 0.06528569117407722 0.10349051457806589
2 0.54899061248429 0.4037877115808239 0.07364935959463446 0.10476125914629643
2 0.4790752800514311 0.44447225188290196 0.05851999469126999 0.08749115985559683
2 0.45728920290377295 0.5284078565773669 0.07153569117407722 0.10374912855979422
2 0.4167834608433389 0.6106416934007208 0.06063366311182736 0.08850329044209873
2 0.3778975915081898 0.5399576698728608 0.08923888765688434 0.12020105775028805
2 0.1944025520456509 0.5532265442406382 0.07570235784074383 0.10392153788094657
2 0.12351625381365897 0.5757908754917287 0.0767440245074105 0.10396464021123476
2 0.008213451032237081 0.629533423561749 0.016426902064474162 0.09941966689164608
2 0.04333641616618626 0.7069144402225309 0.06887085433296261 0.1017895208822223
2 0.35481737931095425 0.69523267319391 0.041524778915666145 0.0608971478102058
2 0.4872969223753906 0.8541629215326756 0.06412268415851467 0.09974370854407422
2 0.5387707425310152 0.8192055719320379 0.05812050170683231 0.09117331239415644
2 0.6194091469439766 0.8730736189877581 0.07959087187186877 0.11147980344436224
2 0.524552159268269 0.9507405442387457 0.07288584556350948 0.09733230057374503
2 0.7037867153692398 0.884446053694034 0.09263690344189991 0.12866369807448597
2 0.7085462696222036 0.6356948600094867 0.07827618942018665 0.10310336778074071
2 0.9069891494806963 0.7074179845158656 0.0658975297690823 0.10628984352098778
2 0.8755655732570418 0.8785734240634581 0.0962524016880091 0.12788863030456787
2 0.9485074381604063 0.8649023693518121 0.05238619818963978 0.10665543915316886
2 0.7980738266236486 0.6092659654913798 0.07578822625188954 0.12241850523432099
2 0.28947934759974886 0.44497173668637907 0.04498346487512954 0.07121163998625514
2 0.20649229934422783 0.4229942561622432 0.06057299293737941 0.08665143859024708
2 0.16068697568082194 0.4600405204313171 0.0596881385573587 0.07551877631399188
2 0.2515047459211512 0.5852591287838276 0.04439682451682216 0.08505742654485604
2 0.12560264158818857 0.6792579034664817 0.0574176578501555 0.08559620567345678
2 0.27151694949010796 0.6987397067978811 0.03812676313065057 0.0524345074860083
2 0.4694145268024695 0.9303790140127786 0.023942922781754798 0.04814892232341566
2 0.3461770163026548 0.9745863327694653 0.0360130947100932 0.050827334461069365
2 0.09018253912676186 0.993391146965823 0.03443053332392173 0.013217706068353942
2 0.058057472431860324 0.9421003995829836 0.03843011400289006 0.06169376674526756
2 0.44206355754261334 0.9908562383191362 0.04340090348895795 0.018287523361727752
2 0.7194437851954576 0.23143121309967188 0.04406313855735865 0.07487224135967085
2 0.6450941501694092 0.34378880800043304 0.038151961367348504 0.06907962298753087
2 0.6960862877321773 0.052909533036791155 0.04741075786897871 0.05004465068082311
2 0.37281330529461254 0.07430235961742854 0.05965780347013473 0.07459285038806593
2 0.10932533255050426 0.18115169638572035 0.053842768392322424 0.05585882021810709
2 0.43763012231892084 0.7464091471324287 0.04942314732681178 0.07971738264074082
2 0.1968240838274435 0.9330074191139098 0.035982759622869294 0.05049645097358027
2 0.20823923994723745 0.8950017409082925 0.0391329578595671 0.067270873465967
2 0.0017254211690384896 0.47721822165930045 0.003450842338076979 0.08406607294823053
2 0.02208682591140669 0.8859083104804116 0.033287587694530815 0.047610917370082426
2 0.2501578889808817 0.7298436558017083 0.018406040339484165 0.02202903591119349