2 0.38292654518608327 0.5051662681028958 0.07957049756436803 0.1553115788152754
2 0.4877010028426691 0.405981497908209 0.07856519561630175 0.15890742443107175
2 0.4627872339025262 0.2143143992273795 0.0691083749994507 0.14960336830657206
2 0.36725186485427946 0.06614345057309519 0.07371405438259977 0.13228690114619038
2 0.519461156656076 0.03137751152103956 0.0713488944801129 0.06275502304207912
2 0.5603512540593866 0.1871000383784101 0.06327011417698288 0.1378990377119704
2 0.6771135132591984 0.350757106804872 0.06632238473978186 0.1308152045682851
2 0.7465493058728723 0.3532798016592768 0.06479624945838225 0.13435712114012782
2 0.7635857536556448 0.7113347896082913 0.08406444669843864 0.18907634450023814
2 0.5241103315782935 0.884128510843275 0.06577427786749818 0.1279834977465536
2 0.4817929189699149 0.8487358776326626 0.054882233765748724 0.13148061745315587
2 0.4160853717563352 0.7579536100735496 0.05543943181768256 0.1352382502008132
2 0.3259804784929398 0.6613726742469266 0.052059878787479384 0.1089887500111651
2 0.2503992344452423 0.6488489797718179 0.05905799161206555 0.1328379757307112
2 0.279872229979917 0.3761642266007954 0.06887200432854783 0.12552929423249798
2 0.33886085484478723 0.4093681674419268 0.0647507935601317 0.1297274915104982
2 0.19080182170008644 0.22721454691540385 0.045050038689966244 0.13693744709951725
2 0.1938065917212678 0.10665542489119557 0.0447072099565388 0.049028413180507956
2 0.7274147050874717 0.1559268909023641 0.03185910903655772 0.06527277967425833
2 0.5989688777064408 0.14887699438855478 0.04345381006464256 0.08034810753012836
2 0.5623435404493998 0.025716812936417765 0.03670115909060954 0.05143362587283553
2 0.584552953737272 0.8487330395999573 0.05268980627661411 0.12015379016622985
2 0.36697835200541346 0.804662642349886 0.05053374350607977 0.11253066658300773
2 0.3050491868268224 0.8059876059877824 0.05158450135239659 0.11356445059684112
2 0.31490615449509735 0.9414022056168523 0.054657590367772714 0.05560862057118356
2 0.5644895994341025 0.5340032524262668 0.05898526217486477 0.1254305683233038
2 0.6023071992719466 0.577261689917893 0.07183981818121907 0.16283597648930354
2 0.6206365040615834 0.7506483846886389 0.032561765962893216 0.08384522723673057
2 0.3065131879067625 0.20644600286138876 0.040501542477994805 0.09761712585899884