2 0.5036458333333333 0.2662037037037037 0.06015625 0.09212962962962963
2 0.53125 0.3962962962962963 0.065625 0.08842592592592592
2 0.4322916666666667 0.3523148148148148 0.06953125 0.09861111111111111
2 0.34140625 0.19722222222222222 0.05182291666666667 0.07592592592592592
2 0.115625 0.14166666666666666 0.05234375 0.0763888888888889
2 0.05520833333333333 0.12222222222222222 0.05520833333333333 0.07453703703703704
2 0.1125 0.25277777777777777 0.06041666666666667 0.07546296296296297
2 0.18645833333333334 0.27361111111111114 0.07239583333333334 0.0962962962962963
2 0.23307291666666666 0.3351851851851852 0.049479166666666664 0.08148148148148149
2 0.20885416666666667 0.4111111111111111 0.05572916666666667 0.07037037037037037
2 0.15859375 0.46296296296296297 0.05 0.06620370370370371
2 0.20416666666666666 0.48842592592592593 0.05807291666666667 0.06944444444444445
2 0.028125 0.47175925925925927 0.0484375 0.07037037037037037
2 0.025 0.5476851851851852 0.04479166666666667 0.05648148148148148
2 0.04505208333333333 0.5907407407407408 0.038802083333333334 0.07037037037037037
2 0.12604166666666666 0.625462962962963 0.04479166666666667 0.08564814814814815
2 0.240625 0.6601851851851852 0.045572916666666664 0.07083333333333333
2 0.35963541666666665 0.7208333333333333 0.05520833333333333 0.08425925925925926
2 0.37395833333333334 0.6421296296296296 0.06458333333333334 0.08611111111111111
2 0.421875 0.5879629629629629 0.046614583333333334 0.08333333333333333
2 0.46484375 0.5222222222222223 0.07447916666666667 0.09259259259259259
2 0.5815104166666667 0.5986111111111111 0.05651041666666667 0.08564814814814815
2 0.62265625 0.6550925925925926 0.07682291666666667 0.09074074074074075
2 0.5520833333333334 0.7157407407407408 0.0546875 0.060648148148148145
2 0.4903645833333333 0.8319444444444445 0.06197916666666667 0.08194444444444444
2 0.503125 0.9523148148148148 0.07395833333333333 0.09537037037037037
2 0.6950520833333333 0.8939814814814815 0.0765625 0.08981481481481482
2 0.8861979166666667 0.7023148148148148 0.06171875 0.09814814814814815
2 0.9041666666666667 0.788425925925926 0.06927083333333334 0.09166666666666666
2 0.9786458333333333 0.3851851851851852 0.042708333333333334 0.09259259259259259
2 0.9846354166666667 0.5263888888888889 0.03046875 0.12824074074074074
2 0.77109375 0.5430555555555555 0.0765625 0.07777777777777778
2 0.76875 0.4583333333333333 0.06458333333333334 0.08888888888888889
2 0.8708333333333333 0.45740740740740743 0.05234375 0.07361111111111111
2 0.8979166666666667 0.39305555555555555 0.04739583333333333 0.06388888888888888
2 0.8130208333333333 0.31574074074074077 0.06536458333333334 0.06944444444444445
2 0.7481770833333333 0.06296296296296296 0.06171875 0.0912037037037037
2 0.6895833333333333 0.10277777777777777 0.04921875 0.0625
2 0.5104166666666666 0.027314814814814816 0.08072916666666667 0.05462962962962963
2 0.06979166666666667 0.3055555555555556 0.065625 0.08935185185185185
2 0.06510416666666667 0.24722222222222223 0.058333333333333334 0.06157407407407407
2 0.98515625 0.2324074074074074 0.0296875 0.07592592592592592
2 0.41953125 0.06018518518518518 0.04010416666666667 0.05138888888888889
2 0.6890625 0.4097222222222222 0.04192708333333333 0.058333333333333334
2 0.6752604166666667 0.32592592592592595 0.05755208333333333 0.07361111111111111
2 0.7484375 0.2263888888888889 0.05364583333333333 0.058333333333333334
2 0.6890625 0.17592592592592593 0.04010416666666667 0.07361111111111111
2 0.4432291666666667 0.675 0.03697916666666667 0.05277777777777778
2 0.41953125 0.8851851851851852 0.026302083333333334 0.034722222222222224
2 0.18307291666666667 0.912962962962963 0.04401041666666667 0.04027777777777778
2 0.15182291666666667 0.8074074074074075 0.04192708333333333 0.04583333333333333
2 0.28515625 0.8953703703703704 0.0390625 0.04027777777777778