2 0.47627527675372777 0.6770534153260764 0.07856813070706442 0.12416914905706554
2 0.5038893664522408 0.474218191686534 0.08105389820356805 0.12152607974335486
2 0.6169852474343694 0.4605149448220537 0.07669766984925654 0.10467082122699417
2 0.7962981242673131 0.429528155774191 0.09427983374979997 0.11481915634909703
2 0.7272192000606383 0.5749177302342469 0.07348596680652099 0.11466741456248512
2 0.7961057947335289 0.7205616926597419 0.06793020622532543 0.09405456895679402
2 0.8501851432805402 0.7685779157618162 0.05856297648795229 0.08155952314192855
2 0.9306577784118536 0.7704204718942513 0.07253100318258987 0.10445528768448648
2 0.8855205297280844 0.6101516782126324 0.07589280152291593 0.11017249339692281
2 0.8598861049712812 0.5287900426398148 0.060725242601394315 0.08351914176503404
2 0.9309254631328928 0.44104183416121495 0.06517594426106825 0.07820606144479943
2 0.9327534950847128 0.3249997806143919 0.05214734066510829 0.0895426144686871
2 0.8267208677684716 0.2949150920322192 0.03977351009789819 0.07966369627471863
2 0.7614944168003285 0.2950555337395653 0.05450693872882179 0.09613186272142221
2 0.7176101695664517 0.30656442434874687 0.054854365976684014 0.11647529139897922
2 0.6068386129277559 0.2901211952350077 0.07109467261537977 0.0951421450396005
2 0.48550571714841606 0.14349464007996662 0.06624153679253553 0.10320606144479944
2 0.46599931562859637 0.03895638303905656 0.06868783789898482 0.07791276607811312
2 0.2627355681864863 0.10281863656055817 0.09787843043045204 0.12609191761708874
2 0.17778461506917922 0.48646753260452497 0.06721204094172037 0.08939799763435093
2 0.2259255020668518 0.5518828022643633 0.07085010401242683 0.10159668482826874
2 0.2597790536565986 0.6111079948785335 0.06894017676456461 0.08117243107227144
2 0.3271629629914905 0.6944674908465359 0.07102351009789795 0.08128019784352508
2 0.40430815088737915 0.8170490843874575 0.05587987704117694 0.0795729628260094
2 0.4312087701803147 0.9357625406498012 0.06849827621133997 0.08299734123130983
2 0.5747232019938284 0.8119293836947594 0.06283250179952825 0.10857302515066075
2 0.5408304915524872 0.723141915682993 0.0661231376223725 0.10042828366702165
2 0.6806643185206407 0.9173153850830142 0.07380108285003596 0.06109841932284873
2 0.7645938403745626 0.8746326716925648 0.05700047648795229 0.08147869806348816
2 0.9214671430132166 0.09599832658074366 0.05042697510489068 0.085758085686543
2 0.8784466561523021 0.14210820179448694 0.052833809821285625 0.08126316452098058
2 0.7832289369961245 0.13871866909241995 0.05267594426106825 0.07755946081727687
2 0.5806104599580436 0.01382267675491386 0.033262785892771284 0.02764535350982772
2 0.6178281573271304 0.21518003280576903 0.03978128036052482 0.06765360093049505
2 0.7042230984056087 0.2365797543390369 0.04239321728981859 0.055778214050338636
2 0.8125405836752283 0.237443892868916 0.04511578312664805 0.058690700292183665
2 0.1439897608562597 0.08447818887061247 0.06028334204816973 0.08534405192407243
2 0.0925142714374552 0.0668154586279929 0.06257177759440165 0.07807135298073223
2 0.07512370912511047 0.24925832438948597 0.05679537427505374 0.08885916377808212
2 0.12705633208393347 0.32325435680311315 0.05688984758041625 0.0666908249414867
2 0.15368099418494865 0.41796109322341646 0.05575370760838704 0.0888052803924552
2 0.23302495206839993 0.44018749057262874 0.06261124398445599 0.07899727890665816
2 0.16198528636832824 0.5584239003747505 0.05434907316860441 0.0924281590177185
2 0.06797752467913533 0.6912447288937762 0.05956517676456467 0.08068748060162934
2 0.31426349134425385 0.7898329070317718 0.05832617814762635 0.076003967586373
2 0.32959545593477996 0.8934387523344907 0.05892594426106825 0.0778827611310381
2 0.23125631437145586 0.9267041187849381 0.06793797648795229 0.08204447361257045
2 0.11760740172031232 0.6119950663815281 0.03314438672260837 0.04606094601325089
2 0.41292205448953184 0.3833017172916536 0.06412650733177472 0.09016227340339619
2 0.3792144055276021 0.33284587928096615 0.08410773568608623 0.10782578270416021
2 0.27810157634345367 0.35193451488284905 0.04408188672260837 0.04662672156233317
2 0.662105725439045 0.7187163531093133 0.050884416183369294 0.059912984839057465
2 0.14460699452684372 0.6979055065055352 0.030777018396267765 0.05148179310473914
2 0.11241368629685299 0.7277492779686756 0.027415220055941703 0.045764587392303234
2 0.10548529494176222 0.701315022355432 0.026294620609166378 0.043858852154824456
2 0.030496642797242637 0.7536979704604249 0.02713118506293443 0.051293201255045114
2 0.026171803031898675 0.788105409030158 0.03406765421911203 0.043337051621100034
2 0.8828867068345441 0.8121566635600928 0.048801082850035725 0.05980521806780362