2 0.20416666666666666 0.07314814814814814 0.06640625 0.1
2 0.17760416666666667 0.28194444444444444 0.08046875 0.08703703703703704
2 0.14869791666666668 0.20833333333333334 0.06692708333333333 0.0875
2 0.08854166666666667 0.12175925925925926 0.06875 0.09259259259259259
2 0.10546875 0.29768518518518516 0.0640625 0.09953703703703703
2 0.015885416666666666 0.33287037037037037 0.03177083333333333 0.10092592592592593
2 0.05755208333333333 0.48842592592592593 0.05390625 0.08796296296296297
2 0.028385416666666666 0.5847222222222223 0.05677083333333333 0.075
2 0.028385416666666666 0.6361111111111111 0.050520833333333334 0.07592592592592592
2 0.13671875 0.5990740740740741 0.06796875 0.06898148148148148
2 0.13489583333333333 0.6564814814814814 0.05390625 0.07314814814814814
2 0.18828125 0.7388888888888889 0.04296875 0.05787037037037037
2 0.39114583333333336 0.49166666666666664 0.045572916666666664 0.0837962962962963
2 0.43645833333333334 0.5152777777777777 0.04739583333333333 0.08009259259259259
2 0.48333333333333334 0.5546296296296296 0.06588541666666667 0.10046296296296296
2 0.4127604166666667 0.5842592592592593 0.0625 0.0837962962962963
2 0.3645833333333333 0.5574074074074075 0.0640625 0.09444444444444444
2 0.36276041666666664 0.6199074074074075 0.05026041666666667 0.08796296296296297
2 0.41901041666666666 0.6356481481481482 0.046614583333333334 0.09166666666666666
2 0.44479166666666664 0.6861111111111111 0.05546875 0.06805555555555555
2 0.4825520833333333 0.8240740740740741 0.0640625 0.07314814814814814
2 0.5200520833333333 0.7652777777777777 0.05130208333333333 0.0824074074074074
2 0.5846354166666666 0.5837962962962963 0.04869791666666667 0.0824074074074074
2 0.4861979166666667 0.3111111111111111 0.06328125 0.07824074074074074
2 0.53828125 0.07083333333333333 0.047135416666666666 0.06712962962962964
2 0.58984375 0.1935185185185185 0.06744791666666666 0.08148148148148149
2 0.6684895833333333 0.31851851851851853 0.0453125 0.08101851851851852
2 0.7177083333333333 0.4962962962962963 0.04609375 0.06666666666666667
2 0.7544270833333333 0.5537037037037037 0.058854166666666666 0.07824074074074074
2 0.7828125 0.48935185185185187 0.04244791666666667 0.07453703703703704
2 0.8213541666666667 0.4685185185185185 0.05026041666666667 0.06944444444444445
2 0.6083333333333333 0.6481481481481481 0.047135416666666666 0.075
2 0.5856770833333333 0.7800925925925926 0.05963541666666667 0.07916666666666666
2 0.5908854166666667 0.7287037037037037 0.05286458333333333 0.05740740740740741
2 0.7010416666666667 0.9138888888888889 0.05182291666666667 0.08425925925925926
2 0.50625 0.9439814814814815 0.0625 0.0962962962962963
2 0.65859375 0.7523148148148148 0.05026041666666667 0.08935185185185185
2 0.9109375 0.9634259259259259 0.0484375 0.07314814814814814
2 0.9815104166666667 0.9574074074074074 0.03697916666666667 0.08518518518518518
2 0.9515625 0.8212962962962963 0.0421875 0.06111111111111111
2 0.91171875 0.7851851851851852 0.033854166666666664 0.05185185185185185
2 0.8690104166666667 0.7935185185185185 0.03958333333333333 0.04722222222222222
2 0.94765625 0.5254629629629629 0.051041666666666666 0.05092592592592592
2 0.9864583333333333 0.5013888888888889 0.026822916666666665 0.07361111111111111
2 0.8989583333333333 0.36898148148148147 0.06744791666666666 0.08425925925925926
2 0.790625 0.0787037037037037 0.0515625 0.07175925925925926
2 0.7559895833333333 0.037037037037037035 0.04140625 0.0625
2 0.7317708333333334 0.24259259259259258 0.03411458333333333 0.07361111111111111
2 0.6513020833333333 0.8277777777777777 0.04895833333333333 0.058333333333333334
2 0.29192708333333334 0.6990740740740741 0.06640625 0.0763888888888889
2 0.34765625 0.7083333333333334 0.046875 0.06944444444444445
2 0.275 0.6268518518518519 0.06145833333333333 0.0625
2 0.19869791666666667 0.47129629629629627 0.05182291666666667 0.07916666666666666
2 0.2557291666666667 0.5231481481481481 0.04114583333333333 0.05138888888888889
2 0.05130208333333333 0.7125 0.03802083333333333 0.058333333333333334
2 0.1171875 0.7208333333333333 0.04479166666666667 0.06111111111111111
2 0.19583333333333333 0.8111111111111111 0.04973958333333333 0.05277777777777778
2 0.834375 0.21388888888888888 0.05364583333333333 0.06111111111111111
2 0.6981770833333333 0.1935185185185185 0.04479166666666667 0.06805555555555555
2 0.7265625 0.8537037037037037 0.0546875 0.07361111111111111