2 0.6375826854373533 0.02094655772629734 0.05800968116588668 0.04189311545259468
2 0.7042197457037459 0.1598754286579997 0.05748884783255311 0.13072806450946486
2 0.6561001491893035 0.2780747416751463 0.061071014169692246 0.12851734288416983
2 0.6089757983910008 0.43210163772716265 0.057733790849044196 0.118772035494211
2 0.7197404296458306 0.47899626088472125 0.04817751482874778 0.13204769789514392
2 0.6535393365914295 0.5709451960193987 0.04463956555122976 0.09090191704548682
2 0.6078850753874868 0.6721538102827456 0.036200120557572525 0.08497615906732486
2 0.5627131791391455 0.7409955211495767 0.04666895685665556 0.11151531148120697
2 0.593739026959305 0.8478075407815933 0.04998495784523863 0.12033469294523987
2 0.565057383841477 0.887789618095146 0.041580004942915846 0.04798529236576104
2 0.5118023912558508 0.8337954603823886 0.04428851087441489 0.09822831643111082
2 0.4824920307488739 0.8332798210205504 0.04057901054488724 0.09488348250085049
2 0.4286414951722733 0.9071618679505091 0.0436208936121196 0.04645747260104237
2 0.23475220911377476 0.7735525603654055 0.049730289860461005 0.10922358183412875
2 0.277071019392561 0.7272976078188214 0.05085684585538684 0.11308930158139906
2 0.3210893886320227 0.6521769355249668 0.05250423518364613 0.11703602935045233
2 0.40745708395520774 0.6313627005124294 0.04944290217984045 0.11932775899753076
2 0.44865331452546564 0.5548357204865311 0.052940179188720175 0.11341333366853203
2 0.3898225740817697 0.48371759946872567 0.04649917820013698 0.10410790407379956
2 0.31220691005132484 0.47364658051399283 0.048997233206479744 0.09988331455308631
2 0.2608924431564675 0.43688047929580337 0.04441584486680371 0.10378387198666658
2 0.22949300063426806 0.42561826492087873 0.04658406752839627 0.10781160777750326
2 0.5020471152603415 0.35370244792038585 0.05406673518364613 0.11727905341580233
2 0.5734149831816924 0.28539946158312957 0.051856067857923925 0.11139946577311369
2 0.5475559334353995 0.4739464796723202 0.036348676882026136 0.09145764054880645
2 0.506569244385635 0.20168858002496745 0.04862495619760002 0.1062837880127845
2 0.4493226809763353 0.27656014205948026 0.05358834651444226 0.11904989724587088
2 0.42946468872023685 0.2146036931748163 0.045478733865535165 0.10487181395615895
2 0.5592176049050056 0.00876408375002835 0.05066584486680389 0.0175281675000567
2 0.4074234316477845 0.0442602888955425 0.0430346208871003 0.088520577791085
2 0.6609406597094034 0.6555981627384111 0.04017578623565612 0.0772908899082579
2 0.6937270748931953 0.6629541533551739 0.04277995290232279 0.07769593001717406
2 0.6798387845384427 0.7707548483529242 0.04806167820013698 0.10435092813914934
2 0.6786410172630245 0.4494062955271628 0.03963373057025781 0.07628395596054857
2 0.7085982506094807 0.8179487389522384 0.0445971208871003 0.08905006519363497
2 0.6909823276817872 0.8732782694161889 0.03717989262353664 0.03715204300630991
2 0.2582161790115627 0.08946706966828621 0.04668045422043363 0.08937409728076802
2 0.6417343331561758 0.13499568108244392 0.04552117852966475 0.10672366580801085
2 0.5937615205706954 0.2015051582913052 0.0378475098858317 0.08892288683637846
2 0.46048344695842996 0.14058229549961748 0.03982473155884113 0.0846172892938819