2 0.5743666872112594 0.6144410909069027 0.06515543351343496 0.13647808001508363
2 0.6100123621044559 0.5239377052360604 0.05112269352579067 0.11119795280193877
2 0.677482615338944 0.32525214831312366 0.05433863302967552 0.11589222717306345
2 0.6918402483403469 0.4033585368601673 0.05653109376767039 0.12149087922294896
2 0.7404215920797446 0.4766150749463082 0.053096899454462235 0.10568549374071338
2 0.776032550638205 0.30830158912694083 0.027448750815690204 0.09867608020369002
2 0.7402141127657007 0.11581608906800524 0.062078381426567596 0.11235013532309697
2 0.692719075711503 0.08009726041440307 0.05734788983581538 0.08356023863073338
2 0.6316972409577801 0.20249628262248454 0.062496703144437525 0.13364643161939324
2 0.586562493376578 0.09966937258641771 0.054684203144437525 0.133484819765656
2 0.4903488735937466 0.03746942629130768 0.05576058614584009 0.055760912605790636
2 0.45524057150687913 0.06082702114714644 0.06347719031957505 0.10404912436051111
2 0.2937814084401369 0.09731801883676439 0.04875496956922435 0.12318111922106346
2 0.314206310622288 0.5164291141523196 0.05854167549789591 0.11783027201357502
2 0.4117261513664608 0.5253937067684801 0.06180556291491328 0.09846124643420816
2 0.45488340720246523 0.3442680957163046 0.05725199400955023 0.1316868385317166
2 0.4217327826103103 0.2944883165475778 0.06346561820799626 0.12996427616285453
2 0.4805753550873251 0.5615542744889642 0.05926257573977575 0.12802623132234295
2 0.4738673386342656 0.7438970371548768 0.06379300042198147 0.1466309428295212
2 0.4402752481010835 0.6635401541834294 0.059317139442106516 0.13080400910012074
2 0.4025801375149174 0.7257489284956183 0.057893526859124 0.1113380164085112
2 0.3742286184886144 0.6969102238960495 0.05662203327155524 0.12612050885257858
2 0.3154232294684893 0.6799466201286967 0.05450893992586619 0.1510666382346661
2 0.6082671312852043 0.8647808001508348 0.052285059708697665 0.09085990480231582
2 0.6089624091427365 0.776333325977744 0.05713625081569044 0.09929020524789162
2 0.6150718512198646 0.9757365326166162 0.052762901451278786 0.048526934766767615
2 0.5001892472571206 0.9499766325529669 0.059456026859124 0.10004673489406615
2 0.2970047934666289 0.026059431973006798 0.034115413066742185 0.04050435872409391
2 0.5210284218414263 0.23957479439843188 0.05047454488701864 0.10470569719687485
2 0.3685135241727898 0.457342889572548 0.04797288983581538 0.0833663044062487
2 0.24089447749994536 0.44219784223304776 0.0317906807009282 0.08118045472333969
2 0.2670857739617991 0.527959443029896 0.038404438716467246 0.0998282627248481
2 0.23062247326704874 0.6202985193672161 0.02672123478461212 0.06163904316665299
2 0.25080352033360204 0.6804624806563203 0.0389732199629331 0.0757757368979389
2 0.7330141711801813 0.6547750097601802 0.026418656260602327 0.07273938015418135
2 0.7514103368484396 0.6333874577645168 0.02807209576448694 0.0774013321545586
2 0.36709488999026074 0.23777992976869622 0.029107146641955475 0.05058180267345428
2 0.3472428735654739 0.22717994082558532 0.030221564911729833 0.05430705462432286
2 0.3304059000026164 0.26203112817971347 0.03719246515360967 0.06463230341608037
2 0.34935843403331646 0.4245260654690062 0.0390757315783965 0.054490214725225146
2 0.3478372771962874 0.32954862625831255 0.03340112861406072 0.05714947714359558
2 0.3555662390588635 0.8512166298182047 0.037749674288496966 0.06649492939151455
2 0.41557119979685847 0.846900098474635 0.05731151403426153 0.08170838677888158
2 0.38401943996722093 0.9411933808378407 0.04098380169315862 0.07211512968856537
2 0.26702540212560577 0.8095540528089935 0.03891865626060233 0.07299795912016112
2 0.5461821340694384 0.9954712296956199 0.03790013381709301 0.009057540608760233
2 0.5183713288611733 0.45442193158399413 0.03486111699859743 0.07846732168705696
2 0.5689442477356473 0.4262895807812461 0.04185020514125407 0.08971849640474029