2 0.6328125 0.3666044493344746 0.07395833333333333 0.15625936720779227
2 0.7020833333333333 0.5086617295527369 0.06458333333333334 0.15036681309642375
2 0.7932291666666667 0.7811055193136086 0.06614583333333333 0.06909581902856543
2 0.803125 0.7080131731014027 0.04479166666666667 0.10881175030164143
2 0.5796875 0.8330202806569211 0.05677083333333333 0.1307958575097894
2 0.5231770833333333 0.8285958717459213 0.0421875 0.10197945646412133
2 0.478125 0.5823501106905743 0.03854166666666667 0.0950068376841858
2 0.44296875 0.6500490404600582 0.05364583333333333 0.12204154934920973
2 0.36380208333333336 0.6102507731206683 0.05625 0.13720717652006315
2 0.37864583333333335 0.7624178093579149 0.0609375 0.12302382394611784
2 0.30546875 0.852831192118155 0.06458333333333334 0.11888533161494226
2 0.31875 0.5047457528060618 0.05260416666666667 0.11819752070309059
2 0.25286458333333334 0.5478805646730974 0.0640625 0.13918553951410492
2 0.3533854166666667 0.2403577262485264 0.03854166666666667 0.08852535620270442
2 0.3963541666666667 0.2521619149664822 0.04635416666666667 0.09791112660415348
2 0.4393229166666667 0.32507721479554924 0.053125 0.11641583132244646
2 0.4796875 0.2006581417954696 0.0625 0.10564171876714835
2 0.48541666666666666 0.06747894720477728 0.05364583333333333 0.10630080860846902
2 0.5296875 0.014547231339764063 0.04791666666666667 0.029094462679528126
2 0.5783854166666667 0.35264013127938487 0.058854166666666666 0.14033576665387953
2 0.4002604166666667 0.47246902976575766 0.049479166666666664 0.10759136069065907
2 0.6536458333333334 0.6156498023380177 0.04635416666666667 0.10439260808563497
2 0.6466145833333333 0.6943747734770997 0.04791666666666667 0.09164013253629516
2 0.7385416666666667 0.23847257879041897 0.0390625 0.07841033348872696
2 0.25026041666666665 0.18665730295506192 0.030729166666666665 0.0800655117271813
2 0.3658854166666667 0.04534736240216968 0.04375 0.09069472480433936
2 0.4515625 0.8123172856110568 0.04114583333333333 0.08332061300318738
2 0.4546875 0.8975444589319586 0.04895833333333333 0.08900267970093283
2 0.69609375 0.6265982276012554 0.04635416666666667 0.09513334882637571
2 0.746875 0.780868497769614 0.050520833333333334 0.10310205600344488
2 0.6682291666666667 0.1729445124034609 0.03958333333333333 0.1108879033673421