2 0.5455729166666666 0.07824074074074074 0.06614583333333333 0.08194444444444444
2 0.5846354166666666 0.1884259259259259 0.06666666666666667 0.09490740740740741
2 0.67265625 0.2916666666666667 0.06848958333333334 0.10092592592592593
2 0.78671875 0.0787037037037037 0.06145833333333333 0.06759259259259259
2 0.47630208333333335 0.3 0.06953125 0.08101851851851852
2 0.47578125 0.16018518518518518 0.05234375 0.07731481481481481
2 0.33828125 0.2023148148148148 0.05651041666666667 0.08101851851851852
2 0.25416666666666665 0.24444444444444444 0.05286458333333333 0.0875
2 0.15833333333333333 0.20092592592592592 0.04869791666666667 0.07037037037037037
2 0.20130208333333333 0.08564814814814815 0.06354166666666666 0.07361111111111111
2 0.12317708333333334 0.15046296296296297 0.05859375 0.0837962962962963
2 0.11614583333333334 0.2791666666666667 0.055989583333333336 0.08935185185185185
2 0.06380208333333333 0.30972222222222223 0.049479166666666664 0.07731481481481481
2 0.21328125 0.37222222222222223 0.05572916666666667 0.07962962962962963
2 0.3372395833333333 0.4300925925925926 0.05651041666666667 0.07083333333333333
2 0.3841145833333333 0.3578703703703704 0.054427083333333334 0.075
2 0.4309895833333333 0.36666666666666664 0.052083333333333336 0.08425925925925926
2 0.45364583333333336 0.49675925925925923 0.058333333333333334 0.07685185185185185
2 0.3796875 0.4847222222222222 0.05234375 0.0787037037037037
2 0.43072916666666666 0.5796296296296296 0.06015625 0.08703703703703704
2 0.3684895833333333 0.6300925925925925 0.0640625 0.0837962962962963
2 0.51328125 0.6671296296296296 0.05625 0.08194444444444444
2 0.6026041666666667 0.649074074074074 0.06380208333333333 0.09814814814814815
2 0.6598958333333333 0.7078703703703704 0.05703125 0.09398148148148149
2 0.7578125 0.6314814814814815 0.06979166666666667 0.0912037037037037
2 0.8471354166666667 0.5976851851851852 0.07239583333333334 0.09351851851851851
2 0.90390625 0.425 0.06484375 0.08425925925925926
2 0.8403645833333333 0.17222222222222222 0.05651041666666667 0.0699074074074074
2 0.14973958333333334 0.47175925925925927 0.04739583333333333 0.06851851851851852
2 0.21223958333333334 0.5037037037037037 0.046875 0.08287037037037037
2 0.12604166666666666 0.5912037037037037 0.045572916666666664 0.07083333333333333
2 0.1578125 0.6356481481481482 0.04765625 0.06620370370370371
2 0.11640625 0.7398148148148148 0.03567708333333333 0.056018518518518516
2 0.05963541666666667 0.6111111111111112 0.05026041666666667 0.0763888888888889
2 0.10130208333333333 0.9513888888888888 0.04921875 0.06435185185185185
2 0.14401041666666667 0.9740740740740741 0.05182291666666667 0.05138888888888889
2 0.2596354166666667 0.9722222222222222 0.0453125 0.04722222222222222
2 0.22890625 0.9143518518518519 0.03411458333333333 0.04861111111111111
2 0.47942708333333334 0.8328703703703704 0.06666666666666667 0.09074074074074075
2 0.49921875 0.9467592592592593 0.07135416666666666 0.08472222222222223
2 0.6950520833333333 0.9092592592592592 0.03802083333333333 0.06157407407407407
2 0.86640625 0.9375 0.06510416666666667 0.07361111111111111
2 0.89453125 0.9662037037037037 0.04140625 0.06759259259259259
2 0.9763020833333333 0.961574074074074 0.04453125 0.06481481481481481
2 0.9171875 0.7722222222222223 0.0546875 0.06574074074074074
2 0.8588541666666667 0.7796296296296297 0.03411458333333333 0.038425925925925926
2 0.7940104166666667 0.21851851851851853 0.03333333333333333 0.05138888888888889
2 0.76171875 0.14537037037037037 0.046875 0.0625
2 0.7354166666666667 0.06805555555555555 0.05260416666666667 0.05555555555555555
2 0.6997395833333333 0.125 0.04583333333333333 0.06111111111111111
2 0.4515625 0.029166666666666667 0.04583333333333333 0.041666666666666664
2 0.3380208333333333 0.04861111111111111 0.0625 0.06944444444444445
2 0.05963541666666667 0.16805555555555557 0.05260416666666667 0.06944444444444445
2 0.021875 0.4615740740740741 0.04375 0.08425925925925926
2 0.19765625 0.7277777777777777 0.04401041666666667 0.05277777777777778
2 0.41302083333333334 0.6824074074074075 0.04296875 0.04583333333333333
2 0.35260416666666666 0.7152777777777778 0.0390625 0.05277777777777778
2 0.43125 0.725925925925926 0.03229166666666667 0.05138888888888889
2 0.4041666666666667 0.7138888888888889 0.04479166666666667 0.04722222222222222
2 0.8302083333333333 0.23425925925925925 0.04296875 0.07083333333333333