2 0.537003135671218 0.9970555638048411 0.051307880423280494 0.005888872390317846
2 0.5957664672049944 0.9665114620695344 0.04760848498831081 0.06697707586093125
2 0.6115610487387708 0.9216253497130936 0.049578497840531574 0.08131462240869475
2 0.600279595416512 0.6102750301178284 0.06426116234772981 0.15792835924647214
2 0.6485812895871776 0.7149413811881815 0.04971820018457009 0.1283263572172936
2 0.7188592155069514 0.6164796888597581 0.05453920625076923 0.1326615231618668
2 0.6710278907069024 0.4769858718603713 0.06270565700135364 0.1291544930715607
2 0.6753202704103601 0.3724264047019494 0.05390505243632357 0.1150689305692742
2 0.6043328462378488 0.3163424436721764 0.05807171910299 0.11563023033893598
2 0.5652858369324473 0.2017577435012434 0.05363804030392529 0.10766152316186679
2 0.502931735554325 0.10217653138833019 0.05351152889134999 0.07539444069687488
2 0.41942072383413276 0.3281842466455299 0.05533404637012443 0.11157571427919366
2 0.453255503291497 0.39135879049219574 0.05779771231696837 0.13678620169281683
2 0.4615446643041705 0.6260113969782501 0.06141016913375192 0.13635141306534496
2 0.4619739594930468 0.8028494350298765 0.05676923658176468 0.1513905290940085
2 0.4149576603974397 0.6988214531005057 0.05177515165497747 0.09911770241491029
2 0.3752478156515309 0.7260368376385419 0.048850410754275944 0.10425228314321952
2 0.3252784932170532 0.7765263347318764 0.04631299712070884 0.10575332263903277
2 0.2967299951181241 0.5158840000137611 0.05968078655100299 0.13151129602209216
2 0.23751178490832955 0.49627632298640334 0.06579028583118027 0.15721292073416937
2 0.28879318810446647 0.1407851164720225 0.07196034186661772 0.14145836619320298
2 0.7678193540513104 0.18019426504070754 0.04714820841023766 0.057030060920997404
2 0.7174371208625565 0.3292528851094364 0.0384205531561463 0.0881043813754582
2 0.6458526074473964 0.9285708876276177 0.04877666306755278 0.13096381005265592
2 0.3295164170788726 0.27420406628190874 0.04125835543866145 0.0949366752129783
2 0.7610023524578563 0.23137957341608606 0.047374849372462315 0.09207492116376714