2 0.66664003544026 0.8582361741962247 0.054170485659762825 0.10977955415570224
2 0.7046888689092724 0.7525703800185569 0.04940116504291202 0.10115521440993752
2 0.7048110083846392 0.6853922493201888 0.05080911498885996 0.08551147580667391
2 0.6218935035155722 0.4144457664514195 0.06768224269420245 0.1605879053013444
2 0.6899323468594961 0.4704436927021775 0.05228715827873221 0.13002058834276975
2 0.7302126086295205 0.32665326533241845 0.05702011417698287 0.13494122438483067
2 0.6543034906645092 0.2387167753387255 0.06480534063803228 0.1326484572944381
2 0.6338040300317721 0.14131819094607792 0.05581480627661411 0.1182098896265125
2 0.5564648256215972 0.14658275971415616 0.060511397456264146 0.11942682196486966
2 0.49426101555695456 0.07447225119566195 0.05522124350607977 0.11077014817327943
2 0.4140962286253236 0.03707814307274221 0.054984872835176904 0.07415628614548442
2 0.3925366486729817 0.30314511556010976 0.05734094155801361 0.11460318806028592
2 0.43791146888389404 0.33321859096655776 0.060702312228916595 0.13887126640931405
2 0.5003736509718363 0.5378011749841107 0.06382731222891659 0.13906527068426833
2 0.5420642284874476 0.6968855275296065 0.06032693776998504 0.15365374717830324
2 0.47531837729720683 0.6398808402383583 0.053576922889228724 0.10233981270246899
2 0.4456373323835801 0.6954599185999523 0.051018212120812714 0.10680777210297021
2 0.41259682629559863 0.7804320019489925 0.048423136633796084 0.10757202779976752
2 0.3255691113343137 0.5685728217889509 0.06274928084364942 0.13529689888891333
2 0.26774620210802513 0.5976410308614786 0.06871481818121908 0.15972664746706985
2 0.23085821753149752 0.23767337275728576 0.07429852597348384 0.14526750715633763
2 0.6617634793015218 0.06963241101825741 0.03992616206676066 0.09038801639988989
2 0.737441684791637 0.6648366859146516 0.05179359848434923 0.13276603207472176
2 0.7445832118472578 0.8348675488038522 0.05239888852781054 0.08838625572192861
2 0.29868532765019207 0.325185114535351 0.043635633657644966 0.09709583620215115