2 0.534375 0.06759259259259259 0.07317708333333334 0.09259259259259259
2 0.5947916666666667 0.16898148148148148 0.07317708333333334 0.09490740740740741
2 0.4895833333333333 0.31296296296296294 0.06041666666666667 0.08148148148148149
2 0.6796875 0.3638888888888889 0.053125 0.07361111111111111
2 0.72734375 0.44212962962962965 0.0546875 0.0763888888888889
2 0.8010416666666667 0.44675925925925924 0.0578125 0.08888888888888889
2 0.8317708333333333 0.3726851851851852 0.041666666666666664 0.08101851851851852
2 0.8875 0.37222222222222223 0.045572916666666664 0.053703703703703705
2 0.88671875 0.3138888888888889 0.041666666666666664 0.05925925925925926
2 0.7981770833333334 0.2023148148148148 0.04505208333333333 0.06759259259259259
2 0.8216145833333334 0.028703703703703703 0.053125 0.05740740740740741
2 0.7380208333333333 0.0787037037037037 0.0484375 0.06111111111111111
2 0.7776041666666667 0.07731481481481481 0.04973958333333333 0.07083333333333333
2 0.7356770833333334 0.22268518518518518 0.03671875 0.06296296296296296
2 0.5875 0.5634259259259259 0.058333333333333334 0.08425925925925926
2 0.5328125 0.7347222222222223 0.04505208333333333 0.08009259259259259
2 0.6044270833333333 0.7805555555555556 0.0375 0.06296296296296296
2 0.42135416666666664 0.5837962962962963 0.04505208333333333 0.07222222222222222
2 0.28984375 0.40370370370370373 0.05755208333333333 0.06574074074074074
2 0.27109375 0.3384259259259259 0.0546875 0.07592592592592592
2 0.22395833333333334 0.2375 0.05390625 0.0824074074074074
2 0.20703125 0.05092592592592592 0.09114583333333333 0.08101851851851852
2 0.07942708333333333 0.11944444444444445 0.06458333333333334 0.0875
2 0.10104166666666667 0.2986111111111111 0.059895833333333336 0.08981481481481482
2 0.030989583333333334 0.47638888888888886 0.05 0.09212962962962963
2 0.03723958333333333 0.6083333333333333 0.05572916666666667 0.0824074074074074
2 0.06666666666666667 0.6837962962962963 0.057291666666666664 0.0875
2 0.1328125 0.6421296296296296 0.06614583333333333 0.09583333333333334
2 0.1703125 0.6787037037037037 0.03828125 0.062037037037037036
2 0.20598958333333334 0.7777777777777778 0.02734375 0.055092592592592596
2 0.20729166666666668 0.46064814814814814 0.05755208333333333 0.07824074074074074
2 0.13697916666666668 0.46064814814814814 0.05390625 0.06851851851851852
2 0.490625 0.8347222222222223 0.065625 0.08472222222222223
2 0.47265625 0.7240740740740741 0.05963541666666667 0.07453703703703704
2 0.3997395833333333 0.6305555555555555 0.044270833333333336 0.06944444444444445
2 0.36432291666666666 0.7305555555555555 0.04192708333333333 0.06157407407407407
2 0.31979166666666664 0.6949074074074074 0.03958333333333333 0.055092592592592596
2 0.30859375 0.7449074074074075 0.04010416666666667 0.0587962962962963
2 0.35234375 0.6231481481481481 0.03854166666666667 0.05185185185185185
2 0.35234375 0.5074074074074074 0.05677083333333333 0.07546296296296297
2 0.346875 0.4203703703703704 0.04375 0.06759259259259259
2 0.31302083333333336 0.2814814814814815 0.04010416666666667 0.06851851851851852
2 0.17317708333333334 0.22546296296296298 0.053125 0.08009259259259259
2 0.7791666666666667 0.5481481481481482 0.06666666666666667 0.08148148148148149
2 0.7059895833333333 0.9078703703703703 0.05755208333333333 0.08796296296296297
2 0.6466145833333333 0.8986111111111111 0.0625 0.07731481481481481
2 0.51328125 0.924074074074074 0.06979166666666667 0.08148148148148149
2 0.6588541666666666 0.737037037037037 0.05260416666666667 0.07175925925925926
2 0.39947916666666666 0.30833333333333335 0.03697916666666667 0.04722222222222222
2 0.4203125 0.26805555555555555 0.04973958333333333 0.07222222222222222
2 0.9375 0.612037037037037 0.04114583333333333 0.05416666666666667
2 0.7401041666666667 0.7787037037037037 0.04479166666666667 0.059722222222222225
2 0.7309895833333333 0.8208333333333333 0.03411458333333333 0.05277777777777778
2 0.06145833333333333 0.7898148148148149 0.04296875 0.06805555555555555
2 0.11614583333333334 0.8444444444444444 0.05260416666666667 0.06666666666666667
2 0.019010416666666665 0.8731481481481481 0.03802083333333333 0.06805555555555555
2 0.0546875 0.8430555555555556 0.046875 0.058333333333333334
2 0.5596354166666667 0.3347222222222222 0.0390625 0.06944444444444445
2 0.12265625 0.18518518518518517 0.04791666666666667 0.05694444444444444
2 0.31796875 0.025925925925925925 0.05572916666666667 0.05138888888888889
2 0.32864583333333336 0.06944444444444445 0.05182291666666667 0.05
2 0.34270833333333334 0.14027777777777778 0.04296875 0.06111111111111111
2 0.3109375 0.17222222222222222 0.06145833333333333 0.08055555555555556
2 0.4473958333333333 0.14027777777777778 0.05260416666666667 0.06666666666666667
2 0.6796875 0.5472222222222223 0.06041666666666667 0.08333333333333333
2 0.38776041666666666 0.8425925925925926 0.04895833333333333 0.0763888888888889
2 0.41796875 0.7564814814814815 0.03125 0.07361111111111111
2 0.30807291666666664 0.5925925925925926 0.04401041666666667 0.07361111111111111
2 0.25494791666666666 0.5611111111111111 0.04114583333333333 0.075
2 0.19192708333333333 0.5175925925925926 0.04401041666666667 0.04861111111111111
2 0.2947916666666667 0.5064814814814815 0.06041666666666667 0.07083333333333333