2 0.10130208333333333 0.12916666666666668 0.07005208333333333 0.07685185185185185
2 0.1640625 0.2199074074074074 0.06588541666666667 0.07314814814814814
2 0.11302083333333333 0.2962962962962963 0.06744791666666666 0.09027777777777778
2 0.0703125 0.24166666666666667 0.06328125 0.06157407407407407
2 0.054427083333333334 0.3125 0.04921875 0.07592592592592592
2 0.17942708333333332 0.33287037037037037 0.05078125 0.06666666666666667
2 0.24583333333333332 0.3162037037037037 0.0515625 0.07546296296296297
2 0.29348958333333336 0.22546296296296298 0.04791666666666667 0.06898148148148148
2 0.3302083333333333 0.20925925925925926 0.037760416666666664 0.0763888888888889
2 0.49947916666666664 0.2861111111111111 0.07916666666666666 0.08796296296296297
2 0.4513020833333333 0.18287037037037038 0.06458333333333334 0.06620370370370371
2 0.5192708333333333 0.0787037037037037 0.06614583333333333 0.075
2 0.5869791666666667 0.18796296296296297 0.06276041666666667 0.0912037037037037
2 0.6453125 0.19953703703703704 0.05651041666666667 0.07685185185185185
2 0.6625 0.3333333333333333 0.05572916666666667 0.08472222222222223
2 0.71796875 0.42268518518518516 0.052083333333333336 0.07824074074074074
2 0.7661458333333333 0.55 0.0453125 0.08287037037037037
2 0.61953125 0.6527777777777778 0.05364583333333333 0.08055555555555556
2 0.59140625 0.5824074074074074 0.06770833333333333 0.08055555555555556
2 0.4635416666666667 0.524537037037037 0.06666666666666667 0.08703703703703704
2 0.36614583333333334 0.4912037037037037 0.0765625 0.07546296296296297
2 0.41432291666666665 0.5921296296296297 0.04739583333333333 0.07685185185185185
2 0.39166666666666666 0.6564814814814814 0.050520833333333334 0.07037037037037037
2 0.35390625 0.7337962962962963 0.052083333333333336 0.06527777777777778
2 0.49192708333333335 0.8319444444444445 0.06432291666666666 0.08472222222222223
2 0.49114583333333334 0.9384259259259259 0.078125 0.09027777777777778
2 0.19739583333333333 0.763425925925926 0.03802083333333333 0.05694444444444444
2 0.13359375 0.46805555555555556 0.04244791666666667 0.07175925925925926
2 0.05911458333333333 0.4703703703703704 0.036458333333333336 0.06111111111111111
2 0.07265625 0.525 0.04140625 0.05787037037037037
2 0.6971354166666667 0.9148148148148149 0.06770833333333333 0.10555555555555556
2 0.8442708333333333 0.9347222222222222 0.045572916666666664 0.0699074074074074
2 0.8830729166666667 0.9768518518518519 0.04635416666666667 0.046296296296296294
2 0.9768229166666667 0.9439814814814815 0.04635416666666667 0.0824074074074074
2 0.8393229166666667 0.3509259259259259 0.03984375 0.055092592592592596
2 0.8583333333333333 0.387037037037037 0.06015625 0.12453703703703704
2 0.7908854166666667 0.07361111111111111 0.06614583333333333 0.07546296296296297
2 0.67734375 0.13425925925925927 0.04375 0.05416666666666667
2 0.33307291666666666 0.14814814814814814 0.06640625 0.06527777777777778
2 0.22317708333333333 0.1763888888888889 0.06927083333333334 0.07777777777777778
2 0.18854166666666666 0.44074074074074077 0.04895833333333333 0.07361111111111111
2 0.18958333333333333 0.5194444444444445 0.04895833333333333 0.06388888888888888
2 0.1578125 0.6018518518518519 0.03619791666666667 0.04861111111111111
2 0.6317708333333333 0.8194444444444444 0.046875 0.058333333333333334
2 0.9067708333333333 0.7796296296296297 0.03619791666666667 0.07361111111111111
2 0.9744791666666667 0.7125 0.029166666666666667 0.05
2 0.8286458333333333 0.4824074074074074 0.03619791666666667 0.043055555555555555
2 0.73984375 0.0763888888888889 0.04401041666666667 0.06944444444444445
2 0.03802083333333333 0.649074074074074 0.03333333333333333 0.043055555555555555
2 0.0546875 0.5847222222222223 0.05677083333333333 0.06666666666666667