2 0.8973645836847067 0.7063972493234657 0.07038670783841638 0.10926144619941885
2 0.9532081934542408 0.6580438804566875 0.05691123343885636 0.07972960664144803
2 0.9091993424601953 0.5683917514897462 0.05384685224768664 0.0830123355179054
2 0.9638413783535728 0.558246914235158 0.0694415428432715 0.08326535780228499
2 0.7212072528586558 0.6911531132315777 0.06968401807859266 0.09808017261710002
2 0.6337969600153843 0.628690928142381 0.0623317326030957 0.09339419431648821
2 0.6533473725032469 0.6910149752293218 0.05420098385673668 0.07289731280392794
2 0.544319709597504 0.64724035467159 0.06928442236291966 0.10541741755329971
2 0.8499886020714449 0.4269653867773133 0.049022959927818494 0.07404753994370257
2 0.9696551488407973 0.3764985966690713 0.060689702318405384 0.0987392624584206
2 0.9484539693628261 0.25594645995560866 0.06565374373179367 0.10585220618077158
2 0.8799264992739739 0.2628580101046088 0.050797625758724506 0.08722099032028881
2 0.7097033618145981 0.3869375515290816 0.04531650778565487 0.06985269894154492
2 0.5973536877801567 0.331546868761559 0.0728696368874227 0.10220485114804995
2 0.5439990187381115 0.4681858386118476 0.06752491123422147 0.0931698931026394
2 0.43699206646404415 0.388412257549929 0.06772192236291967 0.10520693013967654
2 0.38697090008335405 0.29817810811298756 0.06006096938499515 0.11341375233081998
2 0.4881309240344412 0.027170835766937382 0.07074083944746666 0.054341671533874765
2 0.4233310724684427 0.11186232301828632 0.03915743599890031 0.07456630484260784
2 0.38324362617660485 0.03464977248315221 0.03478818474525909 0.06929954496630442
2 0.37369992055949414 0.005553541655213194 0.05293199665695667 0.011107083310426388
2 0.14259032066501723 0.08518771820497897 0.062210494985435065 0.08598678690908078
2 0.10705886627937877 0.30619064428629855 0.06720108902958627 0.10513676766846881
2 0.22344996157717123 0.2895834060454477 0.045255888976824706 0.06614899523784122
2 0.23984628571713554 0.4302816119154319 0.07600979158963028 0.1035517519012222
2 0.10258641244352455 0.6069906058050745 0.06267070950993817 0.08235324567658482
2 0.15304114711385317 0.9310141446381995 0.05556089926976219 0.09248208219078782
2 0.06898796542566071 0.8982586585499529 0.05586956677218969 0.07958928169903258
2 0.2427560821450889 0.9110407479844979 0.05110629326115189 0.07432818982853347
2 0.4380123157380181 0.7696694378175618 0.06447568474525908 0.0973785479050228
2 0.4965394352507053 0.6620286353560333 0.06343401807859242 0.09723822296260735
2 0.5012010718521515 0.851169999794262 0.05155135308344742 0.06976872267011155
2 0.33796162278922354 0.6365286048727125 0.045129077900888014 0.09015290684070747
2 0.3660719063072222 0.7594093702012156 0.05288095909205772 0.0875016402051196
2 0.34105039531042775 0.8411933157379461 0.054134791589630284 0.100604928110498
2 0.5445457154699987 0.27834284946154175 0.05700216165210179 0.08528516219700359
2 0.7081268345648055 0.1630457905331396 0.047890365047906634 0.06835165944573168
2 0.7989827246633678 0.10116015856354423 0.03886949665695691 0.056973712250015254
2 0.9817789425087452 0.7663761203199411 0.036442114982509585 0.0818057597071486
2 0.9459281119243329 0.723518331847863 0.06423320950993817 0.08256373309020798
2 0.3008933445939354 0.062006475105980875 0.05052484111898833 0.07055432365362209
2 0.300574844835574 0.5209292825444669 0.0552274958211959 0.07211171182041745
2 0.02205773286690316 0.2633552167196783 0.036416877012365644 0.06588215915323598
2 0.40930630181606076 0.8974201347299282 0.06463280522561092 0.0752264881540083
2 0.25508058201318506 0.8189036647197155 0.05686576933223376 0.07695182886367025
2 0.5733757537387547 0.14222373798023807 0.030920604337088757 0.04758794184856617
2 0.7666559579703204 0.08741959498726333 0.01679748552825847 0.04198985142225409
2 0.7836936638290696 0.5862268329767321 0.050954746239076344 0.06506893056927421
2 0.7050402531446325 0.5963584031661345 0.04216119838123997 0.06757987226244663
2 0.8618880810455205 0.65967416476989 0.03237702142163575 0.04131694778070785
2 0.6929227838693721 0.8606055580462147 0.01863277016799453 0.05886700550254402
2 0.6481889492823975 0.8861190562501267 0.044477425705963 0.05033809202589265
2 0.28457263655710807 0.707286509039845 0.06121429242539118 0.08862423974444314
2 0.0770092190990186 0.19238682513892272 0.05571801975011412 0.07033002243977332
2 0.6313418046536579 0.17570956985109282 0.03447550945717666 0.04252352359146467
2 0.6592430536859931 0.09446565664864581 0.027871377848126617 0.05179659665094947
2 0.6023262467888605 0.061302462798338606 0.03556264023046604 0.04544162631165784