2 0.7178334866417335 0.28666360592473344 0.05974195982240502 0.13433033017750423
2 0.6509895202411677 0.24321743480017902 0.06711851581733086 0.13863779358460473
2 0.5817133697213596 0.11310079502993559 0.07087046081098809 0.1435693030659327
2 0.6032245231945235 0.4560345637401691 0.06041134948019173 0.1408549373520856
2 0.6813698593288426 0.4259977243571927 0.05448145685665556 0.1089421989396064
2 0.6762031076688102 0.6741027468122411 0.0572766245119053 0.11749116073843838
2 0.6640652282139892 0.8294439503780168 0.059774679518247824 0.11307715957430771
2 0.756014420077133 0.8435483991120674 0.04462011561465668 0.04158552118334329
2 0.5959236094688191 0.899315890946639 0.04912633959436003 0.056745341542956275
2 0.5492170472252601 0.7257428682460885 0.05150501318110893 0.11516492626248935
2 0.5834129750958694 0.6286461936760083 0.053503457186183094 0.11163372533118474
2 0.5722384846521734 0.5491687804479469 0.05814851252205363 0.11017000471723072
2 0.4965894311287055 0.5383355020108833 0.05525695817476629 0.12009643574381727
2 0.5132026104697959 0.6640331033344569 0.05500229018998866 0.10898532463270616
2 0.45341023020354915 0.5964367499350443 0.06163429216715504 0.1261694996165701
2 0.4335274940313199 0.7154524903999291 0.06019912615954392 0.1315956780928262
2 0.39362094002595405 0.47200376632393654 0.0572766245119053 0.11749116073843847
2 0.39154201447443254 0.3132188896887747 0.06857490415700683 0.13413754103427442
2 0.3511632751840835 0.226455855898628 0.06517401384016447 0.12184174983863874
2 0.38146576811163124 0.05551927892806776 0.06311190283889587 0.11103855785613552
2 0.5229017173395741 0.9326251771023213 0.04997700527244362 0.048498259595822484
2 0.2575053005081437 0.9559866066255417 0.034809171609582516 0.04446983671815166
2 0.30565670731376593 0.5675454316113242 0.06501396015193267 0.13753936488627982
2 0.23932959796013606 0.5582507055132795 0.0625795721417844 0.14473114382818827
2 0.23405977831459696 0.20981337365028654 0.042386453561378205 0.08021565591363371
2 0.6974449128770978 0.0038696182364959023 0.04156850757913778 0.007739236472991805
2 0.671224628783372 0.038270312474048475 0.0437464552090167 0.07654062494809695
2 0.757736495856116 0.4395440920323844 0.03324489921409111 0.08962457862302307
2 0.761964194132657 0.6406628071015401 0.052259292167155046 0.12539323714077422
2 0.3983898077701473 0.6495113702819814 0.03470128755376697 0.08512432607269266
2 0.38802001675633924 0.7617323297525519 0.03772017589344294 0.08075345060166186
2 0.37159783840383204 0.6277013950956449 0.03588178557660058 0.06858703648532541
2 0.3820162774659904 0.6721230002178203 0.035849065880757536 0.08984020708852203