2 0.749161029604379 0.5030292795094523 0.053979033276863694 0.11183601922085236
2 0.7100308831780414 0.37736255746668657 0.047729033276863696 0.11105905464370212
2 0.6747607550969685 0.3932653815184438 0.04126668766629583 0.1038006085850706
2 0.6695004288968429 0.1772882924830755 0.04898818240462409 0.10199403652873047
2 0.5349462298067288 0.09969905763157239 0.04905912628012435 0.07249390099529254
2 0.5964045631400622 0.10733920930688186 0.046975792946791016 0.07223491280290917
2 0.5837650008063581 0.20443849841403275 0.05722537362575934 0.11592820521313109
2 0.6181143165537272 0.2870917720515828 0.046378878887431085 0.11734629498089615
2 0.5271813148468947 0.1872606320344965 0.055293715728545814 0.12029884665037738
2 0.44965836575678064 0.11676119894948815 0.04751155081576973 0.12025356685486562
2 0.2520013867328809 0.23466252631980872 0.05346333679405646 0.09609527848011157
2 0.2969822831827474 0.3172542255544347 0.06797572625188954 0.1274083313602331
2 0.35137646300359365 0.33093236300084683 0.05378674905246754 0.13763245105058652
2 0.42089487087727817 0.37876607815325414 0.045888380641321905 0.11820747385872618
2 0.461529901570364 0.39995530456033773 0.05330652450741056 0.10714164254312684
2 0.5306061252620047 0.3947101465922439 0.04929153327686369 0.11125329578798979
2 0.5696581085529857 0.47840910662561953 0.05330652450741032 0.10714164254312684
2 0.636375171693048 0.5199005680190291 0.039643517491848 0.1017545155889313
2 0.641036987440417 0.5988632599151161 0.05685107887801972 0.13616908148730958
2 0.610873913729953 0.6439877640553439 0.0562443771335405 0.11765056296879127
2 0.7127675312641534 0.6746366204655408 0.04451302801519172 0.10789279457734943
2 0.7399693935131528 0.7370361115574484 0.050540408703571654 0.1335402650583079
2 0.7821398865681775 0.6071828242138783 0.04303639642633736 0.12615232490348438
2 0.5455060329474567 0.786172838488331 0.0528766964357492 0.10985467327280873
2 0.600186070679634 0.7689943250364641 0.06672685082518133 0.10512136208991521
2 0.5231034663702006 0.6169389297955865 0.05015118942018652 0.1058272343286258
2 0.5104676875015925 0.4687455018519266 0.04772903327686358 0.11105905464370212
2 0.48052112422035603 0.6946392699445814 0.046444685912405366 0.10352215314010314
2 0.4478196908681994 0.7256158970035368 0.06010255607744171 0.12458527378694355
2 0.48524850398473257 0.8072687640407731 0.0565225297690823 0.11030790260947974
2 0.6451181670495018 0.9747878465674737 0.04794651573795742 0.05042430686505247
2 0.6657622705996353 0.9260743931766668 0.05140520169742094 0.11243820990629906
2 0.6054291469268178 0.8973645598733966 0.056335382395212484 0.12042834074656883
2 0.2593671900618413 0.570320408094249 0.052780554323551006 0.12275288918767602
2 0.33211444532351314 0.5821303990813967 0.053433001706832545 0.0951693525541857
2 0.2811897111791159 0.4526920536416599 0.04795165258848364 0.0861885487398939
2 0.3161365653473751 0.8623235005820818 0.025136264884541147 0.05476546901616496
2 0.2863050951870446 0.8304892986720216 0.02752294909011397 0.06428371646780735
2 0.3069797768323687 0.7094907093825001 0.02645094733622339 0.06322829644568986
2 0.34594075486167786 0.790411891638098 0.027613954351785944 0.06706149424558513
2 0.37091555662498016 0.7769178303281278 0.02446375611508813 0.05007109233843923
2 0.2853742521602548 0.9129064397057212 0.02213260523343692 0.05808069043129333
2 0.4151450521461374 0.9553202229983312 0.02382158243285891 0.046302641586639846