2 0.2628670952102266 0.6373482323265608 0.05917084974040421 0.11659264550194798
2 0.3053117869275489 0.7475485281423957 0.05289054033598906 0.11454684848422719
2 0.33990374338042045 0.7173232441120269 0.045998469384995154 0.1069293338137948
2 0.35149959648603685 0.9312063951463617 0.05379581468278758 0.1062458393452053
2 0.48757906226418124 0.9501200738397015 0.0526839479633594 0.07011856613693858
2 0.4259994913131874 0.9594346087114883 0.05139980606137182 0.05527142712781209
2 0.4355424140939874 0.8693692813907593 0.06289245658477528 0.12133540981166802
2 0.39918659411065816 0.8006255449785663 0.05193980188256783 0.12007007984547129
2 0.49211344956948433 0.8639119901456559 0.06086974206027224 0.12497446512674859
2 0.5711114106190404 0.9035688189104546 0.05356292069139788 0.12382226984064228
2 0.7635713506426721 0.7060272299276703 0.05736587450508305 0.10172934439566587
2 0.7164778285171792 0.6413185202108742 0.0734909796779327 0.13276976286589431
2 0.6622050789350595 0.6494808597965543 0.06060653866446728 0.1406990437703337
2 0.5917278811036039 0.6299196457504781 0.05143412325144207 0.12097984367424137
2 0.5509485473523903 0.6247068888957236 0.05805340956269968 0.11193069167800711
2 0.4827325314951036 0.6578264800444904 0.05446819503819664 0.1155212607016202
2 0.44168163416067063 0.5896911654696624 0.05805340956269968 0.11193069167800711
2 0.37424608546707344 0.5751255714332442 0.04491133861170577 0.10411923184170556
2 0.3671781697680714 0.4980693501729215 0.0637315386644674 0.1407960163532683
2 0.39596718993606583 0.4407231964936069 0.061865944620316186 0.12222901154328249
2 0.29377019633617585 0.45083541198057975 0.049704921527158774 0.11074617219758891
2 0.26519935367756964 0.39943375565506517 0.057420919855637166 0.13689836748369544
2 0.22713540474654556 0.5463741926435678 0.04947202753576908 0.12832260269302567
2 0.45625469701786386 0.2718076551282661 0.05757804033598906 0.11469230735862905
2 0.40250835422735387 0.3114191520011163 0.0705382548604921 0.11139265608381915
2 0.4835581181493112 0.43245240861588413 0.05541893349161787 0.1099980293403763
2 0.500219555973806 0.5753810105882176 0.05289054033598906 0.11454684848422697
2 0.5233699930722748 0.33774597595641753 0.05172763605166194 0.10710711688250832
2 0.5548114307426969 0.29327389370570933 0.06563301557130999 0.1297495536307802
2 0.5155607180216192 0.22647090067972497 0.061223873669322394 0.11480544203871924
2 0.35135189984171544 0.09737543146173007 0.05275414801612091 0.10621351515089383
2 0.33307604801190926 0.18030810702669958 0.05656668307373754 0.11651183501616928
2 0.3936546257808934 0.18444374122657242 0.06191140872693879 0.12500678932106016
2 0.3255650763834391 0.06671013588661433 0.04407782999029 0.05319330591577969
2 0.4155472225961347 0.023660558446624215 0.045534247074837116 0.046760310725765475
2 0.7461179541218308 0.37294206590622736 0.05881671813135393 0.12676166858997753
2 0.6737400622198432 0.3899953311771146 0.05733556510066791 0.09987749254381423
2 0.7279110812882693 0.49936901684398183 0.05145485141192575 0.09044045021584145
2 0.6812950258864165 0.10333236556868382 0.028007770167994293 0.05732191053358086
2 0.7119436284200797 0.12320405412124963 0.030748329154529113 0.06573605435269296
2 0.6949933748132289 0.2523683775938924 0.029706662487862447 0.0657037301583814
2 0.654149852687736 0.1874657227112271 0.03079379326115183 0.06851383213047073
2 0.6295598124836508 0.21090244541415504 0.026890329990290004 0.05265995670963969
2 0.7101749742676564 0.04043065633381378 0.024913079572409676 0.059076789802498156
2 0.5803889687033073 0.05047353704411581 0.025788044514793284 0.04892392881162448