2 0.60546875 0.17314814814814813 0.06640625 0.09398148148148149
2 0.7872395833333333 0.07592592592592592 0.058854166666666666 0.0824074074074074
2 0.8609375 0.22777777777777777 0.05625 0.08333333333333333
2 0.9611979166666667 0.24953703703703703 0.045572916666666664 0.059722222222222225
2 0.8989583333333333 0.3189814814814815 0.05625 0.06296296296296296
2 0.6747395833333333 0.3037037037037037 0.06692708333333333 0.0837962962962963
2 0.7096354166666666 0.44583333333333336 0.06770833333333333 0.08703703703703704
2 0.7716145833333333 0.5398148148148149 0.06536458333333334 0.08842592592592592
2 0.8104166666666667 0.44351851851851853 0.0578125 0.08472222222222223
2 0.7098958333333333 0.6796296296296296 0.05390625 0.10601851851851851
2 0.6208333333333333 0.6537037037037037 0.04921875 0.0837962962962963
2 0.621875 0.4981481481481482 0.05859375 0.08657407407407407
2 0.57578125 0.6013888888888889 0.03828125 0.0763888888888889
2 0.5104166666666666 0.5 0.06640625 0.08703703703703704
2 0.465625 0.4412037037037037 0.07213541666666666 0.08564814814814815
2 0.4546875 0.3675925925925926 0.07161458333333333 0.07407407407407407
2 0.5028645833333333 0.29305555555555557 0.07760416666666667 0.09490740740740741
2 0.40963541666666664 0.34305555555555556 0.054947916666666666 0.08194444444444444
2 0.38515625 0.5041666666666667 0.058333333333333334 0.09537037037037037
2 0.4140625 0.6129629629629629 0.059375 0.0912037037037037
2 0.49322916666666666 0.7064814814814815 0.06067708333333333 0.07592592592592592
2 0.5859375 0.7958333333333333 0.065625 0.08657407407407407
2 0.6953125 0.9143518518518519 0.05807291666666667 0.08009259259259259
2 0.8518229166666667 0.9287037037037037 0.06458333333333334 0.08472222222222223
2 0.9078125 0.7925925925925926 0.04791666666666667 0.06342592592592593
2 0.9028645833333333 0.6828703703703703 0.052083333333333336 0.06620370370370371
2 0.3546875 0.7282407407407407 0.05234375 0.0763888888888889
2 0.5002604166666667 0.9435185185185185 0.06979166666666667 0.08935185185185185
2 0.4979166666666667 0.8055555555555556 0.07239583333333334 0.09768518518518518
2 0.20703125 0.4564814814814815 0.0546875 0.08935185185185185
2 0.10026041666666667 0.31527777777777777 0.07421875 0.09074074074074075
2 0.13359375 0.18935185185185185 0.06666666666666667 0.08518518518518518
2 0.203125 0.05324074074074074 0.06822916666666666 0.1
2 0.21197916666666666 0.3162037037037037 0.04296875 0.08518518518518518
2 0.0375 0.14166666666666666 0.075 0.08888888888888889
2 0.043229166666666666 0.6125 0.045572916666666664 0.07453703703703704
2 0.15026041666666667 0.4847222222222222 0.04296875 0.0699074074074074
2 0.12760416666666666 0.6282407407407408 0.040625 0.08101851851851852
2 0.18359375 0.6402777777777777 0.038802083333333334 0.0837962962962963
2 0.18307291666666667 0.7148148148148148 0.03046875 0.0837962962962963
2 0.20494791666666667 0.7555555555555555 0.05520833333333333 0.0763888888888889
2 0.2578125 0.7166666666666667 0.046614583333333334 0.0763888888888889
2 0.28802083333333334 0.7615740740740741 0.03567708333333333 0.08055555555555556
2 0.43072916666666666 0.9685185185185186 0.025520833333333333 0.0625
2 0.3026041666666667 0.5041666666666667 0.04114583333333333 0.05555555555555555
2 0.05130208333333333 0.4791666666666667 0.022395833333333334 0.044444444444444446
2 0.10260416666666666 0.4222222222222222 0.04895833333333333 0.07222222222222222
2 0.33697916666666666 0.2037037037037037 0.05859375 0.06527777777777778
2 0.77109375 0.27361111111111114 0.04791666666666667 0.06944444444444445
2 0.8817708333333333 0.4685185185185185 0.04479166666666667 0.08194444444444444
2 0.91953125 0.4638888888888889 0.05963541666666667 0.09166666666666666
2 0.7606770833333333 0.7574074074074074 0.04296875 0.07361111111111111
2 0.6734375 0.7305555555555555 0.026302083333333334 0.04722222222222222
2 0.65859375 0.8074074074074075 0.026302083333333334 0.04027777777777778
2 0.4046875 0.9462962962962963 0.020572916666666666 0.034722222222222224
2 0.39505208333333336 0.9861111111111112 0.028385416666666666 0.027777777777777776
2 0.37213541666666666 0.018055555555555554 0.05078125 0.03611111111111111
2 0.4942708333333333 0.19537037037037036 0.05260416666666667 0.0763888888888889