2 0.3601851692399102 0.21441627032663263 0.07723711179556503 0.1146645995303496
2 0.17242558230665236 0.17265140514925686 0.06809193871646718 0.09975820776480675
2 0.11122103881175084 0.3447386467149828 0.06548777204980052 0.09973127336753389
2 0.019909047249271325 0.39561277994582683 0.03981809449854265 0.07270704137313512
2 0.08058363034334125 0.4458312572338693 0.06302249280015122 0.0802652814052711
2 0.30176997931404387 0.363842567664719 0.07597719031957505 0.10354271466032927
2 0.27823243482073406 0.5145557118521887 0.07709160858934941 0.10725719212294225
2 0.22421787611044466 0.6255937914205312 0.07554729649012645 0.10816695741050437
2 0.17818944322998184 0.542230521580066 0.06710483575213134 0.10252521178367546
2 0.29636899147766155 0.7448826337010559 0.06590609376767038 0.12102756966383017
2 0.38256195182194774 0.6929856107141033 0.05815972958157995 0.09780400520331775
2 0.3691657994005333 0.539575183270543 0.06818287822035198 0.10438783739443638
2 0.42291579277711133 0.6276488859324567 0.04702216267303345 0.08750569554958634
2 0.4799586259277266 0.508307100867781 0.07604994192268275 0.10724641836403298
2 0.5196494382379404 0.4369437772484339 0.0812582752560162 0.10730028715857892
2 0.5247866794349838 0.36105555947869017 0.07999835378002611 0.09617840228855853
2 0.4712450171839317 0.3021566038026251 0.0877083421645627 0.11755011489721912
2 0.5674594667001721 0.32352624031182164 0.06440972958157995 0.09786864775677276
2 0.604338588873529 0.47486426251602354 0.06886740266067785 0.11272655760722425
2 0.5840872573260216 0.5908821188785439 0.06929729649012634 0.10810231485704935
2 0.5130455818281255 0.7068377174572049 0.06850364464513893 0.09420803908870573
2 0.4282018229968963 0.8226505637303194 0.07499008735523915 0.10630971867919799
2 0.3293162302276342 0.9618174096599256 0.06666832613348461 0.07636518068014893
2 0.17587872801982687 0.9901760444084038 0.07229332171786992 0.019647911183192347
2 0.10913187526648178 0.9152032874758084 0.054634595764487 0.07740131355621976
2 0.10528846422482876 0.8058820791028214 0.05941303526837176 0.08207942510094081
2 0.6520055702126621 0.6869743310958292 0.06063658094280792 0.09134945811910913
2 0.5245625944137247 0.9426528588684452 0.07975033895834709 0.1100619042979929
2 0.5160473931116585 0.8059629668860977 0.08307540586689346 0.1202794107599057
2 0.7771725912923271 0.3747793071252766 0.06455523278779557 0.10527605516418016
2 0.871692280219785 0.2039627517705703 0.08397156932734452 0.1128827771114074
2 0.8288773086820167 0.08960789780885953 0.0760135661211289 0.10539456651218118
2 0.7481646814883457 0.021629834665132245 0.07762897035664196 0.028575035937056844
2 0.7611053066569274 0.2380113053908374 0.052430562914913284 0.09774474952931726
2 0.9197304871751375 0.039148245625887125 0.0834556923163916 0.060110386213084205
2 0.9517071403556969 0.4798462000011228 0.05431382933970023 0.08758111186195042
2 0.8355662743837805 0.385570516249103 0.050577056502482044 0.08291377407613865
2 0.8691269454377892 0.5202041636304561 0.049735456744361764 0.09308818550241477
2 0.8146477765633153 0.5488132882735729 0.04819114464513869 0.09399795078997689
2 0.8210143384515476 0.6225052025765028 0.03982143551025151 0.09205990886685168
2 0.8026479327956448 0.6690840013740333 0.06377976884358484 0.09230770532176268
2 0.7470948590809583 0.6462826896104429 0.05539187180792074 0.08944373747271155
2 0.7207795441692285 0.6997251296605991 0.044472559708697665 0.09025653893009104
2 0.5956017807113938 0.9461659456917744 0.03261409255827132 0.06976765721171971
2 0.6860887561448952 0.4502416527479763 0.04716105009005081 0.06806663798459632
2 0.9331506025140818 0.3504613647165453 0.0275628345427324 0.05120065677810999
2 0.8779430989141573 0.31006746036036226 0.05689980810558997 0.08668212033329746
2 0.6284093795841964 0.16440196170905866 0.06514220193503846 0.08213868077494124
2 0.20385331264737724 0.3628298343272564 0.0558035777365923 0.08389356879661052
2 0.1093022042407458 0.5882867930705016 0.053938499212582425 0.09498313238990329
2 0.07166579498491867 0.5948433821942156 0.06931548439090338 0.10902824078297528
2 0.2521113786836881 0.8365732326551366 0.051170641438923185 0.0866228646592971
2 0.3364905163116962 0.78419439262713 0.03128141947917342 0.05494206863799583
2 0.3572254646185376 0.8557196313002462 0.030633270840401395 0.04845520027705982
2 0.6196212935362563 0.9167787256376012 0.024758600967519348 0.04098853719565172
2 0.6321932154059551 0.9530272021748043 0.030917661463634262 0.036423550119477316
2 0.5787971225953382 0.01154307206933043 0.05386408814265688 0.011665959694933706
2 0.4718890392337323 0.20306906252991455 0.061157414276141256 0.09135484499856376