2 0.7326825541781136 0.45095926649118656 0.0461158927485324 0.11242134568870084
2 0.7181313000427813 0.5684221048048465 0.04630995836748137 0.11982875309610824
2 0.6636499947629145 0.5577228566890647 0.05217182712958343 0.10533723859505455
2 0.6375819544400428 0.4478942594045855 0.04359591177256401 0.09564691225078031
2 0.7154936567418692 0.32072840295838895 0.045376735593881536 0.10406107066255403
2 0.695566454508339 0.21538977265433767 0.04474745836748137 0.11974792801766786
2 0.7100577811553417 0.08030740005527175 0.045509437689316694 0.08927319754055263
2 0.3962742504825807 0.05341341114061888 0.03791382547545048 0.05744147405249641
2 0.49191132554524947 0.29479162319675767 0.03940498690352854 0.09450545278234691
2 0.5655186329618298 0.2921089204019713 0.04549802660572458 0.10869070029218367
2 0.5405043884068093 0.1818712435401559 0.03717610435598336 0.08884213045553756
2 0.5968577675777925 0.5092995583695034 0.04423803611774038 0.10030348357322341
2 0.6154664878701931 0.5654294061354135 0.030211205403701296 0.0810844810415553
2 0.5661193052813699 0.5976460509259857 0.04250572870115998 0.09374117701330155
2 0.5162812917023177 0.46943503529605174 0.04371720278440705 0.10027654188040995
2 0.4784181366843804 0.4614497732021521 0.041088777915371584 0.09921590749041692
2 0.43447766115339126 0.3669223329121262 0.03921092128457957 0.0870980453749395
2 0.4220283316109045 0.3046208331320892 0.0337114895228229 0.07571751733569398
2 0.48780023966242086 0.6010122044113769 0.0381692546179129 0.08704416198931257
2 0.503814768336563 0.7163474280509193 0.04196063716545796 0.09278830939456216
2 0.6117934856651835 0.8151146224829243 0.04876857581993619 0.11440790600461978
2 0.654741528951835 0.8878019784352505 0.04824774248660286 0.11438096431180653
2 0.660531379723363 0.7165730363709879 0.03841183664159923 0.09630342124857183
2 0.5194675394290122 0.952651835585921 0.04369294458203825 0.09469632882815791
2 0.49382114557722356 0.9086840745617843 0.04015555514177175 0.08344822505686272
2 0.45787506796505956 0.9637870217682062 0.04523118637966969 0.07242595646358765
2 0.47714522187974057 0.8285475069538338 0.03705481334414043 0.08421250082590809
2 0.43859713165368575 0.836752477717231 0.03923517948694825 0.08802397130086521
2 0.4053929489267676 0.7803312255155076 0.03681223132045422 0.07495324156664862
2 0.38541719168956035 0.8460549329337039 0.04461332023686187 0.09477486971048131
2 0.43321260594332356 0.6839527124317744 0.04454054562975607 0.09199709193270354
2 0.3891701100786559 0.5634589336766024 0.04091897049879142 0.09273442600893524
2 0.39470018500322973 0.7107031434065035 0.04515841177256388 0.0957277373292207
2 0.3427631189017 0.6825190694693831 0.04232451020098722 0.10667719828345104
2 0.31912796319479125 0.78838584620129 0.04139128742738739 0.09090951584989684
2 0.3498870936056227 0.7987851732199859 0.04559505941519906 0.11239440399588738
2 0.36343370919755386 0.9878589250751391 0.03551513551132501 0.024282149849721935
2 0.47631489185316994 0.1734513518851034 0.030683522332297267 0.07925957088251702
2 0.6558311098024661 0.3983069014580593 0.028842771022650263 0.08841106337052254