2 0.3972324551638915 0.6423844294394382 0.08678596223212078 0.14031289256544352
2 0.4967782867202248 0.6402029284383173 0.08624088712072672 0.13654444181364414
2 0.5839428442870577 0.7771724771636405 0.06684278445257542 0.1147043565896537
2 0.5639971836277089 0.8755633188967595 0.06629770934118161 0.1109359058378539
2 0.49120457362611797 0.8637621987727964 0.07361967823042383 0.11647199414082555
2 0.6235470242812245 0.6957980655713717 0.07687800800975708 0.13723084679977082
2 0.7165546198281189 0.5707176709881939 0.07160907023127218 0.1273241170595531
2 0.7352040751511648 0.43356743446237767 0.07259013245278752 0.11819435189648562
2 0.7905760404864071 0.4517042473642183 0.07320793289836303 0.13307391375939623
2 0.8165790440536642 0.6018371297963586 0.05472422756206043 0.09191887818715301
2 0.6895091087417541 0.8984175797556353 0.07053067600254555 0.04207418482627224
2 0.7477969887412238 0.8842214659244564 0.057079916003606 0.054279650464669066
2 0.8462678211860571 0.8770768664269347 0.0559715844472727 0.04396497118329232
2 0.9045526709632694 0.8624177896327928 0.05398521822618155 0.05852079780572358
2 0.885496253620285 0.7382950474272586 0.06411134845109055 0.09493617690473002
2 0.8880180569435429 0.605929747170191 0.050975366671969384 0.07572490810974125
2 0.600092913590059 0.37761936120996786 0.07626626800869664 0.12327721086278605
2 0.6325326962523774 0.31659585273548535 0.07518217823042382 0.11666623528511301
2 0.4950817271509527 0.4606380458567835 0.07361967823042383 0.11647199414082544
2 0.37631942381443767 0.43370133263192107 0.08461778267557539 0.1270909414100974
2 0.2856669693666348 0.40095346399506837 0.07197839245172695 0.10424071595950084
2 0.27637415026255874 0.494313287538519 0.06058672400806024 0.11300146608657753
2 0.22744933182154348 0.5453392909909835 0.07091854445151485 0.1013334440855315
2 0.20293325514533175 0.4232852816793445 0.05474240889560574 0.09469665596493057
2 0.15236375580839254 0.38231114959837104 0.05523900045087847 0.09105769930932275
2 0.10097222538720964 0.6935773516578246 0.06001134667409058 0.10460338570514831
2 0.16185591117651213 0.8370573670527286 0.06722422756206031 0.09347280734145308
2 0.020815770727224483 0.7911131441126803 0.03182574222893909 0.09184778584871356
2 0.038130175167073184 0.7287265592922364 0.06202195467324213 0.09375126278642054
2 0.039949514269028145 0.6084954166443498 0.05784316711754516 0.091381434549802
2 0.05118948915233144 0.5338904599140452 0.05993256089539364 0.09256634866811127
2 0.10404516426637675 0.565776933982291 0.06519543822936331 0.10154715248240306
2 0.13353624716208856 0.6515353246648234 0.06408710667303001 0.09123247320102632
2 0.04537474647251386 0.3622509611246855 0.06202195467324212 0.09375126278642054
2 0.17936472579831725 0.24690273808079902 0.04892233556121184 0.08009554954698743
2 0.22487364290260542 0.1518207724724651 0.045851879561848226 0.08804040059174575
2 0.18029693956874182 0.1504122006402152 0.051453776893696755 0.06930817367635556
2 0.26127797957775656 0.258496710789011 0.04780794356036336 0.06885494433968464
2 0.32579464802142327 0.24028289163994124 0.04157006444939372 0.06992983161438647
2 0.3272812100174992 0.1886673880827169 0.051520441783363444 0.07949335886154074
2 0.2396111526761056 0.09392458955916712 0.0504727146721816 0.07843793883942314
2 0.35141741422660583 0.029648373322735316 0.05523900045087847 0.05929674664547063
2 0.3919401164597872 0.1523656398540437 0.05457877689369681 0.06969665596493063
2 0.4079046838001202 0.242122268601883 0.05416703156163602 0.08629857558350146
2 0.546557921347863 0.12248761842143017 0.05839430267345425 0.09607581122752747
2 0.4329645584553328 0.08888491619709084 0.04839544178336344 0.07910487657296572
2 0.5589543464486513 0.021496914089167853 0.07412839067472703 0.042993828178335705
2 0.7317836840123024 0.07027100263264341 0.07472194934224205 0.12586074749627638
2 0.8887725109006965 0.04426828615026528 0.046826881338848145 0.07798470950275226
2 0.9323893635688479 0.05830635207870683 0.05157498578399971 0.0878266921948741
2 0.543569828691908 0.26325099905992677 0.05151438133884814 0.07856743293561493
2 0.5527204097973628 0.18797910459607964 0.04363521644918175 0.06741104202899204
2 0.4697237960295896 0.32942189785802883 0.04740225867281787 0.08638278988418145
2 0.425089518472832 0.31921702972948274 0.0510238502280906 0.08313231551714866
2 0.37775410713716545 0.29452108202660093 0.056347332007211766 0.10137237859069961
2 0.8748273487163007 0.5417753091077985 0.049927639560787655 0.07466948808762355
2 0.27867051139134585 0.7256976484478568 0.03158332444833315 0.05481074881167653
2 0.28883318673083036 0.8050553836136393 0.04153370178230276 0.0643742760588309
2 0.32532145739177004 0.7254583431988344 0.04044961200403018 0.05776330048115765
2 0.12205469535062043 0.21139994725470124 0.040546579116272505 0.07257811529597252
2 0.07050449868713543 0.2595089452069043 0.05267119645130271 0.09628951962439908
2 0.08758521111818149 0.08177983556058682 0.0427147586728179 0.08580006645131882
2 0.127032184449924 0.056025726571969414 0.05370074222893907 0.09456716186873894
2 0.8998652820257715 0.22590846260681463 0.061071194674302616 0.1075106575791178
2 0.8991421535911196 0.3543434444918429 0.03482953333863605 0.07371774961877017
2 0.9626091593862552 0.5739533605832524 0.03836021822618155 0.05657838636284838
2 0.9654004700429525 0.44294457569102597 0.04306589955972697 0.05993888757348874
2 0.4920766589088627 0.2006147282918379 0.05364013778378762 0.08530790260947964
2 0.5106899340123024 0.09775612454932876 0.05581437778484819 0.09945577969075195
2 0.4097088717907873 0.11957631113918155 0.04616665778166649 0.056623666158360106
2 0.24247931357415065 0.21357300877419116 0.04410756622639376 0.06006838166968046
2 0.2485141677938629 0.17992567382667066 0.04251476400381797 0.05524451089576332
2 0.2108715649002722 0.12298101369144934 0.03203749289199986 0.044690310674587126