2 0.6075910064133969 0.23074371913826933 0.07047873386553505 0.10379761394421765
2 0.793158433295423 0.15983441484482622 0.0623903435486928 0.0911136915106841
2 0.8604051925098057 0.322180990587876 0.0598073992140911 0.09182398897111128
2 0.9595081058811951 0.3582173385942593 0.04829689624834141 0.0659183494160161
2 0.8944596536379279 0.4186967447768284 0.058819674575332215 0.07141049290764104
2 0.6711698237646356 0.3709860300772618 0.07022406588075754 0.09268650283310659
2 0.7001614177952262 0.5176413045309289 0.07135062187568338 0.09647645792300974
2 0.7578182950957236 0.6202859444225872 0.06930973320647975 0.0981558070024625
2 0.8008471673009347 0.5301527928124006 0.061412343878220574 0.09380521790226234
2 0.6903756956155317 0.7510710324358771 0.05875423518364613 0.11391683411403408
2 0.6025555882390682 0.7122581831274352 0.05249451021535947 0.09029430334178856
2 0.6102876066926207 0.5570476331166777 0.061975621875683375 0.09570019544721407
2 0.559807900330257 0.6535214694679122 0.04190806489217446 0.08202438207238574
2 0.49894599618564384 0.542726142200735 0.07030895520901682 0.09639020653681041
2 0.45686769793461945 0.4775510727528303 0.0754960662102853 0.09589553754188197
2 0.44893006783313655 0.4026791733564105 0.0752413982255078 0.08478442643077086
2 0.5003037707354593 0.33550138075114205 0.0814374561975999 0.10562917942523871
2 0.4050248766290481 0.3716771117815656 0.05872328788329462 0.08988588573305989
2 0.3737598576812039 0.5291136722695001 0.06268745619760002 0.10407665447364707
2 0.39805731683215967 0.6415198306493234 0.0631021778706092 0.09949015053711731
2 0.4728804718005922 0.7465135443392 0.0638042872242392 0.08476158710850204
2 0.5615905994306172 0.8489463851925168 0.06926728854235004 0.09630395515061065
2 0.6657462234358371 0.9695626420337893 0.06180584321916503 0.06087471593242147
2 0.8214444428021523 0.9865502670676034 0.06818317721155391 0.026899465864793186
2 0.8830835974534508 0.8922647301948398 0.05046511890993391 0.06979455589211898
2 0.882733860469796 0.7823053166605688 0.05471667490485975 0.07384326514062065
2 0.33378127581835165 0.747983510091075 0.05544973155884113 0.08314565009297978
2 0.4700517214586707 0.9670264203025712 0.07349762220521114 0.06594715939485746
2 0.4734742656029922 0.8458248097253228 0.07683484552585919 0.10894475189104448
2 0.19802414243398522 0.455654640319283 0.058372233206479746 0.09725016744736753
2 0.09750285439832035 0.2993658793606942 0.07770673353600742 0.10162359586983662
2 0.13602373022833653 0.1782459152639542 0.07026651054488718 0.09453835468495844
2 0.21072130039295453 0.06104911276357395 0.07230739921409093 0.09285900560550563
2 0.20904121457576957 0.3164867109009647 0.046286954879489056 0.09162864687644316
2 0.04220254215476141 0.11667177256954296 0.07870595553854451 0.0998579954041843
2 0.02801495846711299 0.5876877518606908 0.04915728689471151 0.08077628992393068
2 0.14017008396760142 0.4754478511153456 0.04594739756645231 0.07681383206162835
2 0.11139162266232171 0.6154643217830866 0.04411873221789655 0.0877524404003406
2 0.16677062084991923 0.6353565487225395 0.0420778435486928 0.08943178947979315
2 0.1632393064520364 0.7097426458337273 0.03372328788329468 0.0878158524642711
2 0.18310702367642145 0.7535973031873477 0.05859595389090586 0.08433033017750412
2 0.23756991679424946 0.7223911014284756 0.05024139822550779 0.08271439316198208
2 0.26592527235831054 0.7715869623478717 0.03886795422043363 0.08546933161749082
2 0.39952213565387945 0.9826460124358496 0.028048063244535845 0.034707975128300726
2 0.2913244971742269 0.5171856573205945 0.04352450692008224 0.06182651447441445
2 0.041737446451744716 0.4557014581988656 0.024477394271175065 0.047311026559859845
2 0.09531209171150294 0.40633188665168857 0.052239842230581895 0.07918319223067745
2 0.3385226714324249 0.2223797503876783 0.06094545257279502 0.07343484753189197
2 0.7685966043983203 0.35493333491974444 0.05113450856772085 0.07631916306670014
2 0.8707515805075604 0.5651629908940856 0.04828539888456333 0.08809744594513855
2 0.9088254696710557 0.5659963516755538 0.06312340020267394 0.10041607646304303
2 0.737737491559862 0.8361649289523236 0.04603228689471166 0.08051753576533205
2 0.6517615231821298 0.796577093643805 0.02820811693276776 0.051316610115261944
2 0.6336150419528165 0.8711445602370882 0.028059560608313917 0.04483512863378047
2 0.3745424717881985 0.9730748673801509 0.02218183761719376 0.03787926452820161
2 0.36323446717481034 0.9975502355159931 0.02932494795940682 0.004899528968013767
2 0.38117085935362993 0.0464043850103944 0.05224161462607348 0.0338990732465066
2 0.49578250460099443 0.23679259859269688 0.05597056489217446 0.0831887757860795