2 0.619222479395478 0.20407581769230598 0.029159511480959566 0.0769272817076899
2 0.6582476657746432 0.4126927770617959 0.018663912034184212 0.07356377643202133
2 0.5935398953706138 0.21013197473106718 0.013991952559437948 0.04896062365961145
2 0.5818860753177684 0.3916322372688318 0.018616675381503002 0.08459930487194166
2 0.4692347498663382 0.26916372189999016 0.023027910651122595 0.07879806743117768
2 0.4760824760792264 0.46055638228167095 0.018947947027191603 0.06808380354765667
2 0.4224820341678147 0.2726876302308292 0.030461902352752902 0.1074828372632455
2 0.37645106134574974 0.24396476343246043 0.021954547857028453 0.06575952179702392
2 0.4593467996642974 0.6642221418344264 0.015665081466974227 0.06392660381680794
2 0.4371803019471232 0.7158848841929485 0.018584979254075526 0.0717119245801697
2 0.3305516807800878 0.35357330601719095 0.02210464315461896 0.08142467986657377
2 0.38243144959282216 0.5072205901443688 0.016998553389275035 0.0466363419089787
2 0.35563634392226956 0.5302079531989646 0.012523925864800608 0.026662818766198547
2 0.37882600526492294 0.6009091314692285 0.016154218672880086 0.05111480619622655
2 0.38589252898520393 0.5761264889546595 0.01083525643201059 0.035619747340694244
2 0.3453706951685731 0.6397694667353109 0.014402156985235236 0.03429697418717831
2 0.34917081646927023 0.6797449138283252 0.014796820885778671 0.04355623344643757
2 0.32461240948403497 0.65070093528891 0.012997522545452729 0.037773929877309445
2 0.4081652682703466 0.88965639835923 0.018947947027191485 0.06808380354765657
2 0.38777802816001133 0.9154404730632395 0.014781280360524935 0.06747914217812986
2 0.502932086456833 0.7585156501595184 0.018632215906756854 0.06067639614024916
2 0.4968441446868237 0.7878145482969308 0.011340549240090187 0.05961823874357753
2 0.5347343083791338 0.7361991406174986 0.017701178147626232 0.0752644629414914
2 0.48540615962543743 0.8514293544931575 0.011861382573423522 0.05969382141476832
2 0.5211674856938269 0.590035075791948 0.019594949793314834 0.05897570963077909
2 0.464011183546211 0.3248893002618869 0.009162127524474546 0.020653767183497856