0 0.6201388888888889 0.19921875 0.05277777777777778 0.03359375
0 0.7756944444444445 0.375 0.041666666666666664 0.028125
0 0.7402777777777778 0.377734375 0.04583333333333333 0.0203125
0 0.4041666666666667 0.37265625 0.03888888888888889 0.025
0 0.45 0.38046875 0.0375 0.021875
0 0.4152777777777778 0.38984375 0.043055555555555555 0.02421875
0 0.3402777777777778 0.401171875 0.05138888888888889 0.03359375
0 0.7166666666666667 0.447265625 0.058333333333333334 0.0328125
0 0.4930555555555556 0.424609375 0.0375 0.01875
0 0.7951388888888888 0.47578125 0.044444444444444446 0.03046875
0 0.8569444444444444 0.480859375 0.04027777777777778 0.021875
0 0.5305555555555556 0.4484375 0.05277777777777778 0.028125
0 0.6972222222222222 0.4765625 0.05416666666666667 0.028125
0 0.8868055555555555 0.578515625 0.041666666666666664 0.0375
0 0.9180555555555555 0.583984375 0.04583333333333333 0.0234375
0 0.7263888888888889 0.5640625 0.04027777777777778 0.02734375
0 0.6840277777777778 0.56796875 0.05555555555555555 0.0265625
0 0.10138888888888889 0.50546875 0.03333333333333333 0.01640625
0 0.6659722222222222 0.61640625 0.04722222222222222 0.02734375
0 0.4548611111111111 0.593359375 0.027777777777777776 0.01171875
0 0.30069444444444443 0.58515625 0.020833333333333332 0.0234375
0 0.6972222222222222 0.637109375 0.06388888888888888 0.03515625
0 0.11180555555555556 0.580078125 0.041666666666666664 0.021875
0 0.6597222222222222 0.67265625 0.05694444444444444 0.03203125
0 0.07222222222222222 0.60546875 0.0625 0.03359375
0 0.034722222222222224 0.596875 0.02361111111111111 0.01640625
0 0.16458333333333333 0.623046875 0.027777777777777776 0.015625
0 0.02361111111111111 0.616796875 0.034722222222222224 0.028125
0 0.3173611111111111 0.653125 0.02638888888888889 0.0203125
0 0.4166666666666667 0.722265625 0.05416666666666667 0.02265625