0 0.34652777777777777 0.974609375 0.059722222222222225 0.03828125
0 0.4597222222222222 0.912890625 0.05555555555555555 0.0296875
0 0.3854166666666667 0.863671875 0.06666666666666667 0.03671875
0 0.5090277777777777 0.88984375 0.05 0.034375
0 0.3423611111111111 0.83203125 0.06111111111111111 0.03125
0 0.38958333333333334 0.839453125 0.07083333333333333 0.03828125
0 0.4111111111111111 0.825390625 0.06944444444444445 0.0375
0 0.36527777777777776 0.8078125 0.07222222222222222 0.0421875
0 0.6020833333333333 0.857421875 0.0625 0.034375
0 0.4048611111111111 0.787890625 0.05138888888888889 0.02578125
0 0.4465277777777778 0.770703125 0.06527777777777778 0.0390625
0 0.36319444444444443 0.7578125 0.04722222222222222 0.025
0 0.4166666666666667 0.751953125 0.05416666666666667 0.03125
0 0.3597222222222222 0.729296875 0.0625 0.03515625
0 0.5590277777777778 0.76484375 0.06388888888888888 0.0296875
0 0.6006944444444444 0.732421875 0.034722222222222224 0.02109375
0 0.29097222222222224 0.63125 0.04722222222222222 0.03359375
0 0.6673611111111111 0.7125 0.06111111111111111 0.03359375
0 0.5958333333333333 0.6953125 0.05694444444444444 0.0296875
0 0.7152777777777778 0.71484375 0.075 0.03515625
0 0.5131944444444444 0.647265625 0.07361111111111111 0.040625
0 0.45208333333333334 0.63046875 0.04861111111111111 0.02421875
0 0.4791666666666667 0.615625 0.06805555555555555 0.03984375
0 0.7027777777777777 0.666796875 0.04722222222222222 0.02734375
0 0.6243055555555556 0.620703125 0.06666666666666667 0.03671875
0 0.4708333333333333 0.573828125 0.06805555555555555 0.0359375
0 0.7277777777777777 0.608203125 0.07083333333333333 0.04140625
0 0.7715277777777778 0.61640625 0.05694444444444444 0.03515625
0 0.7534722222222222 0.596875 0.05694444444444444 0.02890625
0 0.6784722222222223 0.5546875 0.05555555555555555 0.03125
0 0.4354166666666667 0.48828125 0.05694444444444444 0.0328125
0 0.4791666666666667 0.49453125 0.058333333333333334 0.03515625
0 0.5243055555555556 0.48984375 0.06111111111111111 0.03046875
0 0.7375 0.521484375 0.075 0.040625
0 0.14097222222222222 0.3625 0.06805555555555555 0.03671875
0 0.15625 0.3328125 0.07222222222222222 0.0421875
0 0.8194444444444444 0.491015625 0.034722222222222224 0.02109375
0 0.1111111111111111 0.325 0.05277777777777778 0.028125
0 0.6125 0.4296875 0.06388888888888888 0.0328125
0 0.1909722222222222 0.33671875 0.001388888888888889 0.00078125
0 0.19305555555555556 0.325390625 0.03888888888888889 0.025
0 0.1951388888888889 0.336328125 0.004166666666666667 0.00234375
0 0.5416666666666666 0.369140625 0.09027777777777778 0.04765625
0 0.5902777777777778 0.350390625 0.07777777777777778 0.040625
0 0.5229166666666667 0.33046875 0.05 0.02421875