0 0.73125 0.557421875 0.058333333333333334 0.03046875
0 0.7152777777777778 0.576171875 0.043055555555555555 0.02421875
0 0.7722222222222223 0.51875 0.05 0.028125
0 0.7520833333333333 0.527734375 0.05416666666666667 0.0296875
0 0.6145833333333334 0.537890625 0.03888888888888889 0.021875
0 0.6201388888888889 0.51015625 0.04861111111111111 0.028125
0 0.58125 0.498828125 0.05416666666666667 0.03125
0 0.5826388888888889 0.454296875 0.04861111111111111 0.02734375
0 0.3298611111111111 0.581640625 0.06111111111111111 0.034375
0 0.4270833333333333 0.504296875 0.03333333333333333 0.0171875
0 0.25555555555555554 0.6078125 0.0625 0.0359375
0 0.22361111111111112 0.612890625 0.05277777777777778 0.0296875
0 0.2361111111111111 0.590234375 0.04722222222222222 0.028125
0 0.35694444444444445 0.49609375 0.03888888888888889 0.021875
0 0.13055555555555556 0.633984375 0.02638888888888889 0.015625
0 0.09305555555555556 0.6546875 0.044444444444444446 0.02578125
0 0.22569444444444445 0.55546875 0.030555555555555555 0.01640625
0 0.4041666666666667 0.363671875 0.04583333333333333 0.02421875
0 0.38333333333333336 0.37734375 0.04861111111111111 0.0265625
0 0.20277777777777778 0.466796875 0.041666666666666664 0.0234375
0 0.2298611111111111 0.437890625 0.05416666666666667 0.0296875
0 0.20625 0.448828125 0.05555555555555555 0.03046875
0 0.40208333333333335 0.271875 0.07083333333333333 0.0390625
0 0.18263888888888888 0.434375 0.043055555555555555 0.025