0 0.27569444444444446 0.96171875 0.044444444444444446 0.03046875
0 0.12569444444444444 0.8890625 0.08888888888888889 0.05
0 0.42986111111111114 0.962890625 0.06388888888888888 0.03984375
0 0.36041666666666666 0.948828125 0.0375 0.028125
0 0.41875 0.944921875 0.06944444444444445 0.04375
0 0.08125 0.86484375 0.09027777777777778 0.046875
0 0.14583333333333334 0.860546875 0.08194444444444444 0.04375
0 0.45069444444444445 0.91171875 0.09166666666666666 0.05625
0 0.5048611111111111 0.91875 0.08055555555555556 0.05
0 0.011111111111111112 0.793359375 0.022222222222222223 0.04140625
0 0.33055555555555555 0.8734375 0.041666666666666664 0.02578125
0 0.4013888888888889 0.865234375 0.08472222222222223 0.05
0 0.6715277777777777 0.932421875 0.0763888888888889 0.04296875
0 0.5819444444444445 0.897265625 0.0763888888888889 0.0453125
0 0.5423611111111111 0.86015625 0.09444444444444444 0.05390625
0 0.4236111111111111 0.835546875 0.05277777777777778 0.03125
0 0.6423611111111112 0.85234375 0.09444444444444444 0.05234375
0 0.4736111111111111 0.8109375 0.08333333333333333 0.04921875
0 0.3013888888888889 0.766015625 0.05694444444444444 0.0328125
0 0.3923611111111111 0.774609375 0.0875 0.04921875
0 0.021527777777777778 0.670703125 0.043055555555555555 0.03984375
0 0.19791666666666666 0.690625 0.059722222222222225 0.03125
0 0.6201388888888889 0.774609375 0.0375 0.021875
0 0.49444444444444446 0.731640625 0.0763888888888889 0.04375
0 0.2326388888888889 0.67109375 0.03333333333333333 0.02109375
0 0.18541666666666667 0.648046875 0.07777777777777778 0.046875
0 0.5444444444444444 0.736328125 0.05694444444444444 0.0328125
0 0.7291666666666666 0.765234375 0.04583333333333333 0.03125
0 0.7083333333333334 0.7546875 0.05555555555555555 0.0359375
0 0.20277777777777778 0.6109375 0.07361111111111111 0.04296875
0 0.3680555555555556 0.6515625 0.05694444444444444 0.0328125
0 0.6597222222222222 0.709375 0.06805555555555555 0.0421875
0 0.6270833333333333 0.69453125 0.075 0.0421875
0 0.0125 0.53046875 0.025 0.05
0 0.0763888888888889 0.5578125 0.06388888888888888 0.034375
0 0.7291666666666666 0.706640625 0.044444444444444446 0.02578125
0 0.25833333333333336 0.591796875 0.05694444444444444 0.03046875
0 0.36041666666666666 0.61640625 0.03888888888888889 0.01953125
0 0.029861111111111113 0.528125 0.059722222222222225 0.034375
0 0.6798611111111111 0.671875 0.05 0.0296875
0 0.6118055555555556 0.637109375 0.05138888888888889 0.02265625
0 0.7041666666666667 0.649609375 0.075 0.04140625
0 0.5402777777777777 0.604296875 0.059722222222222225 0.03125
0 0.6034722222222222 0.581640625 0.0875 0.05
0 0.825 0.610546875 0.08472222222222223 0.053125
0 0.8916666666666667 0.63984375 0.04861111111111111 0.0265625
0 0.32013888888888886 0.49921875 0.06111111111111111 0.02890625
0 0.04791666666666667 0.4078125 0.05138888888888889 0.0296875
0 0.5590277777777778 0.52734375 0.05694444444444444 0.03203125
0 0.8722222222222222 0.601953125 0.06111111111111111 0.0328125
0 0.9125 0.608984375 0.04861111111111111 0.02890625
0 0.7520833333333333 0.563671875 0.08472222222222223 0.04609375
0 0.12916666666666668 0.417578125 0.0625 0.0328125
0 0.9319444444444445 0.588671875 0.07916666666666666 0.040625
0 0.05763888888888889 0.382421875 0.034722222222222224 0.0234375
0 0.75 0.538671875 0.05277777777777778 0.028125
0 0.24166666666666667 0.40859375 0.06111111111111111 0.02734375
0 0.40694444444444444 0.42734375 0.08888888888888889 0.040625
0 0.9638888888888889 0.542578125 0.06944444444444445 0.04609375
0 0.5993055555555555 0.45703125 0.05555555555555555 0.03046875
0 0.5784722222222223 0.45 0.043055555555555555 0.0265625
0 0.5402777777777777 0.39296875 0.06527777777777778 0.03125
0 0.9625 0.47109375 0.05694444444444444 0.0359375
0 0.7895833333333333 0.4328125 0.030555555555555555 0.01953125
0 0.3013888888888889 0.29375 0.043055555555555555 0.02578125
0 0.4652777777777778 0.31328125 0.075 0.0390625
0 0.3013888888888889 0.26796875 0.08611111111111111 0.0484375
0 0.925 0.3828125 0.06388888888888888 0.0328125
0 0.32222222222222224 0.218359375 0.059722222222222225 0.03671875
0 0.27708333333333335 0.200390625 0.07777777777777778 0.04609375