0 0.4861111111111111 0.162109375 0.05416666666666667 0.0296875
0 0.07083333333333333 0.45234375 0.03194444444444444 0.01796875
0 0.04583333333333333 0.476171875 0.041666666666666664 0.0234375
0 0.03125 0.48828125 0.03333333333333333 0.01875
0 0.07847222222222222 0.480859375 0.03888888888888889 0.021875
0 0.06597222222222222 0.49453125 0.041666666666666664 0.02265625
0 0.011805555555555555 0.54453125 0.02361111111111111 0.025
0 0.5465277777777777 0.373828125 0.04583333333333333 0.02578125
0 0.5944444444444444 0.361328125 0.05138888888888889 0.03046875
0 0.6256944444444444 0.344140625 0.04861111111111111 0.0265625
0 0.5784722222222223 0.37734375 0.027777777777777776 0.0171875
0 0.55625 0.4109375 0.05138888888888889 0.03046875
0 0.7208333333333333 0.372265625 0.05138888888888889 0.028125
0 0.15486111111111112 0.633203125 0.043055555555555555 0.025
0 0.8798611111111111 0.32421875 0.03194444444444444 0.01953125
0 0.38958333333333334 0.562890625 0.020833333333333332 0.0109375
0 0.16666666666666666 0.664453125 0.025 0.01328125
0 0.1951388888888889 0.656640625 0.044444444444444446 0.02421875
0 0.1388888888888889 0.676171875 0.018055555555555554 0.009375
0 0.20972222222222223 0.678125 0.03333333333333333 0.01875
0 0.35138888888888886 0.628515625 0.018055555555555554 0.0109375
0 0.44305555555555554 0.59296875 0.019444444444444445 0.0109375
0 0.2673611111111111 0.680859375 0.016666666666666666 0.01015625
0 0.25625 0.689453125 0.020833333333333332 0.01171875
0 0.5076388888888889 0.581640625 0.022222222222222223 0.0125
0 0.29097222222222224 0.68828125 0.03611111111111111 0.0203125
0 0.2673611111111111 0.705078125 0.029166666666666667 0.01640625
0 0.23680555555555555 0.741796875 0.03888888888888889 0.021875
0 0.4201388888888889 0.664453125 0.034722222222222224 0.02109375
0 0.23680555555555555 0.75703125 0.03611111111111111 0.021875
0 0.7576388888888889 0.546875 0.05555555555555555 0.0328125
0 0.3993055555555556 0.70390625 0.03611111111111111 0.0203125
0 0.33194444444444443 0.746875 0.05555555555555555 0.03125
0 0.9034722222222222 0.495703125 0.058333333333333334 0.0328125
0 0.38055555555555554 0.724609375 0.04722222222222222 0.0265625
0 0.6708333333333333 0.598046875 0.044444444444444446 0.02578125
0 0.33958333333333335 0.7640625 0.04027777777777778 0.02265625
0 0.44930555555555557 0.71953125 0.044444444444444446 0.02578125
0 0.6736111111111112 0.648828125 0.03194444444444444 0.01953125
0 0.8881944444444444 0.57734375 0.03611111111111111 0.021875