0 0.4270833333333333 0.792578125 0.044444444444444446 0.0265625
0 0.08194444444444444 0.531640625 0.058333333333333334 0.03046875
0 0.44166666666666665 0.762890625 0.07083333333333333 0.03984375
0 0.5 0.77734375 0.08055555555555556 0.04375
0 0.5729166666666666 0.814453125 0.058333333333333334 0.03203125
0 0.3819444444444444 0.63671875 0.03888888888888889 0.0203125
0 0.4270833333333333 0.660546875 0.08611111111111111 0.0515625
0 0.1951388888888889 0.46875 0.06388888888888888 0.034375
0 0.17777777777777778 0.4296875 0.08055555555555556 0.0453125
0 0.6590277777777778 0.74453125 0.06944444444444445 0.03984375
0 0.36875 0.534765625 0.09583333333333334 0.0546875
0 0.44375 0.58984375 0.058333333333333334 0.0328125
0 0.5097222222222222 0.633984375 0.06527777777777778 0.03828125
0 0.7090277777777778 0.7546875 0.05555555555555555 0.03046875
0 0.27708333333333335 0.448828125 0.1 0.059375
0 0.36666666666666664 0.47734375 0.10138888888888889 0.05859375
0 0.5659722222222222 0.591796875 0.03611111111111111 0.01953125
0 0.4465277777777778 0.50234375 0.04027777777777778 0.0234375
0 0.39166666666666666 0.448828125 0.05555555555555555 0.03125
0 0.45 0.47109375 0.08611111111111111 0.04765625
0 0.6805555555555556 0.595703125 0.04861111111111111 0.028125
0 0.4513888888888889 0.42421875 0.04583333333333333 0.02421875
0 0.6458333333333334 0.5453125 0.04583333333333333 0.0265625
0 0.5673611111111111 0.468359375 0.06527777777777778 0.03828125
0 0.5861111111111111 0.453125 0.06111111111111111 0.03515625
0 0.8840277777777777 0.62578125 0.05555555555555555 0.03125
0 0.4666666666666667 0.262109375 0.043055555555555555 0.02421875
0 0.49583333333333335 0.275 0.06666666666666667 0.03828125