0 0.8368055555555556 0.28203125 0.027777777777777776 0.015625
0 0.8777777777777778 0.309375 0.034722222222222224 0.01953125
0 0.7493055555555556 0.294140625 0.03194444444444444 0.01796875
0 0.8013888888888889 0.340234375 0.029166666666666667 0.015625
0 0.7118055555555556 0.305078125 0.029166666666666667 0.01640625
0 0.8423611111111111 0.3671875 0.018055555555555554 0.01015625
0 0.7666666666666667 0.336328125 0.041666666666666664 0.0234375
0 0.69375 0.3046875 0.02361111111111111 0.0140625
0 0.6597222222222222 0.287109375 0.02638888888888889 0.01484375
0 0.78125 0.35 0.025 0.01484375
0 0.8326388888888889 0.383984375 0.0375 0.02109375
0 0.7138888888888889 0.324609375 0.0375 0.02109375
0 0.8104166666666667 0.375390625 0.04027777777777778 0.02265625
0 0.7527777777777778 0.35625 0.03611111111111111 0.0203125
0 0.6722222222222223 0.3296875 0.041666666666666664 0.0234375
0 0.6506944444444445 0.316015625 0.030555555555555555 0.0171875
0 0.6604166666666667 0.36015625 0.02361111111111111 0.01328125
0 0.7520833333333333 0.421484375 0.018055555555555554 0.0109375
0 0.5493055555555556 0.33671875 0.030555555555555555 0.0171875
0 0.5527777777777778 0.3515625 0.03888888888888889 0.02109375
0 0.5131944444444444 0.34453125 0.0375 0.021875
0 0.7652777777777777 0.478515625 0.03888888888888889 0.021875
0 0.8784722222222222 0.529296875 0.022222222222222223 0.01171875
0 0.7006944444444444 0.44609375 0.020833333333333332 0.01171875
0 0.8277777777777777 0.52109375 0.02638888888888889 0.01484375
0 0.8506944444444444 0.54375 0.0375 0.021875
0 0.7840277777777778 0.50859375 0.0375 0.02109375
0 0.6236111111111111 0.4359375 0.020833333333333332 0.0125
0 0.8701388888888889 0.569140625 0.030555555555555555 0.0171875
0 0.8451388888888889 0.560546875 0.03888888888888889 0.021875
0 0.5277777777777778 0.40859375 0.018055555555555554 0.01015625
0 0.6680555555555555 0.4859375 0.02638888888888889 0.01484375
0 0.6145833333333334 0.46640625 0.05555555555555555 0.03125
0 0.7479166666666667 0.534375 0.041666666666666664 0.0234375
0 0.8104166666666667 0.58515625 0.020833333333333332 0.01171875
0 0.6541666666666667 0.50703125 0.027777777777777776 0.015625
0 0.375 0.373828125 0.025 0.0140625
0 0.34444444444444444 0.368359375 0.020833333333333332 0.01171875
0 0.4041666666666667 0.402734375 0.019444444444444445 0.0109375
0 0.41180555555555554 0.417578125 0.04722222222222222 0.0265625
0 0.6402777777777777 0.536328125 0.02638888888888889 0.01484375
0 0.44375 0.441796875 0.03194444444444444 0.01796875
0 0.4597222222222222 0.45546875 0.04583333333333333 0.02578125
0 0.6298611111111111 0.55078125 0.034722222222222224 0.01953125
0 0.3229166666666667 0.391015625 0.018055555555555554 0.01015625
0 0.6409722222222223 0.56875 0.03611111111111111 0.01953125
0 0.6048611111111111 0.63671875 0.019444444444444445 0.0109375
0 0.4395833333333333 0.569921875 0.019444444444444445 0.0109375
0 0.34930555555555554 0.52578125 0.025 0.01328125
0 0.3347222222222222 0.522265625 0.025 0.0140625
0 0.5006944444444444 0.617578125 0.02361111111111111 0.0140625
0 0.5270833333333333 0.648828125 0.025 0.0140625
0 0.3375 0.566015625 0.04027777777777778 0.02265625
0 0.5006944444444444 0.65234375 0.018055555555555554 0.0109375
0 0.47430555555555554 0.657421875 0.030555555555555555 0.01796875
0 0.4083333333333333 0.627734375 0.03888888888888889 0.021875
0 0.2125 0.53125 0.04027777777777778 0.02265625
0 0.2388888888888889 0.5453125 0.03333333333333333 0.01875
0 0.3597222222222222 0.6046875 0.030555555555555555 0.01640625
0 0.3236111111111111 0.602734375 0.058333333333333334 0.0328125
0 0.09791666666666667 0.48828125 0.016666666666666666 0.009375
0 0.28055555555555556 0.591015625 0.03194444444444444 0.01875
0 0.08611111111111111 0.51484375 0.034722222222222224 0.01953125
0 0.45208333333333334 0.708203125 0.044444444444444446 0.025
0 0.4888888888888889 0.738671875 0.04583333333333333 0.025
0 0.019444444444444445 0.515234375 0.03888888888888889 0.02265625
0 0.45694444444444443 0.73984375 0.03611111111111111 0.0203125
0 0.20277777777777778 0.609765625 0.025 0.01328125
0 0.16666666666666666 0.59296875 0.02361111111111111 0.0125
0 0.3763888888888889 0.714453125 0.05416666666666667 0.03125
0 0.1798611111111111 0.614453125 0.041666666666666664 0.0234375
0 0.6222222222222222 0.833984375 0.02361111111111111 0.01328125
0 0.10972222222222222 0.59140625 0.016666666666666666 0.009375
0 0.5638888888888889 0.83203125 0.044444444444444446 0.025
0 0.1451388888888889 0.6234375 0.03194444444444444 0.01875
0 0.1798611111111111 0.64921875 0.03194444444444444 0.01796875
0 0.15833333333333333 0.645703125 0.030555555555555555 0.0171875
0 0.10416666666666667 0.620703125 0.029166666666666667 0.01640625
0 0.050694444444444445 0.597265625 0.03333333333333333 0.01875
0 0.5423611111111111 0.863671875 0.05 0.028125
0 0.029166666666666667 0.621875 0.029166666666666667 0.01640625
0 0.019444444444444445 0.61875 0.03888888888888889 0.0265625
0 0.043055555555555555 0.64140625 0.03888888888888889 0.021875