0 0.9458333333333333 0.387890625 0.041666666666666664 0.025
0 0.9819444444444444 0.44296875 0.03333333333333333 0.034375
0 0.9541666666666667 0.421484375 0.0375 0.02109375
0 0.8722222222222222 0.348828125 0.04027777777777778 0.0234375
0 0.8465277777777778 0.34453125 0.044444444444444446 0.025
0 0.8583333333333333 0.357421875 0.03333333333333333 0.01875
0 0.9708333333333333 0.499609375 0.05555555555555555 0.04296875
0 0.9111111111111111 0.4328125 0.04722222222222222 0.02578125
0 0.8729166666666667 0.397265625 0.034722222222222224 0.01796875
0 0.8840277777777777 0.42890625 0.0375 0.02109375
0 0.8506944444444444 0.402734375 0.03333333333333333 0.01796875
0 0.5534722222222223 0.171484375 0.03611111111111111 0.0203125
0 0.6819444444444445 0.31640625 0.03194444444444444 0.01953125
0 0.8118055555555556 0.44453125 0.02361111111111111 0.01328125
0 0.8180555555555555 0.480078125 0.03194444444444444 0.0171875
0 0.6548611111111111 0.39375 0.06388888888888888 0.03515625
0 0.7479166666666667 0.481640625 0.029166666666666667 0.015625
0 0.7763888888888889 0.52109375 0.058333333333333334 0.03359375
0 0.8069444444444445 0.555859375 0.058333333333333334 0.03046875
0 0.7854166666666667 0.537109375 0.043055555555555555 0.01875
0 0.5652777777777778 0.326171875 0.02638888888888889 0.0140625
0 0.7104166666666667 0.462890625 0.027777777777777776 0.01640625
0 0.6208333333333333 0.4046875 0.058333333333333334 0.034375
0 0.6951388888888889 0.46640625 0.022222222222222223 0.01328125
0 0.5840277777777778 0.383984375 0.05694444444444444 0.03125
0 0.5597222222222222 0.378515625 0.07361111111111111 0.03984375
0 0.5833333333333334 0.403125 0.05555555555555555 0.03046875
0 0.5208333333333334 0.37578125 0.059722222222222225 0.0328125
0 0.6555555555555556 0.512109375 0.0625 0.03359375
0 0.5395833333333333 0.394140625 0.043055555555555555 0.02421875
0 0.5472222222222223 0.4203125 0.04722222222222222 0.025
0 0.34305555555555556 0.261328125 0.041666666666666664 0.025
0 0.5215277777777778 0.43203125 0.041666666666666664 0.02265625
0 0.3597222222222222 0.2953125 0.041666666666666664 0.02578125
0 0.6069444444444444 0.553125 0.06111111111111111 0.03203125
0 0.6097222222222223 0.5703125 0.06666666666666667 0.0359375
0 0.53125 0.509375 0.05277777777777778 0.0296875
0 0.5083333333333333 0.4921875 0.059722222222222225 0.0328125
0 0.48194444444444445 0.475390625 0.043055555555555555 0.0203125
0 0.43125 0.478515625 0.06388888888888888 0.03828125
0 0.35347222222222224 0.435546875 0.04861111111111111 0.02578125
0 0.3111111111111111 0.5109375 0.0625 0.03359375
0 0.44375 0.620703125 0.029166666666666667 0.01640625
0 0.35694444444444445 0.629296875 0.04722222222222222 0.028125
0 0.24930555555555556 0.541015625 0.075 0.0421875
0 0.30277777777777776 0.595703125 0.03611111111111111 0.0203125
0 0.3076388888888889 0.668359375 0.027777777777777776 0.01640625
0 0.15555555555555556 0.56640625 0.06388888888888888 0.03515625
0 0.17152777777777778 0.587109375 0.06666666666666667 0.0375
0 0.41944444444444445 0.83046875 0.06944444444444445 0.04296875