0 0.06736111111111111 0.360546875 0.02361111111111111 0.021875
0 0.052083333333333336 0.3796875 0.022222222222222223 0.0203125
0 0.09166666666666666 0.33828125 0.03333333333333333 0.0203125
0 0.05555555555555555 0.39375 0.044444444444444446 0.0234375
0 0.019444444444444445 0.437890625 0.03888888888888889 0.02578125
0 0.08472222222222223 0.380859375 0.04722222222222222 0.02734375
0 0.025 0.4609375 0.04027777777777778 0.021875
0 0.13819444444444445 0.311328125 0.03888888888888889 0.021875
0 0.18888888888888888 0.2671875 0.0625 0.0375
0 0.11666666666666667 0.356640625 0.034722222222222224 0.0203125
0 0.1423611111111111 0.3609375 0.03194444444444444 0.02109375
0 0.29097222222222224 0.252734375 0.059722222222222225 0.0328125
0 0.15763888888888888 0.433203125 0.04027777777777778 0.02421875
0 0.019444444444444445 0.625 0.03888888888888889 0.021875
0 0.32569444444444445 0.23203125 0.059722222222222225 0.028125
0 0.25277777777777777 0.344921875 0.06388888888888888 0.03671875
0 0.3875 0.21484375 0.0625 0.0359375
0 0.26319444444444445 0.370703125 0.0375 0.0234375
0 0.375 0.2296875 0.041666666666666664 0.02109375
0 0.3333333333333333 0.283203125 0.02361111111111111 0.0140625
0 0.06666666666666667 0.661328125 0.03888888888888889 0.021875
0 0.23958333333333334 0.454296875 0.03333333333333333 0.01796875
0 0.29375 0.391015625 0.044444444444444446 0.02265625
0 0.34791666666666665 0.326171875 0.04027777777777778 0.0234375
0 0.45069444444444445 0.210546875 0.06527777777777778 0.034375
0 0.23819444444444443 0.476953125 0.029166666666666667 0.0171875
0 0.28541666666666665 0.44140625 0.03888888888888889 0.02265625
0 0.25 0.484765625 0.03194444444444444 0.01875
0 0.4166666666666667 0.292578125 0.058333333333333334 0.03515625
0 0.20416666666666666 0.56640625 0.02638888888888889 0.01484375
0 0.48333333333333334 0.219140625 0.05694444444444444 0.03828125
0 0.22013888888888888 0.55546875 0.022222222222222223 0.0125
0 0.45 0.28046875 0.0625 0.03359375
0 0.21875 0.56875 0.02361111111111111 0.01484375
0 0.26319444444444445 0.52109375 0.027777777777777776 0.0171875
0 0.27708333333333335 0.532421875 0.03194444444444444 0.021875
0 0.17152777777777778 0.680859375 0.029166666666666667 0.01953125
0 0.2708333333333333 0.562890625 0.03194444444444444 0.01640625
0 0.20555555555555555 0.651171875 0.034722222222222224 0.0203125
0 0.3458333333333333 0.47265625 0.029166666666666667 0.01640625
0 0.2902777777777778 0.55234375 0.03611111111111111 0.021875
0 0.30833333333333335 0.537109375 0.03611111111111111 0.02109375
0 0.2520833333333333 0.7078125 0.06805555555555555 0.03828125
0 0.3784722222222222 0.545703125 0.02361111111111111 0.01640625
0 0.5888888888888889 0.303515625 0.0375 0.0234375
0 0.3736111111111111 0.600390625 0.05416666666666667 0.03203125
0 0.35833333333333334 0.637890625 0.058333333333333334 0.0359375
0 0.31319444444444444 0.68359375 0.03194444444444444 0.01953125
0 0.2923611111111111 0.7203125 0.04722222222222222 0.028125
0 0.29791666666666666 0.746875 0.05694444444444444 0.02734375
0 0.5263888888888889 0.466015625 0.03194444444444444 0.01640625
0 0.5354166666666667 0.480859375 0.058333333333333334 0.0359375
0 0.4666666666666667 0.57578125 0.022222222222222223 0.01328125
0 0.7159722222222222 0.26953125 0.059722222222222225 0.03515625
0 0.40208333333333335 0.708984375 0.05277777777777778 0.02890625
0 0.5013888888888889 0.60859375 0.06388888888888888 0.03125
0 0.5826388888888889 0.50703125 0.030555555555555555 0.015625
0 0.4701388888888889 0.6875 0.0763888888888889 0.04375
0 0.6208333333333333 0.484375 0.05694444444444444 0.0328125
0 0.5770833333333333 0.577734375 0.06944444444444445 0.0390625
0 0.6201388888888889 0.52890625 0.059722222222222225 0.03515625
0 0.4534722222222222 0.7484375 0.02361111111111111 0.0125
0 0.6541666666666667 0.499609375 0.04722222222222222 0.0265625
0 0.4708333333333333 0.7359375 0.02638888888888889 0.01484375
0 0.5708333333333333 0.61484375 0.03611111111111111 0.01875
0 0.5631944444444444 0.669921875 0.06111111111111111 0.034375
0 0.7416666666666667 0.421484375 0.034722222222222224 0.0203125
0 0.6604166666666667 0.53046875 0.03194444444444444 0.01953125
0 0.6972222222222222 0.494140625 0.04027777777777778 0.0234375
0 0.6708333333333333 0.55859375 0.041666666666666664 0.0265625
0 0.7729166666666667 0.452734375 0.04027777777777778 0.0234375
0 0.6215277777777778 0.674609375 0.0763888888888889 0.04375
0 0.6965277777777777 0.570703125 0.041666666666666664 0.02265625
0 0.5986111111111111 0.734375 0.04722222222222222 0.02265625
0 0.7868055555555555 0.55390625 0.030555555555555555 0.015625
0 0.6965277777777777 0.719140625 0.06111111111111111 0.0359375