0 0.55 0.55390625 0.05416666666666667 0.02890625
0 0.475 0.56640625 0.05694444444444444 0.0328125
0 0.49930555555555556 0.53828125 0.04583333333333333 0.0265625
0 0.47708333333333336 0.50234375 0.05416666666666667 0.03125
0 0.3645833333333333 0.52421875 0.03611111111111111 0.01953125
0 0.4048611111111111 0.458203125 0.04722222222222222 0.02890625
0 0.3263888888888889 0.48671875 0.059722222222222225 0.0375
0 0.41041666666666665 0.393359375 0.05277777777777778 0.028125
0 0.37777777777777777 0.43359375 0.02638888888888889 0.015625
0 0.08472222222222223 0.630859375 0.05 0.02890625
0 0.3423611111111111 0.415234375 0.043055555555555555 0.02421875
0 0.31319444444444444 0.4375 0.041666666666666664 0.021875
0 0.2590277777777778 0.471875 0.05694444444444444 0.03125
0 0.027777777777777776 0.654296875 0.034722222222222224 0.01640625
0 0.06944444444444445 0.5921875 0.05555555555555555 0.03203125
0 0.04375 0.5625 0.041666666666666664 0.02265625
0 0.12916666666666668 0.47109375 0.04027777777777778 0.02421875