0 0.9041666666666667 0.29609375 0.020833333333333332 0.01953125
0 0.9680555555555556 0.494921875 0.06111111111111111 0.03671875
0 0.7763888888888889 0.223828125 0.04583333333333333 0.02578125
0 0.8618055555555556 0.384375 0.04722222222222222 0.0265625
0 0.98125 0.640625 0.034722222222222224 0.03125
0 0.8680555555555556 0.40625 0.04722222222222222 0.0234375
0 0.9694444444444444 0.619140625 0.058333333333333334 0.03203125
0 0.9534722222222223 0.58828125 0.05416666666666667 0.02890625
0 0.7541666666666667 0.2484375 0.05555555555555555 0.03046875
0 0.9277777777777778 0.568359375 0.05138888888888889 0.02734375
0 0.9819444444444444 0.7015625 0.03333333333333333 0.021875
0 0.9659722222222222 0.664453125 0.04583333333333333 0.0234375
0 0.8270833333333333 0.4125 0.05416666666666667 0.0328125
0 0.7520833333333333 0.270703125 0.03194444444444444 0.02109375
0 0.7284722222222222 0.235546875 0.04027777777777778 0.02109375
0 0.9131944444444444 0.601171875 0.05694444444444444 0.03125
0 0.7055555555555556 0.220703125 0.044444444444444446 0.0234375
0 0.8270833333333333 0.45234375 0.05277777777777778 0.03125
0 0.9638888888888889 0.70078125 0.04027777777777778 0.02109375
0 0.9479166666666666 0.66953125 0.03888888888888889 0.02265625
0 0.95 0.689453125 0.03888888888888889 0.021875
0 0.8715277777777778 0.56015625 0.043055555555555555 0.02265625
0 0.8840277777777777 0.5984375 0.05277777777777778 0.0328125
0 0.9020833333333333 0.647265625 0.03888888888888889 0.021875
0 0.8590277777777777 0.578515625 0.04583333333333333 0.02578125
0 0.8173611111111111 0.5640625 0.044444444444444446 0.025
0 0.7659722222222223 0.478515625 0.05555555555555555 0.03203125
0 0.7020833333333333 0.434765625 0.05138888888888889 0.03125
0 0.7347222222222223 0.483203125 0.034722222222222224 0.0234375
0 0.6520833333333333 0.396484375 0.04583333333333333 0.0234375
0 0.7493055555555556 0.698046875 0.0625 0.0375
0 0.7597222222222222 0.73671875 0.05138888888888889 0.0203125
0 0.7333333333333333 0.716796875 0.03333333333333333 0.0203125
0 0.6861111111111111 0.683984375 0.06666666666666667 0.0375
0 0.6347222222222222 0.60859375 0.043055555555555555 0.025
0 0.6979166666666666 0.75703125 0.03888888888888889 0.01015625
0 0.5666666666666667 0.55234375 0.034722222222222224 0.02265625
0 0.5958333333333333 0.654296875 0.03611111111111111 0.015625
0 0.39861111111111114 0.351953125 0.05416666666666667 0.03046875
0 0.5423611111111111 0.611328125 0.029166666666666667 0.01953125
0 0.5854166666666667 0.726953125 0.05 0.02890625
0 0.56875 0.695703125 0.04027777777777778 0.0203125
0 0.4666666666666667 0.54140625 0.05138888888888889 0.0296875
0 0.36319444444444443 0.350390625 0.044444444444444446 0.0296875
0 0.5083333333333333 0.630859375 0.05138888888888889 0.02890625
0 0.5229166666666667 0.6765625 0.0625 0.03203125
0 0.37569444444444444 0.399609375 0.04027777777777778 0.02421875
0 0.5486111111111112 0.76953125 0.05277777777777778 0.0296875
0 0.4409722222222222 0.565234375 0.04583333333333333 0.02578125
0 0.41180555555555554 0.558203125 0.05694444444444444 0.03046875
0 0.44166666666666665 0.616015625 0.05138888888888889 0.03125
0 0.29097222222222224 0.33125 0.027777777777777776 0.01640625
0 0.28680555555555554 0.353515625 0.041666666666666664 0.0234375
0 0.2673611111111111 0.3734375 0.044444444444444446 0.02421875
0 0.3854166666666667 0.60703125 0.04861111111111111 0.02734375
0 0.30069444444444443 0.466015625 0.03333333333333333 0.0203125
0 0.35138888888888886 0.61875 0.0375 0.02265625
0 0.38125 0.6875 0.0375 0.02109375
0 0.1638888888888889 0.295703125 0.04861111111111111 0.02734375
0 0.2326388888888889 0.43125 0.041666666666666664 0.02109375
0 0.2673611111111111 0.543359375 0.04722222222222222 0.02734375
0 0.3388888888888889 0.680078125 0.03611111111111111 0.01484375
0 0.2777777777777778 0.6375 0.04027777777777778 0.01953125
0 0.075 0.32734375 0.03888888888888889 0.02265625
0 0.1840277777777778 0.515234375 0.019444444444444445 0.0125
0 0.08125 0.34296875 0.027777777777777776 0.01796875
0 0.13680555555555557 0.5921875 0.03888888888888889 0.02109375
0 0.12986111111111112 0.62734375 0.04027777777777778 0.01953125
0 0.10069444444444445 0.624609375 0.03611111111111111 0.02421875