0 0.0798611111111111 0.59296875 0.04722222222222222 0.025
0 0.10277777777777777 0.60078125 0.04722222222222222 0.03125
0 0.18888888888888888 0.597265625 0.03333333333333333 0.02265625
0 0.22013888888888888 0.6625 0.022222222222222223 0.015625
0 0.4576388888888889 0.217578125 0.029166666666666667 0.0140625
0 0.36736111111111114 0.566015625 0.0375 0.0203125
0 0.42569444444444443 0.388671875 0.044444444444444446 0.02421875
0 0.36944444444444446 0.63125 0.034722222222222224 0.0234375
0 0.44375 0.40390625 0.029166666666666667 0.01640625
0 0.3875 0.681640625 0.05416666666666667 0.028125
0 0.5375 0.291796875 0.05 0.028125
0 0.45625 0.6578125 0.03333333333333333 0.0203125
0 0.4979166666666667 0.560546875 0.05694444444444444 0.03359375
0 0.4888888888888889 0.622265625 0.04722222222222222 0.03125
0 0.5173611111111112 0.54765625 0.0375 0.0203125
0 0.5166666666666667 0.607421875 0.043055555555555555 0.0234375
0 0.5631944444444444 0.480859375 0.05138888888888889 0.01875
0 0.5305555555555556 0.667578125 0.05277777777777778 0.0328125
0 0.6347222222222222 0.471875 0.043055555555555555 0.01953125
0 0.6916666666666667 0.471484375 0.05277777777777778 0.0296875
0 0.6930555555555555 0.555078125 0.05555555555555555 0.02890625
0 0.6979166666666666 0.629296875 0.04722222222222222 0.028125