0 0.018055555555555554 0.540234375 0.03611111111111111 0.02109375
0 0.14027777777777778 0.351171875 0.058333333333333334 0.034375
0 0.18541666666666667 0.2984375 0.04027777777777778 0.02109375
0 0.013888888888888888 0.619921875 0.027777777777777776 0.03046875
0 0.04513888888888889 0.558984375 0.03888888888888889 0.021875
0 0.16527777777777777 0.352734375 0.03333333333333333 0.021875
0 0.23125 0.247265625 0.04722222222222222 0.0328125
0 0.01597222222222222 0.637890625 0.03194444444444444 0.02265625
0 0.2520833333333333 0.31171875 0.05555555555555555 0.02734375
0 0.10277777777777777 0.576171875 0.04861111111111111 0.02578125
0 0.09791666666666667 0.593359375 0.03888888888888889 0.0203125
0 0.3368055555555556 0.2171875 0.06944444444444445 0.04453125
0 0.10833333333333334 0.613671875 0.041666666666666664 0.021875
0 0.12986111111111112 0.591796875 0.041666666666666664 0.02578125
0 0.16805555555555557 0.598828125 0.030555555555555555 0.01484375
0 0.3951388888888889 0.215234375 0.0375 0.01640625
0 0.41180555555555554 0.1921875 0.04027777777777778 0.0125
0 0.46111111111111114 0.210546875 0.03611111111111111 0.01875
0 0.27291666666666664 0.549609375 0.027777777777777776 0.015625
0 0.2902777777777778 0.528515625 0.03888888888888889 0.025
0 0.3145833333333333 0.492578125 0.044444444444444446 0.02265625
0 0.4166666666666667 0.33984375 0.03888888888888889 0.025
0 0.4673611111111111 0.26875 0.041666666666666664 0.0234375
0 0.4895833333333333 0.2484375 0.03888888888888889 0.0203125
0 0.34097222222222223 0.528515625 0.041666666666666664 0.025
0 0.40902777777777777 0.4046875 0.025 0.015625
0 0.38472222222222224 0.461328125 0.0375 0.01796875
0 0.37777777777777777 0.49609375 0.03333333333333333 0.0171875
0 0.41597222222222224 0.481640625 0.043055555555555555 0.0203125
0 0.48680555555555555 0.396875 0.07222222222222222 0.0390625
0 0.32430555555555557 0.66171875 0.05 0.03203125
0 0.30833333333333335 0.7421875 0.06805555555555555 0.034375
0 0.3763888888888889 0.648828125 0.06111111111111111 0.02890625
0 0.5854166666666667 0.290625 0.043055555555555555 0.01953125
0 0.4354166666666667 0.700390625 0.07083333333333333 0.03984375
0 0.64375 0.342578125 0.03611111111111111 0.01640625
0 0.6888888888888889 0.297265625 0.06527777777777778 0.03828125
0 0.7340277777777777 0.348828125 0.07083333333333333 0.03984375
0 0.6222222222222222 0.596875 0.029166666666666667 0.01796875
0 0.65 0.618359375 0.05277777777777778 0.02890625
0 0.8527777777777777 0.329296875 0.08472222222222223 0.04921875
0 0.6006944444444444 0.7421875 0.04027777777777778 0.01953125
0 0.8041666666666667 0.4625 0.0375 0.01640625
0 0.6229166666666667 0.7890625 0.04583333333333333 0.02734375
0 0.85625 0.54921875 0.05277777777777778 0.02890625