0 0.41875 0.04140625 0.075 0.04296875
0 0.46111111111111114 0.04140625 0.06111111111111111 0.03671875
0 0.475 0.067578125 0.07222222222222222 0.040625
0 0.5034722222222222 0.077734375 0.07083333333333333 0.040625
0 0.47291666666666665 0.09921875 0.0763888888888889 0.04375
0 0.08194444444444444 0.307421875 0.075 0.0421875
0 0.5263888888888889 0.105078125 0.06944444444444445 0.03984375
0 0.5083333333333333 0.14140625 0.06944444444444445 0.0390625
0 0.1 0.328515625 0.06666666666666667 0.03671875
0 0.5541666666666667 0.13203125 0.07916666666666666 0.0453125
0 0.4895833333333333 0.167578125 0.06527777777777778 0.03671875
0 0.6305555555555555 0.1484375 0.03333333333333333 0.021875
0 0.011805555555555555 0.4953125 0.02361111111111111 0.0375
0 0.6902777777777778 0.194140625 0.05138888888888889 0.0328125
0 0.64375 0.234375 0.059722222222222225 0.03359375
0 0.3375 0.411328125 0.09027777777777778 0.05078125
0 0.7534722222222222 0.273828125 0.058333333333333334 0.0328125
0 0.42430555555555555 0.458984375 0.0763888888888889 0.04375
0 0.6375 0.35234375 0.04722222222222222 0.025
0 0.6597222222222222 0.346484375 0.043055555555555555 0.025
0 0.75 0.315234375 0.08333333333333333 0.046875
0 0.46319444444444446 0.446875 0.07777777777777778 0.04453125
0 0.3076388888888889 0.529296875 0.09027777777777778 0.05078125
0 0.7909722222222222 0.309765625 0.08055555555555556 0.0453125
0 0.7020833333333333 0.352734375 0.059722222222222225 0.03515625
0 0.6743055555555556 0.382421875 0.06111111111111111 0.03359375
0 0.8965277777777778 0.340234375 0.05277777777777778 0.0328125
0 0.24444444444444444 0.646484375 0.07083333333333333 0.03984375
0 0.7930555555555555 0.4046875 0.08194444444444444 0.04609375
0 0.3284722222222222 0.62734375 0.06111111111111111 0.03515625
0 0.37916666666666665 0.61171875 0.06388888888888888 0.03671875
0 0.7798611111111111 0.473046875 0.06527777777777778 0.0359375
0 0.32222222222222224 0.71796875 0.07777777777777778 0.04375
0 0.28888888888888886 0.7390625 0.0763888888888889 0.04375
0 0.9541666666666667 0.433203125 0.043055555555555555 0.02265625
0 0.7006944444444444 0.560546875 0.075 0.040625
0 0.28680555555555554 0.7640625 0.05277777777777778 0.02734375
0 0.9791666666666666 0.522265625 0.03888888888888889 0.03984375
0 0.8826388888888889 0.5890625 0.06111111111111111 0.03515625
0 0.9798611111111111 0.59375 0.0375 0.034375