0 0.017361111111111112 0.82734375 0.034722222222222224 0.021875
0 0.09722222222222222 0.840625 0.043055555555555555 0.02578125
0 0.10902777777777778 0.821484375 0.05277777777777778 0.03125
0 0.13194444444444445 0.813671875 0.05138888888888889 0.028125
0 0.07013888888888889 0.778125 0.043055555555555555 0.0234375
0 0.26180555555555557 0.809375 0.05277777777777778 0.0296875
0 0.41944444444444445 0.82265625 0.043055555555555555 0.02578125
0 0.16666666666666666 0.76015625 0.041666666666666664 0.021875
0 0.49722222222222223 0.8359375 0.041666666666666664 0.01875
0 0.016666666666666666 0.709765625 0.03333333333333333 0.03828125
0 0.07361111111111111 0.714453125 0.059722222222222225 0.03203125
0 0.1597222222222222 0.719140625 0.07222222222222222 0.03828125
0 0.015277777777777777 0.683203125 0.030555555555555555 0.03046875
0 0.7722222222222223 0.851171875 0.03333333333333333 0.01875
0 0.6666666666666666 0.821875 0.05555555555555555 0.03046875
0 0.37569444444444444 0.744921875 0.05416666666666667 0.0296875
0 0.34375 0.735546875 0.05 0.02890625
0 0.6423611111111112 0.795703125 0.0625 0.03671875
0 0.01597222222222222 0.64296875 0.03194444444444444 0.0390625
0 0.049305555555555554 0.6546875 0.058333333333333334 0.034375
0 0.6131944444444445 0.77890625 0.04861111111111111 0.02734375
0 0.09097222222222222 0.654296875 0.06527777777777778 0.03359375
0 0.7138888888888889 0.796875 0.05416666666666667 0.0296875
0 0.36180555555555555 0.71328125 0.05694444444444444 0.03203125
0 0.05486111111111111 0.630078125 0.04861111111111111 0.03359375
0 0.30833333333333335 0.6875 0.06388888888888888 0.0375
0 0.14166666666666666 0.637890625 0.04583333333333333 0.02734375
0 0.12708333333333333 0.621875 0.058333333333333334 0.03125
0 0.02847222222222222 0.598828125 0.05277777777777778 0.0296875
0 0.5333333333333333 0.70859375 0.041666666666666664 0.0234375
0 0.31180555555555556 0.6453125 0.07083333333333333 0.03828125
0 0.17777777777777778 0.612890625 0.058333333333333334 0.03046875
0 0.41458333333333336 0.6484375 0.05694444444444444 0.03515625
0 0.4409722222222222 0.6546875 0.044444444444444446 0.0265625
0 0.14791666666666667 0.586328125 0.05694444444444444 0.03046875
0 0.33541666666666664 0.632421875 0.05277777777777778 0.025
0 0.20347222222222222 0.591015625 0.04722222222222222 0.02265625
0 0.5097222222222222 0.6515625 0.05 0.0296875
0 0.02638888888888889 0.500390625 0.05277777777777778 0.03828125
0 0.8111111111111111 0.6828125 0.03194444444444444 0.01796875
0 0.07361111111111111 0.480859375 0.07222222222222222 0.04140625
0 0.2263888888888889 0.512890625 0.05 0.0296875
0 0.8993055555555556 0.66875 0.029166666666666667 0.015625
0 0.9104166666666667 0.660546875 0.02638888888888889 0.01796875
0 0.07569444444444444 0.458203125 0.04027777777777778 0.025
0 0.37569444444444444 0.5234375 0.05138888888888889 0.028125
0 0.175 0.464453125 0.03888888888888889 0.0203125
0 0.7159722222222222 0.5796875 0.06111111111111111 0.0328125
0 0.9201388888888888 0.628125 0.03333333333333333 0.01640625
0 0.08958333333333333 0.416015625 0.0625 0.03359375
0 0.14097222222222222 0.430078125 0.05555555555555555 0.02578125
0 0.3111111111111111 0.469921875 0.041666666666666664 0.02109375
0 0.7430555555555556 0.562890625 0.06527777777777778 0.03203125
0 0.4173611111111111 0.484375 0.06111111111111111 0.0328125
0 0.6701388888888888 0.53515625 0.059722222222222225 0.0328125
0 0.275 0.444140625 0.06527777777777778 0.03359375
0 0.19930555555555557 0.4234375 0.06527777777777778 0.034375
0 0.4027777777777778 0.458203125 0.05 0.028125
0 0.8145833333333333 0.54921875 0.044444444444444446 0.02421875
0 0.4340277777777778 0.451953125 0.06388888888888888 0.0375
0 0.3298611111111111 0.428125 0.05694444444444444 0.034375
0 0.8444444444444444 0.55 0.043055555555555555 0.0234375
0 0.7854166666666667 0.530859375 0.044444444444444446 0.02421875
0 0.6381944444444444 0.4921875 0.043055555555555555 0.01875
0 0.7722222222222223 0.510546875 0.05416666666666667 0.028125
0 0.39305555555555555 0.4109375 0.05277777777777778 0.02734375
0 0.6277777777777778 0.4625 0.04861111111111111 0.0265625
0 0.6895833333333333 0.45625 0.03333333333333333 0.02109375
0 0.7375 0.4609375 0.05277777777777778 0.03046875
0 0.98125 0.51953125 0.034722222222222224 0.028125
0 0.4013888888888889 0.387109375 0.04583333333333333 0.02421875
0 0.2923611111111111 0.35859375 0.041666666666666664 0.02421875
0 0.7118055555555556 0.454296875 0.027777777777777776 0.01640625
0 0.5472222222222223 0.402734375 0.06527777777777778 0.03671875
0 0.8152777777777778 0.46015625 0.03888888888888889 0.0203125
0 0.34375 0.34765625 0.03333333333333333 0.021875
0 0.44305555555555554 0.3484375 0.0375 0.02109375
0 0.9819444444444444 0.46328125 0.03333333333333333 0.0328125
0 0.66875 0.3921875 0.03888888888888889 0.02421875
0 0.5868055555555556 0.318359375 0.05 0.028125
0 0.5409722222222222 0.29296875 0.043055555555555555 0.02734375
0 0.5645833333333333 0.285546875 0.04861111111111111 0.02578125