0 0.6333333333333333 0.97890625 0.02361111111111111 0.015625
0 0.6541666666666667 0.975390625 0.05138888888888889 0.02734375
0 0.7159722222222222 0.9546875 0.05277777777777778 0.03359375
0 0.7479166666666667 0.955859375 0.04027777777777778 0.02734375
0 0.6263888888888889 0.940625 0.04861111111111111 0.025
0 0.6680555555555555 0.93671875 0.05138888888888889 0.0265625
0 0.7548611111111111 0.90703125 0.05694444444444444 0.03828125
0 0.65 0.9 0.07222222222222222 0.03359375
0 0.575 0.87265625 0.05555555555555555 0.02578125
0 0.5430555555555555 0.84375 0.05694444444444444 0.0296875
0 0.6215277777777778 0.832421875 0.06111111111111111 0.0328125
0 0.41180555555555554 0.812109375 0.04861111111111111 0.0296875
0 0.021527777777777778 0.7734375 0.043055555555555555 0.0265625
0 0.8243055555555555 0.833984375 0.05555555555555555 0.0328125
0 0.014583333333333334 0.75546875 0.029166666666666667 0.0265625
0 0.03819444444444445 0.761328125 0.03194444444444444 0.01484375
0 0.5805555555555556 0.808203125 0.04722222222222222 0.028125
0 0.6111111111111112 0.810546875 0.043055555555555555 0.02734375
0 0.4979166666666667 0.78359375 0.044444444444444446 0.0265625
0 0.09444444444444444 0.745703125 0.041666666666666664 0.02109375
0 0.625 0.797265625 0.03194444444444444 0.01484375
0 0.8381944444444445 0.80625 0.05277777777777778 0.034375
0 0.12986111111111112 0.7109375 0.03888888888888889 0.0171875
0 0.5854166666666667 0.740625 0.03611111111111111 0.021875
0 0.15138888888888888 0.7 0.030555555555555555 0.0140625
0 0.8493055555555555 0.756640625 0.06805555555555555 0.03984375
0 0.005555555555555556 0.680078125 0.011111111111111112 0.01640625
0 0.6090277777777777 0.723828125 0.03611111111111111 0.0203125
0 0.1527777777777778 0.66953125 0.03888888888888889 0.01875
0 0.058333333333333334 0.655078125 0.0375 0.02109375
0 0.8125 0.72578125 0.029166666666666667 0.02421875
0 0.6791666666666667 0.713671875 0.015277777777777777 0.01171875
0 0.6659722222222222 0.700390625 0.043055555555555555 0.0296875
0 0.5944444444444444 0.697265625 0.0375 0.0203125
0 0.19166666666666668 0.6609375 0.03611111111111111 0.01328125
0 0.6326388888888889 0.690625 0.05555555555555555 0.03046875
0 0.00625 0.62578125 0.0125 0.03125
0 0.5784722222222223 0.67265625 0.027777777777777776 0.01875
0 0.6756944444444445 0.675390625 0.03888888888888889 0.025
0 0.006944444444444444 0.60625 0.013888888888888888 0.021875
0 0.7284722222222222 0.664453125 0.0625 0.03515625
0 0.18333333333333332 0.610546875 0.03888888888888889 0.025
0 0.175 0.594921875 0.043055555555555555 0.02265625
0 0.14097222222222222 0.58984375 0.03888888888888889 0.0171875
0 0.6354166666666666 0.622265625 0.05555555555555555 0.03359375
0 0.9402777777777778 0.634375 0.05694444444444444 0.0359375
0 0.6215277777777778 0.608984375 0.03194444444444444 0.02109375
0 0.8555555555555555 0.627734375 0.044444444444444446 0.0203125
0 0.6006944444444444 0.594140625 0.029166666666666667 0.02265625
0 0.5847222222222223 0.58359375 0.03194444444444444 0.02265625
0 0.5388888888888889 0.5578125 0.06527777777777778 0.03671875
0 0.9298611111111111 0.590625 0.05138888888888889 0.01953125
0 0.9243055555555556 0.57734375 0.05555555555555555 0.02578125
0 0.3111111111111111 0.50625 0.03888888888888889 0.028125
0 0.3541666666666667 0.503515625 0.05 0.028125
0 0.3784722222222222 0.498046875 0.044444444444444446 0.02578125
0 0.225 0.477734375 0.05555555555555555 0.02578125
0 0.5618055555555556 0.502734375 0.07222222222222222 0.0390625
0 0.2986111111111111 0.4796875 0.058333333333333334 0.02890625
0 0.9798611111111111 0.534765625 0.0375 0.02421875
0 0.5666666666666667 0.475390625 0.06388888888888888 0.04140625
0 0.3104166666666667 0.454296875 0.05 0.02890625
0 0.09513888888888888 0.436328125 0.05 0.021875
0 0.8020833333333334 0.4921875 0.04027777777777778 0.03125
0 0.20694444444444443 0.430078125 0.041666666666666664 0.01953125
0 0.4152777777777778 0.44140625 0.04722222222222222 0.021875
0 0.27569444444444446 0.423828125 0.029166666666666667 0.01796875
0 0.4576388888888889 0.429296875 0.044444444444444446 0.0234375
0 0.22083333333333333 0.409375 0.022222222222222223 0.01328125
0 0.3701388888888889 0.412109375 0.043055555555555555 0.02109375
0 0.6125 0.428515625 0.04722222222222222 0.02578125
0 0.2881944444444444 0.387890625 0.044444444444444446 0.0234375
0 0.18958333333333333 0.36875 0.020833333333333332 0.01796875
0 0.6215277777777778 0.403515625 0.06805555555555555 0.03671875
0 0.8368055555555556 0.422265625 0.05 0.02890625
0 0.3388888888888889 0.3703125 0.04722222222222222 0.025
0 0.9819444444444444 0.428125 0.03333333333333333 0.034375
0 0.4847222222222222 0.37734375 0.05 0.03125
0 0.8833333333333333 0.4234375 0.015277777777777777 0.0140625
0 0.6305555555555555 0.3828125 0.05277777777777778 0.03046875
0 0.6611111111111111 0.3625 0.05555555555555555 0.0359375
0 0.98125 0.38046875 0.034722222222222224 0.0359375
0 0.46805555555555556 0.319140625 0.02361111111111111 0.015625
0 0.6236111111111111 0.328515625 0.04027777777777778 0.02265625
0 0.5736111111111111 0.314453125 0.075 0.04296875
0 0.5159722222222223 0.30703125 0.034722222222222224 0.03125
0 0.48680555555555555 0.284765625 0.043055555555555555 0.02890625
0 0.51875 0.283203125 0.041666666666666664 0.02265625