0 0.12291666666666666 0.30078125 0.03333333333333333 0.0296875
0 0.1 0.4140625 0.06805555555555555 0.0421875
0 0.22361111111111112 0.38046875 0.08055555555555556 0.04140625
0 0.017361111111111112 0.634765625 0.034722222222222224 0.03515625
0 0.03958333333333333 0.6203125 0.05555555555555555 0.03203125
0 0.18611111111111112 0.442578125 0.03888888888888889 0.025
0 0.2604166666666667 0.419921875 0.043055555555555555 0.025
0 0.30694444444444446 0.43125 0.043055555555555555 0.025
0 0.39305555555555555 0.383203125 0.044444444444444446 0.02578125
0 0.3090277777777778 0.4921875 0.04722222222222222 0.03046875
0 0.4409722222222222 0.35859375 0.05277777777777778 0.03359375
0 0.3326388888888889 0.521875 0.06527777777777778 0.03828125
0 0.4930555555555556 0.357421875 0.04027777777777778 0.0203125
0 0.43819444444444444 0.433203125 0.05694444444444444 0.03125
0 0.5319444444444444 0.448046875 0.06388888888888888 0.0359375
0 0.6145833333333334 0.356640625 0.06527777777777778 0.0328125
0 0.34097222222222223 0.658984375 0.03888888888888889 0.0234375
0 0.5993055555555555 0.385546875 0.05138888888888889 0.028125
0 0.6854166666666667 0.394921875 0.04861111111111111 0.0234375
0 0.7138888888888889 0.360546875 0.044444444444444446 0.02265625
0 0.6118055555555556 0.47265625 0.03611111111111111 0.02265625
0 0.5680555555555555 0.608203125 0.058333333333333334 0.0359375
0 0.7041666666666667 0.512109375 0.041666666666666664 0.021875
0 0.8368055555555556 0.50390625 0.08888888888888889 0.0359375
0 0.7673611111111112 0.610546875 0.044444444444444446 0.02734375
0 0.7201388888888889 0.6671875 0.0375 0.021875
0 0.86875 0.55078125 0.04861111111111111 0.02890625
0 0.8347222222222223 0.605078125 0.06111111111111111 0.03203125
0 0.7888888888888889 0.653515625 0.0375 0.021875
0 0.6854166666666667 0.808203125 0.06666666666666667 0.03984375
0 0.9513888888888888 0.555078125 0.04027777777777778 0.025
0 0.7673611111111112 0.806640625 0.05555555555555555 0.0328125