0 0.12986111111111112 0.444921875 0.11666666666666667 0.0625
0 0.019444444444444445 0.630859375 0.03888888888888889 0.06484375
0 0.05416666666666667 0.6421875 0.10833333333333334 0.0609375
0 0.03819444444444445 0.668359375 0.06944444444444445 0.02890625
0 0.16319444444444445 0.619921875 0.09444444444444444 0.05
0 0.14930555555555555 0.699609375 0.09583333333333334 0.0421875
0 0.19791666666666666 0.696875 0.09305555555555556 0.05
0 0.2263888888888889 0.67421875 0.06388888888888888 0.02890625
0 0.29930555555555555 0.68125 0.125 0.06796875
0 0.2965277777777778 0.7125 0.09861111111111111 0.05
0 0.35833333333333334 0.66640625 0.06666666666666667 0.0390625
0 0.4326388888888889 0.72109375 0.11527777777777778 0.065625
0 0.48055555555555557 0.70078125 0.09444444444444444 0.05546875