0 0.7118055555555556 0.23046875 0.05416666666666667 0.03203125
0 0.4048611111111111 0.325 0.05416666666666667 0.03359375
0 0.43125 0.3390625 0.04027777777777778 0.01953125
0 0.7097222222222223 0.441015625 0.04027777777777778 0.021875
0 0.6652777777777777 0.436328125 0.043055555555555555 0.02890625
0 0.6868055555555556 0.451953125 0.04027777777777778 0.0203125
0 0.37777777777777777 0.399609375 0.05416666666666667 0.03203125
0 0.7340277777777777 0.48515625 0.05 0.02890625
0 0.58125 0.45546875 0.034722222222222224 0.01953125
0 0.28402777777777777 0.398828125 0.044444444444444446 0.02890625
0 0.23194444444444445 0.384375 0.022222222222222223 0.01328125
0 0.5270833333333333 0.462109375 0.044444444444444446 0.025
0 0.3659722222222222 0.43046875 0.05 0.02578125
0 0.14027777777777778 0.41796875 0.03194444444444444 0.01875
0 0.10833333333333334 0.45 0.05416666666666667 0.0390625
0 0.07152777777777777 0.447265625 0.05694444444444444 0.0296875
0 0.25 0.494140625 0.043055555555555555 0.025
0 0.2833333333333333 0.507421875 0.059722222222222225 0.028125
0 0.8208333333333333 0.64765625 0.025 0.0125
0 0.24375 0.555859375 0.04722222222222222 0.0265625
0 0.1951388888888889 0.562890625 0.06666666666666667 0.03515625
0 0.5736111111111111 0.64921875 0.029166666666666667 0.0171875
0 0.7381944444444445 0.70625 0.043055555555555555 0.02109375
0 0.1875 0.6015625 0.05694444444444444 0.0328125
0 0.7798611111111111 0.74375 0.04722222222222222 0.0203125
0 0.6541666666666667 0.721484375 0.041666666666666664 0.025
0 0.7381944444444445 0.7421875 0.05416666666666667 0.028125
0 0.775 0.764453125 0.0375 0.0265625
0 0.4909722222222222 0.696484375 0.025 0.02109375
0 0.33402777777777776 0.7234375 0.05138888888888889 0.02421875