0 0.9395833333333333 0.676171875 0.0125 0.01484375
0 0.9326388888888889 0.279296875 0.06527777777777778 0.034375
0 0.7868055555555555 0.6734375 0.05694444444444444 0.03515625
0 0.9006944444444445 0.287109375 0.06388888888888888 0.034375
0 0.7111111111111111 0.68359375 0.04583333333333333 0.02109375
0 0.7284722222222222 0.568359375 0.03611111111111111 0.0125
0 0.6986111111111111 0.257421875 0.058333333333333334 0.0328125
0 0.5180555555555556 0.564453125 0.03194444444444444 0.0171875
0 0.44583333333333336 0.61875 0.06111111111111111 0.03515625
0 0.3763888888888889 0.725 0.0875 0.0515625
0 0.49375 0.448046875 0.04861111111111111 0.03203125
0 0.3951388888888889 0.459375 0.0763888888888889 0.03984375