0 0.10208333333333333 0.644140625 0.043055555555555555 0.02421875
0 0.12916666666666668 0.64921875 0.043055555555555555 0.028125
0 0.21319444444444444 0.641015625 0.02638888888888889 0.01953125
0 0.37777777777777777 0.464453125 0.03611111111111111 0.01640625
0 0.40625 0.24609375 0.025 0.02265625
0 0.3854166666666667 0.601953125 0.03333333333333333 0.0203125
0 0.40902777777777777 0.419921875 0.034722222222222224 0.01953125
0 0.3993055555555556 0.663671875 0.03333333333333333 0.01953125
0 0.43333333333333335 0.43359375 0.030555555555555555 0.015625
0 0.425 0.712890625 0.05138888888888889 0.0265625
0 0.5 0.320703125 0.05 0.0265625
0 0.48819444444444443 0.6859375 0.0375 0.01640625
0 0.5145833333333333 0.584765625 0.058333333333333334 0.0296875
0 0.5215277777777778 0.570703125 0.04583333333333333 0.02265625
0 0.5145833333333333 0.64765625 0.04583333333333333 0.028125
0 0.5354166666666667 0.63125 0.041666666666666664 0.0203125
0 0.5652777777777778 0.50234375 0.043055555555555555 0.01484375
0 0.5645833333333333 0.68984375 0.05 0.028125
0 0.5833333333333334 0.48828125 0.020833333333333332 0.00859375
0 0.63125 0.48828125 0.03611111111111111 0.02109375
0 0.6854166666666667 0.484765625 0.04861111111111111 0.02890625
0 0.7048611111111112 0.56796875 0.04722222222222222 0.0265625
0 0.7222222222222222 0.643359375 0.04027777777777778 0.02421875