0 0.24861111111111112 0.0265625 0.04722222222222222 0.0234375
0 0.2722222222222222 0.02421875 0.034722222222222224 0.02265625
0 0.14930555555555555 0.141796875 0.05 0.03046875
0 0.18680555555555556 0.142578125 0.043055555555555555 0.028125
0 0.21597222222222223 0.14296875 0.03333333333333333 0.028125
0 0.08055555555555556 0.194140625 0.058333333333333334 0.03359375
0 0.2798611111111111 0.18046875 0.0375 0.0234375
0 0.2972222222222222 0.192578125 0.020833333333333332 0.021875
0 0.28958333333333336 0.21875 0.0625 0.03671875
0 0.11666666666666667 0.237109375 0.06111111111111111 0.0375
0 0.3326388888888889 0.211328125 0.022222222222222223 0.021875
0 0.24791666666666667 0.22421875 0.05 0.0328125
0 0.15902777777777777 0.2375 0.05138888888888889 0.03984375
0 0.37430555555555556 0.20546875 0.02361111111111111 0.01171875
0 0.38958333333333334 0.225 0.030555555555555555 0.01796875
0 0.2298611111111111 0.260546875 0.06944444444444445 0.0375
0 0.3659722222222222 0.246875 0.027777777777777776 0.025
0 0.24583333333333332 0.285546875 0.03611111111111111 0.02265625
0 0.2708333333333333 0.287890625 0.05 0.0296875
0 0.13194444444444445 0.319140625 0.06111111111111111 0.034375
0 0.3076388888888889 0.3125 0.04027777777777778 0.03125
0 0.20416666666666666 0.330859375 0.058333333333333334 0.03359375
0 0.8965277777777778 0.3125 0.04583333333333333 0.02265625
0 0.1638888888888889 0.382421875 0.04861111111111111 0.025
0 0.9326388888888889 0.312109375 0.025 0.015625
0 0.24930555555555556 0.3890625 0.07083333333333333 0.04296875
0 0.33611111111111114 0.3703125 0.02638888888888889 0.01328125
0 0.08888888888888889 0.40625 0.03194444444444444 0.02265625
0 0.4527777777777778 0.39375 0.05555555555555555 0.03125
0 0.3729166666666667 0.40078125 0.019444444444444445 0.01484375
0 0.43333333333333335 0.418359375 0.05138888888888889 0.03125
0 0.21458333333333332 0.446484375 0.05138888888888889 0.03046875
0 0.1840277777777778 0.46015625 0.04027777777777778 0.0265625
0 0.01875 0.4734375 0.03194444444444444 0.01796875
0 0.38333333333333336 0.449609375 0.05416666666666667 0.03203125
0 0.23194444444444445 0.467578125 0.05416666666666667 0.03203125
0 0.8104166666666667 0.4140625 0.030555555555555555 0.015625
0 0.9055555555555556 0.419140625 0.05694444444444444 0.025
0 0.24444444444444444 0.483984375 0.03333333333333333 0.01640625
0 0.19583333333333333 0.4953125 0.022222222222222223 0.015625
0 0.8826388888888889 0.46875 0.03888888888888889 0.01953125
0 0.55625 0.503125 0.02638888888888889 0.0109375
0 0.9020833333333333 0.489453125 0.058333333333333334 0.0265625
0 0.22152777777777777 0.545703125 0.03888888888888889 0.01328125
0 0.7513888888888889 0.503515625 0.034722222222222224 0.01875
0 0.48680555555555555 0.537890625 0.05 0.028125
0 0.45 0.54609375 0.04722222222222222 0.02421875
0 0.9868055555555556 0.509765625 0.02361111111111111 0.01796875
0 0.45069444444444445 0.566796875 0.05138888888888889 0.02421875
0 0.11180555555555556 0.608984375 0.03611111111111111 0.02421875
0 0.49930555555555556 0.580078125 0.05416666666666667 0.03359375
0 0.8534722222222222 0.5515625 0.04027777777777778 0.01875
0 0.1375 0.62890625 0.044444444444444446 0.028125
0 0.70625 0.599609375 0.058333333333333334 0.03515625
0 0.7270833333333333 0.633203125 0.05138888888888889 0.03046875
0 0.9368055555555556 0.619140625 0.06805555555555555 0.03046875
0 0.7111111111111111 0.6484375 0.03333333333333333 0.0171875
0 0.30416666666666664 0.709375 0.08194444444444444 0.04453125
0 0.3472222222222222 0.70546875 0.03888888888888889 0.03125
0 0.9395833333333333 0.674609375 0.044444444444444446 0.0296875