0 0.21805555555555556 0.769921875 0.030555555555555555 0.01875
0 0.06944444444444445 0.60625 0.06944444444444445 0.0375
0 0.18194444444444444 0.71328125 0.043055555555555555 0.025
0 0.13194444444444445 0.658203125 0.05 0.02734375
0 0.22569444444444445 0.744140625 0.02638888888888889 0.01171875
0 0.2569444444444444 0.762109375 0.05416666666666667 0.03359375
0 0.025 0.52734375 0.05 0.03125
0 0.32916666666666666 0.8203125 0.06111111111111111 0.0359375
0 0.017361111111111112 0.508984375 0.034722222222222224 0.02734375
0 0.23958333333333334 0.71875 0.03888888888888889 0.02265625
0 0.01597222222222222 0.49140625 0.03194444444444444 0.0234375
0 0.30625 0.756640625 0.06111111111111111 0.03515625
0 0.04583333333333333 0.501953125 0.03611111111111111 0.021875
0 0.14583333333333334 0.569140625 0.07222222222222222 0.040625
0 0.08125 0.526953125 0.027777777777777776 0.01796875
0 0.38125 0.79453125 0.029166666666666667 0.01640625
0 0.38333333333333336 0.764453125 0.05277777777777778 0.028125
0 0.26805555555555555 0.65703125 0.03333333333333333 0.01875
0 0.42986111111111114 0.797265625 0.05277777777777778 0.028125
0 0.10208333333333333 0.43828125 0.044444444444444446 0.02578125
0 0.24444444444444444 0.571875 0.043055555555555555 0.02890625
0 0.5090277777777777 0.807421875 0.06388888888888888 0.034375
0 0.19791666666666666 0.49140625 0.06944444444444445 0.0390625
0 0.31805555555555554 0.59453125 0.0375 0.0203125
0 0.5291666666666667 0.783203125 0.059722222222222225 0.03359375
0 0.2076388888888889 0.46875 0.04027777777777778 0.025
0 0.3215277777777778 0.565625 0.05138888888888889 0.028125
0 0.34444444444444444 0.578515625 0.05138888888888889 0.02890625
0 0.5194444444444445 0.74296875 0.058333333333333334 0.0328125
0 0.20277777777777778 0.423046875 0.0375 0.021875
0 0.16319444444444445 0.35859375 0.03333333333333333 0.01875
0 0.24861111111111112 0.436328125 0.03888888888888889 0.0234375
0 0.4076388888888889 0.5703125 0.06944444444444445 0.0375
0 0.48333333333333334 0.635546875 0.05555555555555555 0.03125
0 0.1840277777777778 0.35625 0.02638888888888889 0.01484375
0 0.14166666666666666 0.30234375 0.0375 0.02109375
0 0.37916666666666665 0.52421875 0.05277777777777778 0.02890625
0 0.23125 0.383984375 0.029166666666666667 0.01796875
0 0.4798611111111111 0.6125 0.05138888888888889 0.0265625
0 0.23333333333333334 0.371875 0.03333333333333333 0.01796875
0 0.46875 0.5875 0.06111111111111111 0.03671875
0 0.21875 0.3390625 0.0375 0.021875
0 0.24375 0.348046875 0.04861111111111111 0.02578125
0 0.5479166666666667 0.641015625 0.04722222222222222 0.0265625
0 0.3034722222222222 0.40390625 0.0375 0.02109375
0 0.26666666666666666 0.3625 0.03888888888888889 0.02265625
0 0.2534722222222222 0.316015625 0.034722222222222224 0.02265625
0 0.22569444444444445 0.2703125 0.029166666666666667 0.01484375
0 0.6743055555555556 0.695703125 0.05416666666666667 0.02890625
0 0.7284722222222222 0.740234375 0.020833333333333332 0.0109375
0 0.6118055555555556 0.605078125 0.03611111111111111 0.01796875
0 0.2833333333333333 0.25390625 0.041666666666666664 0.0203125
0 0.7506944444444444 0.660546875 0.05694444444444444 0.02890625
0 0.7611111111111111 0.676953125 0.03333333333333333 0.01875
0 0.44722222222222224 0.3390625 0.05555555555555555 0.0296875
0 0.36527777777777776 0.260546875 0.03611111111111111 0.0203125
0 0.44027777777777777 0.31640625 0.06527777777777778 0.0390625
0 0.7805555555555556 0.602734375 0.08333333333333333 0.046875
0 0.7111111111111111 0.5453125 0.04722222222222222 0.02578125
0 0.6819444444444445 0.5015625 0.06805555555555555 0.0390625
0 0.8173611111111111 0.620703125 0.07083333333333333 0.0359375
0 0.8520833333333333 0.656640625 0.04722222222222222 0.025
0 0.5673611111111111 0.37890625 0.04583333333333333 0.0265625
0 0.49166666666666664 0.29375 0.03194444444444444 0.01875
0 0.5284722222222222 0.302734375 0.05277777777777778 0.0265625
0 0.44930555555555557 0.203515625 0.06527777777777778 0.03203125
0 0.5111111111111111 0.25390625 0.06944444444444445 0.040625
0 0.5645833333333333 0.287890625 0.04861111111111111 0.0265625
0 0.6673611111111111 0.359375 0.034722222222222224 0.0171875
0 0.7298611111111111 0.414453125 0.04027777777777778 0.02421875
0 0.6590277777777778 0.346484375 0.0375 0.02265625
0 0.6013888888888889 0.271875 0.044444444444444446 0.0265625
0 0.5326388888888889 0.178125 0.034722222222222224 0.01953125
0 0.7506944444444444 0.382421875 0.041666666666666664 0.02265625
0 0.6277777777777778 0.26015625 0.041666666666666664 0.02578125
0 0.96875 0.5453125 0.059722222222222225 0.0546875
0 0.7298611111111111 0.267578125 0.043055555555555555 0.02265625