0 0.53125 0.556640625 0.06111111111111111 0.03359375
0 0.46041666666666664 0.57109375 0.059722222222222225 0.0359375
0 0.4777777777777778 0.54140625 0.04861111111111111 0.0265625
0 0.4534722222222222 0.50859375 0.04861111111111111 0.02890625
0 0.37083333333333335 0.4671875 0.04861111111111111 0.03125
0 0.3 0.496875 0.06388888888888888 0.0390625
0 0.3423611111111111 0.44375 0.030555555555555555 0.015625
0 0.3736111111111111 0.401171875 0.05 0.0234375
0 0.30833333333333335 0.426953125 0.041666666666666664 0.02265625
0 0.28888888888888886 0.4515625 0.030555555555555555 0.01875
0 0.2298611111111111 0.483984375 0.07083333333333333 0.0390625
0 0.05694444444444444 0.659765625 0.05138888888888889 0.0296875
0 0.15138888888888888 0.530078125 0.0375 0.02109375
0 0.04236111111111111 0.618359375 0.06527777777777778 0.0375
0 0.021527777777777778 0.584375 0.043055555555555555 0.0265625
0 0.09583333333333334 0.48984375 0.03611111111111111 0.0203125