0 0.9861111111111112 0.45703125 0.019444444444444445 0.0203125
0 0.9805555555555555 0.430078125 0.022222222222222223 0.01171875
0 0.9784722222222222 0.476171875 0.03333333333333333 0.01875
0 0.9770833333333333 0.423046875 0.016666666666666666 0.0078125
0 0.9652777777777778 0.4359375 0.03194444444444444 0.0125
0 0.9694444444444444 0.4453125 0.02638888888888889 0.0140625
0 0.9111111111111111 0.498828125 0.04583333333333333 0.0234375
0 0.8875 0.451171875 0.044444444444444446 0.0109375
0 0.8722222222222222 0.44140625 0.04027777777777778 0.0234375
0 0.8166666666666667 0.440625 0.04861111111111111 0.015625
0 0.8173611111111111 0.45234375 0.05277777777777778 0.028125
0 0.8069444444444445 0.412890625 0.05138888888888889 0.0234375
0 0.8194444444444444 0.51171875 0.05138888888888889 0.0265625
0 0.7708333333333334 0.49609375 0.03611111111111111 0.02265625
0 0.7555555555555555 0.4453125 0.03611111111111111 0.015625
0 0.7520833333333333 0.430859375 0.03888888888888889 0.02265625
0 0.7361111111111112 0.464453125 0.04027777777777778 0.01796875
0 0.7444444444444445 0.493359375 0.018055555555555554 0.01171875
0 0.6972222222222222 0.4171875 0.044444444444444446 0.0296875
0 0.6625 0.393359375 0.05 0.028125
0 0.66875 0.489453125 0.05694444444444444 0.03359375
0 0.6430555555555556 0.407421875 0.0375 0.01875
0 0.625 0.49375 0.04027777777777778 0.02421875
0 0.6111111111111112 0.551953125 0.05 0.028125
0 0.5951388888888889 0.464453125 0.020833333333333332 0.0234375
0 0.5708333333333333 0.458203125 0.04861111111111111 0.0265625
0 0.5673611111111111 0.39609375 0.03194444444444444 0.021875
0 0.5430555555555555 0.390625 0.03611111111111111 0.01484375
0 0.5479166666666667 0.444921875 0.02638888888888889 0.02109375
0 0.5458333333333333 0.51640625 0.04583333333333333 0.02890625
0 0.5222222222222223 0.3953125 0.03333333333333333 0.01328125
0 0.5305555555555556 0.498046875 0.03333333333333333 0.01953125
0 0.5097222222222222 0.4390625 0.041666666666666664 0.03046875
0 0.5013888888888889 0.38515625 0.02361111111111111 0.0125
0 0.5006944444444444 0.4234375 0.025 0.0125
0 0.48819444444444443 0.562109375 0.030555555555555555 0.0234375
0 0.48541666666666666 0.603125 0.029166666666666667 0.02421875
0 0.5013888888888889 0.769140625 0.02361111111111111 0.0109375
0 0.45416666666666666 0.46171875 0.04027777777777778 0.025
0 0.48194444444444445 0.63828125 0.027777777777777776 0.015625
0 0.4638888888888889 0.619140625 0.034722222222222224 0.02421875
0 0.4215277777777778 0.46953125 0.0375 0.0203125
0 0.4375 0.573046875 0.016666666666666666 0.01640625
0 0.44930555555555557 0.7578125 0.03194444444444444 0.0234375
0 0.43125 0.616015625 0.027777777777777776 0.015625
0 0.4041666666666667 0.58671875 0.034722222222222224 0.021875
0 0.3798611111111111 0.474609375 0.05277777777777778 0.02109375
0 0.3972222222222222 0.616015625 0.034722222222222224 0.01875
0 0.3173611111111111 0.242578125 0.029166666666666667 0.01484375
0 0.3388888888888889 0.574609375 0.0375 0.0203125
0 0.3333333333333333 0.583984375 0.030555555555555555 0.01953125
0 0.3194444444444444 0.491015625 0.03194444444444444 0.0140625
0 0.3194444444444444 0.558984375 0.0375 0.01875
0 0.3090277777777778 0.683203125 0.05138888888888889 0.02578125
0 0.28958333333333336 0.524609375 0.04861111111111111 0.0265625
0 0.31875 0.755078125 0.043055555555555555 0.01015625
0 0.29444444444444445 0.614453125 0.02638888888888889 0.01796875
0 0.3125 0.78671875 0.015277777777777777 0.0046875
0 0.29305555555555557 0.68828125 0.027777777777777776 0.01640625
0 0.24722222222222223 0.594140625 0.0375 0.01171875
0 0.21875 0.40859375 0.04722222222222222 0.0203125
0 0.16527777777777777 0.73828125 0.019444444444444445 0.0171875
0 0.11319444444444444 0.453125 0.043055555555555555 0.02109375
0 0.125 0.498828125 0.020833333333333332 0.0140625
0 0.125 0.515234375 0.019444444444444445 0.0171875
0 0.06527777777777778 0.4578125 0.03611111111111111 0.01640625
0 0.050694444444444445 0.5671875 0.025 0.01796875