0 0.8618055555555556 0.755078125 0.04583333333333333 0.0359375
0 0.8729166666666667 0.7375 0.03333333333333333 0.01953125
0 0.8055555555555556 0.766015625 0.05555555555555555 0.0328125
0 0.7965277777777777 0.791796875 0.0375 0.02265625
0 0.7645833333333333 0.83046875 0.05138888888888889 0.02734375
0 0.7729166666666667 0.8140625 0.04583333333333333 0.02265625
0 0.8430555555555556 0.673828125 0.022222222222222223 0.0125
0 0.8222222222222222 0.68984375 0.04861111111111111 0.0265625
0 0.8277777777777777 0.6640625 0.03194444444444444 0.02109375
0 0.7465277777777778 0.7609375 0.04861111111111111 0.0296875
0 0.8013888888888889 0.650390625 0.04861111111111111 0.03125
0 0.7909722222222222 0.669921875 0.0375 0.02265625
0 0.9576388888888889 0.362890625 0.030555555555555555 0.0171875
0 0.7777777777777778 0.63515625 0.02638888888888889 0.015625
0 0.7611111111111111 0.64765625 0.04722222222222222 0.0296875
0 0.81875 0.518359375 0.04722222222222222 0.0265625
0 0.75 0.63203125 0.03888888888888889 0.0203125
0 0.7902777777777777 0.510546875 0.04027777777777778 0.02890625
0 0.6222222222222222 0.5859375 0.04583333333333333 0.025
0 0.5402777777777777 0.726171875 0.03194444444444444 0.0265625
0 0.5076388888888889 0.72265625 0.041666666666666664 0.02421875
0 0.3784722222222222 0.63984375 0.05416666666666667 0.02890625
0 0.29791666666666666 0.581640625 0.07222222222222222 0.04296875
0 0.29305555555555557 0.546875 0.07083333333333333 0.0328125
0 0.2513888888888889 0.5953125 0.08333333333333333 0.04375
0 0.13958333333333334 0.690625 0.06527777777777778 0.03828125