0 0.98125 0.43046875 0.034722222222222224 0.0328125
0 0.8569444444444444 0.480859375 0.03611111111111111 0.0203125
0 0.8409722222222222 0.509765625 0.07777777777777778 0.04375
0 0.8944444444444445 0.60078125 0.03194444444444444 0.01796875
0 0.7611111111111111 0.541796875 0.07916666666666666 0.04453125
0 0.7013888888888888 0.515625 0.07222222222222222 0.040625
0 0.825 0.613671875 0.06805555555555555 0.03828125
0 0.7284722222222222 0.550390625 0.06805555555555555 0.0390625
0 0.8576388888888888 0.655859375 0.058333333333333334 0.03203125
0 0.7111111111111111 0.587109375 0.05694444444444444 0.03203125
0 0.6506944444444445 0.558203125 0.08194444444444444 0.046875
0 0.2423611111111111 0.305859375 0.04722222222222222 0.02734375
0 0.7909722222222222 0.67109375 0.05277777777777778 0.0296875
0 0.50625 0.518359375 0.07222222222222222 0.040625
0 0.7854166666666667 0.715625 0.0625 0.034375
0 0.46597222222222223 0.5140625 0.05555555555555555 0.03046875
0 0.6652777777777777 0.664453125 0.05277777777777778 0.02890625
0 0.6909722222222222 0.691796875 0.07361111111111111 0.04140625
0 0.4201388888888889 0.516015625 0.05 0.02890625
0 0.3951388888888889 0.50390625 0.04583333333333333 0.02578125
0 0.1 0.329296875 0.034722222222222224 0.01796875
0 0.5305555555555556 0.61015625 0.07361111111111111 0.04140625
0 0.5027777777777778 0.591796875 0.06805555555555555 0.0375
0 0.47847222222222224 0.569921875 0.05138888888888889 0.0296875
0 0.5326388888888889 0.64296875 0.05138888888888889 0.0296875
0 0.6194444444444445 0.71328125 0.044444444444444446 0.025
0 0.45208333333333334 0.630859375 0.06527777777777778 0.0359375
0 0.5909722222222222 0.723828125 0.058333333333333334 0.03359375
0 0.058333333333333334 0.39453125 0.03888888888888889 0.021875
0 0.40694444444444444 0.6296875 0.06666666666666667 0.03828125
0 0.4222222222222222 0.75078125 0.06805555555555555 0.03828125
0 0.2986111111111111 0.68671875 0.07777777777777778 0.04453125
0 0.1701388888888889 0.64453125 0.04722222222222222 0.0265625
0 0.23125 0.7375 0.05555555555555555 0.03125
0 0.11666666666666667 0.6703125 0.04583333333333333 0.0265625
0 0.09652777777777778 0.65703125 0.030555555555555555 0.0171875