0 0.24375 0.709765625 0.0625 0.03515625
0 0.26319444444444445 0.675390625 0.05555555555555555 0.03125
0 0.3645833333333333 0.679296875 0.07361111111111111 0.04140625
0 0.3861111111111111 0.6890625 0.05277777777777778 0.0296875
0 0.3229166666666667 0.6203125 0.03194444444444444 0.0171875
0 0.28680555555555554 0.5921875 0.0375 0.02109375
0 0.44722222222222224 0.66875 0.0763888888888889 0.04296875
0 0.38472222222222224 0.631640625 0.06805555555555555 0.0390625
0 0.3159722222222222 0.598046875 0.03194444444444444 0.01796875
0 0.3638888888888889 0.603515625 0.04722222222222222 0.02734375
0 0.4222222222222222 0.61484375 0.03333333333333333 0.01875
0 0.4166666666666667 0.498828125 0.07222222222222222 0.040625
0 0.4861111111111111 0.54140625 0.0375 0.021875
0 0.5743055555555555 0.559375 0.06388888888888888 0.0359375
0 0.5069444444444444 0.523046875 0.04027777777777778 0.02265625
0 0.4875 0.506640625 0.029166666666666667 0.01640625
0 0.6201388888888889 0.57734375 0.044444444444444446 0.025
0 0.48055555555555557 0.465625 0.07083333333333333 0.03984375
0 0.5534722222222223 0.503125 0.05555555555555555 0.03125
0 0.4777777777777778 0.43828125 0.07916666666666666 0.04453125
0 0.6409722222222223 0.548046875 0.03888888888888889 0.021875
0 0.5347222222222222 0.47734375 0.03888888888888889 0.021875
0 0.5201388888888889 0.4609375 0.05138888888888889 0.0296875
0 0.6013888888888889 0.50703125 0.0375 0.021875
0 0.4618055555555556 0.405078125 0.05 0.028125
0 0.46041666666666664 0.375390625 0.06666666666666667 0.0375
0 0.7152777777777778 0.520703125 0.05138888888888889 0.028125
0 0.44513888888888886 0.331640625 0.0625 0.034375
0 0.8215277777777777 0.551953125 0.0763888888888889 0.04375
0 0.4951388888888889 0.355078125 0.059722222222222225 0.034375
0 0.8375 0.53203125 0.06805555555555555 0.0390625
0 0.5840277777777778 0.366796875 0.05694444444444444 0.03203125
0 0.675 0.39296875 0.06805555555555555 0.0375
0 0.8680555555555556 0.4703125 0.06805555555555555 0.03828125
0 0.8972222222222223 0.455078125 0.05555555555555555 0.03203125
0 0.9395833333333333 0.460546875 0.075 0.0421875
0 0.8777777777777778 0.391015625 0.08333333333333333 0.04609375
0 0.9923611111111111 0.450390625 0.0125 0.03515625
0 0.7145833333333333 0.2203125 0.043055555555555555 0.0265625
0 0.7395833333333334 0.23515625 0.02638888888888889 0.01484375