0 0.9125 0.28359375 0.0375 0.021875
0 0.9784722222222222 0.496875 0.04027777777777778 0.028125
0 0.9076388888888889 0.31171875 0.05 0.0296875
0 0.8923611111111112 0.326171875 0.03194444444444444 0.01875
0 0.8201388888888889 0.309765625 0.034722222222222224 0.01796875
0 0.8548611111111111 0.4453125 0.044444444444444446 0.025
0 0.7930555555555555 0.321875 0.04861111111111111 0.03203125
0 0.8986111111111111 0.60546875 0.030555555555555555 0.021875
0 0.8388888888888889 0.47109375 0.03194444444444444 0.0203125
0 0.8493055555555555 0.537890625 0.04861111111111111 0.02421875
0 0.7604166666666666 0.35 0.04027777777777778 0.01953125
0 0.7256944444444444 0.290625 0.05138888888888889 0.02265625
0 0.825 0.5546875 0.04027777777777778 0.028125
0 0.7826388888888889 0.5125 0.059722222222222225 0.03203125
0 0.8173611111111111 0.571484375 0.02638888888888889 0.01796875
0 0.6722222222222223 0.300390625 0.07361111111111111 0.0390625
0 0.8069444444444445 0.658203125 0.05416666666666667 0.0328125
0 0.7333333333333333 0.568359375 0.05694444444444444 0.028125
0 0.6902777777777778 0.4578125 0.03194444444444444 0.0203125
0 0.6152777777777778 0.271875 0.03611111111111111 0.01953125
0 0.6118055555555556 0.295703125 0.05694444444444444 0.0328125
0 0.6715277777777777 0.513671875 0.020833333333333332 0.0125
0 0.5618055555555556 0.2796875 0.020833333333333332 0.02109375
0 0.6423611111111112 0.568359375 0.044444444444444446 0.02734375
0 0.6166666666666667 0.546484375 0.04861111111111111 0.03125
0 0.6888888888888889 0.712890625 0.022222222222222223 0.0125
0 0.6881944444444444 0.75625 0.034722222222222224 0.01875
0 0.49236111111111114 0.33515625 0.029166666666666667 0.0203125
0 0.5611111111111111 0.5703125 0.044444444444444446 0.02578125
0 0.5694444444444444 0.637890625 0.05694444444444444 0.0328125
0 0.5263888888888889 0.566015625 0.03888888888888889 0.02578125
0 0.53125 0.761328125 0.05555555555555555 0.034375
0 0.5083333333333333 0.77265625 0.043055555555555555 0.02890625
0 0.48055555555555557 0.726171875 0.04027777777777778 0.0234375
0 0.47152777777777777 0.702734375 0.034722222222222224 0.02265625
0 0.39375 0.60234375 0.0375 0.0234375
0 0.3076388888888889 0.40234375 0.03888888888888889 0.0234375
0 0.33055555555555555 0.49375 0.03194444444444444 0.02578125
0 0.39305555555555555 0.6859375 0.05 0.0296875
0 0.22777777777777777 0.276171875 0.07083333333333333 0.04375
0 0.30277777777777776 0.44765625 0.03194444444444444 0.015625
0 0.2611111111111111 0.53515625 0.03888888888888889 0.02421875
0 0.23472222222222222 0.5375 0.0375 0.025
0 0.1527777777777778 0.63046875 0.04027777777777778 0.021875
0 0.05625 0.648046875 0.027777777777777776 0.01953125