0 0.4465277777777778 0.199609375 0.029166666666666667 0.01640625
0 0.48125 0.225 0.029166666666666667 0.0140625
0 0.5701388888888889 0.230859375 0.027777777777777776 0.0171875
0 0.46944444444444444 0.25 0.022222222222222223 0.01484375
0 0.4027777777777778 0.256640625 0.018055555555555554 0.0109375
0 0.5069444444444444 0.258203125 0.03194444444444444 0.01640625
0 0.6041666666666666 0.258203125 0.03611111111111111 0.0296875
0 0.4791666666666667 0.264453125 0.019444444444444445 0.01171875
0 0.4 0.275390625 0.03611111111111111 0.02109375
0 0.4263888888888889 0.275 0.029166666666666667 0.01796875
0 0.6548611111111111 0.25859375 0.011111111111111112 0.01015625
0 0.5645833333333333 0.26953125 0.027777777777777776 0.0171875
0 0.5923611111111111 0.285546875 0.029166666666666667 0.01796875
0 0.6201388888888889 0.283203125 0.02638888888888889 0.0125
0 0.5333333333333333 0.29921875 0.016666666666666666 0.01640625
0 0.41875 0.33046875 0.011111111111111112 0.009375
0 0.3486111111111111 0.3734375 0.034722222222222224 0.01640625
0 0.20277777777777778 0.38515625 0.022222222222222223 0.0078125
0 0.21944444444444444 0.39375 0.025 0.01640625
0 0.1798611111111111 0.40546875 0.020833333333333332 0.0109375
0 0.20833333333333334 0.409765625 0.03194444444444444 0.01484375
0 0.6597222222222222 0.391015625 0.041666666666666664 0.0140625
0 0.3138888888888889 0.41953125 0.029166666666666667 0.01796875
0 0.5277777777777778 0.40234375 0.019444444444444445 0.0125
0 0.4340277777777778 0.411328125 0.02361111111111111 0.01640625
0 0.4965277777777778 0.414453125 0.04722222222222222 0.02734375
0 0.3972222222222222 0.43671875 0.011111111111111112 0.009375
0 0.4486111111111111 0.44140625 0.03194444444444444 0.015625
0 0.7409722222222223 0.426953125 0.013888888888888888 0.0078125
0 0.7173611111111111 0.4359375 0.018055555555555554 0.0140625
0 0.3854166666666667 0.462890625 0.020833333333333332 0.0109375
0 0.41388888888888886 0.477734375 0.05 0.0203125
0 0.4479166666666667 0.512109375 0.0125 0.00546875
0 0.3076388888888889 0.53828125 0.020833333333333332 0.0125
0 0.3263888888888889 0.551171875 0.013888888888888888 0.01171875
0 0.5819444444444445 0.552734375 0.0375 0.01953125
0 0.31527777777777777 0.577734375 0.027777777777777776 0.01640625
0 0.6541666666666667 0.552734375 0.016666666666666666 0.0109375
0 0.41180555555555554 0.581640625 0.018055555555555554 0.00703125
0 0.6340277777777777 0.583203125 0.04583333333333333 0.0234375
0 0.29375 0.616796875 0.0125 0.0109375
0 0.5263888888888889 0.6046875 0.02361111111111111 0.01796875
0 0.33055555555555555 0.621484375 0.0125 0.0078125
0 0.75 0.59609375 0.02361111111111111 0.0140625
0 0.6034722222222222 0.616015625 0.041666666666666664 0.0171875
0 0.8673611111111111 0.603125 0.0125 0.0109375
0 0.04027777777777778 0.66171875 0.015277777777777777 0.01171875
0 0.4 0.6546875 0.05 0.0234375
0 0.3423611111111111 0.6671875 0.04861111111111111 0.01953125
0 0.1284722222222222 0.691796875 0.019444444444444445 0.01953125
0 0.36736111111111114 0.67734375 0.044444444444444446 0.021875
0 0.6722222222222223 0.669921875 0.05138888888888889 0.028125
0 0.8993055555555556 0.652734375 0.029166666666666667 0.015625
0 0.6951388888888889 0.67265625 0.029166666666666667 0.01796875
0 0.1840277777777778 0.716796875 0.034722222222222224 0.01875
0 0.7111111111111111 0.692578125 0.019444444444444445 0.01171875
0 0.6527777777777778 0.701171875 0.022222222222222223 0.0140625
0 0.6770833333333334 0.707421875 0.03611111111111111 0.01640625
0 0.16805555555555557 0.74921875 0.0375 0.0234375
0 0.8013888888888889 0.705078125 0.02638888888888889 0.0140625
0 0.9048611111111111 0.71875 0.03333333333333333 0.015625
0 0.7944444444444444 0.730078125 0.02361111111111111 0.0140625
0 0.8131944444444444 0.7328125 0.025 0.02109375
0 0.8541666666666666 0.728515625 0.018055555555555554 0.0171875
0 0.7888888888888889 0.741796875 0.04583333333333333 0.01796875
0 0.8118055555555556 0.76171875 0.034722222222222224 0.02109375
0 0.7993055555555556 0.7734375 0.034722222222222224 0.01875