0 0.9916666666666667 0.2328125 0.013888888888888888 0.028125
0 0.7777777777777778 0.3046875 0.05555555555555555 0.03125
0 0.7451388888888889 0.307421875 0.06388888888888888 0.0359375
0 0.6923611111111111 0.34921875 0.041666666666666664 0.0234375
0 0.6305555555555555 0.44140625 0.06111111111111111 0.034375
0 0.5729166666666666 0.43203125 0.03888888888888889 0.021875
0 0.8465277777777778 0.591015625 0.05694444444444444 0.03203125
0 0.5347222222222222 0.416796875 0.05 0.028125
0 0.8125 0.5921875 0.04722222222222222 0.0265625
0 0.4909722222222222 0.422265625 0.07222222222222222 0.040625
0 0.45625 0.437890625 0.059722222222222225 0.03359375
0 0.5680555555555555 0.52421875 0.0763888888888889 0.04296875
0 0.48333333333333334 0.480078125 0.06527777777777778 0.03671875
0 0.5659722222222222 0.5390625 0.04722222222222222 0.0265625
0 0.4888888888888889 0.501953125 0.04583333333333333 0.02578125
0 0.6548611111111111 0.614453125 0.075 0.0421875
0 0.38958333333333334 0.47109375 0.06944444444444445 0.0390625
0 0.6076388888888888 0.6484375 0.05416666666666667 0.03046875
0 0.5819444444444445 0.673828125 0.07916666666666666 0.04453125
0 0.4513888888888889 0.617578125 0.06388888888888888 0.0359375
0 0.33958333333333335 0.568359375 0.06388888888888888 0.0359375