0 0.9520833333333333 0.371484375 0.022222222222222223 0.01484375
0 0.93125 0.36875 0.043055555555555555 0.02421875
0 0.9868055555555556 0.401953125 0.02361111111111111 0.01484375
0 0.8486111111111111 0.316015625 0.041666666666666664 0.02265625
0 0.9375 0.382421875 0.04027777777777778 0.02265625
0 0.9784722222222222 0.416796875 0.04027777777777778 0.021875
0 0.9555555555555556 0.40703125 0.04861111111111111 0.02734375
0 0.8798611111111111 0.353515625 0.05 0.02890625
0 0.8236111111111111 0.339453125 0.0375 0.021875
0 0.8409722222222222 0.355078125 0.043055555555555555 0.02421875
0 0.8368055555555556 0.36953125 0.034722222222222224 0.01796875
0 0.8013888888888889 0.375390625 0.03611111111111111 0.0203125
0 0.7256944444444444 0.358203125 0.04027777777777778 0.0234375
0 0.9618055555555556 0.56328125 0.04722222222222222 0.02578125
0 0.6833333333333333 0.36484375 0.044444444444444446 0.02578125
0 0.8791666666666667 0.50390625 0.041666666666666664 0.02421875
0 0.9666666666666667 0.586328125 0.041666666666666664 0.02265625
0 0.975 0.612890625 0.03888888888888889 0.02109375
0 0.9534722222222223 0.601953125 0.041666666666666664 0.02421875
0 0.7368055555555556 0.460546875 0.03888888888888889 0.02109375
0 0.7993055555555556 0.516015625 0.029166666666666667 0.01640625
0 0.8715277777777778 0.56875 0.03611111111111111 0.02109375
0 0.9111111111111111 0.61484375 0.044444444444444446 0.02578125
0 0.7527777777777778 0.5234375 0.025 0.01328125
0 0.44513888888888886 0.31640625 0.03194444444444444 0.01796875
0 0.6326388888888889 0.457421875 0.05555555555555555 0.03203125
0 0.4263888888888889 0.31328125 0.0375 0.02109375
0 0.5388888888888889 0.4015625 0.03888888888888889 0.02265625
0 0.5736111111111111 0.4453125 0.04027777777777778 0.0234375
0 0.59375 0.465234375 0.043055555555555555 0.025
0 0.5631944444444444 0.50859375 0.03333333333333333 0.01875
0 0.6361111111111111 0.56796875 0.041666666666666664 0.0234375
0 0.5958333333333333 0.56484375 0.029166666666666667 0.015625
0 0.6284722222222222 0.634375 0.07083333333333333 0.040625
0 0.4527777777777778 0.526171875 0.04861111111111111 0.02734375
0 0.6798611111111111 0.687890625 0.030555555555555555 0.01796875
0 0.6375 0.693359375 0.03888888888888889 0.02265625
0 0.4791666666666667 0.589453125 0.03611111111111111 0.0203125
0 0.5486111111111112 0.663671875 0.04861111111111111 0.02578125
0 0.33402777777777776 0.505859375 0.029166666666666667 0.01640625
0 0.6083333333333333 0.706640625 0.05138888888888889 0.02890625
0 0.33958333333333335 0.530078125 0.05694444444444444 0.03203125
0 0.48125 0.630078125 0.05416666666666667 0.0296875
0 0.21597222222222223 0.43828125 0.03194444444444444 0.01796875
0 0.36666666666666664 0.54609375 0.03611111111111111 0.0203125
0 0.45 0.61796875 0.05138888888888889 0.02734375
0 0.29444444444444445 0.5 0.03194444444444444 0.01875
0 0.5673611111111111 0.73828125 0.025 0.0140625
0 0.5736111111111111 0.77421875 0.05277777777777778 0.02890625
0 0.3138888888888889 0.607421875 0.030555555555555555 0.01796875
0 0.2791666666666667 0.5890625 0.03333333333333333 0.01953125
0 0.12777777777777777 0.484765625 0.034722222222222224 0.01953125
0 0.29583333333333334 0.61328125 0.043055555555555555 0.025
0 0.27152777777777776 0.621875 0.03194444444444444 0.0171875
0 0.15694444444444444 0.547265625 0.05 0.02734375
0 0.27708333333333335 0.641796875 0.0625 0.03515625
0 0.22777777777777777 0.620703125 0.04027777777777778 0.0234375
0 0.1625 0.580859375 0.044444444444444446 0.02421875
0 0.07430555555555556 0.546484375 0.05 0.02890625
0 0.09166666666666666 0.583203125 0.044444444444444446 0.02421875
0 0.11458333333333333 0.5984375 0.04722222222222222 0.02734375
0 0.049305555555555554 0.555859375 0.05 0.0296875
0 0.00625 0.555859375 0.0125 0.02734375
0 0.009722222222222222 0.57890625 0.019444444444444445 0.021875