0 0.8416666666666667 0.831640625 0.05 0.0265625
0 0.8006944444444445 0.81953125 0.07083333333333333 0.040625
0 0.7826388888888889 0.79453125 0.05138888888888889 0.028125
0 0.7423611111111111 0.80234375 0.06527777777777778 0.0375
0 0.7777777777777778 0.755859375 0.0875 0.04921875
0 0.8097222222222222 0.712890625 0.08333333333333333 0.046875
0 0.7958333333333333 0.68828125 0.08055555555555556 0.04453125
0 0.7180555555555556 0.675 0.06944444444444445 0.0390625
0 0.6388888888888888 0.6984375 0.03611111111111111 0.0203125
0 0.5909722222222222 0.66796875 0.08472222222222223 0.046875
0 0.6263888888888889 0.646875 0.07222222222222222 0.0421875
0 0.5229166666666667 0.67890625 0.06527777777777778 0.03515625
0 0.6180555555555556 0.619921875 0.05416666666666667 0.03046875
0 0.6881944444444444 0.53359375 0.07916666666666666 0.0421875
0 0.47847222222222224 0.6 0.08611111111111111 0.0484375
0 0.4173611111111111 0.607421875 0.07222222222222222 0.040625
0 0.43680555555555556 0.5921875 0.04722222222222222 0.02734375
0 0.5972222222222222 0.51015625 0.07777777777777778 0.04296875
0 0.4465277777777778 0.558203125 0.09027777777777778 0.05078125
0 0.3729166666666667 0.601171875 0.05555555555555555 0.03046875
0 0.3368055555555556 0.61640625 0.058333333333333334 0.03203125
0 0.44305555555555554 0.52578125 0.058333333333333334 0.03203125
0 0.33611111111111114 0.554296875 0.06388888888888888 0.03515625
0 0.10833333333333334 0.65 0.06805555555555555 0.0375
0 0.33958333333333335 0.515234375 0.06527777777777778 0.0359375
0 0.44375 0.39140625 0.05277777777777778 0.02890625
0 0.20833333333333334 0.487109375 0.075 0.04296875
0 0.5777777777777777 0.315625 0.0375 0.021875
0 0.5388888888888889 0.289453125 0.034722222222222224 0.0203125
0 0.32708333333333334 0.33828125 0.06666666666666667 0.0375
0 0.3923611111111111 0.283203125 0.08888888888888889 0.05
0 0.5465277777777777 0.21640625 0.044444444444444446 0.02421875
0 0.013888888888888888 0.39375 0.027777777777777776 0.04375
0 0.1125 0.302734375 0.06944444444444445 0.040625