0 0.3680555555555556 0.220703125 0.07777777777777778 0.04453125
0 0.10416666666666667 0.433203125 0.08055555555555556 0.0453125
0 0.43680555555555556 0.198828125 0.07777777777777778 0.04453125
0 0.23125 0.382421875 0.05277777777777778 0.02734375
0 0.19583333333333333 0.408984375 0.041666666666666664 0.02421875
0 0.3763888888888889 0.4078125 0.05 0.0296875
0 0.4951388888888889 0.400390625 0.05 0.028125
0 0.575 0.368359375 0.06944444444444445 0.0359375
0 0.225 0.6453125 0.04583333333333333 0.02890625
0 0.27569444444444446 0.647265625 0.08194444444444444 0.04453125
0 0.26319444444444445 0.687890625 0.05416666666666667 0.028125
0 0.6819444444444445 0.359375 0.059722222222222225 0.0375
0 0.24791666666666667 0.7234375 0.04861111111111111 0.0265625
0 0.43819444444444444 0.601171875 0.0625 0.03671875
0 0.6881944444444444 0.4375 0.08333333333333333 0.04921875
0 0.29930555555555555 0.755859375 0.05 0.02578125
0 0.75 0.418359375 0.08333333333333333 0.0484375
0 0.6069444444444444 0.55390625 0.08055555555555556 0.0453125
0 0.5486111111111112 0.59765625 0.059722222222222225 0.0328125
0 0.5131944444444444 0.63828125 0.06666666666666667 0.03671875
0 0.75 0.48125 0.10555555555555556 0.059375
0 0.4236111111111111 0.71640625 0.059722222222222225 0.03671875
0 0.41041666666666665 0.749609375 0.04861111111111111 0.025
0 0.7083333333333334 0.547265625 0.08055555555555556 0.04765625
0 0.7513888888888889 0.55546875 0.0763888888888889 0.04375
0 0.7125 0.59921875 0.05138888888888889 0.028125
0 0.7416666666666667 0.590234375 0.08888888888888889 0.04921875
0 0.8256944444444444 0.5875 0.06111111111111111 0.0328125
0 0.5305555555555556 0.81953125 0.05138888888888889 0.02890625
0 0.7270833333333333 0.67578125 0.05555555555555555 0.0328125
0 0.8513888888888889 0.611328125 0.03611111111111111 0.02109375
0 0.66875 0.81953125 0.05555555555555555 0.03203125