0 0.20555555555555555 0.2953125 0.05694444444444444 0.03125
0 0.13541666666666666 0.38359375 0.03888888888888889 0.02109375
0 0.18263888888888888 0.357421875 0.05277777777777778 0.03046875
0 0.16180555555555556 0.389453125 0.06111111111111111 0.034375
0 0.23125 0.338671875 0.04027777777777778 0.02265625
0 0.22708333333333333 0.438671875 0.059722222222222225 0.0328125
0 0.6284722222222222 0.215234375 0.04722222222222222 0.0265625
0 0.21875 0.556640625 0.05555555555555555 0.03125
0 0.5881944444444445 0.314453125 0.059722222222222225 0.0359375
0 0.6013888888888889 0.338671875 0.0763888888888889 0.04296875
0 0.6972222222222222 0.316015625 0.05416666666666667 0.03125
0 0.6625 0.338671875 0.041666666666666664 0.0234375
0 0.5618055555555556 0.42890625 0.07222222222222222 0.040625
0 0.74375 0.315234375 0.034722222222222224 0.01875
0 0.3763888888888889 0.58515625 0.041666666666666664 0.02421875
0 0.35694444444444445 0.612890625 0.0875 0.05
0 0.5361111111111111 0.515234375 0.07361111111111111 0.04140625
0 0.70625 0.418359375 0.058333333333333334 0.0328125
0 0.45069444444444445 0.596484375 0.06388888888888888 0.0359375
0 0.3527777777777778 0.662109375 0.058333333333333334 0.0328125
0 0.5513888888888889 0.559375 0.08888888888888889 0.05078125
0 0.65 0.5140625 0.06527777777777778 0.0359375
0 0.6243055555555556 0.527734375 0.027777777777777776 0.015625
0 0.3701388888888889 0.712890625 0.05277777777777778 0.03046875
0 0.5833333333333334 0.581640625 0.06111111111111111 0.0328125
0 0.6784722222222223 0.518359375 0.05416666666666667 0.03125
0 0.6284722222222222 0.56953125 0.08611111111111111 0.04765625
0 0.6347222222222222 0.614453125 0.0375 0.021875
0 0.9104166666666667 0.434375 0.05 0.02890625
0 0.7326388888888888 0.571484375 0.04027777777777778 0.02265625
0 0.5847222222222223 0.667578125 0.027777777777777776 0.01640625
0 0.9423611111111111 0.507421875 0.05694444444444444 0.0328125
0 0.6020833333333333 0.815234375 0.05277777777777778 0.02890625
0 0.6090277777777777 0.834375 0.07361111111111111 0.04140625