0 0.7215277777777778 0.64140625 0.0625 0.0328125
0 0.4652777777777778 0.53984375 0.044444444444444446 0.02890625
0 0.21944444444444444 0.477734375 0.06388888888888888 0.03359375
0 0.6083333333333333 0.398828125 0.05555555555555555 0.028125
0 0.23333333333333334 0.46484375 0.03194444444444444 0.01796875
0 0.36319444444444443 0.437890625 0.043055555555555555 0.02109375
0 0.5888888888888889 0.38515625 0.03888888888888889 0.03125
0 0.3284722222222222 0.43515625 0.03333333333333333 0.02109375
0 0.17777777777777778 0.44765625 0.06388888888888888 0.03515625
0 0.6034722222222222 0.3734375 0.05138888888888889 0.03046875
0 0.44583333333333336 0.39921875 0.04027777777777778 0.03125
0 0.46597222222222223 0.378515625 0.027777777777777776 0.02109375
0 0.024305555555555556 0.42265625 0.044444444444444446 0.0265625