2 0.27029391515768386 0.904885399468075 0.025300190595181012 0.03222493795064641
2 0.46378022843662364 0.9779303566567116 0.024092888105669986 0.040509784992512454
2 0.42057314240399796 0.8184656765224754 0.02833071728981847 0.05451180856149154
2 0.25062411238536814 0.4678160382367264 0.02556868506293443 0.050727294372009096
2 0.3856993897047056 0.6592595899427312 0.02984598063713714 0.06565524386691432
2 0.3882311637000508 0.5234070723861121 0.025284650069927157 0.05626668783040882
2 0.47565969364410904 0.48173442760387997 0.08142525131623064 0.1652741428562363
2 0.42256188956330315 0.43801283140440833 0.02345365560217362 0.03771584511757885
2 0.4788151596176968 0.37271759980195707 0.019444854495724327 0.041290252044036524
2 0.4369195777419966 0.7565555930686605 0.019089656985235355 0.032956918710703186
2 0.6992868682004195 0.9080258633878113 0.03152687980730017 0.06848150793615938
2 0.6904224709634464 0.6756507801747156 0.01816638948873172 0.0357023722941693
2 0.6273331300901052 0.5317514009065305 0.02548975228282586 0.04887544252015725
2 0.7221041409463648 0.4426844886879169 0.031416250899764006 0.05368285521850019
2 0.7585340482066644 0.3638282965277397 0.03681414592074219 0.07049498075956873
2 0.7317972195058132 0.29179662481085644 0.03589087842423879 0.07324043434303494
2 0.5573051672913666 0.18235303342283507 0.029411850346539363 0.055470058681728975
2 0.45638967005748987 0.1699744894125147 0.01592519059518101 0.03193402020184269
2 0.5602591086449092 0.044201863148557015 0.01632762475835108 0.029172404521220663
2 0.4075245798756793 0.024204753001298186 0.02025749308469192 0.023746145742911156
2 0.4330182172898185 0.06706975805151477 0.012642325034963637 0.02813334391520441