2 0.43448889298300947 0.468469309481758 0.014898519123564805 0.024828441472850373
2 0.8727296737577781 0.6669454322925337 0.024370499366713004 0.03272079935089988
2 0.6894147419568291 0.6787447818720922 0.024903455230439894 0.03367366696963906
2 0.6202272421786924 0.5423854622823814 0.019658754305925896 0.030626472263726875
2 0.6072650972312157 0.9238633812877249 0.025908754305925895 0.030949772577488207
2 0.3991070697499654 0.330157496221217 0.01749056325983792 0.02403722401099165
2 0.8014778953890743 0.6114429810644607 0.02647807776083321 0.034680417974005374
2 0.2780364761267825 0.22627572168894042 0.015334494744143494 0.018373901684182355
2 0.4017805231753243 0.574112036009885 0.01745419566865737 0.02125944623321377
2 0.29454471431619245 0.692092333322987 0.019028818199050928 0.02226619723758008
2 0.48001008884122714 0.7252812162292762 0.021172764184351916 0.027003593638463556
2 0.3089087534184725 0.5767103512500933 0.01589169566865749 0.021178621154773595
2 0.7491235470162388 0.7470669709377887 0.020639808320625026 0.02605072601972417
2 0.69380371580463 0.517044515995223 0.017466318199051045 0.022185372159139693
2 0.8362120341932411 0.7797935035319674 0.020603440729444363 0.02327294824194639
2 0.9072180959021646 0.5183683878265116 0.02909436695789367 0.035741052363998396
2 0.27878872622156264 0.34336493877934987 0.015346617274537048 0.01929982761010828
2 0.7843213549254401 0.672550529699434 0.021172764184351916 0.027003593638463556
2 0.39529003219859987 0.7343156462266114 0.01589169566865749 0.021178621154773595
2 0.5832225240304747 0.419257130874771 0.014329195668657254 0.02109779607633321
2 0.12262205977675936 0.20250635648979434 0.015346617274537048 0.01929982761010828
2 0.31523559023488446 0.40400674103336687 0.013759872213749939 0.01736715067981604
2 0.30149887439795153 0.28902175940039915 0.019634509245138907 0.028774620411875024
2 0.5546784611497574 0.8628493495194542 0.02279587683631945 0.031714048346533574
2 0.5792504710604863 0.49353822183008034 0.014317073138263936 0.020171870150407282
2 0.16078230220961812 0.21512124821332368 0.013771994744143494 0.018293076605742073
2 0.660333803950093 0.7632932748000236 0.01803564165395836 0.02591601755565686
2 0.6730641320275698 0.7815324680201389 0.02279587683631945 0.031714048346533574
2 0.6543504996187504 0.783340344856633 0.01803564165395836 0.02591601755565686
2 0.5801932332178938 0.8637065295043499 0.023365200291227003 0.03544469374305074
2 0.6878065824135768 0.9335814283829572 0.02176633270004634 0.03258609088683257
2 0.7398015742454516 0.6114911312068086 0.015467842578472358 0.02855908686936754
2 0.46532131889481504 0.49782317628912204 0.02060344072944448 0.02327294824194639
2 0.47172306826152804 0.529614487237958 0.019040940729444362 0.023192123163506006
2 0.2991129132783682 0.30555371760299865 0.015903818199050925 0.02210454708069952
2 0.31030476867983814 0.30567000103552466 0.013759872213749939 0.01736715067981604
2 0.31003244721957196 0.3246245408241927 0.012209494744143493 0.018212251527301795
2 0.8878624048560766 0.5108900637109328 0.014898519123564805 0.024828441472850373
2 0.8939875133916786 0.7203244439734794 0.020603440729444363 0.02327294824194639
2 0.8516302979661693 0.7051792038926277 0.018084131775532343 0.029619721259360562
2 0.8152633190843753 0.7500256029621327 0.01803564165395836 0.025916017555657072
2 0.7340856187931485 0.7115903813167902 0.019610264184351914 0.02692276856002317
2 0.715322843052373 0.6500127447665783 0.014329195668657254 0.02109779607633321
2 0.5783650908681714 0.3861577561154864 0.016896994744143492 0.01845472676262274
2 0.515525042171806 0.8538842781140019 0.01803564165395836 0.02591601755565686
2 0.4975495776962272 0.7928100170659731 0.01808413177553246 0.029619721259360562
2 0.486363783559954 0.79315669659641 0.014353440729444363 0.02294964792818506
2 0.5457197288171879 0.7152634144442506 0.007437137031388848 0.011488294810499155
2 0.5536906926594796 0.807280323117492 0.013759872213750175 0.017367150679816253
2 0.6838745631952319 0.7922699579079996 0.012766695668657254 0.02101697099789303
2 0.7572155184256718 0.8284492023092888 0.014329195668657254 0.021097796076333417