2 0.7390004033145832 0.8538490168904926 0.030069965355631705 0.10013008116613167
2 0.6378360862485001 0.6399316721302253 0.029517267072548727 0.08809304412909484
2 0.6432994251384666 0.5888764392134352 0.0194408083848766 0.04978526252382717
2 0.6199465688296946 0.3842156440989908 0.024372749597350682 0.06662433851164619
2 0.6353056550943584 0.2874667733346698 0.023639340001293144 0.061973157716872465
2 0.6190956190890283 0.06310291979405257 0.02141781060752995 0.07019873522448564
2 0.632632261459523 0.215492389511604 0.01601820161706276 0.04317447405148153
2 0.563196520350136 0.13703884673285924 0.02996363424495172 0.12045734920621401
2 0.5435695035836152 0.08332514162185103 0.02232128121376699 0.07855361972296299
2 0.5149608173721112 0.055397666950966304 0.027455234344805745 0.0658277195765844
2 0.48377995838164406 0.0834887107986001 0.021258399900145854 0.05540547157481483
2 0.45350793812812934 0.13141173297563719 0.023841265961222054 0.07769234729246917
2 0.4364907570142165 0.2642717148510693 0.025233704951042785 0.0740532970841976
2 0.4211257009083856 0.019738806091419446 0.02556326262724227 0.03947761218283889
2 0.4141211196446915 0.06650148626820926 0.020046672223299804 0.051658665540823066
2 0.3931500200441081 0.28547257925475245 0.02619034111261982 0.07224454756263383
2 0.3924376961570511 0.19909246566697472 0.021035173334626477 0.0618654018911523
2 0.3940054353498128 0.1592884264347319 0.016368973940216826 0.03949232151292182
2 0.36995167908450227 0.28689456906662497 0.020301763738568943 0.05721422109637868
2 0.36797454792389517 0.23938179320259204 0.022204385758927712 0.06468628199921816
2 0.3648068607540785 0.1498686946997937 0.019430158082081542 0.06087482246979429
2 0.3780988470155096 0.20569286564438213 0.014062414041364118 0.04586604716868313
2 0.36450908206899274 0.06578184476168669 0.029687328082728233 0.0917967478327984
2 0.3342436333670965 0.7758700497037238 0.05145591101341213 0.15831333051872426
2 0.41033314043770563 0.7773424336397524 0.03392837495168924 0.10491056895176977
2 0.5416202016008991 0.6975145855598551 0.021141418486670695 0.08682229956086421
2 0.5664021712488233 0.6276387307248962 0.010342200505736325 0.032773777214856005