2 0.33303263643787445 0.8707139718273097 0.06046461405088514 0.05584710559445048
2 0.284979131425206 0.7591392490510678 0.058272097844045474 0.052100305396416816
2 0.3354737763822519 0.750467503878138 0.06989420548763832 0.05789289167078727
2 0.42399847316346295 0.7782088696277127 0.053091060229088785 0.052918490086517944
2 0.4544273869279871 0.7686593577338943 0.03971538255685966 0.0406120999599188
2 0.5106773869279871 0.7698229630808027 0.05185832353378596 0.04641546035787138
2 0.5733603458078806 0.7331798302566942 0.0501047535051498 0.03990165650564247
2 0.5783038331061907 0.7684458213687481 0.04582890396497679 0.036111759813279055
2 0.7121683256057784 0.7980504617959251 0.031109092039760592 0.031180454723339694
2 0.738401062301081 0.8050706494565308 0.03746827491326694 0.03501344791003307
2 0.794883075907282 0.8141046251738095 0.04593808683848313 0.03981546351698255
2 0.47060126356766735 0.6551744984793486 0.04278579112010661 0.03882489284956179
2 0.48537198514925056 0.5823765093476311 0.05021393637865614 0.04360536020934618
2 0.5894490132661635 0.6432899209278858 0.034673038217964344 0.028478095810639505
2 0.5650277600625173 0.6182626612678458 0.019241322930778418 0.017054535115636118
2 0.6619994024189246 0.6147164797604239 0.038428054424803786 0.03225721837942038
2 0.647750261758645 0.572780460004195 0.037359092039760594 0.03130974420632958
2 0.8324185108541339 0.5335712665675868 0.04374557063164346 0.0360686633189491
2 0.8764960594746528 0.5455874040596268 0.03327431252822374 0.03400132899544743
2 0.7645423335963034 0.667732585661352 0.03881240916625425 0.027638362873373293
2 0.4166013334834086 0.5272829437017867 0.059698119252162486 0.047502998137534815
2 0.6108378672917119 0.4771673475021348 0.016443871551297444 0.02810100148525239
2 0.6413792859560097 0.4449488116085048 0.034288683476513884 0.03309695131668649
2 0.37170269862741384 0.5050708469009791 0.033303822930778416 0.01734543645236331
2 0.3325059347197092 0.4820513395336531 0.03979948439616775 0.025808059268686318