2 0.7794014031213405 0.4878668983661595 0.02875207848537755 0.02557102854987163
2 0.7549222364546738 0.4873605145577826 0.029751229899499285 0.024666650871110793
2 0.7256492816566451 0.48907197845197825 0.02485115363677508 0.019940054129238906
2 0.7098169875660005 0.47623259355912995 0.022332017475198047 0.02173803536317825
2 0.7382184226661778 0.516209344578766 0.023331168889320016 0.020833657684417202
2 0.6649987381216638 0.47020803927665233 0.01816535080853138 0.021651842374518327
2 0.5715143510017742 0.40571482641389245 0.04124142818258226 0.036929944503379976
2 0.5399560939311651 0.40042797524573115 0.040199761515915595 0.036908396256215094
2 0.5055119959009502 0.3955448293608292 0.04090130616222349 0.029522537095972565
2 0.5274296830707669 0.4858983503547683 0.03617129090967867 0.02849964405780438
2 0.5752507548881846 0.5230330032062156 0.033832866061076314 0.022900992007918865
2 0.5803953583220186 0.5472363667632795 0.02970871464695435 0.023740724945184866
2 0.5903337928665328 0.591928616050121 0.03651141293003756 0.03590705146521179
2 0.6127296261998662 0.592391903364168 0.018122835555986684 0.0207259164485924
2 0.5407750927634457 0.6891448025083843 0.02123718525319139 0.03189089817761602
2 0.5827553846314371 0.7229148121978921 0.038382170000646455 0.031320518329912124
2 0.6030679276107551 0.7460417364499592 0.029623684141864715 0.021888873093333015
2 0.882877648216992 0.7434887204186296 0.02528695646501878 0.018098976400969385
2 0.8577766422577096 0.7281405864864817 0.026498684141864716 0.021824228351838174
2 0.8452606668035167 0.7111991796684617 0.027582866061076315 0.022771702524928977
2 0.8008941096829806 0.6783066123487584 0.016475305050896814 0.01884174222599313
2 0.8555658061460597 0.7535820012022797 0.029931941212473844 0.017270017587285927
2 0.8353383366511494 0.7513099585307109 0.021120289798352114 0.018012783412309462
2 0.8544709739240529 0.743364493646347 0.02303356212150618 0.01435217620293593
2 0.3634678451955057 0.3156816099676726 0.026243592626595695 0.01626867279628262
2 0.3269778188296945 0.41780216620691873 0.04002970050573632 0.03320469255251139
2 0.3803527141315199 0.47590482893648034 0.032706168889320014 0.021027591908901928
2 0.3958874444336685 0.5179324287431604 0.0315794717175636 0.019154191809885198
2 0.18412068211245422 0.4180907970860583 0.024160259293262362 0.01622557630195266
2 0.049942626755529365 0.5756524831789083 0.017952774545807206 0.017022212744888698