2 0.3907803275134146 0.7637065174124231 0.03357879518388648 0.02776004435838512
2 0.06054090164803454 0.6271918201141109 0.03560758143931905 0.02237699157522865
2 0.07449167139895631 0.6699797548013715 0.013148109848434923 0.014041105290457129
2 0.17600357846097095 0.5937317312732535 0.04040417559512039 0.033876233924237595
2 0.16020320995434192 0.6275800199723459 0.017808336309484574 0.011651458750577182
2 0.1917895836013961 0.6644268208175912 0.010562125541068449 0.01567732867681023
2 0.22740375527390733 0.5549671821811248 0.031513644209853274 0.02943939343783789
2 0.2902264921514863 0.5930126357234673 0.03727008441547023 0.03269155383971304
2 0.3022692970757038 0.6004860081462434 0.03253712851721981 0.02767379297218558
2 0.32679523768725954 0.580775219309223 0.03205265990248686 0.03133437098278962
2 0.3830075549220206 0.6080964165026332 0.03822993046528597 0.02444447189257946
2 0.41376399512763756 0.6134186101732974 0.028854930465285852 0.023668209416783374
2 0.4493611673406681 0.6612370018649391 0.034154175595120385 0.03335872560704034
2 0.3662460223189375 0.6765591131911984 0.025154550054051938 0.017810774009529528
2 0.4446581210746448 0.6062623666905113 0.020521597131952517 0.02297819832718725
2 0.5682228975897464 0.6294461189181191 0.02832500595230248 0.022699157797757784
2 0.06797684428928354 0.4834805124523625 0.036219326569153526 0.03167937652758779
2 0.5736975112262098 0.6039945756162907 0.018904550054052057 0.01729326569233228
2 0.6915636221567817 0.6563120120028807 0.02835227949125283 0.025476935575535563
2 0.6245963551117516 0.5406714266405749 0.026844326569153528 0.0309031140517917
2 0.06251132183247016 0.5098579816801168 0.018877276515101588 0.014515487914554712
2 0.01848213135659351 0.4247970676713547 0.027949631493370975 0.037470846919472826
2 0.08153419236879249 0.3536910761871873 0.04250569128775397 0.03590058854848853
2 0.08659706682772403 0.3393075183033702 0.03768182359300229 0.021623568421701808
2 0.2251627794901544 0.3267264414403841 0.03158637364705417 0.036846800845245296
2 0.1509726210757432 0.296991481909106 0.03727917559512039 0.03361747976563897
2 0.0951993165574644 0.2613800770754623 0.04401364420985328 0.03047441007223239
2 0.34546296076731764 0.30893226161520243 0.03622841774880357 0.0326053024535135
2 0.3691095578992703 0.3321692141009883 0.03155000892845372 0.033143097141541594
2 0.44137870616741176 0.404765663568873 0.021508716720718603 0.017508894157831238
2 0.5028883590354591 0.3885797619048991 0.01577045887440178 0.016108585607807833
2 0.5659624214000547 0.42572085236786555 0.03153182656915353 0.03129124528968974
2 0.5955667827365653 0.4462130095835579 0.028854930465285852 0.023668209416783482
2 0.5942042886888678 0.46645400287462896 0.0168393990800188 0.018972614771785152
2 0.6253542857127166 0.4588563592754299 0.0315500089284536 0.033143097141541594
2 0.05480877773181915 0.2288927320401135 0.047165917748803625 0.033510942008608685
2 0.03859153300792335 0.19378110210427432 0.03458409713195261 0.02414259204088096
2 0.015620319263355997 0.18632801605232902 0.020594326569153512 0.03038560573459466
2 0.23460991747744556 0.2553451702336073 0.019973490259668953 0.0201572948563096
2 0.30041351352726126 0.25246723707739455 0.03519584226178717 0.03344497699323999
2 0.4215203088468266 0.18431790852199942 0.034163266774770544 0.03428465153296637
2 0.44378300202859494 0.19911371344170248 0.0304992510821369 0.03213091982941613
2 0.806140044100651 0.3470769371619467 0.029448493235820196 0.03111874251729066
2 0.6628438764864281 0.4874028092950262 0.022523109848434805 0.014817367766253003
2 0.7071419833587117 0.4938462709862842 0.04250569128775415 0.03590058854848853
2 0.7623094063836194 0.4942509277881929 0.04150038933968763 0.03951804086599269
2 0.7658421914212361 0.5625436746557971 0.045685238365654614 0.041714898262642706
2 0.8187853678282339 0.5484239768334549 0.035680310876519884 0.029784398982635848
2 0.8304047063019924 0.6187740608329945 0.03984697754318655 0.03012940452743401
2 0.9092219540020394 0.6692459591259908 0.02520000595230248 0.02244040363915916
2 0.8140763227789282 0.7048509129607021 0.048801147186004576 0.041047726495315406
2 0.8531206404196278 0.7062334880913328 0.04356554031372089 0.037838691786539924
2 0.9830613754031925 0.7692650376414397 0.02625076379861942 0.023452580951284628