2 0.6216145833333333 0.7991556998997575 0.010416666666666666 0.05919584719532875
2 0.6138020833333333 0.7846199256143721 0.008333333333333333 0.04883815923774448
2 0.5526041666666667 0.23325636037885314 0.011458333333333333 0.050022839322268926
2 0.5768229166666666 0.26350244584873306 0.009895833333333333 0.03970827705778443
2 0.5299479166666666 0.4123989112475318 0.015625 0.06703451153373376
2 0.5065104166666666 0.4933286254284127 0.0140625 0.053942171491471486
2 0.525 0.6018040319778989 0.015104166666666667 0.05588027472952288
2 0.5296875 0.6225625335861672 0.014583333333333334 0.0660223342216084
2 0.51796875 0.6697403536395705 0.016666666666666666 0.06897261477178526
2 0.5677083333333334 0.4470070054787464 0.0078125 0.030276515026126088
2 0.49140625 0.22309649884703792 0.008333333333333333 0.03217149257107771
2 0.53125 0.7662104291839849 0.013541666666666667 0.06778793468726049
2 0.53203125 0.8222936362421531 0.013541666666666667 0.05204719394651976
2 0.5583333333333333 0.8916011133733209 0.016666666666666666 0.06712076291993341
2 0.47630208333333335 0.23249400189529282 0.0140625 0.06042365297295297
2 0.4471354166666667 0.14443081493355767 0.016666666666666666 0.05230594810511849
2 0.4044270833333333 0.23580191550678417 0.016145833333333335 0.07263319278238908
2 0.39505208333333336 0.24243306043839574 0.008854166666666666 0.05443684048639981
2 0.41041666666666665 0.05250156468113519 0.0109375 0.0286834173328729
2 0.3796875 0.46893863026973037 0.019270833333333334 0.06826231731135808
2 0.3692708333333333 0.33890944974106835 0.017708333333333333 0.06257738467650321
2 0.35208333333333336 0.24257889446136868 0.013541666666666667 0.06501015690948282
2 0.33828125 0.1715286561868174 0.015625 0.06796043745965968
2 0.32369791666666664 0.06661743307632022 0.010416666666666666 0.057343995343476846
2 0.3190104166666667 0.10095152406064453 0.0109375 0.028683417332872913
2 0.3203125 0.14272600496006063 0.011458333333333333 0.03891172821115787
2 0.3307291666666667 0.5810885188220559 0.017708333333333333 0.05424405134316977
2 0.3380208333333333 0.4687293155624898 0.009895833333333333 0.03970827705778443
2 0.27734375 0.7850014686126631 0.017708333333333333 0.06813294023205867
2 0.2825520833333333 0.8312660588769941 0.013541666666666667 0.0464916383909642
2 0.35989583333333336 0.6710035576356429 0.016145833333333335 0.05226282241201872
2 0.37135416666666665 0.7177856562171712 0.018229166666666668 0.06169458444367685
2 0.40859375 0.8500358099404711 0.009375 0.05540589210542529
2 0.39296875 0.9667975947030337 0.008333333333333333 0.039578899978485224
2 0.5263020833333333 0.8713562906550927 0.008854166666666666 0.03684424789380711