2 0.22447916666666667 0.2023148148148148 0.024479166666666666 0.020370370370370372
2 0.4231770833333333 0.2523148148148148 0.03567708333333333 0.026851851851851852
2 0.3611979166666667 0.2851851851851852 0.029947916666666668 0.024074074074074074
2 0.36223958333333334 0.33287037037037037 0.03671875 0.019444444444444445
2 0.2630208333333333 0.3712962962962963 0.025520833333333333 0.019444444444444445
2 0.26901041666666664 0.32916666666666666 0.016927083333333332 0.016203703703703703
2 0.17083333333333334 0.37777777777777777 0.03125 0.022685185185185187
2 0.1703125 0.3921296296296296 0.03333333333333333 0.014351851851851852
2 0.38515625 0.3509259259259259 0.032552083333333336 0.024537037037037038
2 0.35234375 0.35 0.03229166666666667 0.01990740740740741
2 0.16875 0.42083333333333334 0.029947916666666668 0.021296296296296296
2 0.19244791666666666 0.3972222222222222 0.024479166666666666 0.018518518518518517
2 0.43463541666666666 0.37824074074074077 0.022135416666666668 0.024537037037037038
2 0.4390625 0.3597222222222222 0.02421875 0.020370370370370372
2 0.4322916666666667 0.3472222222222222 0.02265625 0.010185185185185186
2 0.5127604166666667 0.36064814814814816 0.013802083333333333 0.01574074074074074
2 0.5640625 0.4041666666666667 0.01875 0.020370370370370372
2 0.4552083333333333 0.4074074074074074 0.015104166666666667 0.014351851851851852
2 0.47994791666666664 0.4310185185185185 0.01171875 0.007407407407407408
2 0.9856770833333334 0.19583333333333333 0.027864583333333335 0.020370370370370372
2 0.9825520833333333 0.20972222222222223 0.029947916666666668 0.014351851851851852
2 0.8778645833333333 0.26666666666666666 0.031510416666666666 0.020370370370370372
2 0.87265625 0.32546296296296295 0.021875 0.014814814814814815
2 0.8739583333333333 0.3439814814814815 0.022395833333333334 0.014814814814814815
2 0.85078125 0.37916666666666665 0.01796875 0.0125
2 0.91171875 0.39305555555555555 0.023958333333333335 0.016666666666666666
2 0.98125 0.44537037037037036 0.017447916666666667 0.010185185185185186
2 0.8869791666666667 0.4273148148148148 0.019791666666666666 0.01712962962962963
2 0.84921875 0.4898148148148148 0.024479166666666666 0.016666666666666666
2 0.8223958333333333 0.44351851851851853 0.01171875 0.013425925925925926
2 0.8299479166666667 0.44583333333333336 0.014583333333333334 0.009259259259259259
2 0.8619791666666666 0.5949074074074074 0.035416666666666666 0.022222222222222223
2 0.7755208333333333 0.5638888888888889 0.023177083333333334 0.012037037037037037
2 0.8205729166666667 0.5203703703703704 0.01484375 0.010185185185185186
2 0.9744791666666667 0.5740740740740741 0.022916666666666665 0.010185185185185186
2 0.9442708333333333 0.6305555555555555 0.03359375 0.022222222222222223
2 0.8799479166666667 0.6805555555555556 0.03567708333333333 0.024537037037037038
2 0.9338541666666667 0.6574074074074074 0.019010416666666665 0.015277777777777777
2 0.83984375 0.6222222222222222 0.023697916666666666 0.015277777777777777
2 0.80390625 0.7180555555555556 0.030989583333333334 0.024074074074074074
2 0.85 0.7486111111111111 0.03671875 0.031018518518518518
2 0.8486979166666667 0.7731481481481481 0.035416666666666666 0.02638888888888889
2 0.8723958333333334 0.7754629629629629 0.019791666666666666 0.020370370370370372
2 0.9471354166666667 0.7625 0.019270833333333334 0.024074074074074074
2 0.9901041666666667 0.8013888888888889 0.01953125 0.01898148148148148
2 0.9307291666666667 0.8805555555555555 0.03463541666666667 0.023148148148148147
2 0.9606770833333333 0.8875 0.030208333333333334 0.02546296296296296
2 0.9453125 0.8898148148148148 0.015104166666666667 0.012037037037037037
2 0.7890625 0.8967592592592593 0.03046875 0.02638888888888889
2 0.6869791666666667 0.9453703703703704 0.03307291666666667 0.025925925925925925
2 0.7091145833333333 0.962037037037037 0.031510416666666666 0.027777777777777776
2 0.7908854166666667 0.8625 0.03697916666666667 0.024537037037037038
2 0.7252604166666666 0.8523148148148149 0.019791666666666666 0.020370370370370372
2 0.7546875 0.8513888888888889 0.02421875 0.011111111111111112
2 0.6880208333333333 0.8467592592592592 0.019270833333333334 0.007407407407407408
2 0.7018229166666666 0.7944444444444444 0.03854166666666667 0.03287037037037037
2 0.7591145833333334 0.7726851851851851 0.019791666666666666 0.016203703703703703
2 0.8635416666666667 0.6444444444444445 0.011197916666666667 0.013425925925925926
2 0.66484375 0.5634259259259259 0.023177083333333334 0.02175925925925926
2 0.6940104166666666 0.4759259259259259 0.02265625 0.01574074074074074
2 0.6828125 0.4773148148148148 0.013541666666666667 0.012037037037037037
2 0.6744791666666666 0.42407407407407405 0.026041666666666668 0.022685185185185187
2 0.7440104166666667 0.42962962962962964 0.022135416666666668 0.016666666666666666
2 0.6739583333333333 0.37916666666666665 0.01171875 0.015277777777777777
2 0.6932291666666667 0.3490740740740741 0.020052083333333335 0.016666666666666666
2 0.63359375 0.36203703703703705 0.025520833333333333 0.010185185185185186
2 0.6411458333333333 0.3472222222222222 0.02578125 0.017592592592592594
2 0.5520833333333334 0.8689814814814815 0.04244791666666667 0.03657407407407407
2 0.33177083333333335 0.8226851851851852 0.01875 0.012962962962962963
2 0.41822916666666665 0.5319444444444444 0.025520833333333333 0.020833333333333332
2 0.4859375 0.48703703703703705 0.020052083333333335 0.022222222222222223
2 0.30182291666666666 0.4652777777777778 0.029166666666666667 0.017592592592592594
2 0.325 0.46805555555555556 0.024479166666666666 0.022222222222222223
2 0.3333333333333333 0.5055555555555555 0.03307291666666667 0.011574074074074073
2 0.28932291666666665 0.6435185185185185 0.0203125 0.01574074074074074
2 0.3015625 0.7726851851851851 0.020052083333333335 0.01574074074074074
2 0.06510416666666667 0.7939814814814815 0.018489583333333334 0.010185185185185186
2 0.02578125 0.8083333333333333 0.027083333333333334 0.01898148148148148
2 0.005729166666666666 0.8115740740740741 0.011197916666666667 0.020833333333333332
2 0.08489583333333334 0.7532407407407408 0.02578125 0.023148148148148147
2 0.059895833333333336 0.7416666666666667 0.026302083333333334 0.01574074074074074
2 0.031510416666666666 0.6101851851851852 0.033854166666666664 0.023148148148148147