2 0.09649596031438351 0.4334999256248733 0.06671943039251885 0.06527644873249733
2 0.18009590659222288 0.38233860596091124 0.05492733189368775 0.054949623598953945
2 0.1393137176141252 0.36168362664854387 0.04417690006152337 0.044719849908527204
2 0.18255957253906677 0.3571930287962361 0.041826554595791876 0.037118339614886295
2 0.1918717160206712 0.40846454059754594 0.05371878264427229 0.05022294252620756
2 0.2871302547311425 0.3506800995037442 0.05066053567737185 0.051783640048709174
2 0.29248798401316556 0.27404858200706345 0.05333145537713797 0.053878120508352785
2 0.279303366236003 0.25820488399873065 0.05261036294450605 0.04827403923123896
2 0.3297073817614121 0.25673862974830935 0.05037333795988689 0.05821659580863228
2 0.20430885950227567 0.4594448980695055 0.039155634896025644 0.03502385915524257
2 0.18233063181370665 0.4859472268296566 0.032872258379475855 0.03351562457061626
2 0.20808510076288841 0.477087984991815 0.03305932654731147 0.024304891032915277
2 0.6682606426079732 0.06647143441325072 0.054793825827488735 0.05124591989525019
2 0.7041046085240554 0.05851779285687264 0.03285207279438917 0.04735598773794673
2 0.6148531397809767 0.18726081880422052 0.087011744807432 0.08100931504060432
2 0.49727871170173454 0.23051372497992392 0.021534240180878565 0.021385473306779302
2 0.4714012286667893 0.2859866489123498 0.033847172013043075 0.03176082416188116
2 0.4860881888765837 0.2961534770612311 0.030655418979943505 0.029617817980679067
2 0.7124923023348095 0.14263541216777365 0.049585492494155406 0.050760662679666495
2 0.6928178526639593 0.1772284456534662 0.028672215196259287 0.0322014928722233
2 0.9464256145902545 0.0322496286285262 0.040464313695090466 0.042528318005766744
2 0.9537669468438537 0.0038421957571965547 0.032117789430294155 0.007684391514393109
2 0.7693586656915216 0.3219004593228375 0.07254872660883484 0.06858800944741722
2 0.8331339679740367 0.3094988398112347 0.0764615720745662 0.07633509690573313
2 0.8884560209763744 0.3228008432622283 0.048022992494155405 0.05061508551499127
2 0.9624178516365196 0.330213516931233 0.0257676598806448 0.023625530931098145
2 0.926897957281284 0.3579775144519018 0.02156761669742835 0.022311399232705226
2 0.5625513577027187 0.3637775673843586 0.04993944324473982 0.04617955877159524
2 0.7275438006398417 0.5098981677502498 0.08101556600836707 0.0730681246960549
2 0.6705994892580279 0.5272002455763701 0.07206126979205128 0.06946540965178487
2 0.4546973843330864 0.547777120125278 0.06231912811000377 0.058406761478548744
2 0.6375129824720059 0.509058121181368 0.03228467201304284 0.031615246997205936
2 0.5041559662267742 0.4933370166026871 0.04495155459579188 0.037409493944236545
2 0.32323043697551285 0.5660241204765062 0.038180721262458424 0.03677865956397757
2 0.1992829948105072 0.6564730174054942 0.053852288710471305 0.053926646229911265
2 0.25375664559185335 0.6357098644834621 0.042380764445674936 0.0380927912623707
2 0.5259518206379958 0.5798966708567741 0.036738536397194585 0.025570497009749924
2 0.4572530829764971 0.6928825676352359 0.03616414096222466 0.03843640852959593
2 0.5065552742678715 0.685982072133155 0.04209356672819003 0.044525747022293706
2 0.3641880999415517 0.7546153096486916 0.04429721519625952 0.03365726451897436
2 0.4101025748031241 0.8416962956280921 0.06384825159345399 0.05762641271729805
2 0.5760209687984484 0.7893251305786098 0.060823381143103226 0.06011303616572558
2 0.617422124720068 0.627204822355565 0.035409672013042834 0.03190640132655618
2 0.8607874964039612 0.543163339199965 0.05687715916082207 0.051440022781483734
2 0.8131079626799547 0.5554495502321471 0.04061800534637617 0.03239165854213992
2 0.9603334161037275 0.5320430745304642 0.035810190211640246 0.04301751243766729
2 0.6547009770241158 0.8530514143118001 0.04125215916082207 0.04998425113473251
2 0.7178619118893798 0.8360929537529052 0.040531066728190034 0.04438016985761848
2 0.6647124306016968 0.7409192944398048 0.01567156744801276 0.017147986665933482