2 0.7857710950919784 0.6553536122597823 0.026744711291923077 0.07989496311235632
2 0.7700616334985515 0.5625312323536826 0.02594649140646747 0.10562664789399479
2 0.7597497203370348 0.5999956861844629 0.024111034222701732 0.09617314749044807
2 0.662914168738659 0.8181295421319086 0.03386817427997381 0.1103015573191362
2 0.6411933367242353 0.9848936842651249 0.024936549826533868 0.03021263146975015
2 0.5591532560672549 0.7397307534884305 0.03627905623382617 0.12167165662263087
2 0.5675909831516193 0.6738960648207178 0.03608798620519001 0.11519017514114938
2 0.61876876865605 0.5792408689337966 0.032883313734238584 0.09449606953029978
2 0.5828323759981391 0.5660093998429352 0.0301972599124421 0.09139455651204276
2 0.565684352479496 0.468395522686966 0.04685728252657431 0.14604999868459984
2 0.5071805727036359 0.8338258658402451 0.02504573270004021 0.07507109233843923
2 0.5102886589776453 0.2087350905584448 0.049732191692828324 0.17316083872883503
2 0.4464677508287969 0.34979026429492643 0.05970769749711321 0.19469665596493058
2 0.4928724393179792 0.4980903307462452 0.039044782526574076 0.14507879296316215
2 0.466688757348984 0.5340429625730653 0.03228059324577544 0.0916535447044259
2 0.4480376143895694 0.5086610412656105 0.044528287727851536 0.13745767715888316
2 0.4306420744754777 0.5258717125507484 0.0489952072966607 0.14816083872883526
2 0.4098378917905803 0.4010498747784005 0.05471994459497083 0.1839287473468828
2 0.41401230985187076 0.3402203917574286 0.04526527212401928 0.16245767715888318
2 0.5187304275965147 0.3278687060338738 0.03967922810177029 0.11379155262596832
2 0.5264182700134933 0.12217709540100624 0.033049302728676365 0.08252377954135846
2 0.4523544355870398 0.18861757878089117 0.02101554462525641 0.07918274558330222
2 0.3706677040930144 0.16370222446312485 0.023374049826533867 0.07117314749044808
2 0.3013728970675719 0.1278731728237067 0.027183657470126712 0.07718193238267454
2 0.28528458936340767 0.32145009309997763 0.018688764510712018 0.053062578513088786
2 0.35243443973237765 0.6277758365607861 0.019427963591058035 0.060534732968591874
2 0.37900430329315005 0.7897544718400707 0.026881189883806063 0.08452459274198595
2 0.4308135721006285 0.7957338401626441 0.023264866953027527 0.06746944378674437
2 0.3142619847720326 0.8467446274615806 0.026690119855170023 0.07804311126050446
2 0.30767743234486 0.7818100521768662 0.023703813131231044 0.06475641305706248
2 0.38726206184950207 0.30414504250631397 0.023264866953027527 0.06746944378674437