2 0.008854166666666666 0.03796296296296296 0.017708333333333333 0.030555555555555555
2 0.18411458333333333 0.004166666666666667 0.0390625 0.00787037037037037
2 0.4200520833333333 0.03888888888888889 0.04088541666666667 0.03148148148148148
2 0.47291666666666665 0.04583333333333333 0.055989583333333336 0.024537037037037038
2 0.45338541666666665 0.07268518518518519 0.05078125 0.022685185185185187
2 0.07838541666666667 0.08981481481481482 0.048177083333333336 0.03657407407407407
2 0.0265625 0.12916666666666668 0.042708333333333334 0.03148148148148148
2 0.12552083333333333 0.15416666666666667 0.06041666666666667 0.0412037037037037
2 0.11354166666666667 0.2657407407407407 0.06328125 0.04212962962962963
2 0.13359375 0.2490740740740741 0.05703125 0.03425925925925926
2 0.19036458333333334 0.30462962962962964 0.06588541666666667 0.04722222222222222
2 0.34348958333333335 0.29444444444444445 0.05703125 0.03796296296296296
2 0.82265625 0.1337962962962963 0.027604166666666666 0.019444444444444445
2 0.24244791666666668 0.37546296296296294 0.036458333333333336 0.03009259259259259
2 0.15885416666666666 0.4726851851851852 0.03463541666666667 0.027314814814814816
2 0.21979166666666666 0.5166666666666667 0.025 0.027314814814814816
2 0.39739583333333334 0.46111111111111114 0.06328125 0.03888888888888889
2 0.4328125 0.43148148148148147 0.05963541666666667 0.040740740740740744
2 0.4796875 0.3189814814814815 0.048177083333333336 0.03981481481481482
2 0.490625 0.37962962962962965 0.047135416666666666 0.03518518518518519
2 0.5463541666666667 0.38796296296296295 0.07473958333333333 0.05416666666666667
2 0.35104166666666664 0.575 0.03828125 0.03009259259259259
2 0.9703125 0.2740740740740741 0.059375 0.08009259259259259
2 0.92421875 0.37222222222222223 0.07734375 0.05324074074074074
2 0.8302083333333333 0.3638888888888889 0.08020833333333334 0.04722222222222222
2 0.8880208333333334 0.42407407407407405 0.103125 0.05416666666666667
2 0.6950520833333333 0.42824074074074076 0.09088541666666666 0.05277777777777778
2 0.62421875 0.5736111111111111 0.10052083333333334 0.06620370370370371
2 0.5375 0.524537037037037 0.0765625 0.03888888888888889
2 0.5205729166666667 0.5791666666666667 0.04635416666666667 0.03935185185185185
2 0.5364583333333334 0.6064814814814815 0.07109375 0.05092592592592592
2 0.52890625 0.6412037037037037 0.07552083333333333 0.05740740740740741
2 0.5997395833333333 0.65 0.09609375 0.0587962962962963
2 0.6328125 0.6291666666666667 0.08541666666666667 0.04675925925925926
2 0.6286458333333333 0.4398148148148148 0.0578125 0.04814814814814815
2 0.7411458333333333 0.37962962962962965 0.04088541666666667 0.04212962962962963
2 0.89296875 0.6171296296296296 0.07213541666666666 0.05185185185185185
2 0.99453125 0.46805555555555556 0.0109375 0.0375
2 0.7122395833333334 0.5263888888888889 0.04192708333333333 0.01990740740740741
2 0.9768229166666667 0.5449074074074074 0.04635416666666667 0.032407407407407406
2 0.92421875 0.5611111111111111 0.04348958333333333 0.03611111111111111
2 0.8768229166666667 0.6930555555555555 0.055989583333333336 0.03796296296296296
2 0.9182291666666667 0.7222222222222222 0.05520833333333333 0.03657407407407407
2 0.7346354166666667 0.6662037037037037 0.036458333333333336 0.026851851851851852
2 0.7627604166666667 0.7810185185185186 0.04140625 0.03333333333333333
2 0.7911458333333333 0.7787037037037037 0.028125 0.02962962962962963
2 0.85625 0.8152777777777778 0.030208333333333334 0.025
2 0.92265625 0.8305555555555556 0.03229166666666667 0.025
2 0.97109375 0.7611111111111111 0.03229166666666667 0.01898148148148148
2 0.6567708333333333 0.8537037037037037 0.026822916666666665 0.022222222222222223
2 0.48098958333333336 0.8037037037037037 0.030989583333333334 0.022685185185185187
2 0.3888020833333333 0.7930555555555555 0.04348958333333333 0.030555555555555555
2 0.3802083333333333 0.7023148148148148 0.034375 0.027777777777777776
2 0.36432291666666666 0.9208333333333333 0.039322916666666666 0.03148148148148148
2 0.40078125 0.9180555555555555 0.03229166666666667 0.02962962962962963
2 0.65546875 0.6685185185185185 0.03411458333333333 0.027777777777777776
2 0.21015625 0.6865740740740741 0.052083333333333336 0.03981481481481482
2 0.06432291666666666 0.8851851851851852 0.0359375 0.02361111111111111
2 0.04088541666666667 0.8800925925925925 0.022395833333333334 0.024537037037037038
2 0.084375 0.8708333333333333 0.03125 0.022685185185185187
2 0.19166666666666668 0.874537037037037 0.026302083333333334 0.03425925925925926
2 0.24947916666666667 0.8101851851851852 0.015104166666666667 0.014814814814814815
2 0.20572916666666666 0.5981481481481481 0.023958333333333335 0.024074074074074074
2 0.08046875 0.42824074074074076 0.023177083333333334 0.032407407407407406
2 0.11640625 0.6018518518518519 0.04088541666666667 0.033796296296296297