2 0.22838541666666667 0.3902777777777778 0.01875 0.012962962962962963
2 0.21067708333333332 0.38842592592592595 0.017447916666666667 0.012962962962962963
2 0.14479166666666668 0.4134259259259259 0.015364583333333333 0.015277777777777777
2 0.15885416666666666 0.41388888888888886 0.021614583333333333 0.013425925925925926
2 0.17109375 0.4217592592592593 0.016927083333333332 0.009722222222222222
2 0.19296875 0.4064814814814815 0.017447916666666667 0.015277777777777777
2 0.2484375 0.4222222222222222 0.01328125 0.0125
2 0.21692708333333333 0.4185185185185185 0.01484375 0.012037037037037037
2 0.19817708333333334 0.44074074074074077 0.015364583333333333 0.012037037037037037
2 0.2669270833333333 0.4462962962962963 0.01875 0.010648148148148148
2 0.15703125 0.4689814814814815 0.02578125 0.01574074074074074
2 0.15130208333333334 0.49907407407407406 0.018229166666666668 0.014351851851851852
2 0.16875 0.500462962962963 0.020052083333333335 0.013888888888888888
2 0.18229166666666666 0.5060185185185185 0.019791666666666666 0.014814814814814815
2 0.24036458333333333 0.5 0.021875 0.018055555555555554
2 0.2635416666666667 0.48657407407407405 0.020052083333333335 0.016666666666666666
2 0.22890625 0.5546296296296296 0.015625 0.008333333333333333
2 0.16875 0.5763888888888888 0.0203125 0.015277777777777777
2 0.11536458333333334 0.6152777777777778 0.01875 0.014814814814814815
2 0.10234375 0.6564814814814814 0.019010416666666665 0.010185185185185186
2 0.19296875 0.6944444444444444 0.020572916666666666 0.018518518518518517
2 0.16302083333333334 0.7078703703703704 0.022135416666666668 0.018518518518518517
2 0.15546875 0.7263888888888889 0.017447916666666667 0.009259259259259259
2 0.140625 0.7606481481481482 0.022916666666666665 0.01712962962962963
2 0.21614583333333334 0.7388888888888889 0.020052083333333335 0.013888888888888888
2 0.18619791666666666 0.7583333333333333 0.016145833333333335 0.012037037037037037
2 0.20104166666666667 0.7546296296296297 0.015104166666666667 0.012962962962962963
2 0.1921875 0.7513888888888889 0.012760416666666666 0.008333333333333333
2 0.24661458333333333 0.8606481481481482 0.025260416666666667 0.022222222222222223
2 0.26536458333333335 0.8569444444444444 0.02109375 0.022685185185185187
2 0.3614583333333333 0.7550925925925925 0.022395833333333334 0.018055555555555554
2 0.3424479166666667 0.7384259259259259 0.024479166666666666 0.01990740740740741
2 0.33828125 0.7277777777777777 0.019270833333333334 0.005092592592592593
2 0.31328125 0.6773148148148148 0.01796875 0.012037037037037037
2 0.2747395833333333 0.6430555555555556 0.014322916666666666 0.013425925925925926
2 0.2591145833333333 0.6472222222222223 0.01328125 0.010648148148148148
2 0.28359375 0.6393518518518518 0.014583333333333334 0.005092592592592593
2 0.28489583333333335 0.625462962962963 0.01484375 0.011111111111111112
2 0.28671875 0.6018518518518519 0.015885416666666666 0.014351851851851852
2 0.33932291666666664 0.5069444444444444 0.022395833333333334 0.01712962962962963
2 0.33932291666666664 0.40185185185185185 0.0171875 0.011111111111111112
2 0.38046875 0.3819444444444444 0.0171875 0.012037037037037037
2 0.39036458333333335 0.3888888888888889 0.0203125 0.01574074074074074
2 0.38359375 0.39537037037037037 0.010677083333333334 0.011111111111111112
2 0.4544270833333333 0.3851851851851852 0.017708333333333333 0.01574074074074074
2 0.4203125 0.4111111111111111 0.021354166666666667 0.013425925925925926
2 0.42942708333333335 0.42685185185185187 0.020572916666666666 0.015277777777777777
2 0.5276041666666667 0.4046296296296296 0.014583333333333334 0.012037037037037037
2 0.5104166666666666 0.42685185185185187 0.0140625 0.00787037037037037
2 0.5221354166666666 0.42407407407407405 0.015625 0.010648148148148148
2 0.540625 0.4449074074074074 0.018489583333333334 0.011574074074074073
2 0.6411458333333333 0.387037037037037 0.0140625 0.009259259259259259
2 0.4513020833333333 0.4759259259259259 0.01953125 0.014351851851851852
2 0.4205729166666667 0.49212962962962964 0.018229166666666668 0.0125
2 0.4075520833333333 0.49675925925925923 0.015104166666666667 0.010648148148148148
2 0.5091145833333334 0.4842592592592593 0.014322916666666666 0.012037037037037037
2 0.5299479166666666 0.5212962962962963 0.022135416666666668 0.017592592592592594
2 0.578125 0.5041666666666667 0.021354166666666667 0.016666666666666666
2 0.5661458333333333 0.500462962962963 0.01484375 0.013888888888888888
2 0.5890625 0.49675925925925923 0.02109375 0.01574074074074074
2 0.6424479166666667 0.525 0.026822916666666665 0.020370370370370372
2 0.65703125 0.4962962962962963 0.0234375 0.016203703703703703
2 0.6760416666666667 0.4986111111111111 0.023958333333333335 0.0125
2 0.6794270833333333 0.49166666666666664 0.021614583333333333 0.016666666666666666
2 0.6815104166666667 0.47685185185185186 0.0203125 0.012962962962962963
2 0.75390625 0.46944444444444444 0.0171875 0.010185185185185186
2 0.7385416666666667 0.4708333333333333 0.0171875 0.010648148148148148
2 0.7536458333333333 0.4773148148148148 0.018229166666666668 0.006944444444444444
2 0.7921875 0.4842592592592593 0.015364583333333333 0.011574074074074073
2 0.7364583333333333 0.5226851851851851 0.01796875 0.014814814814814815
2 0.7236979166666667 0.5277777777777778 0.015885416666666666 0.013888888888888888
2 0.6671875 0.5555555555555556 0.017447916666666667 0.0125
2 0.66796875 0.5671296296296297 0.020833333333333332 0.011111111111111112
2 0.7765625 0.55 0.018489583333333334 0.013425925925925926
2 0.7901041666666667 0.5435185185185185 0.013020833333333334 0.012037037037037037
2 0.7927083333333333 0.6050925925925926 0.022135416666666668 0.016666666666666666
2 0.6994791666666667 0.6064814814814815 0.021354166666666667 0.01712962962962963
2 0.7919270833333333 0.6305555555555555 0.027864583333333335 0.020370370370370372
2 0.8723958333333334 0.5907407407407408 0.016927083333333332 0.015277777777777777
2 0.9557291666666666 0.5939814814814814 0.016145833333333335 0.012962962962962963
2 0.85 0.6328703703703704 0.023697916666666666 0.01574074074074074
2 0.8591145833333333 0.649074074074074 0.026822916666666665 0.01574074074074074
2 0.86484375 0.6342592592592593 0.021614583333333333 0.009722222222222222
2 0.6997395833333333 0.6486111111111111 0.024739583333333332 0.024537037037037038
2 0.6104166666666667 0.638425925925926 0.026302083333333334 0.019444444444444445
2 0.67734375 0.6402777777777777 0.022916666666666665 0.022222222222222223
2 0.6536458333333334 0.6375 0.025520833333333333 0.020833333333333332
2 0.5989583333333334 0.6856481481481481 0.01796875 0.017592592592592594
2 0.93125 0.6967592592592593 0.02890625 0.023148148148148147
2 0.9223958333333333 0.725462962962963 0.023177083333333334 0.015277777777777777
2 0.8322916666666667 0.712037037037037 0.0234375 0.018055555555555554
2 0.80859375 0.7055555555555556 0.016666666666666666 0.011574074074074073
2 0.8174479166666667 0.7537037037037037 0.029427083333333333 0.02361111111111111
2 0.8408854166666667 0.7560185185185185 0.023697916666666666 0.01898148148148148
2 0.8856770833333333 0.7842592592592592 0.023177083333333334 0.01712962962962963
2 0.7690104166666667 0.8175925925925925 0.03229166666666667 0.027777777777777776
2 0.8231770833333333 0.825462962962963 0.03515625 0.025
2 0.7471354166666667 0.7263888888888889 0.030729166666666665 0.02361111111111111
2 0.7127604166666667 0.7583333333333333 0.026302083333333334 0.024074074074074074
2 0.7403645833333333 0.7541666666666667 0.021354166666666667 0.01712962962962963
2 0.9546875 0.7810185185185186 0.023697916666666666 0.014351851851851852
2 0.91875 0.7407407407407407 0.02109375 0.014351851851851852
2 0.8515625 0.8773148148148148 0.015625 0.009259259259259259
2 0.9052083333333333 0.9115740740740741 0.026822916666666665 0.01990740740740741
2 0.9059895833333333 0.8717592592592592 0.026041666666666668 0.021296296296296296
2 0.88515625 0.8611111111111112 0.024739583333333332 0.016666666666666666
2 0.87578125 0.8430555555555556 0.023697916666666666 0.011111111111111112
2 0.69609375 0.8111111111111111 0.029166666666666667 0.01990740740740741
2 0.6760416666666667 0.8032407407407407 0.024739583333333332 0.020833333333333332
2 0.7057291666666666 0.7800925925925926 0.028125 0.02175925925925926
2 0.5359375 0.7111111111111111 0.020833333333333332 0.018055555555555554
2 0.5755208333333334 0.7805555555555556 0.030208333333333334 0.024537037037037038
2 0.5502604166666667 0.7814814814814814 0.027604166666666666 0.025
2 0.5169270833333334 0.7949074074074074 0.027864583333333335 0.020833333333333332