2 0.19665684602549438 0.4697292165957467 0.020794140936234544 0.02324251187562212
2 0.17895831079143576 0.4773538286732322 0.019706907257314773 0.022165420607314412
2 0.11551462511751603 0.537122927128486 0.018189974269567876 0.022864598519667982
2 0.12959011052436786 0.5295644307863732 0.023964707948487648 0.02462193382869297
2 0.14221382615427527 0.5304904331199756 0.017962139208302474 0.01823496889003835
2 0.16290703496672895 0.504044971839208 0.020318874615154314 0.02409285513035726
2 0.2192155873858339 0.4894383532047118 0.015449106566141957 0.019708907385936066
2 0.1875327007694296 0.5027696097724582 0.016490773232808623 0.019860072728317846
2 0.17073275655012407 0.5341659652392545 0.01753243989947529 0.020011238070699416
2 0.23953469817753145 0.5021179957622237 0.020703006911728394 0.021390660023770266
2 0.13210999013476918 0.5834382337040945 0.02888004300975305 0.0299318074990403
2 0.1287377950514976 0.615184254534744 0.02083970794848765 0.024168437801548044
2 0.14619869712501612 0.6071344708298907 0.021881374615154315 0.02431960314392983
2 0.16000078045834948 0.6051315300433336 0.022447774960740692 0.025321111741046537
2 0.21742572467765495 0.5678397262236521 0.02475894335533949 0.03025307205543952
2 0.23935266630506236 0.5425941971537965 0.0225389089852469 0.02717296359289839
2 0.2101507030785038 0.6263525492991446 0.016874905529382703 0.017157877621730645
2 0.15218875281143596 0.6798102654869344 0.022968608294074027 0.025396694412237325
2 0.10213704736057182 0.7459097564889643 0.021406108294074057 0.025169946398664756
2 0.0923521804268373 0.7923760755916018 0.02065743989947529 0.020464734097844342
2 0.18555856358737743 0.7793097404114052 0.023671709676419718 0.029175980787131812
2 0.1567013040837509 0.8087785849474824 0.02475894335533949 0.03025307205543952
2 0.1507281296413898 0.8303299536571286 0.01900380587496914 0.018386134232420134
2 0.13863528162063368 0.8711556675972019 0.025709475997499946 0.02855238554596924
2 0.21199758413401326 0.8094875354263593 0.021881374615154315 0.02431960314392983
2 0.18364817255686822 0.8443985615112058 0.01809884024506173 0.02101274666781592
2 0.19818912618552562 0.8326356071668309 0.01705717357839506 0.020861581325434347
2 0.18905175934606575 0.8344212668756337 0.013658771504876554 0.014852529742733867
2 0.25180946105824176 0.9094311158498335 0.02863261174993822 0.03541178038340486
2 0.2703250152052788 0.8957124025826385 0.02437481105876541 0.032955267162026305
2 0.35782088319152866 0.7464970885480591 0.02527977668867282 0.030328654726630308
2 0.3374204364745996 0.7407240990993962 0.02802064439209874 0.033484345860362225
2 0.3326449897576706 0.7326836295150081 0.019908771504876556 0.015759521797023925
2 0.30385242111176003 0.6977911552634156 0.019661340245061727 0.021239494681388485
2 0.26279111101123537 0.6862829677016853 0.016536340245061728 0.020785998654243562
2 0.24744612387645143 0.6986222590158093 0.015403539553888852 0.018782981460009927
2 0.27122856377592675 0.67770402889082 0.01565097081370368 0.013303008575645368
2 0.27139123562638967 0.6638907226731219 0.01644520622055552 0.01893414680239171
2 0.27125111110551003 0.6404685682399879 0.018189974269567935 0.022864598519667982
2 0.3161787702793062 0.5208731876761908 0.02518864266416661 0.028476802874778454
2 0.3079326751332721 0.42048573097674236 0.01909493989947535 0.020237986084271773
2 0.34718700510501593 0.3793956305028541 0.019140506911728274 0.0211639120101977
2 0.35772738740159 0.38062396352121974 0.02301417530632719 0.02632262033816325
2 0.35156533411851904 0.39025166920061527 0.012187405529382763 0.016477633581013153
2 0.42114191495422887 0.3424629589828436 0.02036444162740736 0.025018781056283187
2 0.38928018377293255 0.3856978514652055 0.023443874615154313 0.024546351157502182
2 0.3993876794531024 0.39572248077986744 0.023535008639660522 0.026398203009354037
2 0.49536385226180596 0.32111986286119215 0.016490773232808682 0.019860072728317635
2 0.47988877488196036 0.35186429868704844 0.015221271504876436 0.015079277756306434
2 0.49145122764665167 0.3428318638490381 0.017486872887222185 0.019085312144773492
2 0.5113862061417752 0.352809311299963 0.020703006911728276 0.021390660023770266
2 0.6067729589222226 0.24289866725349832 0.015833238862716096 0.017006712279349072
2 0.4250780316051394 0.4306054880956421 0.022447774960740692 0.025321111741046537
2 0.395823654398087 0.46288990174509254 0.020273307602901268 0.023166929204431228
2 0.38336603410276293 0.4743505254047039 0.016966039553888854 0.019009729473582496
2 0.4830987704678555 0.40747657944983534 0.016490773232808682 0.019860072728317635
2 0.5067317601002629 0.431626389010453 0.024713376343086443 0.029327146129513596
2 0.5533005402447999 0.38901516817693 0.024146975997499945 0.028325637532396777
2 0.5412530230597536 0.3921424585032081 0.017102740590648105 0.021787507251360274
2 0.5637659612312969 0.37600502335023006 0.023580575651913686 0.02732412893527996
2 0.6189157421455251 0.3744369503498875 0.030670378071018453 0.03478818514224229
2 0.6312560214260963 0.33909120929417913 0.026275876343086205 0.029553894143086058
2 0.6502794234996147 0.33081467757575345 0.026093608294074026 0.025850190439382248
2 0.6530332766098925 0.3221412222220614 0.02466780933083328 0.02840122020358767
2 0.654045548978735 0.3068256531086882 0.022356640936234365 0.023469259889194686
2 0.7253539124566053 0.26062425539360046 0.019049372887222187 0.01931206015834585
2 0.7101228428524541 0.27064873189290967 0.019094939899475114 0.020237986084271773
2 0.7257478428524541 0.2683812517571846 0.019479072196049194 0.017535790977684887
2 0.7647223961355251 0.2539918377927664 0.017486872887222185 0.019085312144773492
2 0.7123041571785343 0.3208944137781181 0.02031887461515443 0.02409285513035726
2 0.6998237533770838 0.3328180004006925 0.01814440725731477 0.021938672593742055
2 0.6460610513820839 0.3902628935129898 0.019706907257314773 0.022165420607314516
2 0.6476203640745067 0.4006087109763746 0.022831907257314772 0.022618916634459547
2 0.7542280532042906 0.32538257422421313 0.020794140936234367 0.02324251187562212
2 0.7672976408574541 0.311994516041559 0.014882706220555519 0.018707398788819246
2 0.7745603855793832 0.36931695024963396 0.02466780933083328 0.02840122020358767
2 0.6820215710647536 0.4213572239257283 0.024146975997499945 0.028325637532396777
2 0.77591145940909 0.3944019998566428 0.03175761174993828 0.03586527641055
2 0.8525972026859111 0.312486338258034 0.019277207948487765 0.023941689787975583
2 0.9358489639174696 0.27052726628848023 0.01814440725731477 0.021938672593742055
2 0.8337303340242443 0.3648671924005453 0.026751142664166613 0.02870355088835092
2 0.8440526793588277 0.37577995630553784 0.029400876343086205 0.030007390170231088
2 0.8485415024188432 0.3581212479775723 0.02326160656614178 0.02084264745379848
2 0.6857457891922846 0.4612665552833698 0.029244579107777707 0.0373392149064476
2 0.5959282461825315 0.5000415353117378 0.029062311058765524 0.033635511202744
2 0.6627835555133648 0.4655181187416925 0.026503711404351784 0.034183523772715683
2 0.6390043029214667 0.47586378338972457 0.029062311058765524 0.033635511202744
2 0.5882365106814049 0.5512603249866093 0.020455575651913686 0.026870632908135038
2 0.9194889894593524 0.38229968756867294 0.032935979453364204 0.03879421953070934
2 0.9129917943760809 0.41449920442646737 0.025097508639660284 0.026624951022926602
2 0.8222920692425469 0.45018460905647634 0.026367010367592533 0.03140574599493791
2 0.7984346680329945 0.45686436133640007 0.018574106566142015 0.02016240341308099
2 0.8108763517904326 0.49826656506157524 0.032981546465617365 0.03972014545663527
2 0.8344179712217908 0.48749572878617564 0.026887843700925864 0.03148132866612859
2 0.8810749342598001 0.49037771926562723 0.025709475997499946 0.02855238554596924
2 0.7678039547121612 0.5854167468823693 0.03685521486021604 0.04487885378460082
2 0.8221332932292909 0.5637428428608243 0.039413814514629546 0.04433084121462924
2 0.7389330012720532 0.5100858625747994 0.03458961347787029 0.04087281939613376
2 0.7072959178444452 0.559263690904489 0.030331812786697537 0.03841630617475521
2 0.7343498568799544 0.540168988231574 0.024146975997499945 0.028325637532396673
2 0.9495057289974852 0.4501097904620493 0.026184742318580354 0.027702042291234207
2 0.9106318716616518 0.4309296561437436 0.023535008639660522 0.026398203009354037
2 0.8545944787146612 0.5976432754511181 0.016874905529382526 0.017157877621730645
2 0.9105125242220378 0.6014795926639495 0.030670378071018453 0.0347881851422425
2 0.9082596720700008 0.5631953651445872 0.02967427841660471 0.035562945725786645
2 0.8867590062673002 0.5640172311841921 0.027838376343086443 0.02978064215665852
2 0.8759841781177631 0.5517911610615017 0.026002474269567935 0.02399833858753061
2 0.6948125629119607 0.6185323406918899 0.032799278416604946 0.03601644175293157
2 0.6742168627391675 0.6219808191668909 0.028541477725432193 0.033559928531553006
2 0.7019445088591982 0.5839424263480898 0.031848745774444374 0.037717128262401846
2 0.5277029753530716 0.6096877928243875 0.023671709676419777 0.029175980787132023
2 0.5725470560002324 0.6546616215978731 0.034023213132284034 0.039871310799017054
2 0.5475210851865285 0.6693251182549534 0.0319398797989507 0.0395689801142537
2 0.515493258670649 0.7001733847441016 0.03175761174993828 0.03586527641055