2 0.5283333328125 0.275 0.5366666671875 0.2666666675925926 0.5416666671875 0.24 0.52 0.23666666759259258 0.5083333328125 0.2416666675925926 0.5066666671875 0.2533333324074074 0.515 0.27 0.5283333328125 0.275
2 0.6516666671875 0.3133333324074074 0.6633333328125001 0.30333333240740745 0.6633333328125001 0.29 0.6416666671875001 0.27999999999999997 0.625 0.28666666759259263 0.62 0.3 0.6316666671875001 0.3133333324074074 0.6516666671875 0.3133333324074074
2 0.4333333328125 0.39 0.435 0.3766666675925926 0.425 0.3633333324074074 0.4116666671875 0.36 0.39499999999999996 0.37 0.39333333281250005 0.39 0.415 0.3983333324074074 0.4333333328125 0.39
2 0.31166666718749997 0.4883333324074074 0.2966666671875 0.48499999999999993 0.2833333328125 0.5 0.2833333328125 0.52 0.29 0.53 0.325 0.5166666675925926 0.31166666718749997 0.4883333324074074
2 0.62 0.5383333324074074 0.6333333328124999 0.5266666675925925 0.6316666671875001 0.505 0.6166666671875001 0.49833333240740746 0.5883333328125 0.52 0.5866666671874999 0.53 0.5933333328125 0.5366666675925926 0.62 0.5383333324074074
2 0.1583333328125 0.49000000000000005 0.1716666671875 0.46666666759259257 0.1633333328125 0.45 0.1533333328125 0.4483333324074074 0.1283333328125 0.46666666759259257 0.1316666671875 0.48666666759259264 0.145 0.495 0.1583333328125 0.49000000000000005
2 0.5766666671874999 0.6116666675925926 0.5966666671875 0.6 0.5966666671875 0.5716666675925925 0.5833333328125 0.5666666675925925 0.5566666671875 0.5766666675925926 0.5516666671875 0.595 0.5566666671875 0.605 0.5766666671874999 0.6116666675925926
2 0.7683333328124999 0.5966666675925926 0.7916666671875 0.5983333324074075 0.8033333328125 0.5883333324074074 0.8049999999999999 0.5700000000000001 0.7966666671875 0.5599999999999999 0.7783333328125 0.5549999999999999 0.7616666671875 0.5633333324074074 0.7583333328124999 0.585 0.7683333328124999 0.5966666675925926
2 0.39499999999999996 0.49333333240740734 0.4 0.48499999999999993 0.3966666671875 0.47000000000000003 0.3766666671875 0.45 0.34833333281249995 0.4733333324074074 0.3516666671875 0.4883333324074074 0.3733333328125 0.5 0.39499999999999996 0.49333333240740734
2 0.5816666671875 0.46333333240740737 0.6 0.47000000000000003 0.6166666671875001 0.46 0.6216666671875 0.4366666675925926 0.6116666671875 0.4216666675925926 0.5950000000000001 0.41833333240740744 0.5783333328125 0.4366666675925926 0.5766666671874999 0.4533333324074074 0.5816666671875 0.46333333240740737
2 0.7066666671875 0.7033333324074075 0.735 0.7033333324074075 0.7483333328125 0.6916666675925925 0.745 0.67 0.735 0.6583333324074074 0.7233333328125 0.6583333324074074 0.7 0.6783333324074075 0.7 0.6950000000000001 0.7066666671875 0.7033333324074075
2 0.6133333328125 0.4 0.6183333328124999 0.3866666675925926 0.615 0.3683333324074074 0.5850000000000001 0.3583333324074074 0.5683333328125 0.3683333324074074 0.5666666671875 0.39 0.5816666671875 0.40333333240740743 0.6133333328125 0.4
2 0.25 0.4433333324074074 0.265 0.425 0.26 0.40333333240740743 0.2333333328125 0.3983333324074074 0.21333333281250003 0.42000000000000004 0.21333333281250003 0.435 0.2266666671875 0.4483333324074074 0.25 0.4433333324074074
2 0.515 0.4 0.535 0.38833333240740736 0.53 0.365 0.505 0.3566666675925926 0.48000000000000004 0.3716666675925926 0.4783333328125 0.3866666675925926 0.4866666671875 0.4016666675925926 0.515 0.4
2 0.6783333328125 0.7416666675925926 0.6916666671875 0.73 0.69 0.7 0.6666666671875 0.6966666675925925 0.6416666671875001 0.7083333324074074 0.64 0.7283333324074074 0.6466666671875 0.74 0.6783333328125 0.7416666675925926
2 0.2533333328125 0.24 0.265 0.2516666675925926 0.2833333328125 0.25 0.3016666671875 0.2233333324074074 0.295 0.20500000000000002 0.275 0.2 0.25666666718750003 0.20833333240740742 0.25 0.2216666675925926 0.2533333328125 0.24
2 0.69 0.40666666759259257 0.7100000000000001 0.40333333240740743 0.7200000000000001 0.3866666675925926 0.7166666671875 0.3683333324074074 0.6983333328125 0.3583333324074074 0.6766666671875 0.3566666675925926 0.6649999999999999 0.3683333324074074 0.6683333328125 0.39666666759259256 0.69 0.40666666759259257
2 0.2933333328125 0.6783333324074075 0.2433333328125 0.67 0.235 0.6816666675925926 0.24000000000000002 0.7116666675925926 0.255 0.72 0.2816666671875 0.7150000000000001 0.2933333328125 0.6783333324074075
2 0.7916666671875 0.41166666759259263 0.815 0.40833333240740743 0.8233333328125 0.3933333324074074 0.8200000000000001 0.3683333324074074 0.81 0.36166666759259264 0.7916666671875 0.36166666759259264 0.7733333328125 0.37 0.77 0.3983333324074074 0.7916666671875 0.41166666759259263
2 0.7083333328125 0.65 0.735 0.6516666675925925 0.75 0.6366666675925926 0.7516666671875 0.6166666675925926 0.7366666671875 0.6033333324074074 0.7216666671875 0.6016666675925926 0.6950000000000001 0.6116666675925926 0.6950000000000001 0.635 0.7083333328125 0.65
2 0.755 0.25 0.7833333328125 0.24666666759259256 0.795 0.23333333240740742 0.7916666671875 0.21333333240740743 0.7766666671875 0.2016666675925926 0.7516666671875 0.2016666675925926 0.735 0.215 0.7383333328125 0.2416666675925926 0.755 0.25
2 0.40166666718750005 0.7083333324074074 0.4166666671875 0.71 0.43666666718749997 0.6950000000000001 0.43833333281250003 0.6716666675925925 0.42 0.6533333324074074 0.4 0.65 0.385 0.6716666675925925 0.3866666671875 0.6916666675925925 0.40166666718750005 0.7083333324074074
2 0.5083333328125 0.65 0.5266666671875 0.6516666675925925 0.545 0.6383333324074074 0.5483333328125001 0.625 0.5416666671875 0.605 0.52 0.6016666675925926 0.4866666671875 0.6066666675925926 0.48000000000000004 0.63 0.5083333328125 0.65
2 0.8049999999999999 0.28500000000000003 0.815 0.28333333240740743 0.8266666671874999 0.2733333324074074 0.8266666671874999 0.2533333324074074 0.8166666671875 0.2416666675925926 0.8 0.2416666675925926 0.785 0.255 0.7883333328125001 0.27 0.8049999999999999 0.28500000000000003
2 0.8183333328125 0.4433333324074074 0.8350000000000001 0.4416666675925926 0.8366666671874999 0.44666666759259255 0.8216666671875 0.46666666759259257 0.855 0.4616666675925926 0.8633333328125 0.435 0.8483333328125 0.4166666675925926 0.8233333328125 0.4133333324074074 0.81 0.425 0.8183333328125 0.4433333324074074
2 0.6766666671875 0.2033333324074074 0.6816666671875 0.2283333324074074 0.6966666671875 0.2383333324074074 0.7133333328125 0.2383333324074074 0.7333333328124999 0.2283333324074074 0.7383333328125 0.2116666675925926 0.73 0.1883333324074074 0.7066666671875 0.1783333324074074 0.69 0.1833333324074074 0.6766666671875 0.2033333324074074
2 0.40859375 0.6212962962962963 0.0640625 0.05925925925925926
2 0.534375 0.2662037037037037 0.0703125 0.07962962962962963