2 0.2724697880208333 0.45112098240740744 0.28001209322916665 0.44641211203703707 0.28528562135416663 0.436170125 0.28481938385416666 0.4176527268518519 0.2764288166666667 0.4103309490740741 0.26795717239583333 0.4131972462962963 0.2596773234375 0.4216182231481482 0.25943252031249997 0.43458633148148146 0.2724697880208333 0.45112098240740744
2 0.13214458229166667 0 0.1313316015625 0.0015698870370370371 0.13338207864583335 0.010809716666666667 0.14491618645833335 0.026433862962962962 0.15338783072916667 0.023567566666666664 0.1594534796875 0.008686797222222223 0.15903747291666667 0 0.13214458229166667 0
2 0.234964021875 0.3301897351851852 0.24376468385416666 0.3393594787037037 0.25518807552083334 0.3392408703703704 0.26117264322916667 0.33454817314814816 0.2648338619791667 0.32524904074074074 0.2631108359375 0.3104491388888889 0.2567426734375 0.3040324759259259 0.2505663083333333 0.30317049166666665 0.24329687916666665 0.3032459703703704 0.23777697864583333 0.3088599537037037 0.23411575989583333 0.31815908796296294 0.234964021875 0.3301897351851852
2 0.3979978484375 0.8397107657407407 0.4155976046875 0.8404541435185185 0.4251342421875 0.8283156694444445 0.42603551197916667 0.8218235277777778 0.4232474911458333 0.8162958046296296 0.40490862239583336 0.8016684240740741 0.3985685328125 0.8035864759259259 0.39397797447916666 0.8110430351851852 0.39392496666666665 0.8295658222222223 0.3979978484375 0.8397107657407407
2 0.1017191078125 0.13431135833333332 0.11634061510416666 0.1415684388888889 0.12617819895833335 0.1331312898148148 0.12926559739583332 0.12476422592592593 0.12981134635416666 0.11549744074074074 0.12631228385416668 0.10442042777777778 0.11937030208333334 0.09893583333333333 0.11095323333333333 0.10087544907407407 0.10084277500000001 0.11394599444444443 0.09838377135416666 0.12045430925925926 0.1017191078125 0.13431135833333332
2 0.6003349734375 0.7875998796296296 0.6065939864583334 0.7958698990740741 0.6147927562500001 0.7976369981481481 0.6205590265625 0.7966510157407407 0.6277458098958333 0.7891674999999999 0.6302048135416667 0.7826591851851852 0.6310234359375 0.7687590064814814 0.6283445645833333 0.7613779249999999 0.6223319239583333 0.7577359055555556 0.6117833005208334 0.7606237666666666 0.6041318458333333 0.7671859944444445 0.6006343520833333 0.7737050916666667 0.6003349734375 0.7875998796296296
2 0.3859927989583333 0.7527808898148148 0.393864121875 0.7601080592592593 0.41132665625 0.7543700750000001 0.4136219348958334 0.7506417972222222 0.412418153125 0.7358365055555556 0.4059673453125 0.7220118037037037 0.39949003437499997 0.7174484972222223 0.3916467848958333 0.7184560435185186 0.38549849010416665 0.7259287768518519 0.3837505265625 0.7379863814814815 0.3859927989583333 0.7527808898148148
2 0.5992651260416667 0.43568845 0.6124645520833333 0.43184695277777774 0.6162349203125 0.42069446203703703 0.6149484911458334 0.39848113333333335 0.6067216484375 0.3883793222222222 0.5966376942708334 0.3921884685185185 0.58969728125 0.4042999861111111 0.5914483807291667 0.42743460185185184 0.5992651260416667 0.43568845
2 0.5273301703125 0.37068139351851853 0.5327689895833333 0.37525548425925925 0.5435639854166666 0.3769956240740741 0.5497122802083333 0.3695228916666667 0.5539457510416667 0.3416955759259259 0.54727664375 0.3315775907407407 0.5362087739583333 0.3344708435185185 0.5278197755208333 0.3447451759259259 0.5244595020833334 0.3577456314814815 0.5273301703125 0.37068139351851853
2 0.011082073958333332 0.2723169972222222 0.0173956609375 0.27966034074074075 0.031934520833333334 0.2795093861111111 0.0390667296875 0.27295254907407407 0.04283709791666667 0.2618000583333333 0.04308190104166667 0.24883194999999997 0.0343903890625 0.2378088472222222 0.021928508854166664 0.23793823888888888 0.014905449999999999 0.24264171759259257 0.0106158359375 0.25379960185185185 0.011082073958333332 0.2723169972222222
2 0.8078673848958334 0.1538367509259259 0.8241822791666666 0.14996290648148147 0.8310135421875 0.13970474814814815 0.830191784375 0.11841270462962963 0.8244520182291667 0.11013729444444445 0.8157885765625 0.10744890925925926 0.8041468880208333 0.1112742324074074 0.7998026989583333 0.1233587925925926 0.8006244583333333 0.14465083518518518 0.8078673848958334 0.1538367509259259
2 0.8769536239583334 0.4522535944444444 0.8919025802083334 0.4539506037037037 0.8951817744791666 0.45113822314814817 0.8993076630208333 0.442760375 0.89878685 0.4251696564814815 0.8882366578125 0.41046140833333333 0.8822240166666667 0.406819387037037 0.8672485583333334 0.4143837712962963 0.8647349786458334 0.4218187666666667 0.8651185713541667 0.4329281259259259 0.8769536239583334 0.4522535944444444
2 0.15156192500000001 0.08100546481481481 0.16178310104166668 0.08367767592592593 0.17066484166666665 0.08265934537037037 0.17774247552083333 0.07702918796296297 0.18181378854166666 0.06957802037037036 0.18222231666666666 0.053829875925925925 0.1786141046875 0.04460621944444444 0.17224594375000002 0.03818955648148148 0.1508758203125 0.04859867037037037 0.14726917708333334 0.056971125000000004 0.14727074375000002 0.07456723611111112 0.15156192500000001 0.08100546481481481
2 0.5786264255208333 0.6803962916666667 0.5863885989583333 0.6895768175925926 0.6031400911458333 0.6782895453703705 0.6078943750000001 0.6680529518518519 0.6077290822916667 0.6532368759259259 0.6040117208333334 0.6458665759259259 0.5934895994791667 0.6394930435185184 0.5857009244791667 0.639573912962963 0.5760270651041667 0.6452310268518519 0.5752630171875001 0.6582045268518519 0.5786264255208333 0.6803962916666667
2 0.2174687135416667 0.2748046703703704 0.23605238385416666 0.2764639435185185 0.24263727708333332 0.2615777805555556 0.2438924984375 0.2402641722222222 0.23757891145833332 0.2329208324074074 0.2249252359375 0.22749554166666666 0.2135844921875 0.23502218611111111 0.21038794322916668 0.24524260648148147 0.21003399166666667 0.2600640731481481 0.2174687135416667 0.2748046703703704
2 0.9615436744791667 0.2318867759259259 0.9579370307291666 0.24025923055555554 0.9582660484375 0.2522952694444444 0.964525059375 0.2605652907407407 0.9762493953125 0.2641480074074074 0.9869618901041667 0.25903427129629625 0.9889391624999999 0.20876527037037035 0.9615436744791667 0.2318867759259259
2 0.39575997916666666 0.2609140398148148 0.41114553385416663 0.25519762037037036 0.41904179114583334 0.23566728425925926 0.41958753958333334 0.22640049814814817 0.41556923229166665 0.21532887777777776 0.40261461041666663 0.20620226388888888 0.39231235677083337 0.213718125 0.38504449427083337 0.23138971481481482 0.3862217739583333 0.2554564009259259 0.39575997916666666 0.2609140398148148
2 0.5346698536458334 0.5456403435185185 0.5431430661458333 0.5603701583333334 0.5570254609374999 0.5537432361111111 0.5638567239583333 0.5434850768518519 0.5658510583333333 0.5360554731481482 0.5649201489583333 0.516616787962963 0.5616674583333333 0.5101677777777778 0.5540970822916667 0.5065419324074074 0.5388752520833333 0.5094783148148149 0.5330824791666667 0.5197256907407408 0.53231843125 0.5326991907407407 0.5346698536458334 0.5456403435185185
2 0.281111278125 0.20746381851851853 0.2848832145833333 0.21390743796296297 0.29920377499999995 0.2174631962962963 0.30887763437500004 0.21180608333333334 0.31398743854166666 0.20434413240740743 0.31661016770833333 0.19505578148148148 0.31608935520833337 0.17746506203703705 0.3109779822916667 0.16733090185185187 0.3039814260416666 0.16277298703703705 0.29337822812500003 0.16658752685185185 0.287585453125 0.17683490277777777 0.28171160104166665 0.1972703527777778 0.281111278125 0.20746381851851853
2 0.6858807182291666 0.25141896574074074 0.6907737911458334 0.26525984074074077 0.6967318572916666 0.26982853796296297 0.7145499109375 0.26686520092592597 0.7199325895833333 0.25476985740740743 0.719548996875 0.24366049722222224 0.71296096875 0.22335443703703703 0.7052533723958334 0.2132472333333333 0.6963170567708333 0.21519224074074075 0.6906880088541667 0.2226595824074074 0.6857154255208333 0.23660289166666668 0.6858807182291666 0.25141896574074074
2 0.7576091953125 0 0.7554391666666667 0.021947099074074074 0.7584189833333334 0.0330295037037037 0.7627647395833334 0.038541053703703705 0.7766206302083333 0.04117552685185185 0.7820313807291667 0.037414899074074075 0.7844358088541666 0.03183326388888889 0.7867675776041666 0 0.7576091953125 0
2 0.4270442125 0.48748664351851856 0.4349155333333333 0.49481381388888884 0.44639349791666666 0.4937685259259259 0.45644938124999995 0.481624662037037 0.46027432447916666 0.4695454935185185 0.45999988333333336 0.456582775 0.45592700156250004 0.4464378314814815 0.45095285 0.4427850296296296 0.4368786598958333 0.4438572722222222 0.4252104661458333 0.4569439888888889 0.42272495937500004 0.4727136981481482 0.4270442125 0.48748664351851856
2 0.7413698317708334 0.3842029490740741 0.7459619578125001 0.3943425 0.753942428125 0.399816312962963 0.7729081229166667 0.39498883333333334 0.7783453755208334 0.381966812962963 0.7789176286458334 0.3634386314814815 0.7727131921874999 0.3542419333333333 0.7611525802083333 0.3478791814814815 0.7532547557291667 0.3498134083333333 0.7448657572916667 0.36008773981481484 0.7408225145833334 0.37587362314814815 0.7413698317708334 0.3842029490740741
2 0.32811272395833335 0 0.32727876614583334 0.005092062037037037 0.3305049541666667 0.02080247037037037 0.33687311458333336 0.027219132407407406 0.35171292083333333 0.030769500925925924 0.35925522552083333 0.026060629629629628 0.36499342395833334 0.01673993148148148 0.36772530156250005 0.0055982231481481485 0.36691260677083337 0 0.32811272395833335 0
2 0.2501389671875 0.10776531111111112 0.25500396770833333 0.11327146851851852 0.2683406140625 0.11591133148148147 0.28164918802083333 0.11021647777777778 0.2877429072916666 0.10367042500000001 0.290638509375 0.08974868055555556 0.28817793750000004 0.0786608861111111 0.28093501145833333 0.0694749675925926 0.27331006041666667 0.06677580277777778 0.26068445572916665 0.06968522685185186 0.25166706302083336 0.08181830925925926 0.2485796635416667 0.0901853712962963 0.2501389671875 0.10776531111111112
2 0.42817161927083336 0.5652683425925926 0.4428477010416667 0.5715987444444445 0.44339658489583333 0.5975241787037037 0.4467319223958333 0.6113812287037037 0.45113225312500005 0.6159661 0.4623092729166667 0.6112194916666667 0.46670803541666667 0.5982082518518519 0.4643831171875 0.5760057055555555 0.45099032916666665 0.5566964101851852 0.44341838541666667 0.5354744546296296 0.4355470640625 0.5281472851851853 0.43035461302083333 0.5282011981481481 0.42524480937500003 0.5356631490740741 0.4248643536458333 0.5597460083333334 0.42817161927083336 0.5652683425925926
2 0.45794925520833335 0.13894767037037037 0.4642628427083333 0.14629101296296296 0.4788843479166667 0.15354809351851853 0.48303830885416665 0.15350496388888887 0.49339513697916665 0.14506242407407408 0.4956904171875 0.14133414444444445 0.49749295416666667 0.12834986018518518 0.493747521875 0.1126448462962963 0.48707841614583336 0.10252686018518518 0.47546322916666667 0.0970907861111111 0.46559757447916666 0.09719322037037037 0.4559237151041666 0.10285033611111111 0.45491486406250004 0.12879194351851853 0.45794925520833335 0.13894767037037037
2 0.617894610262231 0.24099793694647412 0.03870543630609736 0.07297364310365213
2 0.5921570402544832 0.22855137890666183 0.031716081685440635 0.06692761587371021
2 0.6301722770969654 0.15331951387370096 0.038923957593420745 0.0785291986592077
2 0.6934538910751513 0.34678067240375465 0.040945400827224886 0.06390302679608002
2 0.49293447837654114 0.14341018290570912 0.038923957593420745 0.0785291986592077
2 0.3719355907908681 0.24219575780457447 0.03771114018356319 0.06089887747627769
2 0.23353794169556993 0.3343937344045416 0.02964369868168575 0.05385146713973496
2 0.3902954334561057 0.014733905399945391 0.03920079975445532 0.029467810799890783
2 0.3791121576708978 0.0399375358752658 0.03927364018356307 0.06101206324728997
2 0.051495134735681465 0.007126018442535983 0.03763473052863707 0.014252036885071966
2 0.5779242387937261 0.7092303401121437 0.0329143795399015 0.05778154238546323
2 0.7013908992305817 0.7127509356118383 0.03618506039811701 0.06171161763119139
2 0.6660452883801137 0.733315442424832 0.03113335825257811 0.05211280105889534
2 0.7188388158972484 0.7114870278355349 0.027935517823469997 0.05003457766501882