2 0.8223958328125 0.01574074074074074 0.825 0.001851851851851852 0.7963541671875001 0 0.7973958328124999 0.017592592592592594 0.8078125 0.03055555648148148 0.8171875 0.02592592685185185 0.8223958328125 0.01574074074074074
2 0.6989583328125 0.45185185185185184 0.6973958328125 0.4703703703703704 0.7020833328124999 0.48055555648148146 0.709375 0.4851851861111111 0.7234375 0.4685185185185185 0.7239583328125 0.4555555564814815 0.7161458328125 0.44722222222222224 0.7078125 0.44444444351851853 0.6989583328125 0.45185185185185184
2 0.8510416671875001 0.022222222222222223 0.8489583328125 0.04166666759259259 0.8541666671875 0.05648148148148148 0.8625 0.05925925925925926 0.875 0.04351851851851852 0.8776041671875 0.03425925925925926 0.8703125 0.018518518518518517 0.8598958328124999 0.013888888888888888 0.8510416671875001 0.022222222222222223
2 0.7526041671875 0.3425925925925926 0.7473958328125 0.337037037037037 0.7401041671875 0.337037037037037 0.7338541671875001 0.33796296296296297 0.7270833328124999 0.3444444435185185 0.7244791671875 0.3592592592592593 0.7276041671875001 0.3685185185185185 0.7333333328124999 0.3731481481481482 0.7447916671875 0.3731481481481482 0.7541666671875 0.3638888888888889 0.7557291671875 0.35185185185185186 0.7526041671875 0.3425925925925926
2 0.5557291671875001 0.8370370379629629 0.5364583328125 0.8518518518518519 0.5333333328125 0.8574074074074074 0.5338541671875 0.8638888888888889 0.5427083328125 0.8759259268518519 0.5604166671875 0.875 0.5651041671875 0.8648148138888889 0.5661458328125 0.8462962972222222 0.5619791671875001 0.8388888888888889 0.5557291671875001 0.8370370379629629
2 0.8921875 0.1333333324074074 0.8838541671875001 0.13148148148148148 0.8765625 0.13703703703703704 0.8723958328125 0.14814814814814814 0.8723958328125 0.1574074074074074 0.875 0.16574074074074074 0.884375 0.17407407314814816 0.8994791671875001 0.16666666759259258 0.9036458328125 0.1527777777777778 0.9015625 0.14629629722222223 0.8921875 0.1333333324074074
2 0.3609375 0.8111111111111111 0.3578125 0.8046296296296296 0.3505208328125 0.7981481481481482 0.3401041671875 0.7953703703703704 0.3338541671875 0.7990740731481482 0.3307291671875 0.8064814814814815 0.3307291671875 0.8203703703703704 0.3328125 0.8268518518518518 0.3395833328125 0.8342592592592593 0.3453125 0.8351851861111111 0.3536458328125 0.8333333324074074 0.3604166671875 0.825 0.3609375 0.8111111111111111
2 0.5739583328125 0.7537037027777778 0.5661458328125 0.7527777777777778 0.559375 0.7574074074074074 0.5520833328125 0.7712962972222223 0.55 0.7861111111111111 0.5520833328125 0.7898148138888889 0.5692708328124999 0.7953703703703704 0.5776041671875001 0.7879629620370371 0.5807291671875 0.7731481481481481 0.5796875 0.7611111111111111 0.5739583328125 0.7537037027777778
2 0.36875 0.4361111111111111 0.3661458328125 0.4583333324074074 0.3692708328125 0.4694444435185185 0.3822916671875 0.47314814814814815 0.390625 0.4648148138888889 0.39375 0.4416666675925926 0.3875 0.42962962962962964 0.3776041671875 0.4259259268518519 0.36875 0.4361111111111111
2 0.440625 0.3685185185185185 0.4333333328125 0.37870370277777776 0.4359375 0.4064814814814815 0.4416666671875 0.41388888888888886 0.4526041671875 0.412037037962963 0.4583333328125 0.4074074074074074 0.4619791671875 0.39444444351851854 0.459375 0.3814814814814815 0.4515625 0.37129629722222224 0.440625 0.3685185185185185
2 0.9734375 0.26944444351851854 0.9609375 0.26944444351851854 0.9515625 0.2805555564814815 0.9510416671875 0.2935185185185185 0.9541666671875001 0.30462962962962964 0.9609375 0.3111111111111111 0.9755208328124999 0.3111111111111111 0.9822916671875 0.3037037027777778 0.9838541671875001 0.2851851861111111 0.9802083328125 0.27407407314814813 0.9734375 0.26944444351851854
2 0.184375 0.14722222222222223 0.1755208328125 0.15 0.1692708328125 0.1583333324074074 0.1671875 0.17962962962962964 0.1734375 0.18981481388888888 0.1895833328125 0.1935185185185185 0.1973958328125 0.18425925925925926 0.1994791671875 0.16296296296296298 0.1958333328125 0.15092592685185185 0.184375 0.14722222222222223
2 0.11458333281250001 0.4546296296296296 0.1 0.44722222222222224 0.09375 0.45092592685185184 0.0822916671875 0.46574074074074073 0.08072916718749999 0.4833333324074074 0.084375 0.4916666675925926 0.0875 0.4944444435185185 0.1026041671875 0.4925925925925926 0.115625 0.47314814814814815 0.1166666671875 0.46203703796296297 0.11458333281250001 0.4546296296296296
2 0.8583333328124999 0.08981481388888889 0.8552083328125 0.08148148148148149 0.834375 0.07129629722222222 0.8276041671875001 0.07777777777777778 0.8234375 0.08703703703703704 0.8229166671875 0.10277777777777777 0.8265625 0.11018518611111111 0.8333333328125 0.11574074074074074 0.8421875 0.11666666759259259 0.8526041671875001 0.11388888888888889 0.8572916671875 0.10740740740740741 0.8583333328124999 0.08981481388888889
2 0.3838541671875 0.6768518518518518 0.3760416671875 0.6768518518518518 0.3651041671875 0.6833333324074075 0.3609375 0.6907407407407408 0.3598958328125 0.7055555564814815 0.3640625 0.7157407407407408 0.3802083328125 0.7268518518518519 0.3885416671875 0.7175925925925926 0.3932291671875 0.6953703703703704 0.3932291671875 0.6824074074074075 0.3838541671875 0.6768518518518518
2 0.7703125 0.2611111111111111 0.7572916671875001 0.2666666675925926 0.7505208328124999 0.27407407314814813 0.7505208328124999 0.2953703703703704 0.75625 0.3101851861111111 0.775 0.3083333324074074 0.7833333328125 0.2935185185185185 0.7838541671875 0.2787037027777778 0.78125 0.26851851851851855 0.7703125 0.2611111111111111
2 0.0260416671875 0.30185185185185187 0.0328125 0.2935185185185185 0.0338541671875 0.2814814814814815 0.0307291671875 0.27314814814814814 0 0.2462962972222222 0.0005208328124999999 0.29907407314814816 0.0140625 0.30555555648148147 0.0260416671875 0.30185185185185187
2 0.5932291671875001 0.2416666675925926 0.5796875 0.25092592685185183 0.575 0.262037037037037 0.575 0.2712962972222222 0.5817708328125 0.29074074074074074 0.596875 0.2962962972222222 0.6067708328125 0.29074074074074074 0.609375 0.2666666675925926 0.603125 0.24907407314814814 0.5932291671875001 0.2416666675925926
2 0.44375 0.5564814814814815 0.4385416671875 0.5462962972222222 0.4234375 0.5435185185185185 0.415625 0.5472222222222223 0.4119791671875 0.5537037027777778 0.4098958328125 0.5731481481481482 0.4114583328125 0.5805555564814815 0.4177083328125 0.5907407407407408 0.43125 0.5972222222222222 0.440625 0.5824074074074074 0.44375 0.5694444435185185 0.44375 0.5564814814814815
2 0.7151041671875 0.23148148148148148 0.7104166671875001 0.2111111111111111 0.7052083328125 0.20092592685185184 0.6947916671875001 0.19722222222222222 0.6875 0.20185185185185187 0.6817708328125 0.21203703703703702 0.6802083328124999 0.22962962962962963 0.6822916671875 0.2388888888888889 0.6869791671875001 0.2462962972222222 0.6963541671875001 0.2518518518518518 0.7109375 0.24814814814814815 0.7151041671875 0.2416666675925926 0.7151041671875 0.23148148148148148
2 0.303125 0.2611111111111111 0.2979166671875 0.25370370277777776 0.2890625 0.2518518518518518 0.2807291671875 0.262037037037037 0.2729166671875 0.2824074074074074 0.271875 0.2935185185185185 0.2765625 0.30555555648148147 0.2942708328125 0.3083333324074074 0.3005208328125 0.3037037027777778 0.30625 0.2898148138888889 0.3072916671875 0.275 0.303125 0.2611111111111111
2 0.2489583328125 0.03518518611111111 0.2411458328125 0.022222222222222223 0.2276041671875 0.022222222222222223 0.2234375 0.02592592685185185 0.2197916671875 0.03518518611111111 0.2203125 0.07129629722222222 0.2223958328125 0.07685185185185185 0.2276041671875 0.08055555648148148 0.2416666671875 0.07777777777777778 0.2463541671875 0.07222222222222222 0.25 0.06111111111111111 0.2489583328125 0.03518518611111111
2 0.5557291671875001 0.4925925925925926 0.5447916671875 0.47962962962962963 0.5307291671875 0.4787037027777778 0.5255208328125 0.4824074074074074 0.5208333328125 0.4925925925925926 0.5197916671875 0.5055555564814814 0.5229166671875 0.5175925925925926 0.5322916671875 0.5296296296296297 0.54375 0.5305555564814814 0.5520833328125 0.5231481481481481 0.5572916671875 0.5083333324074074 0.5557291671875001 0.4925925925925926
2 0.240625 0.39907407314814813 0.2328125 0.3888888888888889 0.225 0.387037037037037 0.2130208328125 0.39351851851851855 0.20625 0.4027777777777778 0.2057291671875 0.4212962972222222 0.2104166671875 0.43425925925925923 0.2291666671875 0.4388888888888889 0.2375 0.4333333324074074 0.2427083328125 0.42314814814814816 0.24375 0.4148148138888889 0.240625 0.39907407314814813
2 0.6807291671875001 0.03981481388888889 0.6791666671875001 0.025 0.671875 0.016666667592592593 0.6572916671875001 0.016666667592592593 0.6458333328125 0.024074073148148148 0.6421875 0.03055555648148148 0.6401041671875001 0.040740740740740744 0.6421875 0.05185185185185185 0.6473958328124999 0.06111111111111111 0.6546875 0.06574074074074074 0.6697916671875 0.062037037037037036 0.6765625 0.05555555648148148 0.6807291671875001 0.03981481388888889
2 0.7546875 0.12407407314814815 0.7520833328125 0.11574074074074074 0.74375 0.10370370277777778 0.73125 0.10092592685185185 0.7234375 0.10370370277777778 0.715625 0.11296296296296296 0.7125 0.12407407314814815 0.7145833328125 0.13796296296296295 0.7203125 0.1444444435185185 0.7333333328124999 0.15 0.746875 0.14722222222222223 0.7520833328125 0.14166666759259258 0.7546875 0.12407407314814815
2 0.53125 0.6074074074074074 0.5463541671875001 0.6009259268518519 0.55 0.5953703703703703 0.5510416671875 0.5712962972222222 0.5463541671875001 0.5638888888888889 0.5411458328125 0.5638888888888889 0.5328125 0.5712962972222222 0.5239583328125 0.5925925925925926 0.509375 0.6120370379629629 0.5057291671875 0.6342592592592593 0.509375 0.6472222222222223 0.5203125 0.6518518518518519 0.525 0.6472222222222223 0.5291666671875 0.6333333324074074 0.53125 0.6074074074074074
2 0.5416666671875 0.175 0.5453125 0.16481481388888888 0.5458333328124999 0.1388888888888889 0.5364583328125 0.1333333324074074 0.5265625 0.1333333324074074 0.5145833328125 0.1388888888888889 0.5072916671875 0.14907407314814816 0.5026041671875 0.16481481388888888 0.5036458328125 0.17777777777777778 0.5057291671875 0.1814814814814815 0.515625 0.18981481388888888 0.5197916671875 0.18981481388888888 0.5348958328125 0.1824074074074074 0.5416666671875 0.175
2 0.375 0.27870370370370373 0.034375 0.06851851851851852
2 0.4015625 0.2657407407407407 0.028125 0.0625
2 0.36796875 0.1912037037037037 0.034375 0.07361111111111111
2 0.29296875 0.3851851851851852 0.0375 0.05925925925925926
2 0.50625 0.17962962962962964 0.034375 0.07361111111111111
2 0.621875 0.2773148148148148 0.034375 0.05648148148148148
2 0.75546875 0.3680555555555556 0.0265625 0.05
2 0.61796875 0.03148148148148148 0.0359375 0.0625
2 0.6265625 0.075 0.0359375 0.05648148148148148
2 0.9578125 0.022685185185185187 0.0359375 0.04351851851851852
2 0.3875 0.7462962962962963 0.0296875 0.05324074074074074
2 0.26328125 0.7513888888888889 0.0328125 0.05787037037037037
2 0.29765625 0.7712962962962963 0.028125 0.04861111111111111
2 0.24609375 0.75 0.025 0.04675925925925926