1 0.278125 0.4171875 0.08671875 0.13359375
1 0.43359375 0.45078125 0.04375 0.09453125
1 0.6171875 0.51953125 0.04375 0.06484375
1 0.70625 0.44453125 0.04765625 0.13046875
1 0.9359375 0.20546875 0.0953125 0.16953125
1 0.9671875 0.4671875 0.05625 0.13359375
1 0.61015625 0.6546875 0.03671875 0.1140625
1 0.696875 0.62734375 0.021875 0.08125
1 0.496875 0.66796875 0.0171875 0.06484375
1 0.21640625 0.70390625 0.021875 0.071875
1 0.4640625 0.7 0.01484375 0.05859375
1 0.375 0.70390625 0.0328125 0.08125
1 0.7640625 0.728125 0.02421875 0.0453125
1 0.68515625 0.78359375 0.021875 0.0359375
1 0.16015625 0.52578125 0.0546875 0.10390625