1 0.2875 0.29453125 0.2828125 0.5890625
1 0.7359375 0.29453125 0.353125 0.5890625
1 0.03828125 0.78515625 0.0765625 0.325
1 0.1359375 0.815625 0.071875 0.15546875
1 0.20234375 0.825 0.03828125 0.096875
1 0.2125 0.79921875 0.0375 0.09453125
1 0.25625 0.8671875 0.0578125 0.24609375
1 0.3375 0.825 0.159375 0.34921875
1 0.446875 0.82421875 0.071875 0.21015625
1 0.53515625 0.78828125 0.0484375 0.2515625
1 0.51796875 0.8796875 0.034375 0.09453125
1 0.4953125 0.79765625 0.02578125 0.06796875
1 0.1 0.8140625 0.028125 0.10078125
1 0.43203125 0.9375 0.0765625 0.053125
1 0.81171875 0.7078125 0.21640625 0.23671875