1 0.1796875 0.31875 0.07890625 0.23359375
1 0.26171875 0.3046875 0.06640625 0.171875
1 0.27265625 0.45078125 0.0578125 0.15625
1 0.3390625 0.45859375 0.02734375 0.06484375
1 0.38125 0.44375 0.025 0.0546875
1 0.11875 0.3890625 0.05390625 0.15625
1 0.05078125 0.28671875 0.0609375 0.175
1 0.2390625 0.425 0.0234375 0.0828125
1 0.1625 0.4671875 0.0140625 0.04609375
1 0.22109375 0.4609375 0.015625 0.05390625
1 0.20546875 0.4734375 0.0078125 0.03828125
1 0.19375 0.4859375 0.00859375 0.03359375
1 0.1 0.475 0.01171875 0.03515625
1 0.06875 0.48828125 0.015625 0.028125
1 0.79609375 0.19609375 0.34765625 0.3921875
1 0.16484375 0.846875 0.0828125 0.20703125
1 0.26640625 0.846875 0.0640625 0.1765625
1 0.39296875 0.75546875 0.034375 0.16953125
1 0.065625 0.75625 0.1 0.209375
1 0.528125 0.721875 0.15390625 0.24375
1 0.73359375 0.878125 0.11953125 0.24375
1 0.6046875 0.909375 0.1140625 0.18125
1 0.67578125 0.94375 0.0921875 0.1125