1 0.19375 0.23203125 0.35234375 0.21484375
1 0.6859375 0.18359375 0.28359375 0.3125
1 0.2015625 0.69453125 0.10078125 0.41640625
1 0.140625 0.75078125 0.05078125 0.22890625
1 0.17421875 0.8625 0.04765625 0.275
1 0.371875 0.6984375 0.0359375 0.2625
1 0.32421875 0.6703125 0.034375 0.09140625
1 0.0953125 0.80859375 0.046875 0.16328125
1 0.728125 0.7 0.15546875 0.39765625
1 0.95546875 0.76953125 0.0890625 0.3046875
1 0.640625 0.771875 0.084375 0.2390625
1 0.61171875 0.71484375 0.1046875 0.31015625
1 0.4859375 0.7 0.1078125 0.2578125