1 0.14453125 0.3546875 0.15859375 0.28984375
1 0.34296875 0.45234375 0.22421875 0.09609375
1 0.26171875 0.253125 0.08671875 0.1859375
1 0.384375 0.38125 0.14296875 0.23828125
1 0.45703125 0.26796875 0.1203125 0.2203125
1 0.853125 0.23203125 0.19296875 0.3796875
1 0.74765625 0.184375 0.1265625 0.36796875
1 0.54609375 0.846875 0.16640625 0.30625
1 0.4625 0.81015625 0.13046875 0.3796875
1 0.24765625 0.78515625 0.15078125 0.29765625
1 0.665625 0.58203125 0.071875 0.1640625
1 0.78515625 0.821875 0.06640625 0.15234375
1 0.8984375 0.75 0.20234375 0.5