1 0.05703125 0.32421875 0.10234375 0.4234375
1 0.2015625 0.3359375 0.12421875 0.52578125
1 0.28359375 0.5015625 0.02734375 0.14921875
1 0.39375 0.49609375 0.0765625 0.15703125
1 0.46328125 0.51328125 0.1109375 0.19296875
1 0.64453125 0.2203125 0.153125 0.296875
1 0.70859375 0.5203125 0.08046875 0.165625
1 0.97734375 0.41328125 0.0453125 0.11328125
1 0.06640625 0.72421875 0.1328125 0.228125
1 0.5578125 0.85390625 0.09609375 0.11875
1 0.50625 0.79921875 0.08671875 0.1390625
1 0.32578125 0.79921875 0.084375 0.134375
1 0.7234375 0.828125 0.20390625 0.3109375
1 0.95078125 0.8375 0.0984375 0.1546875