1 0.45234375 0.378125 0.1140625 0.48359375
1 0.40625 0.4890625 0.1875 0.2609375
1 0.3421875 0.434375 0.20625 0.36953125
1 0.13125 0.440625 0.215625 0.35859375
1 0.6546875 0.353125 0.103125 0.2390625
1 0.8703125 0.33046875 0.1046875 0.21640625
1 0.96484375 0.3515625 0.0703125 0.20859375
1 0.8 0.39140625 0.0796875 0.21953125
1 0.70078125 0.43359375 0.08125 0.203125
1 0.5984375 0.42109375 0.071875 0.16953125
1 0.18515625 0.775 0.1984375 0.3109375
1 0.90859375 0.8484375 0.1828125 0.303125
1 0.82890625 0.809375 0.1609375 0.38046875
1 0.59453125 0.809375 0.1703125 0.38046875