1 0.2 0.234375 0.0765625 0.21875
1 0.275 0.2546875 0.090625 0.2515625
1 0.33125 0.109375 0.0375 0.21875
1 0.20703125 0.3765625 0.0703125 0.12578125
1 0.12421875 0.359375 0.07265625 0.1296875
1 0.06640625 0.36953125 0.05859375 0.14140625
1 0.32734375 0.41484375 0.0359375 0.05
1 0.61171875 0.40234375 0.2359375 0.07578125
1 0.246875 0.6640625 0.20625 0.44765625
1 0.12578125 0.6484375 0.13203125 0.3234375
1 0.14453125 0.72109375 0.1125 0.3
1 0.02109375 0.61796875 0.04140625 0.26328125
1 0.85859375 0.49140625 0.165625 0.10234375
1 0.91640625 0.6734375 0.11640625 0.203125
1 0.9875 0.76640625 0.025 0.0875
1 0.91171875 0.81953125 0.06640625 0.15078125
1 0.81953125 0.74453125 0.0453125 0.1359375
1 0.76484375 0.70546875 0.06875 0.15859375
1 0.80625 0.59765625 0.0828125 0.1359375
1 0.65859375 0.8765625 0.05078125 0.10625
1 0.87109375 0.82265625 0.03125 0.09140625
1 0.7578125 0.7484375 0.08046875 0.1859375
1 0.703125 0.77265625 0.04140625 0.08359375
1 0.70078125 0.86953125 0.02578125 0.0484375
1 0.58984375 0.8015625 0.053125 0.09921875
1 0.58828125 0.88359375 0.02578125 0.0734375
1 0.61875 0.8921875 0.025 0.0640625
1 0.5515625 0.87109375 0.0234375 0.0578125
1 0.53359375 0.82265625 0.0359375 0.07578125
1 0.5171875 0.87109375 0.0171875 0.03671875
1 0.46875 0.809375 0.01796875 0.025
1 0.49453125 0.88046875 0.0140625 0.03125
1 0.50859375 0.825 0.01171875 0.0484375
1 0.48359375 0.85078125 0.0171875 0.02734375
1 0.45078125 0.86328125 0.01015625 0.015625
1 0.4375 0.83359375 0.015625 0.025