1 0.35 0.2140625 0.459375 0.428125
1 0.93359375 0.2140625 0.1328125 0.428125
1 0.80625 0.2859375 0.2 0.28359375
1 0.73984375 0.240625 0.1765625 0.37421875
1 0.07109375 0.4484375 0.1140625 0.040625
1 0.278125 0.51328125 0.090625 0.16953125
1 0.37109375 0.55390625 0.06875 0.1609375
1 0.51953125 0.4515625 0.1015625 0.04765625
1 0.54921875 0.60234375 0.0609375 0.1546875
1 0.48046875 0.6609375 0.05625 0.09921875
1 0.4953125 0.5828125 0.04375 0.10546875
1 0.3671875 0.7234375 0.0390625 0.0859375
1 0.56484375 0.7265625 0.0296875 0.0859375
1 0.5359375 0.70625 0.0375 0.06875
1 0.5625 0.7828125 0.0328125 0.0625
1 0.46484375 0.78671875 0.021875 0.07734375
1 0.4234375 0.71171875 0.0296875 0.0578125
1 0.0171875 0.596875 0.034375 0.13984375
1 0.10625 0.790625 0.021875 0.0453125
1 0.08359375 0.7453125 0.028125 0.028125
1 0.175 0.79921875 0.03125 0.06484375
1 0.1125 0.84296875 0.021875 0.04921875
1 0.06875 0.8453125 0.025 0.0390625
1 0.06796875 0.8859375 0.0078125 0.021875
1 0.0328125 0.8734375 0.0078125 0.03203125
1 0.14921875 0.878125 0.0125 0.0234375
1 0.14453125 0.8375 0.015625 0.03046875
1 0.09375 0.89375 0.0109375 0.01953125
1 0.1390625 0.90625 0.0078125 0.0171875
1 0.07734375 0.91171875 0.0109375 0.021875
1 0.11640625 0.88828125 0.009375 0.01953125
1 0.11328125 0.871875 0.0140625 0.01953125
1 0.15390625 0.90625 0.009375 0.01953125
1 0.16796875 0.86640625 0.0140625 0.03203125
1 0.1875 0.9171875 0.0109375 0.021875
1 0.18359375 0.8859375 0.0109375 0.02578125
1 0.2078125 0.8828125 0.009375 0.01953125
1 0.18671875 0.690625 0.0359375 0.0796875
1 0.3109375 0.7046875 0.0453125 0.08828125
1 0.246875 0.75703125 0.0390625 0.0515625
1 0.25078125 0.8234375 0.01875 0.034375
1 0.28671875 0.81171875 0.025 0.0390625
1 0.2171875 0.84609375 0.01875 0.04296875
1 0.25625 0.8546875 0.015625 0.021875
1 0.23984375 0.85390625 0.0109375 0.021875
1 0.2640625 0.8953125 0.015625 0.0515625
1 0.24375 0.9046875 0.015625 0.04765625
1 0.3203125 0.896875 0.015625 0.03046875
1 0.2921875 0.88515625 0.0171875 0.021875
1 0.32421875 0.78046875 0.0234375 0.0625
1 0.29765625 0.86484375 0.021875 0.03046875
1 0.3546875 0.83359375 0.025 0.0625
1 0.38125 0.83046875 0.0125 0.0390625
1 0.33671875 0.87421875 0.015625 0.01953125
1 0.40546875 0.83203125 0.0140625 0.0390625
1 0.41328125 0.875 0.0109375 0.0390625
1 0.396875 0.88203125 0.0125 0.03671875
1 0.38359375 0.88515625 0.015625 0.04296875
1 0.340625 0.90859375 0.0109375 0.0171875
1 0.4328125 0.85703125 0.0171875 0.0453125
1 0.4578125 0.8375 0.0171875 0.03203125
1 0.45 0.88046875 0.0125 0.034375
1 0.56171875 0.83671875 0.0171875 0.0453125
1 0.52890625 0.8390625 0.0109375 0.03046875
1 0.5578125 0.88828125 0.0171875 0.03671875
1 0.50078125 0.87734375 0.009375 0.04921875
1 0.46328125 0.87421875 0.0109375 0.02578125
1 0.48125 0.90078125 0.009375 0.0234375
1 0.43203125 0.903125 0.0078125 0.02578125
1 0.7609375 0.7140625 0.3625 0.571875