1 0.11171875 0.29140625 0.09140625 0.2671875
1 0.175 0.33359375 0.05546875 0.21171875
1 0.228125 0.20078125 0.07578125 0.2
1 0.340625 0.2453125 0.0703125 0.228125
1 0.415625 0.2171875 0.1125 0.334375
1 0.72421875 0.471875 0.09453125 0.17578125
1 0.9859375 0.2578125 0.028125 0.2859375
1 0.98203125 0.47578125 0.0359375 0.1515625
1 0.90390625 0.49375 0.053125 0.1328125
1 0.8484375 0.46484375 0.040625 0.1234375
1 0.7765625 0.4859375 0.04453125 0.125
1 0.59375 0.4921875 0.05703125 0.13515625
1 0.51640625 0.49296875 0.01328125 0.09296875
1 0.25 0.7921875 0.24921875 0.3890625
1 0.825 0.58671875 0.11640625 0.05390625
1 0.89140625 0.6234375 0.09609375 0.12734375
1 0.9328125 0.7234375 0.10078125 0.1734375
1 0.9921875 0.74140625 0.015625 0.1109375
1 0.98671875 0.83828125 0.0265625 0.08828125
1 0.98046875 0.90390625 0.03828125 0.10390625
1 0.99296875 0.93515625 0.0140625 0.04609375
1 0.88359375 0.8453125 0.0640625 0.09921875
1 0.9203125 0.87421875 0.040625 0.0578125
1 0.9484375 0.9 0.02421875 0.0609375
1 0.90390625 0.92109375 0.03125 0.04453125
1 0.9515625 0.95 0.0171875 0.04921875
1 0.84609375 0.90703125 0.04140625 0.05859375
1 0.85546875 0.97265625 0.00078125 0.02265625
1 0.84296875 0.6609375 0.0546875 0.09453125
1 0.73203125 0.634375 0.05390625 0.1203125
1 0.77890625 0.70390625 0.06328125 0.125
1 0.7296875 0.74609375 0.04765625 0.1078125
1 0.80546875 0.8234375 0.04140625 0.12578125
1 0.82890625 0.94609375 0.02265625 0.040625
1 0.80390625 0.9359375 0.02578125 0.040625
1 0.7578125 0.8140625 0.0453125 0.1140625
1 0.70546875 0.83203125 0.053125 0.08359375
1 0.690625 0.67421875 0.06484375 0.121875
1 0.66640625 0.7609375 0.0578125 0.0578125
1 0.69921875 0.9109375 0.03671875 0.075
1 0.73515625 0.93828125 0.0203125 0.046875
1 0.70234375 0.9765625 0.0296875 0.046875
1 0.61796875 0.83359375 0.05 0.09453125
1 0.62421875 0.9046875 0.04453125 0.05078125
1 0.5984375 0.67578125 0.0515625 0.1140625
1 0.528125 0.63203125 0.0359375 0.08515625
1 0.5359375 0.8640625 0.0390625 0.0546875
1 0.55546875 0.97421875 0.0125 0.05078125
1 0.5359375 0.98203125 0.01171875 0.0359375
1 0.51484375 0.98203125 0.009375 0.0359375
1 0.52109375 0.8890625 0.021875 0.0390625
1 0.81953125 0.98828125 0.01171875 0.02265625
1 0.778125 0.971875 0.01875 0.01953125
1 0.7578125 0.959375 0.01484375 0.02734375
1 0.659375 0.97265625 0.0296875 0.025
1 0.6046875 0.93984375 0.02421875 0.03359375
1 0.59375 0.58671875 0.0390625 0.05390625