1 0.38984375 0.13671875 0.4375 0.27265625
1 0.8546875 0.27734375 0.11484375 0.36171875
1 0.97734375 0.33203125 0.04453125 0.24765625
1 0.77109375 0.28125 0.05078125 0.25234375
1 0.70078125 0.28359375 0.06171875 0.209375
1 0.79921875 0.3390625 0.06171875 0.22265625
1 0.21171875 0.840625 0.09609375 0.16171875
1 0.165625 0.76796875 0.071875 0.15703125
1 0.01796875 0.76171875 0.03515625 0.18046875
1 0.3421875 0.8046875 0.175 0.378125
1 0.55390625 0.81796875 0.09375 0.19375
1 0.7515625 0.8703125 0.184375 0.259375
1 0.89765625 0.846875 0.20390625 0.30625