1 0.22890625 0.32578125 0.08515625 0.22109375
1 0.3171875 0.4234375 0.05 0.1234375
1 0.37421875 0.35859375 0.05 0.103125
1 0.25 0.48359375 0.046875 0.109375
1 0.20859375 0.48515625 0.0375 0.1140625
1 0.14296875 0.40390625 0.04296875 0.13203125
1 0.13359375 0.52109375 0.0296875 0.08671875
1 0.1140625 0.50859375 0.02734375 0.071875
1 0.07890625 0.48984375 0.03984375 0.10390625
1 0.034375 0.48984375 0.05 0.13125
1 0.009375 0.503125 0.01875 0.071875
1 0.5140625 0.321875 0.16875 0.4890625
1 0.76171875 0.43828125 0.2296875 0.3625
1 0.89453125 0.4265625 0.084375 0.134375
1 0.24453125 0.84921875 0.12421875 0.3015625
1 0.0453125 0.8328125 0.090625 0.1671875
1 0.17421875 0.88046875 0.071875 0.184375
1 0.4015625 0.871875 0.05625 0.1921875
1 0.146875 0.8421875 0.07578125 0.184375
1 0.64375 0.87890625 0.05703125 0.0921875
1 0.5265625 0.696875 0.109375 0.15546875
1 0.8203125 0.809375 0.2484375 0.38046875
1 0.971875 0.87421875 0.05546875 0.19453125
1 0.44921875 0.88984375 0.0390625 0.14375