1 0.2953125 0.1109375 0.490625 0.221875
1 0.59296875 0.1296875 0.08671875 0.18046875
1 0.7375 0.2 0.08515625 0.14921875
1 0.6671875 0.13359375 0.08125 0.15703125
1 0.89375 0.18984375 0.05390625 0.10625
1 0.94453125 0.08828125 0.1109375 0.1765625
1 0.975 0.225 0.05 0.19453125
1 0.05625 0.55390625 0.1125 0.11015625
1 0.2796875 0.8375 0.14296875 0.32421875
1 0.41953125 0.6 0.0984375 0.2015625
1 0.4875 0.62578125 0.12578125 0.25390625
1 0.26171875 0.5484375 0.07734375 0.09921875
1 0.01484375 0.61953125 0.02578125 0.06328125
1 0.0734375 0.62265625 0.0296875 0.0609375
1 0.67734375 0.60078125 0.16328125 0.20390625
1 0.56796875 0.8703125 0.03671875 0.2375
1 0.83203125 0.86015625 0.0828125 0.14765625
1 0.9453125 0.74921875 0.109375 0.50078125