1 0.47890625 0.2546875 0.26953125 0.509375
1 0.09140625 0.1203125 0.1734375 0.240625
1 0.26484375 0.1484375 0.103125 0.296875
1 0.03984375 0.24296875 0.0796875 0.28515625
1 0.1296875 0.4015625 0.11953125 0.215625
1 0.2546875 0.4484375 0.09921875 0.12109375
1 0.32421875 0.47109375 0.07109375 0.07578125
1 0.6390625 0.2546875 0.14140625 0.509375
1 0.875 0.27890625 0.07734375 0.34453125
1 0.83203125 0.33203125 0.0484375 0.24296875
1 0.81640625 0.28984375 0.04296875 0.234375
1 0.7546875 0.27578125 0.05703125 0.2
1 0.98046875 0.315625 0.0390625 0.234375
1 0.39921875 0.73203125 0.2484375 0.38984375
1 0.665625 0.8125 0.0890625 0.265625
1 0.246875 0.80859375 0.11015625 0.228125
1 0.2125 0.70703125 0.13359375 0.19609375
1 0.0515625 0.73359375 0.103125 0.23359375
1 0.81640625 0.5578125 0.03671875 0.096875
1 0.878125 0.621875 0.0296875 0.09453125
1 0.90625 0.64609375 0.02109375 0.07890625
1 0.95078125 0.55859375 0.03203125 0.09921875
1 0.9859375 0.60625 0.025 0.08671875
1 0.9609375 0.6703125 0.02421875 0.08125
1 0.9390625 0.6984375 0.0171875 0.04921875
1 0.94296875 0.66015625 0.01328125 0.05078125
1 0.9046875 0.72890625 0.01328125 0.04375
1 0.99375 0.70234375 0.01171875 0.0453125
1 0.984375 0.71875 0.0125 0.03359375
1 0.9640625 0.73125 0.00859375 0.04296875
1 0.95546875 0.72109375 0.01171875 0.034375
1 0.96328125 0.75859375 0.01015625 0.03125
1 0.934375 0.7609375 0.00703125 0.03828125
1 0.921875 0.7234375 0.009375 0.02890625
1 0.71484375 0.62578125 0.01015625 0.059375
1 0.74765625 0.69609375 0.0203125 0.06015625
1 0.77265625 0.66484375 0.01640625 0.0640625
1 0.7953125 0.66796875 0.0203125 0.06875
1 0.715625 0.715625 0.0109375 0.0796875
1 0.73359375 0.72578125 0.01171875 0.03984375
1 0.72890625 0.77578125 0.01640625 0.05390625
1 0.7421875 0.75703125 0.00859375 0.03359375
1 0.75703125 0.75546875 0.00859375 0.0359375
1 0.7671875 0.7578125 0.0109375 0.046875
1 0.778125 0.759375 0.00859375 0.028125
1 0.71328125 0.77890625 0.00703125 0.0265625
1 0.71171875 0.80390625 0.00390625 0.02109375
1 0.74375 0.79765625 0.009375 0.02578125
1 0.7375 0.8109375 0.00703125 0.01796875
1 0.7578125 0.7859375 0.009375 0.03125
1 0.78828125 0.78125 0.00390625 0.01953125
1 0.79453125 0.79921875 0.003125 0.015625
1 0.7875 0.80859375 0.00390625 0.01796875
1 0.7578125 0.78828125 0.00703125 0.025
1 0.76171875 0.8203125 0.00625 0.01796875
1 0.75234375 0.80703125 0.00390625 0.01875
1 0.78125 0.8140625 0.00390625 0.015625
1 0.78828125 0.78203125 0.0046875 0.02109375
1 0.78125 0.7953125 0.00390625 0.01796875
1 0.77578125 0.77890625 0.00546875 0.01796875
1 0.76953125 0.8109375 0.0046875 0.01796875
1 0.8265625 0.76171875 0.00703125 0.0234375
1 0.8203125 0.73984375 0.00859375 0.0140625
1 0.84765625 0.76640625 0.009375 0.03125
1 0.82890625 0.78828125 0.00703125 0.02421875
1 0.815625 0.7890625 0.00703125 0.01953125
1 0.815625 0.809375 0.00234375 0.0109375
1 0.8046875 0.80234375 0.00234375 0.015625
1 0.83984375 0.80546875 0.00390625 0.01171875
1 0.83828125 0.7859375 0.0046875 0.01484375
1 0.8234375 0.8125 0.003125 0.01015625
1 0.83671875 0.81875 0.00234375 0.00859375
1 0.81796875 0.821875 0.00390625 0.0109375
1 0.8296875 0.81015625 0.003125 0.009375
1 0.82890625 0.80234375 0.00390625 0.01015625
1 0.84140625 0.81875 0.00234375 0.009375
1 0.8453125 0.79921875 0.00390625 0.01640625
1 0.8515625 0.82421875 0.00390625 0.0109375
1 0.85 0.80859375 0.00390625 0.01328125
1 0.85703125 0.80703125 0.003125 0.009375
1 0.85078125 0.71328125 0.0109375 0.0390625
1 0.88828125 0.71953125 0.0140625 0.04375
1 0.86875 0.7453125 0.01171875 0.025
1 0.8703125 0.778125 0.00546875 0.01640625
1 0.88125 0.771875 0.0078125 0.01875
1 0.86015625 0.78984375 0.00546875 0.02109375
1 0.871875 0.79375 0.0046875 0.01015625
1 0.8671875 0.79375 0.00390625 0.0109375
1 0.87421875 0.81328125 0.00390625 0.025
1 0.86796875 0.81796875 0.0046875 0.0234375
1 0.890625 0.8140625 0.0046875 0.01484375
1 0.8828125 0.80859375 0.00546875 0.01015625
1 0.8921875 0.75703125 0.00703125 0.03046875
1 0.884375 0.7984375 0.00703125 0.01484375
1 0.9015625 0.7828125 0.00703125 0.03046875
1 0.909375 0.78125 0.00390625 0.01875
1 0.89609375 0.803125 0.0046875 0.01015625
1 0.91640625 0.7828125 0.0046875 0.01953125
1 0.91875 0.80390625 0.00390625 0.01953125
1 0.9140625 0.80703125 0.00390625 0.01796875
1 0.91015625 0.80859375 0.0046875 0.0203125
1 0.896875 0.81953125 0.003125 0.00859375
1 0.925 0.79453125 0.00546875 0.021875
1 0.93203125 0.78515625 0.00546875 0.015625
1 0.9296875 0.80625 0.00390625 0.01796875
1 0.96328125 0.784375 0.00546875 0.021875
1 0.95390625 0.7859375 0.00390625 0.01484375
1 0.975 0.81015625 0.00390625 0.01171875
1 0.978125 0.79609375 0.00546875 0.01640625
1 0.98203125 0.775 0.00546875 0.01875
1 0.98984375 0.79453125 0.00546875 0.0234375
1 0.984375 0.79921875 0.00546875 0.01484375
1 0.99140625 0.77421875 0.0046875 0.02421875
1 0.97734375 0.7796875 0.00390625 0.01328125
1 0.96171875 0.81015625 0.0046875 0.01875
1 0.9453125 0.8046875 0.003125 0.02421875
1 0.93359375 0.803125 0.003125 0.01171875
1 0.9390625 0.81640625 0.00234375 0.01171875
1 0.92421875 0.8171875 0.00234375 0.01328125