1 0.2796875 0.175 0.2703125 0.34921875
1 0.40078125 0.2328125 0.178125 0.3921875
1 0.04609375 0.2625 0.0921875 0.29765625
1 0.02109375 0.10390625 0.04140625 0.20703125
1 0.79296875 0.25859375 0.14140625 0.3375
1 0.96484375 0.28046875 0.0703125 0.22890625
1 0.72734375 0.2953125 0.08515625 0.2203125
1 0.69609375 0.2453125 0.078125 0.2171875
1 0.60078125 0.24296875 0.08515625 0.18515625
1 0.2421875 0.7140625 0.26875 0.571875
1 0.94453125 0.55 0.1109375 0.240625
1 0.98828125 0.69296875 0.0234375 0.15390625
1 0.9234375 0.79609375 0.05703125 0.12578125
1 0.79296875 0.68359375 0.05 0.11953125
1 0.7265625 0.675 0.075 0.128125
1 0.60390625 0.78046875 0.07265625 0.10625
1 0.63125 0.903125 0.04921875 0.06015625
1 0.68203125 0.90546875 0.04921875 0.059375
1 0.79453125 0.86171875 0.05390625 0.11171875
1 0.90078125 0.9265625 0.03359375 0.06640625
1 0.94609375 0.890625 0.03359375 0.0625
1 0.975 0.9109375 0.025 0.0625
1 0.6015625 0.9796875 0.028125 0.040625
1 0.55859375 0.971875 0.01875 0.034375
1 0.6234375 0.9953125 0.015625 0.009375
1 0.671875 0.97421875 0.0328125 0.05078125
1 0.68984375 0.98125 0.02578125 0.03671875
1 0.74609375 0.98515625 0.0234375 0.0296875
1 0.77265625 0.98671875 0.0234375 0.02578125
1 0.8078125 0.98984375 0.01484375 0.0203125
1 0.82890625 0.97890625 0.015625 0.034375
1 0.83984375 0.8828125 0.02578125 0.0390625
1 0.8671875 0.871875 0.0203125 0.0390625
1 0.884375 0.89375 0.03046875 0.04765625
1 0.8765625 0.93828125 0.01875 0.03203125
1 0.84921875 0.9625 0.01796875 0.025
1 0.86328125 0.971875 0.015625 0.0234375
1 0.84453125 0.990625 0.0140625 0.01875
1 0.86953125 0.9890625 0.0109375 0.02109375
1 0.90625 0.97421875 0.01796875 0.02734375
1 0.93359375 0.91875 0.0234375 0.0453125
1 0.95859375 0.94140625 0.01328125 0.03515625
1 0.94765625 0.9546875 0.01328125 0.0203125
1 0.95234375 0.98828125 0.0140625 0.0234375
1 0.9328125 0.99765625 0.00859375 0.0046875
1 0.9265625 0.9890625 0.00859375 0.01796875
1 0.9078125 0.99296875 0.01171875 0.0140625
1 0.99453125 0.9921875 0.0109375 0.015625