1 0.29375 0.209375 0.390625 0.41875
1 0.525 0.19609375 0.071875 0.375
1 0.590625 0.31796875 0.096875 0.21953125
1 0.875 0.1890625 0.18125 0.378125
1 0.80078125 0.3015625 0.1171875 0.253125
1 0.20234375 0.7140625 0.2859375 0.571875
1 0.05703125 0.8015625 0.1140625 0.396875
1 0.02890625 0.7125 0.0578125 0.53046875
1 0.7515625 0.65390625 0.0984375 0.30859375
1 0.58984375 0.80703125 0.05625 0.171875
1 0.54296875 0.7109375 0.075 0.21640625
1 0.7203125 0.840625 0.0703125 0.2609375
1 0.95859375 0.76796875 0.0828125 0.396875