1 0.428125 0.10234375 0.0640625 0.19296875
1 0.25 0.14140625 0.06328125 0.1765625
1 0.1109375 0.07578125 0.096875 0.15078125
1 0.30546875 0.16640625 0.053125 0.15
1 0.51328125 0.19765625 0.06953125 0.16875
1 0.49609375 0.07734375 0.05703125 0.1078125
1 0.5453125 0.23203125 0.02890625 0.140625
1 0.4640625 0.24765625 0.046875 0.08828125
1 0.403125 0.2109375 0.03828125 0.08359375
1 0.5546875 0.2890625 0.01015625 0.05390625
1 0.009375 0.30625 0.01796875 0.08671875
1 0.10078125 0.26484375 0.03125 0.0765625
1 0.0828125 0.26328125 0.03203125 0.0671875
1 0.16796875 0.26484375 0.02890625 0.09140625
1 0.19140625 0.284375 0.0234375 0.065625
1 0.2328125 0.29296875 0.02890625 0.06484375
1 0.20859375 0.31328125 0.0125 0.053125
1 0.26015625 0.29765625 0.0140625 0.0328125
1 0.28046875 0.3265625 0.01953125 0.053125
1 0.29921875 0.31484375 0.01796875 0.05703125
1 0.33984375 0.31875 0.0125 0.046875
1 0.32421875 0.3125 0.015625 0.05546875
1 0.39609375 0.309375 0.01484375 0.03046875
1 0.4203125 0.31171875 0.01171875 0.034375
1 0.4421875 0.33125 0.0046875 0.03359375
1 0.45546875 0.33046875 0.009375 0.0234375
1 0.4703125 0.334375 0.01171875 0.02421875
1 0.43125 0.32578125 0.01640625 0.03203125
1 0.3703125 0.3203125 0.0140625 0.0296875
1 0.2265625 0.2984375 0.01875 0.04140625
1 0.17265625 0.33046875 0.009375 0.0265625
1 0.1546875 0.3265625 0.0109375 0.03359375
1 0.1328125 0.334375 0.01015625 0.0375
1 0.14609375 0.3515625 0.0078125 0.01796875
1 0.1546875 0.35078125 0.00625 0.01484375
1 0.12109375 0.33984375 0.00859375 0.015625
1 0.1140625 0.34453125 0.009375 0.021875
1 0.1046875 0.3484375 0.00390625 0.01640625
1 0.08828125 0.33515625 0.01640625 0.0296875
1 0.0734375 0.33046875 0.01015625 0.03828125
1 0.0484375 0.33828125 0.0140625 0.03203125
1 0.034375 0.34453125 0.0109375 0.03671875
1 0.03125 0.2984375 0.0171875 0.0359375
1 0.0015625 0.35546875 0.003125 0.0171875
1 0.23359375 0.35 0.00703125 0.02578125
1 0.2171875 0.33828125 0.0109375 0.03046875
1 0.22734375 0.33828125 0.00703125 0.01640625
1 0.19453125 0.3453125 0.009375 0.021875
1 0.26171875 0.33828125 0.00546875 0.01796875
1 0.25546875 0.340625 0.0046875 0.02109375
1 0.24765625 0.30625 0.01328125 0.03671875
1 0.25546875 0.27109375 0.0140625 0.0234375
1 0.33046875 0.3703125 0.00859375 0.03046875
1 0.34921875 0.2984375 0.0125 0.03671875
1 0.38125 0.33984375 0.00703125 0.01796875
1 0.390625 0.33828125 0.00546875 0.0171875
1 0.396875 0.3390625 0.0046875 0.01328125
1 0.3640625 0.3421875 0.00703125 0.00625
1 0.35078125 0.33515625 0.00703125 0.02109375
1 0.33671875 0.34609375 0.0046875 0.01484375
1 0.40703125 0.340625 0.00390625 0.015625
1 0.4828125 0.3171875 0.0046875 0.01875
1 0.51875 0.33125 0.00546875 0.015625
1 0.528125 0.32890625 0.00703125 0.01796875
1 0.534375 0.33125 0.0046875 0.0171875
1 0.5484375 0.3328125 0.00859375 0.01640625
1 0.5390625 0.334375 0.0078125 0.0265625
1 0.7859375 0.2421875 0.1578125 0.3859375
1 0.2875 0.7453125 0.2765625 0.509375
1 0.61640625 0.82421875 0.10078125 0.23125
1 0.66640625 0.63203125 0.06328125 0.14375
1 0.64296875 0.696875 0.0296875 0.06171875
1 0.5765625 0.684375 0.0328125 0.075
1 0.7109375 0.68203125 0.03203125 0.0734375
1 0.74453125 0.70703125 0.0265625 0.06015625
1 0.771875 0.69375 0.0328125 0.0765625
1 0.80078125 0.63125 0.04609375 0.10859375
1 0.8234375 0.653125 0.01875 0.04921875
1 0.8765625 0.6734375 0.07890625 0.20625
1 0.9515625 0.73984375 0.08515625 0.18046875
1 0.92734375 0.6546875 0.04453125 0.1109375
1 0.9890625 0.6046875 0.021875 0.109375