1 0.15078125 0.2484375 0.25390625 0.28125
1 0.03125 0.33515625 0.0625 0.1078125
1 0.7140625 0.234375 0.1484375 0.28125
1 0.9125 0.23515625 0.1328125 0.2515625
1 0.56875 0.121875 0.07734375 0.24375
1 0.37421875 0.5875 0.21875 0.396875
1 0.16328125 0.4453125 0.2484375 0.1125
1 0.09140625 0.59296875 0.11484375 0.2265625
1 0.01640625 0.5640625 0.0328125 0.10625
1 0.15625 0.7171875 0.08984375 0.2125
1 0.04765625 0.73515625 0.06015625 0.1890625
1 0.47265625 0.86015625 0.11484375 0.2703125
1 0.31796875 0.9 0.04609375 0.059375
1 0.2015625 0.89921875 0.0453125 0.0671875
1 0.8125 0.56875 0.2671875 0.359375