1 0.49765625 0.04765625 0.1046875 0.0953125
1 0.3234375 0.1 0.1265625 0.2
1 0.3703125 0.065625 0.1203125 0.13125
1 0.24375 0.1 0.0828125 0.2
1 0.1015625 0.1234375 0.1390625 0.153125
1 0.440625 0.1 0.0859375 0.2
1 0.50078125 0.17734375 0.071875 0.0453125
1 0.7765625 0.0890625 0.225 0.178125
1 0.27265625 0.43515625 0.24453125 0.47109375
1 0.51328125 0.7171875 0.0734375 0.47734375
1 0.11953125 0.60078125 0.07421875 0.45703125
1 0.03671875 0.53984375 0.0734375 0.409375
1 0.7828125 0.63046875 0.121875 0.51328125
1 0.7125 0.6984375 0.05546875 0.271875
1 0.7515625 0.8328125 0.05546875 0.3328125
1 0.978125 0.634375 0.04375 0.31796875
1 0.92421875 0.60078125 0.04140625 0.11796875
1 0.66015625 0.76796875 0.0578125 0.2109375