1 0.1921875 0.33046875 0.28984375 0.44296875
1 0.01640625 0.346875 0.03203125 0.3140625
1 0.05625 0.41796875 0.11171875 0.3140625
1 0.51171875 0.41015625 0.09375 0.3453125
1 0.70078125 0.38515625 0.28359375 0.546875
1 0.96328125 0.42421875 0.0734375 0.28828125
1 0.03828125 0.79765625 0.0765625 0.278125
1 0.1859375 0.8265625 0.121875 0.33515625
1 0.25625 0.84296875 0.178125 0.3140625
1 0.4390625 0.82890625 0.2375 0.3421875
1 0.6265625 0.81640625 0.13515625 0.315625
1 0.8375 0.8265625 0.24296875 0.33515625