1 0.0484375 0.2296875 0.09609375 0.459375
1 0.728125 0.25859375 0.19375 0.3203125
1 0.98515625 0.29140625 0.0296875 0.2453125
1 0.615625 0.31484375 0.11640625 0.1953125
1 0.5734375 0.253125 0.0984375 0.2140625
1 0.4109375 0.2546875 0.1421875 0.2109375
1 0.22734375 0.80078125 0.1171875 0.146875
1 0.3046875 0.74921875 0.0296875 0.1328125
1 0.07265625 0.81015625 0.0828125 0.134375
1 0.7265625 0.78359375 0.20234375 0.4296875
1 0.378125 0.75546875 0.11640625 0.2390625
1 0.59453125 0.8265625 0.1296875 0.271875
1 0.9875 0.81484375 0.025 0.2765625
1 0.54296875 0.7703125 0.1171875 0.2578125