1 0.1015625 0.37578125 0.1515625 0.3515625
1 0.45859375 0.28125 0.15234375 0.315625
1 0.70234375 0.67421875 0.14296875 0.3390625
1 0.8421875 0.36015625 0.0984375 0.3390625
1 0.9234375 0.415625 0.15234375 0.33515625
1 0.68359375 0.32109375 0.07734375 0.2140625
1 0.3609375 0.41171875 0.04609375 0.11171875
1 0.39765625 0.49609375 0.021875 0.06484375
1 0.43671875 0.4484375 0.02578125 0.06328125
1 0.4953125 0.4515625 0.0296875 0.0609375
1 0.18125 0.484375 0.04296875 0.1046875
1 0.89609375 0.04296875 0.0890625 0.0859375