1 0.3640625 0.3140625 0.1921875 0.6
1 0.5828125 0.3921875 0.1140625 0.37265625
1 0.22421875 0.41640625 0.13828125 0.353125
1 0.15703125 0.3328125 0.0796875 0.3609375
1 0.04375 0.29921875 0.0875 0.3046875
1 0.79453125 0.4609375 0.04375 0.2359375
1 0.76640625 0.42109375 0.02890625 0.14375
1 0.7140625 0.42265625 0.02734375 0.13828125
1 0.86875 0.146875 0.06484375 0.25078125
1 0.90625 0.45546875 0.040625 0.18125
1 0.446875 0.81953125 0.30625 0.3609375
1 0.26171875 0.82734375 0.14609375 0.34453125
1 0.059375 0.7984375 0.11796875 0.31796875
1 0.83984375 0.76640625 0.3203125 0.25390625