1 0.2640625 0.225 0.371875 0.44921875
1 0.1546875 0.2484375 0.1015625 0.16171875
1 0.75390625 0.26796875 0.18671875 0.3640625
1 0.67578125 0.30703125 0.10703125 0.228125
1 0.640625 0.25546875 0.1125 0.21953125
1 0.52421875 0.24609375 0.10703125 0.17734375
1 0.95859375 0.2828125 0.0828125 0.234375
1 0.25703125 0.634375 0.30703125 0.3703125
1 0.69609375 0.7296875 0.16640625 0.41875
1 0.91328125 0.81328125 0.1046875 0.2921875
1 0.609375 0.80546875 0.08984375 0.26875
1 0.57578125 0.73515625 0.0828125 0.29140625
1 0.47734375 0.70234375 0.05390625 0.25