1 0.02109375 0.0765625 0.0421875 0.153125
1 0.16484375 0.13046875 0.1140625 0.24453125
1 0.0828125 0.0734375 0.096875 0.146875
1 0.34609375 0.115625 0.06875 0.16953125
1 0.4171875 0.0515625 0.1625 0.103125
1 0.45625 0.16796875 0.10625 0.3140625
1 0.897508428125 0.0581268578125 0.919918190625 0.052429742187499996 0.9195876140625 0.0186755859375 0.8322610265625 0.07299839687500001 0.813508859375 0.0239272390625 0.7942730859375 0.023669553125 0.7790839546874999 0.0438326859375 0.7663904515625 0.0733354140625 0.76671734375 0.1067136390625 0.75585729375 0.0779436609375 0.722555934375 0.0652818671875 0.71680448125 0.06717301875000001 0.6931138984375 0.1030106578125 0.6894695859375 0.1236707421875 0.6968307312500001 0.1388517671875 0.6960705265625 0.159422121875 0.68851368125 0.17335502187500001 0.6808981609375 0.1812969578125 0.6766809625 0.19255761875 0.6676652984375 0.204823675 0.65474548125 0.2112184 0.641984921875 0.2338743171875 0.6138424484375 0.25700876093749997 0.6052739421875 0.26583645625 0.597733859375 0.2814810578125 0.59466243125 0.3115405578125 0.6025629343750001 0.3326975921875 0.6031022921875 0.338673603125 0.6076044734375 0.3565119078125 0.59233990625 0.3689723671875 0.5847914421875 0.38376111874999996 0.58172151875 0.39814871093750004 0.5819458640625 0.42105609375 0.5978256843749999 0.4381468359375 0.6086438249999999 0.46263755624999997 0.6156416328125001 0.4898154640625 0.6325913265625001 0.50212985 0.6486718515625001 0.5238885140625 0.651286878125 0.5252809 0.743455784375 0.5252809 0.757835221875 0.52483355 0.7611772343750001 0.5229568062500001 0.789403525 0.508380878125 0.8218637796875001 0.4842559921875 0.8489443015625 0.450881228125 0.871818921875 0.3808244640625 0.89710535 0.311548775 0.9202517671875 0.262757103125 0.9202517671875 0.2262594328125 0.9007722656249999 0.19500336406250002 0.8813017999999999 0.170781821875 0.8680215640625001 0.1403749109375 0.8615966437499999 0.122596421875 0.8484505171875 0.10588314375 0.8459968015625 0.10082279999999999 0.850146946875 0.082715321875 0.897508428125 0.0581268578125
1 0.25625 0.775 0.50625 0.45
1 0.6390625 0.775 0.259375 0.45
1 0.53046875 0.77109375 0.0421875 0.44140625
1 0.86640625 0.775 0.2671875 0.45