1 0.2734375 0.32578125 0.1 0.12890625
1 0.44765625 0.32578125 0.08515625 0.12890625
1 0.01171875 0.325 0.0234375 0.128125
1 0.10390625 0.3390625 0.09296875 0.10078125
1 0.3640625 0.31796875 0.08046875 0.14296875
1 0.16484375 0.29921875 0.06640625 0.11796875
1 0.73046875 0.25234375 0.159375 0.27578125
1 0.5765625 0.2375 0.06953125 0.146875
1 0.61953125 0.29609375 0.071875 0.15
1 0.89453125 0.28046875 0.07578125 0.15859375
1 0.24140625 0.71953125 0.19453125 0.5
1 0.096875 0.75 0.12890625 0.3734375
1 0.6 0.7484375 0.14453125 0.36875
1 0.746875 0.71484375 0.19453125 0.4921875