1 0.05078125 0.23828125 0.10078125 0.26328125
1 0.14609375 0.275 0.128125 0.18984375
1 0.25078125 0.153125 0.13515625 0.2375
1 0.453125 0.2078125 0.09453125 0.28203125
1 0.7375 0.19296875 0.14140625 0.32109375
1 0.94609375 0.246875 0.10390625 0.21640625
1 0.640625 0.240625 0.0875 0.21328125
1 0.60546875 0.18671875 0.0625 0.1953125
1 0.5296875 0.1703125 0.059375 0.17109375
1 0.26796875 0.7609375 0.12734375 0.25234375
1 0.47109375 0.60859375 0.05859375 0.2109375
1 0.03046875 0.5546875 0.0609375 0.15
1 0.128125 0.59921875 0.0828125 0.13359375
1 0.20390625 0.5640625 0.05546875 0.1234375
1 0.3140625 0.60859375 0.08828125 0.15859375
1 0.37421875 0.53671875 0.065625 0.115625
1 0.784375 0.71484375 0.121875 0.4078125
1 0.71015625 0.78046875 0.08828125 0.3046875
1 0.6828125 0.728125 0.071875 0.2875
1 0.578125 0.7109375 0.10078125 0.25078125
1 0.96328125 0.76171875 0.0734375 0.3015625