1 0.38515625 0.4921875 0.0671875 0.21328125
1 0.46015625 0.5125 0.075 0.24453125
1 0.56015625 0.3171875 0.1 0.3078125
1 0.690625 0.421875 0.1265625 0.2828125
1 0.6421875 0.55 0.09609375 0.26171875
1 0.39375 0.653125 0.0625 0.15078125
1 0.309375 0.6171875 0.06875 0.12578125
1 0.2515625 0.6421875 0.0546875 0.1703125
1 0.14140625 0.453125 0.1046875 0.2421875
1 0.05 0.48125 0.07734375 0.2984375
1 0.0921875 0.68046875 0.09296875 0.2
1 0.16015625 0.65859375 0.0359375 0.071875
1 0.10703125 0.828125 0.04375 0.0734375
1 0.04609375 0.75546875 0.028125 0.0734375
1 0.0109375 0.79765625 0.021875 0.08359375
1 0.01484375 0.6578125 0.0296875 0.11796875
1 0.584375 0.696875 0.0359375 0.0578125
1 0.553125 0.71015625 0.03203125 0.09140625
1 0.51328125 0.7 0.03359375 0.10078125
1 0.55390625 0.7671875 0.028125 0.040625
1 0.3765625 0.75 0.03203125 0.05625
1 0.33125 0.75 0.0359375 0.0734375
1 0.92890625 0.621875 0.0375 0.07578125
1 0.74140625 0.7125 0.0390625 0.07734375
1 0.784375 0.81171875 0.0296875 0.065625
1 0.5140625 0.79921875 0.02578125 0.02734375
1 0.4484375 0.83125 0.01328125 0.0234375
1 0.40546875 0.8171875 0.0140625 0.0328125
1 0.36953125 0.84140625 0.009375 0.02734375
1 0.3484375 0.825 0.0171875 0.0390625
1 0.6953125 0.74453125 0.05078125 0.10078125
1 0.646875 0.70859375 0.046875 0.06015625
1 0.88125 0.73359375 0.046875 0.08125
1 0.9328125 0.7171875 0.04140625 0.05625
1 0.978125 0.7078125 0.04375 0.109375
1 0.6953125 0.07109375 0.296875 0.14140625
1 0.02734375 0.81796875 0.01953125 0.03671875