1 0.30703125 0.653125 0.0609375 0.11484375
1 0.3578125 0.53828125 0.04375 0.08515625
1 0.3578125 0.64453125 0.034375 0.05234375
1 0.22421875 0.571875 0.0640625 0.10625
1 0.221875 0.66015625 0.034375 0.08125
1 0.25859375 0.66953125 0.028125 0.06875
1 0.178125 0.646875 0.025 0.0625
1 0.15625 0.59453125 0.0375 0.07734375
1 0.1359375 0.646875 0.0234375 0.04140625
1 0.078125 0.58046875 0.021875 0.02734375
1 0.10859375 0.65703125 0.0203125 0.03515625
1 0.12578125 0.596875 0.0140625 0.05234375
1 0.09609375 0.625 0.0203125 0.02890625
1 0.05625 0.63828125 0.0125 0.01640625
1 0.03984375 0.60625 0.0171875 0.025
1 0.63515625 0.49921875 0.1171875 0.41640625
1 0.79140625 0.5125 0.09375 0.36015625
1 0.47265625 0.315625 0.1359375 0.43359375
1 0.98125 0.29375 0.0375 0.30234375
1 0.296875 0.93515625 0.165625 0.12890625
1 0.62421875 0.86328125 0.1171875 0.06875
1 0.97109375 0.9484375 0.0578125 0.103125
1 0.79765625 0.9140625 0.1640625 0.171875
1 0.70234375 0.9125 0.0984375 0.16640625
1 0.475 0.9140625 0.103125 0.171875
1 0.43828125 0.9140625 0.1171875 0.171875