1 0.25546875 0.3296875 0.18984375 0.4875
1 0.10234375 0.36015625 0.15078125 0.38203125
1 0.86328125 0.3703125 0.0765625 0.30078125
1 0.61640625 0.40078125 0.14765625 0.4015625
1 0.54453125 0.32578125 0.05078125 0.37109375
1 0.746875 0.30625 0.14453125 0.5359375
1 0.253125 0.8 0.21953125 0.3796875
1 0.571875 0.75234375 0.10546875 0.28515625
1 0.6015625 0.80390625 0.08046875 0.19296875
1 0.66484375 0.95078125 0.2921875 0.0984375
1 0.7375 0.76328125 0.2546875 0.30703125
1 0.90390625 0.80390625 0.1921875 0.3890625