1 0.28515625 0.16484375 0.3484375 0.32890625
1 0.6171875 0.16484375 0.2125 0.32890625
1 0.4828125 0.19765625 0.046875 0.2625
1 0.50625 0.23515625 0.09375 0.1875
1 0.9640625 0.22578125 0.071875 0.20625
1 0.32265625 0.6640625 0.2734375 0.671875
1 0.8578125 0.49609375 0.21875 0.33359375
1 0.9796875 0.696875 0.040625 0.33515625
1 0.77421875 0.71640625 0.1390625 0.30234375
1 0.54296875 0.72734375 0.0765625 0.13125
1 0.47890625 0.709375 0.0390625 0.31875
1 0.52578125 0.85 0.0671875 0.12734375
1 0.70078125 0.74453125 0.0390625 0.07734375
1 0.88984375 0.765625 0.0375 0.08515625