1 0.36171875 0.31953125 0.05703125 0.20234375
1 0.36953125 0.46484375 0.04140625 0.1421875
1 0.29921875 0.43359375 0.07265625 0.11875
1 0.24140625 0.45625 0.05546875 0.1578125
1 0.13046875 0.28359375 0.1078125 0.2234375
1 0.04375 0.3078125 0.08671875 0.278125
1 0.08125 0.49140625 0.10390625 0.19140625
1 0.15 0.471875 0.03984375 0.0671875
1 0.0953125 0.6 0.04765625 0.01953125
1 0.0359375 0.56015625 0.0296875 0.07109375
1 0.00546875 0.58359375 0.0109375 0.0515625
1 0.01015625 0.46875 0.0203125 0.109375
1 0.365625 0.5546875 0.03359375 0.053125
1 0.3203125 0.5546875 0.03515625 0.0671875
1 0.0171875 0.60390625 0.01796875 0.0125
1 0.81640625 0.3859375 0.1515625 0.3265625
1 0.45078125 0.41015625 0.121875 0.39921875
1 0.615625 0.31953125 0.265625 0.57421875
1 0.1953125 0.8046875 0.38984375 0.38984375
1 0.57109375 0.825 0.11953125 0.2375
1 0.528125 0.93203125 0.05703125 0.103125
1 0.41015625 0.91171875 0.03984375 0.1203125
1 0.65546875 0.9078125 0.0625 0.12421875
1 0.71953125 0.94921875 0.04765625 0.09765625
1 0.76953125 0.92734375 0.05703125 0.12421875
1 0.82421875 0.82265625 0.0828125 0.18046875
1 0.8671875 0.86015625 0.0296875 0.0796875
1 0.940625 0.85625 0.11875 0.2875