1 0.1546875 0.31640625 0.14453125 0.265625
1 0.34765625 0.16484375 0.04453125 0.2140625
1 0.03046875 0.1546875 0.0609375 0.14453125
1 0.090625 0.1203125 0.05859375 0.1265625
1 0.20078125 0.1640625 0.0953125 0.1640625
1 0.2609375 0.0921875 0.0734375 0.121875
1 0.471875 0.40390625 0.0828125 0.23203125
1 0.63203125 0.284375 0.04140625 0.1375
1 0.71484375 0.29609375 0.0375 0.14140625
1 0.784375 0.3109375 0.075 0.221875
1 0.73984375 0.340625 0.03203125 0.11796875
1 0.97109375 0.34921875 0.0578125 0.184375
1 0.93671875 0.059375 0.12578125 0.11875
1 0.14921875 0.89296875 0.05390625 0.09921875
1 0.04609375 0.703125 0.0921875 0.165625
1 0.2828125 0.81015625 0.17421875 0.3796875
1 0.64765625 0.81015625 0.29140625 0.3796875
1 0.8765625 0.865625 0.1265625 0.184375
1 0.5046875 0.8796875 0.0625 0.1046875
1 0.98125 0.84921875 0.0375 0.13203125