1 0.26875 0.271875 0.2375 0.54375
1 0.78359375 0.321875 0.1171875 0.34765625
1 0.96796875 0.371875 0.0640625 0.25625
1 0.721875 0.3890625 0.06953125 0.228125
1 0.69453125 0.33203125 0.065625 0.24140625
1 0.596875 0.33203125 0.08125 0.228125
1 0.2203125 0.690625 0.09140625 0.128125
1 0.30390625 0.80859375 0.06171875 0.10625
1 0.24453125 0.8984375 0.05234375 0.08671875
1 0.37890625 0.83671875 0.034375 0.05546875
1 0.19921875 0.88046875 0.0390625 0.05234375
1 0.14140625 0.84296875 0.07734375 0.13515625
1 0.11328125 0.88515625 0.03984375 0.06171875
1 0.07265625 0.86484375 0.03984375 0.07734375
1 0.07109375 0.69296875 0.0921875 0.12421875
1 0.28359375 0.8875 0.0203125 0.03828125
1 0.30390625 0.8734375 0.0359375 0.04609375
1 0.25078125 0.8484375 0.04140625 0.075