1 0.36171875 0.209375 0.4359375 0.41875
1 0.628125 0.2859375 0.096875 0.26640625
1 0.84453125 0.33046875 0.1421875 0.178125
1 0.77265625 0.26796875 0.1234375 0.303125
1 0.93359375 0.215625 0.1328125 0.40859375
1 0.1921875 0.64453125 0.134375 0.36640625
1 0.3140625 0.63203125 0.075 0.23046875
1 0.409375 0.60859375 0.040625 0.14453125
1 0.48125 0.7140625 0.065625 0.221875
1 0.55390625 0.725 0.0515625 0.45546875
1 0.44765625 0.66640625 0.0328125 0.153125
1 0.50625 0.625 0.0375 0.103125
1 0.3640625 0.684375 0.021875 0.021875
1 0.25625 0.6609375 0.01875 0.0640625
1 0.12109375 0.628125 0.0265625 0.0890625
1 0.0859375 0.73203125 0.028125 0.0859375
1 0.05625 0.6625 0.0171875 0.05859375
1 0.384375 0.66953125 0.01875 0.04140625
1 0.89140625 0.6125 0.2078125 0.3859375
1 0.62734375 0.54140625 0.0953125 0.24453125
1 0.75 0.54296875 0.121875 0.246875
1 0.78046875 0.6125 0.0765625 0.371875