1 0.22421875 0.19140625 0.2734375 0.3828125
1 0.05703125 0.21328125 0.1140625 0.29375
1 0.16015625 0.28984375 0.1734375 0.32109375
1 0.49453125 0.10625 0.0484375 0.1375
1 0.77578125 0.30859375 0.2703125 0.28359375
1 0.6578125 0.265625 0.15 0.36875
1 0.27265625 0.65703125 0.196875 0.38984375
1 0.45625 0.63125 0.125 0.27890625
1 0.47265625 0.8703125 0.0921875 0.259375
1 0.12421875 0.77265625 0.134375 0.2625
1 0.41796875 0.83359375 0.0484375 0.13359375
1 0.23125 0.90390625 0.0328125 0.075
1 0.37265625 0.89375 0.0328125 0.0875
1 0.3359375 0.91484375 0.01875 0.06484375
1 0.30625 0.934375 0.0171875 0.05625
1 0.0796875 0.91796875 0.0234375 0.05390625
1 0.009375 0.9375 0.01875 0.04609375
1 0.7484375 0.725 0.459375 0.55