2 0.5874636683545925 0.5933976621637108 0.060970578945991366 0.13546596110049758
2 0.7933746809119189 0.16959047327716292 0.03199074760947459 0.09136563990852488
2 0.4484516165069884 0.8316277077586485 0.04532077525601608 0.10737573373882772
2 0.39665102536910685 0.8847008008816928 0.02583664343573974 0.04310975052455193
2 0.4111153076139811 0.8391853041940428 0.045980496006366896 0.08795283754154837
2 0.43030346566040917 0.7956186264704869 0.04751323599401118 0.11297438578871345
2 0.45267282479791277 0.5429435272178267 0.060456361401856284 0.16229626470518455
2 0.4866551144253538 0.29837582905435156 0.06838956091809673 0.14209828031213392
2 0.24295804073894006 0.5080621610439031 0.037519847367594866 0.08129897008274703
2 0.25848879334045616 0.49033521625761345 0.03500000441561468 0.05903365136619506
2 0.3063649465775608 0.43625539128177443 0.04923281131180559 0.09449896376452468
2 0.2522859004811432 0.2805698975410612 0.038561514034261474 0.08132051832991202
2 0.35182954349490153 0.17989307386186817 0.05076555129944988 0.11952051201168971
2 0.2574785130358532 0.10759952243202409 0.036896502418798015 0.1025737181318784
2 0.29009344636657014 0.3632631435744884 0.022493388626416314 0.031933994671945874
2 0.4465484475194238 0.03237618499654723 0.035805228372180885 0.047018162576322846
2 0.4923635929519802 0.03239838194588006 0.03785218590396037 0.04520940721880093
2 0.5406407097395867 0.03848758096985259 0.02962797997528881 0.050592576797036715
2 0.5607357846636722 0.06759531430789952 0.037301592558271326 0.07018785897163597
2 0.5456936272219437 0.13670037385949563 0.030458007621830062 0.06634409166135995
2 0.5163335094359288 0.15275291548196063 0.02956184416137925 0.07372995082160237
2 0.5680572223817312 0.18853100181526647 0.03202050762183006 0.06637641403210742
2 0.585236447125715 0.08244816290633694 0.035848219962933095 0.07571109215644406
2 0.6254605056532864 0.3146676718532187 0.026848550090050813 0.06812052464813437
2 0.6402075411326488 0.46907675630049134 0.027260256018722374 0.06257574321616136
2 0.5392890962995591 0.9978719131480105 0.019041006412431234 0.004256173703978911
2 0.56380711692897 0.9793252888228355 0.017430558499298834 0.039233660843528584
2 0.6360971307522407 0.9852245798264613 0.01841766146363426 0.029550840347077507
2 0.6475298306621899 0.9213592487445585 0.01669147035664196 0.02811177560883472
2 0.6499116159305616 0.9962631277789324 0.014462633817093007 0.007473744442135015