2 0.39609375 0.8986111111111111 0.0625 0.08888888888888889
2 0.4984375 0.6078703703703704 0.078125 0.11388888888888889
2 0.42734375 0.5513888888888889 0.078125 0.1
2 0.43671875 0.4703703703703704 0.075 0.08287037037037037
2 0.36015625 0.3962962962962963 0.046875 0.07175925925925926
2 0.2609375 0.4337962962962963 0.040625 0.05462962962962963
2 0.23359375 0.48657407407407405 0.0390625 0.04212962962962963
2 0.17421875 0.21712962962962962 0.05625 0.06851851851851852
2 0.21796875 0.31712962962962965 0.040625 0.05138888888888889
2 0.1859375 0.3435185185185185 0.0578125 0.05787037037037037
2 0.16484375 0.46574074074074073 0.0609375 0.06851851851851852
2 0.1171875 0.4115740740740741 0.059375 0.08148148148148149
2 0.0515625 0.3648148148148148 0.103125 0.16712962962962963