2 0.3182432500565453 0.3755444942317761 0.026243393042030997 0.09057443338113537
2 0.28580771757240775 0.15697280303374256 0.02058036218927389 0.06726466426142963
2 0.25386740707629246 0.16259640163845124 0.022681883423384144 0.06825523857597862
2 0.3417113177242367 0.09779564598777976 0.023457347367594868 0.08123436363609736
2 0.32795638568773683 0.47206132203369905 0.029011250815690205 0.09898857720024744
2 0.4336227244350931 0.5053787335308881 0.026188829339700112 0.08779665560335759
2 0.3741840557433372 0.3580582469982136 0.023257280459048364 0.07104917845091219
2 0.4395436717152535 0.2629177809095654 0.021785719962933096 0.07563032178907453
2 0.465286078791546 0.4325931811022382 0.021355826133484614 0.08024378932154842
2 0.5014029906771619 0.6130645315114849 0.02460814143892319 0.08682224338596438
2 0.5190823937315485 0.6773702402658934 0.02460814143892319 0.08682224338596438
2 0.4624074783025536 0.9227958862487912 0.02561343230403601 0.08500271572842419
2 0.5770346108819748 0.6959546989005526 0.02388724119704335 0.07662089610362356
2 0.5822379878929278 0.7486031799010844 0.014360122201629603 0.04208688119271621
2 0.6060359490529043 0.89888262194078 0.02225198959393566 0.07286870610845257
2 0.5834094590652599 0.8745695110698997 0.019054237990827734 0.0690680298218143
2 0.5946139915211248 0.9010900399300584 0.013809528855940556 0.06705455699840497
2 0.6137087319024779 0.8782617390644953 0.018963298486942885 0.06443840019218466
2 0.6463633158122382 0.7100169247311184 0.017958007621830065 0.06625792784972485
2 0.5681829002984251 0.37797995383077576 0.01580192268538904 0.06248957575739825
2 0.46496612002209486 0.1907891366097476 0.02016865626060221 0.07280405771982945
2 0.4759920703257528 0.075562188317461 0.01712797997528881 0.05050102501182847
2 0.5816311272219437 0.10749071092576115 0.021155759224938227 0.07005860413636321
2 0.6695056828108353 0.7871239754769322 0.019538695522607223 0.06723234006711808
2 0.3799843587024402 0.865594951182867 0.025667996006366777 0.08778049350620197
2 0.3305242096699594 0.9078953342991384 0.023402783665263983 0.07845658585831959
2 0.30807298290088625 0.8659734687385097 0.01761243750706818 0.048665335257132264
2 0.25700070441038186 0.5608900086610011 0.022251989593935543 0.07286870610845257
2 0.23151541714519344 0.5236947453129367 0.018478840955163632 0.0662740899468807
2 0.23248928853113274 0.4671486154428322 0.020289355776842655 0.052449849446614814
2 0.64126158756623 0.1584502527735163 0.018478840955163632 0.0662740899468807
2 0.5965211656682584 0.01005309439993767 0.012113097761303492 0.02010618879987534
2 0.5902951396248246 0.0006714478149982894 0.013923612582982515 0.0013428956299965788
2 0.6303546773119945 0.17361255267717987 0.014505625407844983 0.04949428860012372
2 0.6521089888347906 0.3392425019318542 0.017328046883835196 0.06068621019701368
2 0.6637318430085255 0.3870593270883093 0.01335483133651678 0.04390640885025671
2 0.538135813028004 0.8514224143882577 0.02000496515360955 0.06447072438649612
2 0.6267121629122968 0.33308191919946395 0.016377319721053142 0.06528351563233174
2 0.6940848718927387 0.6455347246355144 0.00889715825741888 0.02896229725819576