2 0.4291304781038499 0.8873610522697858 0.023022992494155403 0.04939518581512061
2 0.6293742065122419 0.8587624781598724 0.012446437898363645 0.014701364400352085
2 0.6214014193952244 0.8571562317855526 0.013821869730527918 0.024111789001992914
2 0.6332858544142967 0.743059528754727 0.016305721262458425 0.03552523079786759
2 0.6102115995816403 0.6860771401593345 0.022402029611172717 0.04654182536615205
2 0.7049612983265648 0.5010058638346702 0.0187228197612896 0.045086820741889994
2 0.5951970704841875 0.6426624523041078 0.02406465916082207 0.049546351157502395
2 0.6029517126799547 0.5425207538975442 0.023022992494155403 0.04939518581512061
2 0.6064108770333447 0.568730153044274 0.018843134896025522 0.03405129230196988
2 0.5572786664636387 0.5519120154045202 0.024785751593454107 0.055177489384248525
2 0.561529173609572 0.5849146936533126 0.017380764445674875 0.036602322066175086
2 0.5863441013811972 0.7517138210137542 0.01946409777900821 0.03690465275093865
2 0.24319178054017349 0.8065776025855121 0.02095984474590876 0.03527954891265916
2 0.2777557492832523 0.6813604743231103 0.02396452961117272 0.046768573379724405
2 0.3100144386212614 0.7135224290683385 0.01874300534637629 0.0312735145241921
2 0.36807026784176095 0.6696357697603892 0.015684758379475857 0.03267187034889882
2 0.5134987872739009 0.5734631548911372 0.022522344745908758 0.03550629692623172
2 0.5196245756244608 0.5113222107831318 0.016759801562692307 0.03374896161720674
2 0.528318055986218 0.4713751644975713 0.017701338679709622 0.03112234918181042
2 0.6304770375815177 0.3538492989017626 0.0212602333948567 0.04361288224599249
2 0.6280455505875472 0.2703836576900071 0.01655954246339372 0.02819340606165097
2 0.6290635343423152 0.2421429169492664 0.016305721262458425 0.03552523079786759
2 0.47188948385935714 0.33357245177442607 0.020906282644272287 0.04816692920443133
2 0.5121807186938594 0.3369362626808001 0.013821869730527918 0.024111789001993126
2 0.23397117520302604 0.5808688813296644 0.019243653094622934 0.04516240341308099
2 0.21566016399655358 0.7295177073686946 0.013347603845207405 0.03970136440035209
2 0.24846407259136125 0.5525148429898137 0.016659672013042956 0.030971183839428745
2 0.2752089458687086 0.4358010708670865 0.028364831893687756 0.0538547162307326
2 0.2984198049064838 0.46743387050630236 0.025760665227021088 0.053476802874778455
2 0.32777044160206636 0.49403080276015693 0.02804425765965301 0.059334689115097365
2 0.36082667001045815 0.4896942661025019 0.020185190211640246 0.04253579097768499
2 0.23839776398424964 0.23528115347386305 0.017280634896025642 0.033824544288397415
2 0.2649365810723511 0.20333686184477137 0.018622690211640248 0.04230904296411237
2 0.32399020846253207 0.11739615557838332 0.01464309171280919 0.0325207050065173
2 0.34652304518887633 0.12471866619413471 0.015684758379475857 0.03267187034889892
2 0.60809429981543 0.03333700090179937 0.01392199928017727 0.026889566779770904
2 0.6079138271133258 0.016783708241918955 0.012680073514211899 0.02118284588183366
2 0.6134726138704317 0.007447032527235846 0.010463234114679427 0.014894065054471693
2 0.46894176305832397 0.06320200499637932 0.01800172732865756 0.03945568251514378
2 0.3579127249138669 0.2543200478316633 0.012626511412575425 0.03407022617360574
2 0.38628185251015085 0.2865859096478597 0.02100641219392152 0.05094470698220911