2 0.4431634506297209 0.970383444307418 0.025136355386194253 0.04192523688048671
2 0.5114170318808822 0.882643419501557 0.022023475864967067 0.045596619307463226
2 0.5850762514993334 0.5754104683361605 0.016781811215008467 0.035357565327731884
2 0.6569167523767596 0.4260613547397708 0.01887726502711473 0.03908281654925403
2 0.20262701860861998 0.6275125860039764 0.030402260993698485 0.05957169826762546
2 0.2897048377922649 0.5168934483525652 0.019407188719527586 0.04186598120648644
2 0.332601038546577 0.4590443168298816 0.027271200754312018 0.057687525139046
2 0.3280268207811741 0.5836244489025554 0.019416279078607226 0.04464375898426422
2 0.278342947408267 0.7262631386406436 0.021542034087645354 0.05762826946504552
2 0.20332056876446605 0.5747294213467441 0.020491277061899165 0.05483971792835847
2 0.38276903656260086 0.4867652237032546 0.02622953408764547 0.057676751380136726
2 0.35738234904781907 0.764333221852435 0.02623559432703182 0.05952860323198879
2 0.6443115663222426 0.06046336630457663 0.020433704787728383 0.03724712533576598
2 0.5861729812013249 0.31985221934087765 0.027280291113391777 0.060465302916823775
2 0.4499915565660218 0.39579523191556226 0.023092413608872656 0.053940726399705624
2 0.4730721969500197 0.18630433683975564 0.025203018019444794 0.062295607250857296
2 0.4521951005080839 0.12031880175396278 0.024134080275539323 0.05395150015861474
2 0.44529717577458494 0.07965078388585899 0.025178777061899162 0.05488819984344986
2 0.4593295482046019 0.011567143843961339 0.0209242369241295 0.023134287687922677
2 0.43668996386291453 0.0065930625993696895 0.021411738940837567 0.013186125198739379
2 0.3128930474253716 0.27453218290638837 0.027795064207338644 0.05861883794442646
2 0.3203998525902558 0.2087160258532834 0.02622953408764535 0.05767675138013683
2 0.376524623503835 0.009688666264968176 0.024034086325663395 0.019377332529936352
2 0.6310560723396349 0.05273036136029827 0.017296584308955452 0.03351110035533474
2 0.6103695261844729 0.08766536532097673 0.018362491933167746 0.04092928152165135
2 0.6013638535331459 0.13405323856800103 0.022553399557380043 0.04837978396469543
2 0.6833346747662309 0.07209638738251956 0.012572722872636888 0.02235150732913235
2 0.6468414950564257 0.08312161709248887 0.017817417642288783 0.03351648723478936
2 0.5250646266925568 0.21354342667207463 0.020978779078607228 0.044659919622627976
2 0.5376989461380574 0.4110912464311678 0.024149230874005192 0.05858112978824431
2 0.5434616177482983 0.3212198693820798 0.020448855386194252 0.04187675496539561
2 0.41891072238799415 0.5831474014006927 0.02724695979676639 0.050280117731638596
2 0.6150866328736089 0.39686536890623547 0.017835598360448065 0.03907204279034486
2 0.6057313286516146 0.3909438142178996 0.018868174668034973 0.03630503877147625
2 0.48304157370804035 0.48202454570454273 0.022023475864967067 0.045596619307463226
2 0.2314994164111476 0.876279607949139 0.02354355418926222 0.03264981698286386
2 0.23721966634568367 0.7993711938630139 0.01993711241194056 0.04464914586371875