2 0.128125 0.32592592592592595 0.03125 0.0375
2 0.16015625 0.36342592592592593 0.021875 0.02824074074074074
2 0.19921875 0.45925925925925926 0.0265625 0.03287037037037037
2 0.22265625 0.46944444444444444 0.0296875 0.0375
2 0.1703125 0.49074074074074076 0.040625 0.04212962962962963
2 0.29296875 0.375 0.021875 0.02962962962962963
2 0.478125 0.3296296296296296 0.0171875 0.02175925925925926
2 0.57734375 0.24537037037037038 0.01875 0.02638888888888889
2 0.17734375 0.5703703703703704 0.03125 0.03611111111111111
2 0.13671875 0.775 0.028125 0.02638888888888889
2 0.14921875 0.7828703703703703 0.021875 0.02824074074074074
2 0.01640625 0.8671296296296296 0.0203125 0.02638888888888889
2 0.15390625 0.9305555555555556 0.025 0.0375
2 0.353125 0.9736111111111111 0.028125 0.04212962962962963
2 0.43515625 0.8532407407407407 0.0203125 0.02638888888888889
2 0.47734375 0.7944444444444444 0.028125 0.03611111111111111
2 0.40859375 0.7694444444444445 0.021875 0.025
2 0.034375 0.85 0.0140625 0.01712962962962963
2 0.1875 0.8930555555555556 0.015625 0.025
2 0.31875 0.8171296296296297 0.0296875 0.025
2 0.38203125 0.986574074074074 0.028125 0.02361111111111111
2 0.475 0.700925925925926 0.028125 0.03425925925925926
2 0.31796875 0.6712962962962963 0.0296875 0.03287037037037037
2 0.77734375 0.36342592592592593 0.0265625 0.02962962962962963
2 0.6171875 0.39537037037037037 0.0296875 0.03611111111111111
2 0.54140625 0.6092592592592593 0.0265625 0.02962962962962963
2 0.6609375 0.625 0.03125 0.03148148148148148
2 0.69140625 0.6782407407407407 0.0265625 0.03148148148148148
2 0.71171875 0.700925925925926 0.0265625 0.03287037037037037
2 0.7609375 0.6990740740740741 0.028125 0.025
2 0.75859375 0.7398148148148148 0.0234375 0.02824074074074074
2 0.84375 0.6351851851851852 0.0203125 0.02361111111111111
2 0.57265625 0.8773148148148148 0.028125 0.0375
2 0.61015625 0.8819444444444444 0.028125 0.03425925925925926
2 0.75625 0.8375 0.0234375 0.03425925925925926
2 0.77421875 0.8282407407407407 0.0203125 0.025
2 0.7390625 0.8412037037037037 0.0203125 0.03425925925925926
2 0.78984375 0.47129629629629627 0.025 0.02962962962962963
2 0.8046875 0.43425925925925923 0.0171875 0.025
2 0.803125 0.40370370370370373 0.021875 0.02638888888888889
2 0.82890625 0.38981481481481484 0.0203125 0.02638888888888889
2 0.859375 0.33287037037037037 0.0265625 0.02962962962962963
2 0.77890625 0.38842592592592595 0.0265625 0.02361111111111111
2 0.74921875 0.4148148148148148 0.0203125 0.02361111111111111
2 0.721875 0.41805555555555557 0.0234375 0.02962962962962963
2 0.778125 0.2935185185185185 0.0140625 0.018518518518518517
2 0.7609375 0.3537037037037037 0.015625 0.025
2 0.659375 0.5282407407407408 0.021875 0.02824074074074074
2 0.82578125 0.5162037037037037 0.01875 0.018518518518518517
2 0.55546875 0.4546296296296296 0.0296875 0.02962962962962963
2 0.60546875 0.4685185185185185 0.0203125 0.02824074074074074
2 0.43203125 0.6134259259259259 0.0234375 0.03888888888888889
2 0.87734375 0.9842592592592593 0.0234375 0.03148148148148148
2 0.5828125 0.325 0.01875 0.02361111111111111
2 0.58359375 0.34305555555555556 0.0171875 0.02638888888888889
2 0.503125 0.5296296296296297 0.021875 0.02962962962962963
2 0.2171875 0.8578703703703704 0.0296875 0.0375
2 0.26875 0.8685185185185185 0.021875 0.02638888888888889