2 0.45509666894175177 0.45044629969047795 0.03196101009789795 0.08133886542304915
2 0.46330198761153557 0.6225779623216767 0.02664204785702857 0.06594132717537175
2 0.4363345931406858 0.8663165345274104 0.028796543707843607 0.0800244572085481
2 0.5727831163108383 0.649032245330992 0.025481982020198756 0.0630340553014022
2 0.5845027889262181 0.5563943729428877 0.0288832467505794 0.0699040190714588
2 0.5501591775151856 0.5781631501376623 0.028125615076920005 0.06428371646780735
2 0.5822455472991594 0.19609577257814642 0.029759277594401588 0.07830209945288796
2 0.5360685589806118 0.6291893692809036 0.023682683679872696 0.05728425860155918
2 0.6236119105019796 0.6233720842693466 0.026642047857028454 0.06594132717537175
2 0.6537765847754853 0.6449502243465591 0.02876484758041613 0.06712624129368103
2 0.4198201745408292 0.6399566308266208 0.028883246750579163 0.0699040190714588
2 0.39359579383376475 0.7629492566448728 0.028883246750579163 0.06990401907145902
2 0.3981421989526409 0.6684400651523326 0.02588441618336906 0.060321024571720304
2 0.40485833290912604 0.6141860115398142 0.028559745367517545 0.07446890165299254
2 0.4491812106418339 0.5345339577032056 0.028883246750579163 0.0699040190714588
2 0.4324825403092799 0.5798977670924556 0.03028011092773492 0.0783668465009837
2 0.43169024999225936 0.5012490768105557 0.025126784509709784 0.05470072196806886
2 0.4331876253753105 0.30810930695432015 0.02876484758041613 0.06712624129368103
2 0.33672579231704136 0.4320047874191885 0.028678144537680576 0.07724667943077042
2 0.3431757792447868 0.5541590899481432 0.029806514247082798 0.06725573538987259
2 0.31151607702724377 0.8836753043982166 0.025481982020198756 0.0630340553014022
2 0.31583295186016663 0.4663772461672271 0.031203378424238554 0.0757185628193977
2 0.3997619715058342 0.07740457435921194 0.03056414592074231 0.07287603799352414
2 0.24892202412900696 0.43785444595479345 0.028244014247082914 0.06706149424558513
2 0.2327636127863535 0.5130842332683007 0.028244014247082914 0.06706149424558513
2 0.26062011831859994 0.5280416641415477 0.029522479254075643 0.07274654389733247
2 0.2199253806247522 0.7960517242108147 0.027162881190361907 0.06600607422346765
2 0.1788590951484474 0.7385275132879027 0.029759277594401706 0.07830209945288802
2 0.3684738170707483 0.7324550598014645 0.022601550623151802 0.05622883857944148
2 0.3571643488811657 0.839778252908192 0.02635801286402118 0.07143213568283163
2 0.5520840302113819 0.6423952415196145 0.025481982020198756 0.0630340553014022
2 0.47478986430307685 0.8210111268959127 0.026239613693858268 0.06865435790505364
2 0.42281000469157265 0.739976098079205 0.029640878424238556 0.07552432167511025
2 0.4631907436270796 0.6981154059590277 0.026326316736593823 0.05853391976796434
2 0.24480882668534873 0.6133595160680962 0.026610351729601096 0.05304311126050447
2 0.5700496230256538 0.17228385934162743 0.023359182296811318 0.061849141183092975
2 0.6564744150008001 0.35679619288448033 0.021796682296811316 0.061654900038805464
2 0.641674016522168 0.36370170282375647 0.021843918949492527 0.05060853597579024
2 0.1662963179705124 0.7050904984013052 0.019792281743586552 0.06324776369827398
2 0.42434315600315897 0.910634657520835 0.024085117843043118 0.05457122787187729
2 0.36717377363796877 0.9209652000280705 0.021141294191141212 0.02196957932018222
2 0.5220806044211528 0.2827828304502229 0.020399818119655442 0.05319207260928046
2 0.472986793700103 0.4196706904477073 0.02876484758041625 0.06712624129368103
2 0.416107791766913 0.19832868297434555 0.028125615076919887 0.06428371646780746
2 0.5318983147210916 0.5933275127358838 0.02484274951670263 0.06019153047552874
2 0.5326747569743984 0.6784253109752173 0.02444031535353209 0.06290456120521042