2 0.6233148501508523 0.36365370529510965 0.06867012241485355 0.14352811478883862
2 0.547416617244561 0.4694791116525187 0.07433936159319074 0.1617140676756494
2 0.5490953821332603 0.3353502497245147 0.07248576316476729 0.15042494847627286
2 0.456702405430719 0.33682547352446784 0.07128713620029667 0.16413582927689624
2 0.5350136886529752 0.6402358758814948 0.0675556811410812 0.14063166495221716
2 0.4882706727308186 0.6002920830701524 0.04858735731976367 0.13016223455969828
2 0.5875643513907004 0.6739175885867437 0.05586617686765389 0.11068190463065528
2 0.5941682493778213 0.7475997609996882 0.04437073821317578 0.08813955171650079
2 0.2763391886544782 0.052714723875149944 0.05997004397562312 0.049297563917258244
2 0.3415147710909461 0.3601676130374761 0.07167383140301051 0.1392545013357399
2 0.3030665857447337 0.4287172189054332 0.06039671656984993 0.12504548175491875
2 0.3043017158095764 0.9218266026878866 0.05583050758169297 0.12914108711975217