2 0.8921165643595437 0.8562220614466307 0.18369348036175712 0.06534282380568154
2 0.39667485399594077 0.8373699079441926 0.23899335183954756 0.24837352082354594
2 0.3577342658822455 0.6866516433448507 0.19818827832533567 0.22310921069740702
2 0.20964531873077485 0.587142090223151 0.236235493521595 0.258105209981586
2 0.18085908004183632 0.3041771269022775 0.2565076223514216 0.28867954659342476
2 0.11809716198781861 0.14713724902288983 0.1935667329826508 0.29427449804577965
2 0.3899790612772247 0.39017608652942437 0.1658702297957428 0.1889446207963273
2 0.3787901352036425 0.18144590596850096 0.1301803547188386 0.13310582124299705
2 0.9325504865817646 0.2357954243150873 0.13489902683647065 0.18405052822520615
2 0.7818586834225433 0.7023571142033164 0.12285531153562204 0.13112173792039938
2 0.52301460954842 0.7329394660051219 0.0901297501538084 0.11439857526953069
2 0.8301976506244626 0.5473498768484382 0.12826390396825407 0.1374331201878634
2 0.916475910443584 0.5152831263151241 0.11813443501907225 0.12951556795375596
2 0.8747534772763631 0.1276223412215717 0.16152348961486424 0.16897109765354704
2 0.905783830967762 0.07365134749235056 0.17113212523071272 0.1473026949847011
2 0.6516385474498586 0.009856287477201018 0.10544117057339737 0.019712574954402037
2 0.19631649444752075 0.06791420098353552 0.14501051459948341 0.13582840196707105
2 0.7230100100221493 0.5149701825793971 0.14875647748246598 0.15974970613755962
2 0.1811877511289536 0.4730640918409323 0.1171331395225792 0.10173779017597818