2 0.66484375 0.7574781132002001 0.078125 0.11873899576274291
2 0.5859375 0.7025795052576076 0.0734375 0.09992947083179299
2 0.546875 0.7737655629317918 0.0671875 0.11065257339299579
2 0.44609375 0.7994533695089647 0.071875 0.12020283906468623
2 0.496875 0.7993651982362291 0.053125 0.12181659119273928
2 0.35 0.9557275513559952 0.0625 0.08854489728800959
2 0.16328125 0.8953219085515398 0.0984375 0.1468518754017964
2 0.275 0.9531834873070767 0.04375 0.0712345783678765
2 0.20078125 0.9711001088363492 0.05625 0.05779978232730156
2 0.36015625 0.6098589926884662 0.0671875 0.11065257339299579
2 0.17265625 0.585718736191217 0.0515625 0.08931218164785454
2 0.059375 0.46526015529820297 0.0703125 0.11547620729757958
2 0.22890625 0.3753219242515029 0.078125 0.12522047724422417
2 0.0328125 0.05574074859072232 0.065625 0.10222223792218538
2 0.0890625 0.1694180107250823 0.046875 0.08439154560579383