2 0.43514516810323717 0.7301553635585103 0.10706962523071262 0.16013485289357415
2 0.4110677171988442 0.6314428620179601 0.11063551459948329 0.14377001494960676
2 0.5324657523624963 0.598217179707961 0.10730326084656111 0.16661633437505544
2 0.46654465941614437 0.4987823414600635 0.10510660703211533 0.14891055601145073
2 0.4460184055617082 0.2031580908362451 0.09474350246708525 0.13523074983207686
2 0.38457835723821826 0.05510192159832256 0.09135228871047142 0.05556339161210983
2 0.33306592201304297 0.05275568004380716 0.06319391219392163 0.052600121807963376
2 0.5224632893779996 0.27749703214563987 0.08156897748246597 0.1444349916684892
2 0.6088894437584597 0.17478368330992244 0.10221524264796358 0.15516566595090775
2 0.7083933955364837 0.3556111750543942 0.11827413736311078 0.16833456069806726
2 0.8130564142488009 0.46339348454281615 0.10557387826381207 0.16187351897441368
2 0.9834831284699151 0.11141503485897786 0.030507923606496946 0.08255517084343866
2 0.9776040236203403 0.999352592523252 0.04479195275931953 0.0012948149534959493
2 0.9366113397040742 0.9953871518811752 0.05428618342561838 0.009225696237649572
2 0.6836869979912651 0.9682055996720921 0.04222007814076534 0.06358880065581574