2 0.9519007396198766 0.0528333327086695 0.05355562681859946 0.105666665417339
2 0.7785892559191053 0.14376589496065792 0.050571230570257815 0.07290288949483378
2 0.6951728056530044 0.19709675649925565 0.06055195323185056 0.07711848536199284
2 0.7471266011030431 0.2794934764782497 0.06041312187568337 0.09375821033584615
2 0.6957453771233396 0.29694857718878165 0.05984984387822057 0.09187941679118083
2 0.734692040494729 0.32267878631273805 0.052558177211553904 0.09150223309179258
2 0.7049501669714071 0.4287228548150733 0.06041312187568337 0.09375821033584615
2 0.967119448428911 0.3841796065042075 0.04793434420774834 0.09403753563424941
2 0.7030100959829697 0.5587615640220389 0.05968006522170223 0.08447200938377322
2 0.7077479932198943 0.488229543494788 0.05691761726229529 0.05473461298288995
2 0.8404857835622531 0.6094519732576273 0.05119817556391505 0.07755946081727677
2 0.6285145926752987 0.8243414336640434 0.07448534684397004 0.11760684249714368
2 0.8076025501910096 0.7050230146151019 0.0723286215461556 0.09160009149277736
2 0.7970612081251915 0.7790921345040415 0.07391234387822057 0.09260684249714367
2 0.9456954577956638 0.7741780589835819 0.07312534519633142 0.10366407022262786