2 0.05859375 0.03194444444444444 0.1171875 0.0625
2 0.0875 0.1037037037037037 0.175 0.09537037037037037
2 0.58671875 0.06805555555555555 0.2203125 0.1361111111111111
2 0.6375 0.20787037037037037 0.1796875 0.13148148148148148
2 0.7921875 0.2726851851851852 0.215625 0.1486111111111111
2 0.84375 0.5453703703703704 0.2328125 0.17037037037037037
2 0.91875 0.6865740740740741 0.1625 0.21388888888888888
2 0.6296875 0.5078703703703704 0.15 0.1125
2 0.6578125 0.7111111111111111 0.1203125 0.07175925925925926
2 0.0828125 0.7898148148148149 0.165625 0.10324074074074074
2 0.21640625 0.2884259259259259 0.1125 0.07361111111111111
2 0.4703125 0.2 0.0796875 0.07361111111111111
2 0.18125 0.45231481481481484 0.1171875 0.07824074074074074
2 0.0984375 0.5037037037037037 0.1078125 0.075
2 0.17109375 0.8763888888888889 0.1484375 0.09351851851851851
2 0.14609375 0.9513888888888888 0.1578125 0.09675925925925925
2 0.4046875 0.9787037037037037 0.1 0.04212962962962963
2 0.5 0.9907407407407407 0.0859375 0.018518518518518517
2 0.8484375 0.7921296296296296 0.1328125 0.08888888888888889
2 0.28984375 0.4601851851851852 0.1359375 0.09074074074074075
2 0.8296875 0.3787037037037037 0.1109375 0.04537037037037037