2 0.48984375 0.7712962962962963 0.040625 0.02824074074074074
2 0.5640625 0.6078703703703704 0.0515625 0.03425925925925926
2 0.659375 0.7509259259259259 0.0296875 0.02361111111111111
2 0.465625 0.8055555555555556 0.040625 0.018518518518518517
2 0.40078125 0.6296296296296297 0.0625 0.03425925925925926
2 0.253125 0.6615740740740741 0.0625 0.0375
2 0.265625 0.586574074074074 0.0609375 0.03425925925925926
2 0.33671875 0.5398148148148149 0.0578125 0.03148148148148148
2 0.07890625 0.6726851851851852 0.0625 0.02824074074074074
2 0.12890625 0.7569444444444444 0.0390625 0.02962962962962963
2 0.2578125 0.4671296296296296 0.053125 0.02361111111111111