2 0.34401268658382367 0.18990296061657186 0.09166642401454274 0.14585473902342905
2 0.41549992049228035 0.2478037619569013 0.08465159950891063 0.12543819831758554
2 0.46252595518922324 0.1774516501685064 0.07980746832111645 0.1338873773590121
2 0.5651246466911007 0.15505209240661375 0.08541642401454273 0.14488264276202986
2 0.5149862256105834 0.15318764829736803 0.0671144169187682 0.14019551014776385
2 0.6784183889814644 0.02806498066758684 0.07282906403003817 0.05612996133517368
2 0.8556020598939139 0.07895491522255282 0.11477971130937589 0.15790983044510565
2 0.7521691513570529 0.024492338156955982 0.05153321823708268 0.048984676313911964
2 0.8276662994183198 0.01447567507873936 0.06325744340187166 0.02895135015747872
2 0.6276851161559068 0.3477792091586853 0.07980746832111645 0.13388737735901204
2 0.8100078491984 0.3778581617328149 0.061673042742714776 0.10714003856609035
2 0.907875603360149 0.502055847186615 0.08315098960843983 0.13992898104526716
2 0.7298363000578066 0.5868034619458736 0.09244219884975327 0.1524172285266938
2 0.8439629600744928 0.7977376573867245 0.05624618812205782 0.10077440279270225