2 0.5921875 0.3023148148148148 0.1 0.15
2 0.61171875 0.4 0.1046875 0.13287037037037036
2 0.48828125 0.43842592592592594 0.1 0.15648148148148147
2 0.55 0.5351851851851852 0.0984375 0.1388888888888889
2 0.55703125 0.8305555555555556 0.0890625 0.12638888888888888
2 0.61171875 0.9763888888888889 0.0890625 0.04675925925925926
2 0.66328125 0.9763888888888889 0.0609375 0.04675925925925926
2 0.48359375 0.7592592592592593 0.075 0.1375
2 0.3921875 0.8657407407407407 0.0953125 0.14537037037037037
2 0.30078125 0.6888888888888889 0.1109375 0.15648148148148147
2 0.20078125 0.5851851851851851 0.0984375 0.15138888888888888
2 0.01328125 0.9523148148148148 0.0265625 0.09537037037037037
2 0.0484375 0.02824074074074074 0.06875 0.05
2 0.10234375 0.02962962962962963 0.0515625 0.05925925925925926
2 0.14921875 0.018055555555555554 0.059375 0.03611111111111111
2 0.35390625 0.06805555555555555 0.0390625 0.07175925925925926