2 0.12384980064604348 0.40144368369382966 0.056741551570415834 0.07925855228752636
2 0.24430441227844094 0.4388153245973144 0.04830990792299931 0.0634370083549667
2 0.2511971198718617 0.36292980026729793 0.04830990792299931 0.0634370083549668
2 0.1853544478669721 0.8314210757184118 0.04340388663567586 0.05783297088431983
2 0.22176362604326386 0.8396712210903307 0.04124771287323471 0.05595957151464964
2 0.17676260380594316 0.8776473425817984 0.04247148061267095 0.060599974903188546
2 0.15156967372965705 0.9352806902561669 0.04184138663567586 0.05781681024595602
2 0.31027779555992213 0.7419354778905901 0.039976574589666095 0.06335081828369345
2 0.3391002548012357 0.7311179517097541 0.04414324125633264 0.06339391331933013
2 0.3000828554282112 0.49774929498983433 0.050273030283092386 0.07363835417851579
2 0.3915962174807779 0.31714048797999617 0.05097596468919529 0.07827337068759996
2 0.4141357044072938 0.20112263161747576 0.05413738490374911 0.07923161789025333
2 0.26911813534954326 0.15238130938905964 0.05796531930985201 0.0838989556760651
2 0.6347265885291135 0.07047973590157765 0.04867411006853833 0.07269626761422598
2 0.5986616177781747 0.0733487819599518 0.048710530283092385 0.07362219354015191
2 0.6267719768967159 0.03427166096028395 0.052706046206568165 0.05607808286265061
2 0.712157698513618 0.04256521003797113 0.06318460297276403 0.07099524838710261
2 0.7458717808129204 0.1193338739284085 0.057069333501401094 0.08759188562085964
2 0.7081806353495433 0.15692244876927755 0.05287719694975905 0.07366528857578866
2 0.6829112956183311 0.2562386237486765 0.05503337071220026 0.07553868794545884
2 0.7284732619554191 0.2437416258585354 0.052502044474641234 0.07736360540003773
2 0.6539926746540293 0.4615787041260485 0.04964293630609736 0.07085518952128327
2 0.6140001598742434 0.7696238394085615 0.04867411006853833 0.07269626761422605
2 0.6710531892073386 0.7299197642926972 0.04964293630609736 0.07085518952128327
2 0.7388034179200152 0.7361783076170765 0.05257488490374935 0.07921545725188968
2 0.8137214117742378 0.7059220325413823 0.05566346468919505 0.07832185260269116
2 0.855455322379161 0.6317863180237121 0.05179911006853833 0.07272858889095346
2 0.8799925672674148 0.5245889989150336 0.05050250189999446 0.06623633365056292
2 0.3188354893235541 0.9416422016304468 0.03574801782347 0.04849829531269628
2 0.33654929782167675 0.9483095304531115 0.03544570577746029 0.05404846398879752
2 0.7419481699880772 0.5833709020022986 0.040945400827224886 0.061509740190750666
2 0.19694714775075658 0.6161756192173615 0.04541437953990138 0.056002666550286316
2 0.1368510032373767 0.6206487206726765 0.03964879265868078 0.05501748495036012
2 0.3589916524167087 0.49696912347931393 0.04503922706478368 0.059700983374535485
2 0.16555252354907815 0.20225679382134087 0.05566346468919529 0.07832185260269121
2 0.33775128622801787 0.9819618397633348 0.03125356922581825 0.03607632047333027
2 0.7571292316139179 0.8067668466053577 0.046638147279337495 0.060643069938825005
2 0.4817024114124776 0.43061820660100397 0.044711445133798475 0.051367650041202154